-8.235137909650802612e-02
-9.479855000972747803e-02
1.479041427373886108e-01
-1.117741614580154419e-01
-4.862829297780990601e-02
1.002559587359428406e-01
-9.652579203248023987e-03
-1.433088928461074829e-01
8.892530947923660278e-02
2.613268420100212097e-02
-1.189772933721542358e-01
-2.926623448729515076e-02
1.120916083455085754e-01
-2.352104894816875458e-02
2.202951349318027496e-02
1.125265955924987793e-01
1.849996298551559448e-02
-1.206571161746978760e-01
6.569651514291763306e-02
3.095722012221813202e-02
6.786196678876876831e-02
-3.303346782922744751e-02
-2.983755804598331451e-02
-4.974375665187835693e-02
4.205695912241935730e-02
-2.562720701098442078e-02
9.658357501029968262e-02
-7.934979349374771118e-02
-1.824984699487686157e-01
-3.491551429033279419e-02
-5.748602002859115601e-02
-5.918158218264579773e-02
-8.388171903789043427e-03
1.633625328540802002e-01
-2.992409095168113708e-02
-6.137333810329437256e-02
-8.048084378242492676e-02
-3.537936136126518250e-02
3.451753035187721252e-02
-6.780172232538461685e-03
-2.165232226252555847e-02
-3.729888424277305603e-02
3.903973475098609924e-02
-7.269062101840972900e-02
1.101796925067901611e-01
6.904198229312896729e-02
4.030190408229827881e-02
1.320047536864876747e-03
-7.641801238059997559e-02
-5.864911526441574097e-02
-4.737685248255729675e-02
1.299154311418533325e-01
-1.836999505758285522e-02
4.226652160286903381e-02
9.971129149198532104e-02
-5.412754137068986893e-03
-8.935008943080902100e-02
3.328299522399902344e-02
6.783398985862731934e-02
5.115842446684837341e-02
4.363439604640007019e-02
-3.084737062454223633e-02
9.711688756942749023e-02
-1.357695758342742920e-01
2.231585234403610229e-02
1.017000619322061539e-02
-8.920858055353164673e-02
6.771896779537200928e-02
-3.695057332515716553e-02
9.957914153346791863e-05
4.158136993646621704e-02
-5.322605371475219727e-02
1.945178257301449776e-03
9.209819138050079346e-02
5.594803020358085632e-02
4.416129086166620255e-03
4.765324294567108154e-03
4.250848665833473206e-02
-1.115340143442153931e-01
8.264052122831344604e-02
-4.429065808653831482e-02
4.121429845690727234e-02
3.526362031698226929e-02
-1.222830787301063538e-01
-1.007918417453765869e-01
-5.198246799409389496e-03
5.024624988436698914e-02
1.383440047502517700e-01
-1.689819619059562683e-02
-4.862397909164428711e-02
2.262004651129245758e-02
3.021502168849110603e-03
-1.298262625932693481e-01
7.622646540403366089e-02
-1.061308905482292175e-01
-2.857333794236183167e-02
-1.125416755676269531e-01
5.848798900842666626e-02
5.444636568427085876e-03
-3.392292186617851257e-02
-1.201543733477592468e-01
-4.355967044830322266e-02
-5.921770259737968445e-02
3.939632698893547058e-02
-5.903587862849235535e-02
-5.335104838013648987e-02
8.320400118827819824e-02
2.701989933848381042e-02
4.495699889957904816e-03
-3.196449950337409973e-02
-1.024943497031927109e-02
3.441270068287849426e-02
2.578809857368469238e-03
-2.785885334014892578e-02
-7.303577661514282227e-02
-1.799829490482807159e-02
3.232581913471221924e-02
-5.450090020895004272e-02
1.070655230432748795e-02
1.157204508781433105e-01
3.589718788862228394e-02
-2.382665500044822693e-02
-5.504622310400009155e-02
1.934604160487651825e-02
2.285656891763210297e-02
1.058930903673171997e-01
-4.435185343027114868e-02
-8.940858393907546997e-02
-6.388802081346511841e-02
-1.460160873830318451e-02
-3.421148285269737244e-02
-3.160397708415985107e-02
4.647954553365707397e-02
-6.001637317240238190e-03
-1.184604596346616745e-02
-7.691950350999832153e-02
7.150170952081680298e-02
7.688166573643684387e-03
-5.060077831149101257e-02
-2.728970162570476532e-02
5.081648938357830048e-03
-7.229239493608474731e-02
7.245972752571105957e-02
9.070538729429244995e-02
4.403504356741905212e-02
2.819856628775596619e-02
-3.721364960074424744e-02
3.635042160749435425e-02
9.783639013767242432e-02
-1.115706283599138260e-02
4.625125729944556952e-04
8.148944936692714691e-03
2.408180385828018188e-02
-6.676365435123443604e-02
-7.107579149305820465e-03
6.103203445672988892e-02
-2.090265788137912750e-02
4.913780838251113892e-02
-6.570497155189514160e-02
9.820474684238433838e-02
5.641638860106468201e-02
-9.338303469121456146e-03
-1.017716899514198303e-02
2.155281603336334229e-02
-5.491638928651809692e-02
2.479756064713001251e-02
-9.067822247743606567e-02
8.948510512709617615e-04
3.120411746203899384e-02
-6.495713442564010620e-02
3.699699416756629944e-02
-1.013413518667221069e-01
1.008175089955329895e-01
2.251479402184486389e-02
-5.428985878825187683e-02
-6.279544532299041748e-02
-4.413704201579093933e-02
-2.174806222319602966e-02
-1.084384042769670486e-02
3.085113689303398132e-02
-4.846968129277229309e-02
4.765100404620170593e-02
9.195654839277267456e-02
-2.078768424689769745e-02
-3.784162923693656921e-02
2.427480928599834442e-02
-3.098072484135627747e-03
-1.088714785873889923e-02
9.074334800243377686e-02
-6.523653119802474976e-02
-2.516635693609714508e-02
-1.974168978631496429e-02
7.144965231418609619e-02
-1.119829192757606506e-01
1.091862544417381287e-01
8.122147619724273682e-02
1.113001555204391479e-01
6.852463632822036743e-02
7.026648521423339844e-02
-2.345605194568634033e-02
-6.211582571268081665e-03
1.599402539432048798e-02
8.367962203919887543e-03
-1.660684943199157715e-01
-4.929826408624649048e-02
5.676954984664916992e-03
3.602316975593566895e-02
-7.358948700129985809e-03
1.010293327271938324e-02
3.706851741299033165e-03
1.705230772495269775e-02
-3.728577494621276855e-02
5.395335331559181213e-02
-5.624058097600936890e-02
1.384049188345670700e-02
-1.580800488591194153e-02
3.575389459729194641e-02
4.532205685973167419e-02
1.270591467618942261e-02
2.950456179678440094e-02
5.173643678426742554e-02
-2.416311908746138215e-04
-4.975496977567672729e-02
-3.727766498923301697e-02
-8.894181251525878906e-02
-1.336672306060791016e-01
3.355573117733001709e-02
5.657532811164855957e-02
-5.281625781208276749e-03
-2.941167913377285004e-02
-1.350918710231781006e-01
4.564527422189712524e-02
-1.094168648123741150e-01
-3.794648870825767517e-02
2.600632049143314362e-02
1.122385915368795395e-02
-1.318990439176559448e-01
-2.879659272730350494e-02
-3.343518590554594994e-03
5.324186291545629501e-03
8.531259372830390930e-03
1.280579343438148499e-02
7.549565285444259644e-02
-7.162772119045257568e-02
-4.059341177344322205e-02
-5.705764517188072205e-03
-3.139046952128410339e-03
-5.492971744388341904e-03
-1.065749768167734146e-02
6.297960877418518066e-02
