-8.628095686435699463e-02
-5.376585572957992554e-02
7.926069200038909912e-02
-3.771904483437538147e-02
2.805640106089413166e-04
7.537017762660980225e-02
3.090005367994308472e-02
-8.046306669712066650e-02
9.292420744895935059e-02
2.461584098637104034e-02
-9.146016836166381836e-02
-5.051181465387344360e-02
8.903981745243072510e-02
-2.170185185968875885e-02
9.434216655790805817e-03
1.492764893919229507e-02
3.637037798762321472e-02
-7.875400036573410034e-02
1.733513735234737396e-02
4.269718378782272339e-02
6.798089295625686646e-02
3.012361936271190643e-03
-3.467981237918138504e-03
-8.309349417686462402e-03
5.329015105962753296e-02
-4.277224186807870865e-03
7.105413824319839478e-03
-3.950053825974464417e-02
-1.483287811279296875e-01
-1.488194335252046585e-02
-6.361235678195953369e-02
-9.028138965368270874e-02
1.142528094351291656e-02
1.224194169044494629e-01
3.305318066850304604e-03
-4.849705845117568970e-02
-9.672621637582778931e-02
-1.872469438239932060e-03
-2.392407320439815521e-02
4.194540157914161682e-02
-1.447727810591459274e-02
-3.453581035137176514e-02
1.706160232424736023e-02
-8.470614254474639893e-02
8.901796489953994751e-02
1.174886226654052734e-01
6.791211664676666260e-02
-2.139719761908054352e-02
-8.491209894418716431e-02
-6.891994178295135498e-02
-4.027424380183219910e-02
1.457030773162841797e-01
-3.288658708333969116e-02
6.394328176975250244e-02
1.071191504597663879e-01
-2.526207827031612396e-02
-5.308889970183372498e-02
1.103157922625541687e-02
4.632001742720603943e-02
5.422388203442096710e-04
3.211188688874244690e-02
-2.686511725187301636e-02
8.069495111703872681e-02
-1.593174636363983154e-01
-5.132069345563650131e-04
4.847630392760038376e-03
-4.207731783390045166e-02
8.029469847679138184e-02
-4.670412093400955200e-02
-4.072194918990135193e-02
2.100600488483905792e-02
-2.503671124577522278e-02
5.228008609265089035e-03
7.801729440689086914e-02
1.095346268266439438e-02
1.462521683424711227e-02
3.970213979482650757e-02
5.695454776287078857e-02
-8.563818782567977905e-02
6.141929700970649719e-02
-7.799395918846130371e-02
3.368140384554862976e-02
3.112624213099479675e-02
-1.261490434408187866e-01
-8.235930651426315308e-02
1.177118346095085144e-02
3.572518751025199890e-02
9.729293733835220337e-02
-4.570911172777414322e-03
-4.726099967956542969e-02
1.855082623660564423e-02
1.211566501297056675e-03
-6.983841955661773682e-02
6.792606413364410400e-02
-1.368165761232376099e-01
1.170559506863355637e-02
-8.663225173950195312e-02
2.695809118449687958e-02
2.464180113747715950e-03
-1.737787947058677673e-02
-8.116222918033599854e-02
-3.232214972376823425e-02
-1.701481826603412628e-02
2.202206291258335114e-02
-3.235197812318801880e-02
-3.789515048265457153e-02
8.963908255100250244e-02
-2.092821290716528893e-03
2.508119679987430573e-02
-6.968320813030004501e-03
-7.884695380926132202e-02
1.420259382575750351e-02
-2.566461078822612762e-02
-3.630055487155914307e-02
-7.094420492649078369e-02
-1.037505175918340683e-02
4.956328123807907104e-02
-5.096265673637390137e-02
-1.918811164796352386e-02
1.029797717928886414e-01
3.748987242579460144e-02
-4.435076192021369934e-02
-4.918695986270904541e-02
2.870053052902221680e-02
1.851504482328891754e-02
6.945509463548660278e-02
-3.409033641219139099e-02
-8.881466090679168701e-02
-4.082174226641654968e-02
-3.013871982693672180e-02
2.909063175320625305e-02
-7.870584726333618164e-02
3.851764276623725891e-02
3.670246154069900513e-02
1.267298869788646698e-02
-5.806830525398254395e-02
8.203791826963424683e-02
-1.844749040901660919e-02
-3.790356451645493507e-03
-6.843274924904108047e-03
1.236973050981760025e-02
-5.532771721482276917e-02
5.649253353476524353e-02
6.169490888714790344e-02
6.345219165086746216e-02
1.812054030597209930e-02
-2.695172093808650970e-02
7.350337505340576172e-02
6.000863760709762573e-02
-6.573103368282318115e-02
4.049863666296005249e-02
-1.192289311438798904e-02
1.241706125438213348e-02
-6.613152474164962769e-02
8.320404216647148132e-03
8.239220827817916870e-02
1.710124686360359192e-02
5.376771837472915649e-02
-5.338835343718528748e-02
8.865295350551605225e-02
4.439970105886459351e-02
-1.050456799566745758e-02
3.374839946627616882e-02
-4.522813484072685242e-03
-5.613996088504791260e-02
3.370428830385208130e-02
-2.323791570961475372e-02
6.396302487701177597e-04
4.270900413393974304e-02
-6.357371807098388672e-02
3.934260830283164978e-02
-4.429732263088226318e-02
5.946090444922447205e-02
2.369996719062328339e-02
-8.641307801008224487e-02
-3.584896773099899292e-02
-4.950487986207008362e-02
-3.893253579735755920e-02
3.891797270625829697e-03
2.667737752199172974e-02
-2.713271416723728180e-02
-9.073621593415737152e-03
3.620450198650360107e-02
-3.554192185401916504e-02
-5.028801038861274719e-02
8.052627556025981903e-03
-4.215215891599655151e-02
2.223588526248931885e-02
6.231700628995895386e-02
-8.145987987518310547e-02
-8.512220345437526703e-03
-5.357374995946884155e-02
6.386394798755645752e-02
-1.256717741489410400e-01
1.221568435430526733e-01
5.699088051915168762e-02
2.062562406063079834e-01
5.553378164768218994e-02
7.525184005498886108e-02
-2.389609441161155701e-02
-3.278996422886848450e-02
-3.173121437430381775e-02
3.727538511157035828e-02
-1.533920317888259888e-01
-6.845361553132534027e-03
-5.281023681163787842e-02
7.976774126291275024e-02
1.275768689811229706e-02
-5.506291519850492477e-03
-2.340167760848999023e-02
-9.114415384829044342e-03
-3.495860472321510315e-02
6.924862414598464966e-02
-1.062863245606422424e-01
6.841084454208612442e-03
-1.298965187743306160e-03
3.395846113562583923e-02
4.146263003349304199e-02
4.483828321099281311e-03
1.055358499288558960e-01
1.065739616751670837e-01
1.363195478916168213e-02
-9.064036607742309570e-02
-4.860545322299003601e-02
-7.162605226039886475e-02
-1.428800821304321289e-01
4.609803855419158936e-02
1.051378063857555389e-02
1.364589016884565353e-02
1.184408087283372879e-02
-1.819420307874679565e-01
6.437304615974426270e-02
-1.751845628023147583e-01
-5.125707760453224182e-02
4.591549187898635864e-02
6.333351135253906250e-02
-1.566772162914276123e-01
-5.859737470746040344e-02
2.175897592678666115e-03
4.656302556395530701e-02
-9.664088487625122070e-03
1.085512712597846985e-01
1.680510342121124268e-01
-1.353737264871597290e-01
-6.943772733211517334e-02
-1.220476254820823669e-02
-2.464732527732849121e-02
9.792497754096984863e-02
-3.587533533573150635e-02
1.360687911510467529e-01
