-9.335419535636901855e-02
-5.552903190255165100e-02
5.022956058382987976e-02
-2.069307677447795868e-02
-6.338030099868774414e-02
3.640810400247573853e-02
3.413676470518112183e-02
-1.238129436969757080e-01
1.053141057491302490e-01
8.138678222894668579e-02
-8.470781892538070679e-02
-7.820199429988861084e-02
1.033072024583816528e-01
3.169504925608634949e-02
-4.514409601688385010e-02
2.686491049826145172e-02
1.661789417266845703e-02
-7.321905344724655151e-02
1.407920848578214645e-02
6.128502264618873596e-02
9.996528923511505127e-02
-1.385864242911338806e-02
-1.774371042847633362e-02
-1.919829845428466797e-02
4.428522661328315735e-02
-1.225699763745069504e-02
1.029243692755699158e-02
-5.114932730793952942e-02
-1.335059702396392822e-01
1.123184338212013245e-02
-3.419316560029983521e-02
-8.573298901319503784e-02
1.160611119121313095e-02
9.446847438812255859e-02
-1.806931942701339722e-02
-3.816575556993484497e-02
-9.972725063562393188e-02
-1.369834877550601959e-02
-2.532232319936156273e-03
2.754277549684047699e-02
5.991413258016109467e-03
-3.674211353063583374e-02
1.799982972443103790e-02
-9.525250643491744995e-02
1.473067104816436768e-01
6.149669364094734192e-02
3.858412802219390869e-02
4.436629638075828552e-02
-8.743149042129516602e-02
-7.603545486927032471e-02
-6.871175020933151245e-02
1.478746682405471802e-01
-4.721637815237045288e-02
6.706994771957397461e-02
8.171404153108596802e-02
-3.083177469670772552e-02
-2.244698442518711090e-02
-5.084430333226919174e-03
4.770528525114059448e-02
-2.497767284512519836e-02
5.413355678319931030e-02
1.855529285967350006e-02
1.052167490124702454e-01
-1.072526425123214722e-01
1.051684655249118805e-02
1.528074592351913452e-02
-7.027661055326461792e-02
5.113985016942024231e-02
-9.657934308052062988e-03
7.726546376943588257e-03
1.634874753654003143e-02
-2.474473416805267334e-02
-3.244547173380851746e-02
4.163589701056480408e-02
4.677502810955047607e-02
-2.969988808035850525e-02
-1.334692817181348801e-02
4.392558336257934570e-02
-6.515900045633316040e-02
7.560858130455017090e-02
-6.867565959692001343e-02
-4.431443754583597183e-03
1.243823021650314331e-02
-1.378431916236877441e-01
-5.511077493429183960e-02
-4.022460058331489563e-02
4.841824993491172791e-02
1.031101867556571960e-01
-1.279601827263832092e-02
-2.619763463735580444e-02
1.313674449920654297e-02
4.489264637231826782e-02
-1.240823641419410706e-01
7.937282323837280273e-02
-6.609515100717544556e-02
-3.442142531275749207e-02
-9.141544997692108154e-02
5.340617522597312927e-02
-1.498489454388618469e-02
-1.929046958684921265e-02
-6.966173648834228516e-02
-3.420179337263107300e-02
-4.116686061024665833e-02
2.156661637127399445e-02
-3.395096585154533386e-02
-6.460060179233551025e-02
7.689559459686279297e-02
3.304286673665046692e-02
6.488894671201705933e-02
-3.983365371823310852e-02
-6.333917379379272461e-02
6.453572958707809448e-02
-5.022086948156356812e-02
-3.269227966666221619e-02
-9.511621296405792236e-02
-4.851935058832168579e-02
1.935580372810363770e-02
-7.221493870019912720e-02
2.373313531279563904e-02
9.220577776432037354e-02
2.732399664819240570e-02
-4.862846806645393372e-02
-1.703534089028835297e-02
-3.776983823627233505e-03
2.119965106248855591e-02
4.748249799013137817e-02
-1.349878963083028793e-02
-1.259851157665252686e-01
-5.097930505871772766e-02
-2.085675857961177826e-02
1.143728732131421566e-03
-3.673280030488967896e-02
5.136844143271446228e-02
1.478392537683248520e-02
4.776560701429843903e-03
-5.255858972668647766e-02
6.004896014928817749e-02
-6.408818811178207397e-02
-4.488870128989219666e-02
-1.800950430333614349e-02
-3.474936261773109436e-02
-1.589204929769039154e-02
3.978222981095314026e-02
1.857153698801994324e-02
7.241699099540710449e-02
-2.847867319360375404e-03
-2.337892539799213409e-02
2.755810692906379700e-02
5.593280494213104248e-02
-4.884163290262222290e-02
5.939598381519317627e-02
-7.309018168598413467e-03
-1.113427337259054184e-03
-1.130570322275161743e-01
5.710781365633010864e-02
3.062840923666954041e-02
3.527286695316433907e-03
6.536589562892913818e-02
-2.696782723069190979e-02
1.003264114260673523e-01
3.058769740164279938e-02
2.889642026275396347e-03
3.307874500751495361e-02
2.640544250607490540e-02
-4.082006961107254028e-02
2.603393606841564178e-02
-5.292395874857902527e-02
-4.457208514213562012e-02
2.482852898538112640e-02
-7.900954037904739380e-02
4.303700104355812073e-02
-7.942839711904525757e-02
9.539390355348587036e-02
6.918533146381378174e-02
-6.394185125827789307e-02
-3.560002520680427551e-02
-1.693229749798774719e-02
-1.145943161100149155e-02
4.124695435166358948e-03
-3.958680201321840286e-03
-1.575805805623531342e-02
3.263079270254820585e-04
5.421223118901252747e-02
-5.345180630683898926e-02
-3.951867669820785522e-02
4.365045949816703796e-02
-2.919647842645645142e-02
-3.521948307752609253e-02
4.403685405850410461e-02
-5.644491687417030334e-02
-2.731419168412685394e-02
-3.582164645195007324e-02
4.953329265117645264e-02
-1.223571300506591797e-01
1.082059144973754883e-01
5.483298748731613159e-02
1.617677509784698486e-01
7.230531424283981323e-02
9.955775737762451172e-02
-6.144560128450393677e-02
-1.373190898448228836e-02
1.049502845853567123e-02
2.013571374118328094e-02
-1.461246311664581299e-01
1.273494865745306015e-02
1.453572791069746017e-02
9.208337403833866119e-03
-1.606485620141029358e-02
-2.147602848708629608e-02
-1.485585607588291168e-02
2.120259590446949005e-02
-1.568457856774330139e-02
8.121437579393386841e-02
-9.197826683521270752e-02
3.957712277770042419e-02
7.360312622040510178e-03
6.601855158805847168e-02
5.653345584869384766e-02
2.178085781633853912e-02
5.255909636616706848e-02
8.853497356176376343e-02
-3.742022439837455750e-02
-6.014732643961906433e-02
-5.242379382252693176e-02
-6.188156083226203918e-02
-1.615718454122543335e-01
7.319770008325576782e-02
1.283834781497716904e-02
6.682972307316958904e-04
-6.092578987590968609e-04
-1.265848577022552490e-01
1.008007377386093140e-01
-1.216291934251785278e-01
-2.573582343757152557e-02
1.205390226095914841e-02
8.726059645414352417e-02
-1.343130618333816528e-01
-5.176920816302299500e-02
-3.112498298287391663e-02
5.845622718334197998e-02
5.316897761076688766e-03
9.671694040298461914e-02
2.200374305248260498e-01
-9.904747456312179565e-02
-1.442866176366806030e-01
2.565535949543118477e-03
-3.325619176030158997e-02
1.418820023536682129e-01
-7.631752640008926392e-02
1.410333663225173950e-01
