-9.686033427715301514e-02
-5.356030538678169250e-02
7.418762892484664917e-02
-5.074636265635490417e-02
-4.679473116993904114e-02
9.317091107368469238e-02
3.353933244943618774e-02
-1.249516606330871582e-01
1.187132075428962708e-01
5.583453923463821411e-02
-1.241143718361854553e-01
-7.206986844539642334e-02
1.232914999127388000e-01
-2.436273731291294098e-02
8.619572967290878296e-03
5.021054670214653015e-02
3.320757299661636353e-02
-8.226480334997177124e-02
2.657291945070028305e-03
5.723330751061439514e-02
5.586153641343116760e-02
-1.892043091356754303e-02
-1.841533556580543518e-02
-1.434529107064008713e-02
3.620883449912071228e-02
-1.635489985346794128e-02
2.477025985717773438e-02
-4.829904064536094666e-02
-1.375408917665481567e-01
-1.510562188923358917e-02
-3.177451342344284058e-02
-6.929097324609756470e-02
-2.650126349180936813e-03
1.012311652302742004e-01
-1.073139952495694160e-03
-8.108519949018955231e-03
-6.740015745162963867e-02
-1.017001084983348846e-02
1.938397623598575592e-02
1.608669944107532501e-02
-2.004704065620899200e-02
-3.121118620038032532e-02
2.054498158395290375e-02
-6.818830966949462891e-02
1.245262026786804199e-01
7.772882282733917236e-02
4.587555304169654846e-02
-1.216083578765392303e-02
-8.163376897573471069e-02
-9.861159324645996094e-02
-6.353216618299484253e-02
1.010373979806900024e-01
-3.066365048289299011e-02
5.576894804835319519e-02
7.005162537097930908e-02
-1.386516634374856949e-02
-4.637601971626281738e-02
2.082392573356628418e-02
3.220152854919433594e-02
1.908268593251705170e-02
6.199811398983001709e-02
-9.905496612191200256e-03
7.666450738906860352e-02
-1.496996730566024780e-01
-7.224581204354763031e-03
-1.587320864200592041e-02
-3.489856049418449402e-02
5.722078308463096619e-02
-4.153217747807502747e-02
-5.070880986750125885e-03
2.321115229278802872e-03
-1.064988039433956146e-02
-4.181084781885147095e-02
5.403669923543930054e-02
1.818954758346080780e-02
-5.458894185721874237e-03
2.130296081304550171e-02
5.373993888497352600e-02
-6.054643169045448303e-02
5.610954016447067261e-02
-6.324926763772964478e-02
3.839942812919616699e-02
3.043014369904994965e-02
-1.183734610676765442e-01
-6.583013385534286499e-02
-2.317548543214797974e-02
4.770550876855850220e-02
9.508865326642990112e-02
-1.466169301420450211e-02
-3.596976771950721741e-02
3.327585384249687195e-02
5.176909733563661575e-03
-9.827938675880432129e-02
5.718662962317466736e-02
-1.187279000878334045e-01
-5.084679578430950642e-04
-7.801978290081024170e-02
2.403067052364349365e-02
-1.280021108686923981e-02
-1.199807971715927124e-02
-7.465982437133789062e-02
-3.065372072160243988e-02
-1.827486045658588409e-02
2.667019329965114594e-02
-3.544646874070167542e-02
-4.305325075984001160e-02
7.545273005962371826e-02
2.180486917495727539e-04
3.947290405631065369e-02
-6.930521223694086075e-03
-6.648392230272293091e-02
2.766771987080574036e-02
-1.916965469717979431e-02
-2.407880499958992004e-02
-8.776758611202239990e-02
-1.900891028344631195e-02
2.844114229083061218e-02
-5.861622095108032227e-02
-1.512600854039192200e-02
7.229853421449661255e-02
4.223716259002685547e-02
-4.751451313495635986e-02
-6.281968206167221069e-03
-6.187139078974723816e-03
2.491773664951324463e-02
7.014512270689010620e-02
-4.154455661773681641e-02
-1.038675680756568909e-01
-6.260520964860916138e-02
-2.481435053050518036e-02
3.439469635486602783e-02
-7.937421649694442749e-02
7.475756853818893433e-02
1.886261813342571259e-02
1.356251188553869724e-03
-6.017584353685379028e-02
1.293123364448547363e-01
-7.525286078453063965e-02
-3.006694652140140533e-02
-3.570294752717018127e-02
-2.990385517477989197e-02
-4.425790533423423767e-02
6.715689599514007568e-02
7.273079454898834229e-02
3.793220967054367065e-02
1.872586645185947418e-02
-2.113686688244342804e-02
6.322805583477020264e-02
4.560189694166183472e-02
-4.392239451408386230e-02
6.490472704172134399e-02
-2.020056173205375671e-02
2.998033538460731506e-02
-1.067842319607734680e-01
1.456903107464313507e-02
7.085010409355163574e-02
2.619005367159843445e-02
9.125415980815887451e-02
-7.438505440950393677e-02
9.293594956398010254e-02
4.985968768596649170e-02
-1.289641484618186951e-02
2.277396433055400848e-02
-6.962131708860397339e-03
-5.012062564492225647e-02
2.871892228722572327e-02
-2.002249471843242645e-02
-1.817374303936958313e-02
1.669850945472717285e-02
-4.177716001868247986e-02
4.860696941614151001e-02
-4.659868776798248291e-02
4.418139532208442688e-02
5.072943493723869324e-02
-6.826071441173553467e-02
-1.630894094705581665e-02
7.425968069583177567e-03
-1.262994483113288879e-02
5.354453809559345245e-03
8.572844788432121277e-03
-2.389460057020187378e-02
4.126054700464010239e-04
3.343478217720985413e-02
-4.413356259465217590e-02
-3.442418947815895081e-02
2.796101616695523262e-03
-3.097905218601226807e-02
-1.461320742964744568e-02
5.085915327072143555e-02
-6.532555818557739258e-02
-2.219181321561336517e-02
-4.811238124966621399e-02
6.987026333808898926e-02
-1.375801563262939453e-01
1.101797074079513550e-01
6.896815448999404907e-02
1.480151414871215820e-01
5.559869110584259033e-02
1.259453296661376953e-01
-1.458384562283754349e-02
-2.690234035253524780e-02
-2.193611115217208862e-02
2.693580277264118195e-02
-1.516177803277969360e-01
-5.287983731250278652e-05
-5.223995447158813477e-02
5.521078407764434814e-02
-5.541231483221054077e-03
-1.084052119404077530e-02
-1.707072742283344269e-02
-1.357148401439189911e-02
-4.682371392846107483e-02
8.860670030117034912e-02
-7.090947777032852173e-02
2.031649276614189148e-02
-5.744032096117734909e-03
4.722156748175621033e-02
5.712838098406791687e-02
-3.930391743779182434e-03
7.097477465867996216e-02
7.863578945398330688e-02
-1.775438524782657623e-02
-8.567831665277481079e-02
-3.401109203696250916e-02
-7.662311196327209473e-02
-1.394466310739517212e-01
7.237578928470611572e-02
1.505090389400720596e-02
2.203410724177956581e-03
1.810141280293464661e-02
-2.135233283042907715e-01
9.860035777091979980e-02
-1.812814176082611084e-01
-5.266869440674781799e-02
4.766894504427909851e-02
9.680669009685516357e-02
-2.051068395376205444e-01
-7.400657236576080322e-02
-2.305975370109081268e-02
4.123703390359878540e-02
1.250192616134881973e-02
8.697492629289627075e-02
1.551320850849151611e-01
-1.402874886989593506e-01
-8.436608314514160156e-02
-1.022417563945055008e-02
-3.722031041979789734e-02
9.526880830526351929e-02
-4.018295183777809143e-02
9.026842564344406128e-02
