-9.365049004554748535e-02
-5.292916297912597656e-02
3.336109966039657593e-02
-2.840491756796836853e-02
1.215779129415750504e-02
5.676688998937606812e-02
4.379190504550933838e-02
-7.899764925241470337e-02
1.212047189474105835e-01
4.999158158898353577e-02
-8.268520981073379517e-02
-6.149675324559211731e-02
9.677255898714065552e-02
-8.731966838240623474e-03
2.716616354882717133e-02
1.150046940892934799e-02
3.357521072030067444e-02
-8.350624889135360718e-02
2.803895249962806702e-02
2.164342254400253296e-02
7.168949395418167114e-02
-1.573952287435531616e-02
-1.953469775617122650e-02
-1.635515503585338593e-02
2.492181211709976196e-02
-1.310536824166774750e-02
5.852243397384881973e-03
-1.056370418518781662e-02
-1.334962993860244751e-01
5.939907860010862350e-03
-6.159910932183265686e-02
-9.612186998128890991e-02
-6.084440741688013077e-03
1.310164779424667358e-01
-2.052330970764160156e-02
-4.704902693629264832e-02
-9.953177720308303833e-02
7.767288479954004288e-03
-3.666082769632339478e-02
4.429111629724502563e-02
-1.157875452190637589e-02
-3.308730572462081909e-02
1.243215706199407578e-02
-9.873429685831069946e-02
1.456516236066818237e-01
1.359423846006393433e-01
8.274553716182708740e-02
1.744540059007704258e-03
-7.128462940454483032e-02
-7.069928199052810669e-02
-5.053824931383132935e-02
1.459417492151260376e-01
-1.411894336342811584e-02
9.072253108024597168e-02
9.669609367847442627e-02
-3.508822247385978699e-02
-4.691789671778678894e-02
2.033873833715915680e-02
6.086040288209915161e-02
-3.749684244394302368e-02
4.488347843289375305e-02
-4.501939937472343445e-02
1.183734983205795288e-01
-1.455665975809097290e-01
5.681520269718021154e-05
2.849324978888034821e-02
-3.966653719544410706e-02
4.210925847291946411e-02
-2.742483839392662048e-02
-5.335005745291709900e-02
6.303653866052627563e-02
-2.567819319665431976e-02
-3.244189545512199402e-02
6.563191860914230347e-02
2.474703639745712280e-02
1.623576879501342773e-02
9.362555108964443207e-03
5.530922859907150269e-02
-6.714253127574920654e-02
7.849221676588058472e-02
-5.659897997975349426e-02
2.315432578325271606e-02
1.422674953937530518e-02
-1.186498999595642090e-01
-5.823749303817749023e-02
1.419036765582859516e-03
1.853341795504093170e-02
7.468052953481674194e-02
2.438183687627315521e-02
-7.388344407081604004e-02
8.064399473369121552e-03
4.163330420851707458e-02
-7.865086197853088379e-02
7.078577578067779541e-02
-9.225596487522125244e-02
-6.545487791299819946e-03
-1.030475497245788574e-01
3.291368111968040466e-02
-2.509432379156351089e-03
-7.614946458488702774e-03
-7.568726688623428345e-02
-1.721834763884544373e-02
-2.936501428484916687e-02
2.867590077221393585e-02
-2.253270335495471954e-02
-1.928304694592952728e-02
7.851903140544891357e-02
1.768036186695098877e-02
6.112829223275184631e-02
-7.275090087205171585e-03
-7.954841107130050659e-02
2.892582491040229797e-02
-4.083328694105148315e-02
-4.725629091262817383e-02
-8.273137360811233521e-02
-4.469079896807670593e-02
3.107364289462566376e-02
-1.655287854373455048e-02
-1.028403756208717823e-03
6.984622031450271606e-02
2.793260477483272552e-02
-5.163891240954399109e-02
-1.201155781745910645e-02
2.063510566949844360e-02
3.607683815062046051e-03
6.365152448415756226e-02
-3.800366818904876709e-02
-8.866149932146072388e-02
-2.653710916638374329e-02
-1.603025011718273163e-02
1.044523320160806179e-03
-8.777524530887603760e-02
4.164040461182594299e-02
1.720584556460380554e-02
3.965241461992263794e-02
-3.899171203374862671e-02
5.870157480239868164e-02
-1.257404405623674393e-02
-1.555289048701524734e-02
1.646031811833381653e-02
-1.324782706797122955e-02
-5.981595814228057861e-02
6.505060195922851562e-02
5.093745142221450806e-02
6.387691199779510498e-02
1.978914625942707062e-02
-1.473092846572399139e-02
6.841272115707397461e-02
5.863267928361892700e-02
-5.572419986128807068e-02
2.707835473120212555e-02
1.585653424263000488e-02
-1.373853441327810287e-02
-1.072625666856765747e-01
3.065596893429756165e-02
7.359042018651962280e-02
9.465908631682395935e-03
7.441376894712448120e-02
-3.799232840538024902e-02
1.060496568679809570e-01
2.260351181030273438e-02
-1.562443841248750687e-02
4.191904515027999878e-02
5.710521712899208069e-03
-3.796036541461944580e-02
1.698177307844161987e-02
-3.661139309406280518e-02
-7.815849967300891876e-03
3.856767714023590088e-02
-4.713046923279762268e-02
2.424764633178710938e-02
-2.886674180626869202e-02
3.052133694291114807e-02
4.644834250211715698e-02
-3.872728347778320312e-02
-3.178865835070610046e-02
-3.344704583287239075e-02
-2.531237900257110596e-02
-1.499373745173215866e-02
3.408442437648773193e-02
-2.954020909965038300e-02
-2.718160860240459442e-02
5.910093896090984344e-03
-3.709688410162925720e-02
-3.708239644765853882e-02
-5.203325301408767700e-03
-4.423420131206512451e-02
-1.487328298389911652e-02
5.349113047122955322e-02
-4.485177248716354370e-02
-3.389560431241989136e-02
-3.988142684102058411e-02
6.395579874515533447e-02
-1.385243386030197144e-01
1.116443425416946411e-01
6.669570505619049072e-02
1.882427632808685303e-01
4.337694123387336731e-02
8.195030689239501953e-02
-3.394382074475288391e-02
-1.786085590720176697e-02
-3.320709988474845886e-02
4.153717309236526489e-02
-1.526737958192825317e-01
-1.062758546322584152e-02
-5.712750554084777832e-02
6.350016593933105469e-02
8.553786203265190125e-03
-3.557996125891804695e-03
-9.188704192638397217e-03
6.512611638754606247e-03
-2.002963423728942871e-02
6.439081579446792603e-02
-1.151905059814453125e-01
2.391755394637584686e-02
-1.389984693378210068e-02
6.567795574665069580e-02
4.612064361572265625e-02
-7.184330374002456665e-03
8.445404469966888428e-02
1.055578514933586121e-01
-1.187952701002359390e-02
-1.105415597558021545e-01
-4.350018873810768127e-02
-5.500725284218788147e-02
-1.379588097333908081e-01
3.301295638084411621e-02
2.256761305034160614e-03
-2.670203335583209991e-03
4.305782169103622437e-02
-1.443745195865631104e-01
9.399943053722381592e-02
-1.467242389917373657e-01
-1.222776994109153748e-02
4.627447202801704407e-02
6.642863154411315918e-02
-1.683642417192459106e-01
-5.305396392941474915e-02
-3.083464317023754120e-02
6.449939310550689697e-02
-1.949079148471355438e-02
9.172064810991287231e-02
2.060532271862030029e-01
-1.228369548916816711e-01
-1.017322987318038940e-01
-1.697997376322746277e-02
-4.378329962491989136e-02
1.320239305496215820e-01
-7.043076306581497192e-02
1.564365476369857788e-01
