-6.988742947578430176e-02
-5.405956879258155823e-02
1.005829572677612305e-01
-8.229842782020568848e-02
-4.705809056758880615e-02
9.659423679113388062e-02
2.629449404776096344e-02
-1.527367085218429565e-01
1.063388586044311523e-01
5.658244714140892029e-02
-1.170068308711051941e-01
-7.362914085388183594e-02
1.198329553008079529e-01
-2.403763681650161743e-02
-4.239058122038841248e-03
1.012336462736129761e-01
2.957900613546371460e-02
-9.278752654790878296e-02
3.472194820642471313e-02
3.408828750252723694e-02
5.590035393834114075e-02
-2.983944676816463470e-02
-7.438273634761571884e-03
-5.737221613526344299e-02
3.718527778983116150e-02
-1.635659299790859222e-02
5.259001627564430237e-02
-8.288635313510894775e-02
-1.280434429645538330e-01
-8.986141532659530640e-03
-3.309261798858642578e-02
-7.504707574844360352e-02
-2.950650267302989960e-02
9.584759920835494995e-02
-3.694327780976891518e-03
-1.222364883869886398e-02
-6.114587932825088501e-02
-3.214184567332267761e-02
2.361585386097431183e-02
6.025514565408229828e-03
-3.406509384512901306e-02
-1.019833888858556747e-02
3.656416758894920349e-02
-7.120686769485473633e-02
1.007701084017753601e-01
2.436613664031028748e-02
2.110584266483783722e-02
7.580871228128671646e-03
-5.331326648592948914e-02
-7.857166975736618042e-02
-6.267009675502777100e-02
8.093460649251937866e-02
-1.172795984894037247e-02
1.334890630096197128e-02
6.235517188906669617e-02
1.703711599111557007e-02
-6.506451219320297241e-02
1.745425350964069366e-02
3.000226803123950958e-02
5.318094789981842041e-02
5.608306452631950378e-02
-8.727463427931070328e-04
6.913173198699951172e-02
-1.338526010513305664e-01
-1.696519553661346436e-02
-2.634716965258121490e-02
-4.361107945442199707e-02
5.298097804188728333e-02
-2.670373208820819855e-02
5.689854733645915985e-03
-2.045843750238418579e-03
-2.023118175566196442e-02
-2.296394482254981995e-02
3.620052710175514221e-02
2.592573501169681549e-02
1.868277788162231445e-02
2.237935177981853485e-02
2.658515796065330505e-02
-5.946646630764007568e-02
6.297330558300018311e-02
-5.875595659017562866e-02
4.423784837126731873e-02
2.473511733114719391e-02
-1.054313406348228455e-01
-5.504515394568443298e-02
-4.305581375956535339e-02
4.343899339437484741e-02
1.046411320567131042e-01
-1.710093952715396881e-02
-2.227530255913734436e-02
2.734964527189731598e-02
1.456598378717899323e-02
-1.235090419650077820e-01
2.254057116806507111e-02
-8.766371756792068481e-02
-7.231769268400967121e-04
-1.045698523521423340e-01
4.894961416721343994e-02
-1.474211644381284714e-02
-2.823000773787498474e-02
-1.023801565170288086e-01
-2.537512965500354767e-02
-2.248384617269039154e-02
4.337390512228012085e-02
-4.753118380904197693e-02
-5.296319350600242615e-02
5.871921032667160034e-02
1.533349603414535522e-02
3.328818082809448242e-02
-4.501099698245525360e-03
-3.764566406607627869e-02
2.452619001269340515e-02
-1.486045029014348984e-02
-1.648362353444099426e-02
-1.000120639801025391e-01
-2.357595600187778473e-02
1.266910135746002197e-02
-7.464800775051116943e-02
-1.426943810656666756e-03
8.867777884006500244e-02
4.590235278010368347e-02
-4.102385416626930237e-02
-8.323084563016891479e-03
-2.406276017427444458e-02
2.705591358244419098e-02
8.588845282793045044e-02
-5.782738327980041504e-02
-9.727112948894500732e-02
-7.743003964424133301e-02
-1.426316890865564346e-02
3.076600609347224236e-03
-3.443743661046028137e-02
7.138792425394058228e-02
1.640540547668933868e-02
3.361268667504191399e-03
-6.707382202148437500e-02
1.213300302624702454e-01
-6.207983568310737610e-02
-5.202405154705047607e-02
-6.716849654912948608e-02
-3.442556038498878479e-02
-4.683170095086097717e-02
5.146013572812080383e-02
6.480143964290618896e-02
4.114839807152748108e-02
2.942867949604988098e-02
-1.739934086799621582e-02
2.231730706989765167e-02
7.722025364637374878e-02
-4.271367192268371582e-02
4.749151319265365601e-02
5.035649519413709641e-03
4.868060350418090820e-02
-9.172256290912628174e-02
5.058838520199060440e-03
4.544492065906524658e-02
7.463619695045053959e-04
8.710269629955291748e-02
-5.789271369576454163e-02
1.003279387950897217e-01
5.127428472042083740e-02
-9.766077622771263123e-03
-2.277137339115142822e-02
-4.429707769304513931e-03
-6.192389875650405884e-02
1.918225176632404327e-02
-5.497596412897109985e-02
-2.499577589333057404e-03
1.594331488013267517e-02
-5.786501243710517883e-02
2.203178219497203827e-02
-8.009479939937591553e-02
8.771407604217529297e-02
5.596248805522918701e-02
-5.612948909401893616e-02
-3.104705922305583954e-02
8.200146257877349854e-03
-5.776288453489542007e-03
6.528127938508987427e-03
1.458875136449933052e-03
-4.220638796687126160e-02
2.825640887022018433e-02
6.844152510166168213e-02
-1.709350943565368652e-02
-5.266503989696502686e-02
1.225519925355911255e-02
-1.907242089509963989e-02
-1.734997890889644623e-02
5.544959753751754761e-02
-5.870038643479347229e-02
-2.127837948501110077e-02
-3.633235022425651550e-02
8.208125084638595581e-02
-1.081174537539482117e-01
1.084153577685356140e-01
6.452391296625137329e-02
1.246047988533973694e-01
6.020759046077728271e-02
1.218617632985115051e-01
5.494554992765188217e-03
-2.289527095854282379e-02
-1.314127631485462189e-02
2.242589741945266724e-02
-1.711885333061218262e-01
-9.785730391740798950e-03
-2.672313712537288666e-02
5.507522821426391602e-02
-3.786887228488922119e-02
-5.234498530626296997e-03
-3.158906474709510803e-02
-1.348605472594499588e-02
-4.037772119045257568e-02
8.188729733228683472e-02
-4.603791981935501099e-02
2.299074083566665649e-02
-3.688712837174534798e-03
5.097965896129608154e-02
8.580362051725387573e-02
8.749578148126602173e-03
5.679614096879959106e-02
6.409366428852081299e-02
-2.522609010338783264e-02
-7.264840602874755859e-02
-4.957050085067749023e-02
-8.662168681621551514e-02
-1.472648978233337402e-01
8.708708733320236206e-02
4.891859367489814758e-02
5.165572743862867355e-03
2.093883696943521500e-03
-2.293620556592941284e-01
1.077966913580894470e-01
-1.851567924022674561e-01
-5.295158922672271729e-02
5.333197489380836487e-02
9.095560014247894287e-02
-2.200264632701873779e-01
-7.075814157724380493e-02
-3.762671723961830139e-02
2.728891745209693909e-02
8.463943377137184143e-03
9.474995732307434082e-02
1.271485835313796997e-01
-1.328888684511184692e-01
-7.336977869272232056e-02
-8.340494707226753235e-03
-2.178323455154895782e-02
6.806158274412155151e-02
-2.371081523597240448e-02
8.336953073740005493e-02
