-1.694373488426208496e-01
-1.182338502258062363e-02
-2.563079819083213806e-02
-1.596467569470405579e-02
-7.887925021350383759e-03
3.944316878914833069e-02
6.308186799287796021e-02
-1.866571456193923950e-01
1.198591366410255432e-01
8.224163204431533813e-02
-1.084326133131980896e-01
-1.024102121591567993e-01
9.613622725009918213e-02
2.376670390367507935e-02
2.545241080224514008e-02
-4.316494613885879517e-02
6.189655885100364685e-02
-3.601833060383796692e-02
1.217878237366676331e-02
5.223925411701202393e-02
4.314965009689331055e-02
-4.275115206837654114e-02
-1.955772191286087036e-02
4.061271250247955322e-02
-9.561677463352680206e-03
2.579441480338573456e-02
-4.686100035905838013e-02
3.762347251176834106e-02
6.723355036228895187e-03
6.366471201181411743e-02
1.732016354799270630e-02
-5.032987520098686218e-02
-1.432564202696084976e-02
-3.549325978383421898e-03
-5.140890926122665405e-02
-1.277278270572423935e-02
-1.072935983538627625e-01
4.817277938127517700e-02
-6.251346785575151443e-03
3.045943006873130798e-02
-6.040115654468536377e-02
-5.167987197637557983e-03
-7.237724028527736664e-03
-6.575775146484375000e-02
1.611157804727554321e-01
8.717440068721771240e-02
6.615253537893295288e-02
2.406277507543563843e-02
-1.310053095221519470e-02
-7.697719335556030273e-02
-1.203372031450271606e-01
1.121537461876869202e-01
-6.402177363634109497e-02
1.147568523883819580e-01
1.604545675218105316e-02
-5.265607312321662903e-02
7.766742724925279617e-03
2.428614534437656403e-02
3.373663872480392456e-02
-1.583791337907314301e-02
9.781932830810546875e-02
-5.008969083428382874e-02
1.377317309379577637e-01
-1.019896641373634338e-01
-1.566424500197172165e-03
1.095935981720685959e-02
-5.044623836874961853e-02
9.596227109432220459e-02
-1.006880588829517365e-02
-1.031657904386520386e-01
1.151207983493804932e-01
-9.416746906936168671e-03
-6.947229802608489990e-02
4.652454704046249390e-02
1.719236560165882111e-02
2.561624348163604736e-02
7.394012063741683960e-03
5.119197443127632141e-02
-7.504414767026901245e-02
1.195459142327308655e-01
-9.964568912982940674e-02
-3.401049226522445679e-02
2.118119155056774616e-04
-9.317621588706970215e-02
-5.245257169008255005e-02
-2.975689060986042023e-02
3.691089525818824768e-02
7.574670016765594482e-02
5.993180349469184875e-02
-4.348764196038246155e-02
3.716030344367027283e-02
5.588814616203308105e-02
-1.095306724309921265e-01
8.378551155328750610e-02
-2.487529069185256958e-02
-1.716941408812999725e-02
-5.530291795730590820e-02
3.357626870274543762e-02
-8.423227816820144653e-03
-1.422851346433162689e-03
-4.601082578301429749e-02
8.682592771947383881e-03
-5.108826979994773865e-02
-6.186592578887939453e-02
-3.963639214634895325e-02
-4.614743962883949280e-02
7.844503223896026611e-02
5.310257431119680405e-03
9.780904650688171387e-02
-3.484045714139938354e-02
-8.080431073904037476e-02
1.923295669257640839e-02
-4.205530509352684021e-03
-5.404979735612869263e-02
-7.569456845521926880e-02
-6.204863265156745911e-02
-5.964105483144521713e-03
-3.045421093702316284e-02
2.786089852452278137e-02
4.240941628813743591e-02
4.246347025036811829e-02
-3.511982038617134094e-02
4.106812179088592529e-02
2.831768989562988281e-02
-1.225866284221410751e-02
1.187240611761808395e-02
-4.413419961929321289e-02
-1.156479865312576294e-01
-2.780174091458320618e-02
-1.940327137708663940e-02
-3.906629353878088295e-05
-4.244124516844749451e-02
1.573498547077178955e-02
-4.022152163088321686e-03
3.144253045320510864e-02
-8.367592468857765198e-03
1.628914615139365196e-03
-4.624624177813529968e-02
-6.455291528254747391e-03
1.510747801512479782e-02
-7.678284496068954468e-02
-2.237400785088539124e-02
1.555404346436262131e-02
-5.579336080700159073e-03
8.805691450834274292e-02
2.615504199638962746e-03
-5.088415741920471191e-02
3.144720569252967834e-02
4.348096996545791626e-02
-4.683542251586914062e-02
4.060178995132446289e-02
-1.455315388739109039e-02
-3.328660875558853149e-02
-1.183545514941215515e-01
4.321578890085220337e-02
3.481997922062873840e-02
1.025177538394927979e-02
6.014616042375564575e-02
9.484235197305679321e-03
6.949371099472045898e-02
-6.398815661668777466e-02
-5.675514042377471924e-02
4.624858126044273376e-02
-1.726017519831657410e-02
-2.901441417634487152e-02
9.020905941724777222e-03
-3.348359465599060059e-02
7.698635105043649673e-03
1.717936806380748749e-02
-7.037109136581420898e-02
3.834703704342246056e-03
-1.624825969338417053e-02
7.389846141450107098e-04
6.328627467155456543e-02
2.387396246194839478e-02
-1.551046222448348999e-02
2.524518966674804688e-02
-2.909113839268684387e-02
-1.656243763864040375e-02
4.946295544505119324e-02
1.975165866315364838e-02
-1.295971684157848358e-02
9.658433496952056885e-03
-4.656280949711799622e-02
-3.679550439119338989e-02
2.924162521958351135e-02
-6.803973019123077393e-02
-2.524610236287117004e-02
-2.675548382103443146e-02
1.940579526126384735e-02
3.437354415655136108e-02
-5.150861293077468872e-02
2.716283872723579407e-02
-1.009604260325431824e-01
9.192162752151489258e-02
1.140900515019893646e-02
1.697755157947540283e-01
4.160060361027717590e-02
7.407981902360916138e-02
-1.319317892193794250e-02
-1.764851040206849575e-03
4.759928211569786072e-03
6.352976709604263306e-02
-1.425452232360839844e-01
5.877475440502166748e-02
-6.680037826299667358e-02
3.005502000451087952e-02
-4.785202909260988235e-03
6.133566144853830338e-03
-2.608203887939453125e-02
2.958919480443000793e-02
-1.771942898631095886e-02
7.037200033664703369e-02
-7.325260341167449951e-02
1.436361670494079590e-02
-3.202443197369575500e-02
9.104250371456146240e-02
5.550183355808258057e-02
-3.604707121849060059e-02
3.653679043054580688e-02
8.993916213512420654e-02
-8.031588792800903320e-02
-1.048874109983444214e-01
-6.100537255406379700e-02
-9.657081216573715210e-02
-1.656751632690429688e-01
6.323576718568801880e-02
2.418492687866091728e-03
-1.075519900768995285e-02
5.095896869897842407e-02
-1.835674941539764404e-01
1.076946184039115906e-01
-1.042916253209114075e-01
-3.270022571086883545e-02
2.800612477585673332e-03
2.915362641215324402e-02
-1.385799944400787354e-01
-5.899884272366762161e-03
-9.000513702630996704e-03
1.119075492024421692e-01
-4.417067393660545349e-02
2.574086934328079224e-02
1.857732534408569336e-01
-1.068623960018157959e-01
-1.264618188142776489e-01
1.301272306591272354e-02
-6.414463277906179428e-03
1.378084570169448853e-01
-1.079077869653701782e-01
9.791382402181625366e-02
