-9.888409823179244995e-02
-3.081237897276878357e-02
8.369292318820953369e-02
-4.576142132282257080e-02
-6.149813160300254822e-02
7.309646159410476685e-02
-2.521574869751930237e-02
-1.311613172292709351e-01
6.561489403247833252e-02
5.042286962270736694e-02
-1.690358072519302368e-01
-5.955986678600311279e-02
1.639981269836425781e-01
-3.393454477190971375e-02
-2.050340734422206879e-02
7.635433226823806763e-02
3.041326440870761871e-02
-7.258284837007522583e-02
3.349905833601951599e-02
1.975596137344837189e-02
6.653599441051483154e-02
-5.782137438654899597e-02
4.309776797890663147e-02
-3.004907444119453430e-02
6.323056668043136597e-02
-3.761092666536569595e-03
-1.381700392812490463e-03
-1.078757718205451965e-01
-1.143552064895629883e-01
-5.307924747467041016e-02
-2.556976117193698883e-02
-6.192307919263839722e-02
2.011487958952784538e-03
3.684855252504348755e-02
2.989555150270462036e-02
1.039183605462312698e-02
-7.722894102334976196e-02
-2.976905368268489838e-02
6.120070442557334900e-02
2.211953699588775635e-02
-4.988057538866996765e-02
-2.930800803005695343e-02
5.515646561980247498e-02
-3.080529905855655670e-02
5.948415398597717285e-02
-1.488782744854688644e-02
-2.926666475832462311e-02
-2.429755404591560364e-02
-5.637318640947341919e-02
-1.096590161323547363e-01
-2.474614419043064117e-02
1.865436509251594543e-02
-4.118832945823669434e-02
-5.218464136123657227e-02
-1.156740356236696243e-02
3.031068108975887299e-02
-3.695801272988319397e-02
7.891292683780193329e-03
3.044210374355316162e-02
7.135008275508880615e-02
5.962554365396499634e-02
4.260448366403579712e-02
-2.127716783434152603e-03
-9.774339944124221802e-02
-2.204384468495845795e-02
-8.030100166797637939e-02
-1.791866123676300049e-02
4.273646324872970581e-02
-3.130703791975975037e-02
-5.329141765832901001e-02
-5.435440316796302795e-02
4.940404370427131653e-02
-4.915244877338409424e-03
3.210512921214103699e-02
-1.339449547231197357e-02
3.828670457005500793e-02
4.153047129511833191e-02
3.854755684733390808e-02
-5.085293669253587723e-03
1.698141545057296753e-02
-6.550237536430358887e-02
7.820765487849712372e-03
1.574999094009399414e-02
-9.701099991798400879e-02
-5.440362170338630676e-02
-6.458098068833351135e-03
9.376106411218643188e-02
1.265190988779067993e-01
-3.385434299707412720e-02
5.386944487690925598e-02
5.662250891327857971e-02
-6.117529049515724182e-02
-1.133638620376586914e-01
-2.783677540719509125e-02
-9.871072322130203247e-02
2.938896976411342621e-02
-4.058806598186492920e-02
6.037225574254989624e-02
-6.285584531724452972e-03
-2.924018772318959236e-03
-6.750956177711486816e-02
-7.548026274889707565e-03
-2.249956596642732620e-03
-3.729158081114292145e-03
-4.464477673172950745e-02
-6.648249924182891846e-02
6.491748988628387451e-02
-2.093112468719482422e-02
3.418349195271730423e-03
-7.086190860718488693e-03
-1.094179321080446243e-02
-2.495600609108805656e-03
2.292201109230518341e-02
5.875805392861366272e-02
-8.139596879482269287e-02
2.893862873315811157e-02
3.536750003695487976e-02
-7.018249481916427612e-02
-1.206308975815773010e-02
7.434351742267608643e-02
6.296455115079879761e-02
-7.750987540930509567e-03
-2.135873772203922272e-02
7.519385777413845062e-03
-1.068051345646381378e-02
5.375224724411964417e-02
-7.222272455692291260e-02
-8.872646838426589966e-02
-8.522543311119079590e-02
-1.129229366779327393e-02
4.143814742565155029e-02
1.702572219073772430e-02
7.651854306459426880e-02
3.589624911546707153e-02
-2.035032771527767181e-02
-7.265125215053558350e-02
1.514311134815216064e-01
-9.923356771469116211e-02
-3.811709210276603699e-02
-1.158018037676811218e-01
-6.494255736470222473e-03
-2.302997373044490814e-02
4.113542288541793823e-02
6.970702856779098511e-02
4.684329032897949219e-02
1.356502342969179153e-02
-6.279364228248596191e-02
-2.407362870872020721e-02
7.266484200954437256e-02
-9.993030130863189697e-02
8.761173486709594727e-02
-9.620055556297302246e-03
8.614350110292434692e-02
-4.600397497415542603e-02
3.271829569712281227e-03
3.066106326878070831e-02
-2.753929467871785164e-03
1.083737239241600037e-01
-6.339450925588607788e-02
4.420335963368415833e-02
1.450138539075851440e-02
-1.441728323698043823e-02
3.506441041827201843e-02
-5.124372243881225586e-02
-3.335518762469291687e-02
3.364951908588409424e-02
2.489442192018032074e-02
7.522248663008213043e-03
-3.352293372154235840e-02
-2.909173071384429932e-02
-1.859529688954353333e-02
-7.041355967521667480e-02
3.731717169284820557e-02
2.805482223629951477e-02
-6.389047205448150635e-02
-3.658364713191986084e-02
2.955303341150283813e-02
-1.647765561938285828e-02
2.827370539307594299e-02
-2.407339401543140411e-03
-5.926074087619781494e-02
2.945525944232940674e-02
9.052613377571105957e-02
1.213214918971061707e-02
-5.457334220409393311e-02
3.694025054574012756e-02
-6.181730888783931732e-03
6.977144628763198853e-02
7.141523994505405426e-03
-3.316717594861984253e-02
5.363494902849197388e-02
-6.074180081486701965e-02
5.372918397188186646e-02
-5.353547260165214539e-02
9.152805060148239136e-02
9.345247410237789154e-03
9.863205254077911377e-02
3.338216617703437805e-02
1.059522032737731934e-01
5.509736761450767517e-02
-5.482349917292594910e-02
1.501706801354885101e-02
2.122915722429752350e-02
-1.191226169466972351e-01
1.772134378552436829e-02
-1.858163252472877502e-02
7.234498858451843262e-02
-1.990696042776107788e-02
-1.903950981795787811e-02
-5.563554540276527405e-02
-3.492761030793190002e-02
-6.608315557241439819e-02
9.963977336883544922e-02
-3.602681308984756470e-02
2.166317589581012726e-02
-1.146308518946170807e-02
6.252258270978927612e-02
7.020334154367446899e-02
2.414515940472483635e-03
4.553918167948722839e-02
4.782058671116828918e-02
-4.160828143358230591e-02
-4.367873072624206543e-02
-9.119977802038192749e-02
-9.317025542259216309e-02
-1.306463927030563354e-01
1.143448501825332642e-01
4.427032172679901123e-02
3.663721308112144470e-02
-2.559440396726131439e-02
-3.084473907947540283e-01
9.203244745731353760e-02
-1.766919046640396118e-01
-7.867176830768585205e-02
1.505767181515693665e-02
9.133681654930114746e-02
-2.123128026723861694e-01
-7.046742737293243408e-02
-1.324172224849462509e-02
3.969580307602882385e-02
5.352094303816556931e-03
4.592594131827354431e-02
9.914691001176834106e-02
-1.390787214040756226e-01
-7.421799004077911377e-02
-9.391847066581249237e-03
-9.333610651083290577e-04
2.741063572466373444e-02
-1.367428433150053024e-02
9.263542294502258301e-02
