-8.361195027828216553e-02
-1.069395104423165321e-03
2.299475856125354767e-02
-6.871611811220645905e-03
3.990534320473670959e-02
4.848772659897804260e-02
3.441305086016654968e-02
-8.622730523347854614e-02
1.353043317794799805e-01
5.407153815031051636e-02
-6.505959481000900269e-02
-4.692241922020912170e-02
3.823825716972351074e-02
2.161564864218235016e-02
2.769649401307106018e-02
-2.609081566333770752e-02
1.313132233917713165e-02
-5.088134109973907471e-02
1.396814733743667603e-02
6.245604157447814941e-02
1.930922642350196838e-02
-6.885214825160801411e-04
-4.616222530603408813e-02
3.372472152113914490e-02
-9.733497165143489838e-03
2.158891782164573669e-02
1.763682067394256592e-02
1.657355204224586487e-02
-6.112945824861526489e-02
1.901098713278770447e-02
-9.394277818500995636e-03
-4.043050110340118408e-02
4.179374128580093384e-02
4.789988324046134949e-02
-5.816275253891944885e-02
-6.449356675148010254e-02
-3.699169307947158813e-02
4.116618633270263672e-02
-2.327343076467514038e-02
-1.027935533784329891e-03
-1.067383028566837311e-02
-2.505572326481342316e-02
-3.915262594819068909e-02
-4.350527375936508179e-02
7.984237372875213623e-02
1.240459680557250977e-01
7.788641005754470825e-02
3.466281108558177948e-03
-2.638155035674571991e-02
-5.383152514696121216e-03
-4.298382997512817383e-02
1.115472763776779175e-01
-4.151942953467369080e-02
9.688728302717208862e-02
6.087441742420196533e-02
-3.444585204124450684e-02
6.531974300742149353e-03
4.799798130989074707e-02
3.497840836644172668e-02
-3.276861459016799927e-02
4.295147210359573364e-02
-4.980532824993133545e-02
1.110695153474807739e-01
-1.345787048339843750e-01
1.029516104608774185e-02
4.780326038599014282e-02
-5.248701572418212891e-02
1.006676778197288513e-01
-6.275480985641479492e-02
-6.091479957103729248e-02
3.276085108518600464e-02
-3.700147941708564758e-02
-1.362012117169797421e-03
6.282484531402587891e-02
2.390886098146438599e-02
-2.840137167368084192e-04
8.070736192166805267e-03
6.330988556146621704e-02
-6.478905677795410156e-02
6.090811640024185181e-02
-7.359284162521362305e-02
2.787152305245399475e-02
3.560512885451316833e-02
-9.401904046535491943e-02
-8.834676444530487061e-02
2.310840040445327759e-02
-1.527108065783977509e-02
5.005516484379768372e-02
2.852150611579418182e-02
-7.354832440614700317e-02
3.237466514110565186e-02
1.542292255908250809e-02
-3.374155610799789429e-02
9.752453118562698364e-02
-5.761096253991127014e-02
-1.866712234914302826e-02
-7.709024846553802490e-02
3.864726424217224121e-02
-9.437793865799903870e-03
-3.167726565152406693e-03
-7.498333603143692017e-02
-3.125703707337379456e-02
-2.901578322052955627e-02
1.662804745137691498e-02
-4.025433212518692017e-02
-1.676234230399131775e-02
7.841739803552627563e-02
1.011277548968791962e-02
3.932863846421241760e-02
-3.542853891849517822e-02
-1.281290501356124878e-01
2.856888994574546814e-02
-3.102168254554271698e-02
-9.864400327205657959e-02
-7.745978236198425293e-02
-3.851709514856338501e-02
6.394194066524505615e-02
-3.018532320857048035e-02
3.506325557827949524e-02
6.652518361806869507e-02
5.119310691952705383e-02
-6.861692667007446289e-02
-2.606601687148213387e-03
3.610662370920181274e-02
8.986926637589931488e-03
5.151033028960227966e-02
-1.539864763617515564e-02
-1.006229221820831299e-01
1.692063990049064159e-03
-4.496948421001434326e-02
3.434717655181884766e-02
-1.171222627162933350e-01
6.813176721334457397e-02
3.640061616897583008e-02
6.481561344116926193e-03
-1.206815056502819061e-02
7.753158360719680786e-02
-4.793371260166168213e-02
-1.465897820889949799e-02
2.807009220123291016e-02
-2.710788697004318237e-02
-7.179015874862670898e-02
6.211290508508682251e-02
4.682076349854469299e-02
7.839602231979370117e-02
2.447211183607578278e-03
-1.102330815047025681e-02
1.088932305574417114e-01
1.035655289888381958e-02
-3.135323524475097656e-02
2.583729103207588196e-02
-3.614306217059493065e-03
-4.628998786211013794e-02
-9.804208576679229736e-02
1.358755584806203842e-02
1.006120666861534119e-01
3.955779224634170532e-02
6.716207414865493774e-02
-4.906591773033142090e-02
1.175476461648941040e-01
4.314775392413139343e-02
-4.007332026958465576e-02
2.074720524251461029e-02
-2.797904424369335175e-03
-3.569556027650833130e-02
8.317687548696994781e-03
-5.126842856407165527e-02
-3.032478876411914825e-02
2.360136993229389191e-02
-3.516618162393569946e-02
5.559775233268737793e-02
2.191500272601842880e-03
1.131303142756223679e-02
5.320888012647628784e-02
-6.293710321187973022e-02
-1.025468111038208008e-02
-4.130015149712562561e-02
1.060554012656211853e-02
1.293635554611682892e-02
7.163504511117935181e-02
3.172523528337478638e-02
-1.192601770162582397e-02
-1.917953230440616608e-02
-5.535211041569709778e-02
-2.584380656480789185e-02
8.257314562797546387e-03
-4.137799888849258423e-02
-2.387116849422454834e-02
5.311056971549987793e-02
-5.648307129740715027e-02
-5.571384727954864502e-02
-4.542499780654907227e-02
5.666498467326164246e-02
-1.568011790513992310e-01
1.475235670804977417e-01
8.787000179290771484e-02
2.374596744775772095e-01
6.292369216680526733e-02
9.492708742618560791e-02
-1.063869521021842957e-01
5.250481888651847839e-03
-4.613745585083961487e-02
1.710855029523372650e-02
-1.539339721202850342e-01
-5.080757662653923035e-03
-8.760260790586471558e-02
4.261025413870811462e-02
4.158658161759376526e-02
1.396454218775033951e-02
-5.569932516664266586e-03
1.509578246623277664e-02
-3.705741837620735168e-02
6.853802502155303955e-02
-9.483863413333892822e-02
8.404572494328022003e-03
-2.750905696302652359e-03
2.981867082417011261e-02
1.216691918671131134e-02
-3.007595427334308624e-02
1.040921434760093689e-01
1.322143375873565674e-01
7.452304009348154068e-03
-1.168878152966499329e-01
-2.162342146039009094e-02
-8.919420093297958374e-02
-1.494983285665512085e-01
5.465104803442955017e-02
-8.397816680371761322e-03
-7.190519478172063828e-03
3.174329921603202820e-02
-1.476208567619323730e-01
5.340660363435745239e-02
-1.304564327001571655e-01
-3.840975090861320496e-02
1.786645688116550446e-02
4.773448780179023743e-02
-1.366431862115859985e-01
-4.263330623507499695e-02
-2.549910172820091248e-02
8.046799898147583008e-02
-2.002481743693351746e-02
8.369080722332000732e-02
2.123124599456787109e-01
-1.240657046437263489e-01
-1.102911755442619324e-01
-3.197814151644706726e-02
-1.997941918671131134e-02
1.538946926593780518e-01
-6.696456670761108398e-02
1.437197029590606689e-01
