-1.096903681755065918e-01
-6.818049401044845581e-02
1.014403700828552246e-01
-7.696694880723953247e-02
-5.230756849050521851e-02
9.320008754730224609e-02
-2.082376368343830109e-02
-1.184395849704742432e-01
6.135839223861694336e-02
9.453861974179744720e-03
-1.472200602293014526e-01
-5.470061674714088440e-02
1.608930081129074097e-01
-3.593774512410163879e-02
2.681340649724006653e-02
6.329448521137237549e-02
4.456772282719612122e-02
-8.464587479829788208e-02
3.871074318885803223e-02
2.236415445804595947e-02
6.413905322551727295e-02
-4.309871420264244080e-02
3.886652737855911255e-02
-2.586428821086883545e-02
8.619590103626251221e-02
3.333452623337507248e-03
1.236823014914989471e-02
-8.833122998476028442e-02
-1.310774981975555420e-01
-4.421606659889221191e-02
-3.666672855615615845e-02
-7.195906341075897217e-02
-2.779643051326274872e-02
8.885277062654495239e-02
3.678593412041664124e-02
-4.780112765729427338e-03
-1.028315648436546326e-01
-3.095567971467971802e-02
6.002805382013320923e-02
5.430119857192039490e-02
-4.599791765213012695e-02
-2.419277094304561615e-02
5.907830223441123962e-02
-4.878068715333938599e-02
9.166403114795684814e-02
4.820969887077808380e-03
8.221077732741832733e-03
-3.523064777255058289e-02
-6.365448981523513794e-02
-1.188556924462318420e-01
-5.224787443876266479e-02
3.611396253108978271e-02
-4.792742431163787842e-02
-1.782031729817390442e-02
2.527794614434242249e-02
2.889101859182119370e-03
-6.519933789968490601e-02
1.009937189519405365e-02
3.032116033136844635e-02
7.746940851211547852e-02
6.525596976280212402e-02
-1.324263494461774826e-02
2.162993513047695160e-02
-1.106180176138877869e-01
-1.461227238178253174e-02
-5.231722071766853333e-02
-2.928582765161991119e-02
4.468197003006935120e-02
-2.034663036465644836e-02
-5.465557053685188293e-02
-9.615315939299762249e-04
3.121146000921726227e-02
-1.797729544341564178e-02
4.250211641192436218e-02
-1.874335855245590210e-02
3.120698221027851105e-02
4.603471234440803528e-02
4.938920214772224426e-02
-5.662587657570838928e-02
3.511162474751472473e-02
-6.364184617996215820e-02
1.838391460478305817e-02
1.479989103972911835e-02
-1.260146051645278931e-01
-6.897667050361633301e-02
7.611434441059827805e-03
7.400528341531753540e-02
1.306235343217849731e-01
-3.315932303667068481e-02
1.309458725154399872e-02
2.844559587538242340e-02
-3.876605257391929626e-02
-9.681213647127151489e-02
1.771200820803642273e-02
-1.375565677881240845e-01
2.870626002550125122e-02
-5.166235566139221191e-02
1.895390823483467102e-02
3.831900283694267273e-02
-9.575602598488330841e-03
-8.108700811862945557e-02
-1.822302117943763733e-02
-1.829899288713932037e-02
-7.130749523639678955e-03
-4.581844434142112732e-02
-4.669193550944328308e-02
7.917690277099609375e-02
-2.446912601590156555e-02
2.388008683919906616e-02
-1.366569567471742630e-02
-2.356418780982494354e-02
-1.275723055005073547e-02
3.033027984201908112e-02
3.783867508172988892e-02
-6.873356550931930542e-02
4.511078074574470520e-02
8.080787025392055511e-03
-7.188598811626434326e-02
-2.500488795340061188e-02
8.701520413160324097e-02
5.203930288553237915e-02
7.358986767940223217e-04
-2.279472537338733673e-02
1.718950457870960236e-02
-1.344268023967742920e-02
7.122313231229782104e-02
-7.647151499986648560e-02
-6.433672457933425903e-02
-8.244548738002777100e-02
-1.430275011807680130e-02
4.232254996895790100e-02
-2.484269998967647552e-02
3.233063593506813049e-02
7.100235670804977417e-03
-5.271431058645248413e-03
-6.029979139566421509e-02
9.977021813392639160e-02
-4.699886590242385864e-02
-5.394366756081581116e-02
-8.857813477516174316e-02
-1.030026120133697987e-03
-4.632688313722610474e-02
2.407776191830635071e-02
8.742818236351013184e-02
5.565281584858894348e-02
2.220085263252258301e-02
-7.385765016078948975e-02
-2.231288887560367584e-02
7.308058440685272217e-02
-9.598043560981750488e-02
6.673239916563034058e-02
-2.327424846589565277e-02
6.742935627698898315e-02
-6.009985134005546570e-02
-1.465829461812973022e-02
2.979550510644912720e-02
-1.258518639951944351e-02
1.100316792726516724e-01
-5.680561065673828125e-02
2.690587192773818970e-02
1.219422928988933563e-02
1.184630114585161209e-02
2.943016216158866882e-02
-9.581202641129493713e-03
-5.916408076882362366e-02
5.582939460873603821e-02
-3.088968992233276367e-02
1.449697278439998627e-02
-1.871368102729320526e-02
-8.191128820180892944e-02
1.054079830646514893e-02
-9.290852397680282593e-02
8.352804929018020630e-02
4.366965033113956451e-03
-4.667910188436508179e-02
-5.729443207383155823e-02
2.121310308575630188e-02
-7.606922090053558350e-02
1.008387003093957901e-02
2.250073663890361786e-02
-7.003407180309295654e-02
4.969329759478569031e-02
9.566452354192733765e-02
4.322693124413490295e-02
-7.257482409477233887e-02
3.660295158624649048e-02
-5.186671391129493713e-02
5.469332635402679443e-02
5.526357889175415039e-02
-6.562434136867523193e-02
2.924077026546001434e-02
-4.968910664319992065e-02
6.408749520778656006e-02
-7.155518978834152222e-02
1.004930883646011353e-01
1.691417023539543152e-02
1.211378574371337891e-01
4.626232758164405823e-02
9.450618177652359009e-02
4.025601595640182495e-02
-4.302478954195976257e-02
-6.982278544455766678e-03
3.508185595273971558e-02
-1.246502548456192017e-01
1.394769828766584396e-02
-3.563875332474708557e-02
9.211015701293945312e-02
-2.821563184261322021e-02
-1.331602223217487335e-02
-5.221661180257797241e-02
-4.020865261554718018e-02
-6.067795306444168091e-02
8.140940219163894653e-02
-7.154984772205352783e-02
2.839763462543487549e-02
-3.462281078100204468e-02
7.322841882705688477e-02
9.208460152149200439e-02
-1.325772609561681747e-02
5.195252969861030579e-02
5.041712149977684021e-02
-2.511126361787319183e-02
-6.250023841857910156e-02
-8.646979928016662598e-02
-7.835180312395095825e-02
-1.223519593477249146e-01
7.227601855993270874e-02
6.578219681978225708e-02
4.199521988630294800e-02
-2.459025196731090546e-02
-2.760709226131439209e-01
7.762736082077026367e-02
-1.651948839426040649e-01
-8.690428733825683594e-02
3.178960829973220825e-02
4.700998589396476746e-02
-1.806119382381439209e-01
-6.449159979820251465e-02
-3.093952080234885216e-03
4.498568177223205566e-02
-1.516177970916032791e-02
4.406536743044853210e-02
9.334109723567962646e-02
-1.393507570028305054e-01
-6.345686316490173340e-02
1.556223630905151367e-02
1.450238632969558239e-03
1.923738233745098114e-02
-2.841932233422994614e-03
8.110775798559188843e-02
