-9.279878437519073486e-02
-4.800293967127799988e-02
9.393701702356338501e-02
-4.927133023738861084e-02
-2.178632467985153198e-02
9.345287084579467773e-02
1.396207511425018311e-02
-9.889380633831024170e-02
1.036801934242248535e-01
4.621464386582374573e-02
-1.063589602708816528e-01
-3.995153680443763733e-02
1.115946993231773376e-01
-1.354192104190587997e-02
-6.090168375521898270e-03
4.474025964736938477e-02
6.048352457582950592e-03
-8.724582195281982422e-02
3.636138513684272766e-02
3.711410984396934509e-02
6.989593803882598877e-02
-9.214587509632110596e-03
-1.011317502707242966e-02
-2.198879793286323547e-02
4.474940150976181030e-02
-5.643651820719242096e-03
3.594451770186424255e-02
-8.508465439081192017e-02
-1.647332459688186646e-01
-5.877309665083885193e-02
-5.845357477664947510e-02
-6.669062376022338867e-02
3.606913238763809204e-02
1.336486041545867920e-01
-5.934415385127067566e-03
-6.796592473983764648e-02
-6.151739507913589478e-02
-2.402755804359912872e-02
1.951880520209670067e-03
3.337409580126404762e-03
-8.774608373641967773e-03
-3.686584159731864929e-02
1.972864940762519836e-02
-5.378700792789459229e-02
7.020109891891479492e-02
1.061889752745628357e-01
3.754053264856338501e-02
-2.097741141915321350e-02
-6.675741821527481079e-02
-5.013287439942359924e-02
-2.311543747782707214e-02
1.153910681605339050e-01
-2.484152279794216156e-02
2.857504412531852722e-02
8.512889593839645386e-02
4.327742848545312881e-03
-6.188558787107467651e-02
9.181535802781581879e-03
4.968456178903579712e-02
2.520156279206275940e-02
4.421105235815048218e-02
1.380171852360945195e-05
7.582213729619979858e-02
-1.497729718685150146e-01
6.555648520588874817e-03
-2.694588154554367065e-03
-6.382947415113449097e-02
8.485019207000732422e-02
-7.887077331542968750e-02
-2.777349762618541718e-02
-1.620976440608501434e-02
-4.185245558619499207e-02
2.491743676364421844e-02
9.679427742958068848e-02
2.885273285210132599e-02
2.582683973014354706e-02
3.191066160798072815e-02
3.889331594109535217e-02
-8.113151043653488159e-02
4.047654569149017334e-02
-5.803951621055603027e-02
3.677957504987716675e-02
3.597489744424819946e-02
-1.071882694959640503e-01
-8.342853933572769165e-02
2.370708994567394257e-02
5.060333758592605591e-02
1.117237433791160583e-01
-2.528856694698333740e-02
-2.556026913225650787e-02
3.321379050612449646e-02
-2.635220810770988464e-02
-8.574253320693969727e-02
5.752443522214889526e-02
-1.131510138511657715e-01
8.888058364391326904e-03
-8.545339107513427734e-02
5.652758106589317322e-02
-2.253884077072143555e-02
-1.901165209710597992e-02
-8.837542682886123657e-02
-2.794768661260604858e-02
-1.087369583547115326e-02
1.753247343003749847e-02
-5.280612781643867493e-02
-5.116526037454605103e-02
9.121340513229370117e-02
7.576330099254846573e-03
-1.801812788471579552e-03
-1.011459156870841980e-02
-6.588960438966751099e-02
2.533684484660625458e-02
-1.819800771772861481e-02
-4.517212137579917908e-02
-8.110015094280242920e-02
3.115543164312839508e-03
7.651530206203460693e-02
-6.479471176862716675e-02
8.127519860863685608e-03
1.066966950893402100e-01
5.437125638127326965e-02
-4.146489500999450684e-02
-3.996330127120018005e-02
1.816793158650398254e-02
3.518049418926239014e-02
7.182733714580535889e-02
-4.756980016827583313e-02
-8.348123729228973389e-02
-6.454373896121978760e-02
-2.540807425975799561e-02
3.255536779761314392e-02
-6.804458051919937134e-02
5.528576299548149109e-02
5.088143795728683472e-02
-2.943353168666362762e-02
-5.784922838211059570e-02
1.164333745837211609e-01
-5.524712800979614258e-02
-1.936193183064460754e-02
-3.768504038453102112e-02
8.940556086599826813e-03
-6.936720758676528931e-02
6.611703336238861084e-02
8.399844169616699219e-02
5.986159294843673706e-02
1.539595238864421844e-02
-3.376770019531250000e-02
5.862643569707870483e-02
8.449048548936843872e-02
-6.310480087995529175e-02
5.298134312033653259e-02
-1.021495461463928223e-02
2.198560908436775208e-02
-5.216932669281959534e-02
-5.410696845501661301e-03
6.660337746143341064e-02
3.733707126230001450e-03
7.367681711912155151e-02
-6.683578342199325562e-02
1.009303107857704163e-01
4.316771402955055237e-02
-1.302668824791908264e-02
9.394743479788303375e-03
-7.414443884044885635e-03
-5.338087305426597595e-02
1.908707432448863983e-02
-2.496601268649101257e-02
-9.507368318736553192e-03
2.120804972946643829e-02
-5.449833348393440247e-02
2.147696912288665771e-02
-4.042208194732666016e-02
6.290016323328018188e-02
1.474924385547637939e-02
-8.171404153108596802e-02
-4.268110543489456177e-02
-5.262330919504165649e-02
-1.531663630157709122e-02
1.991064846515655518e-02
2.376181632280349731e-02
-3.430314734578132629e-02
1.584196276962757111e-02
4.014084115624427795e-02
-2.872452698647975922e-02
-4.291149973869323730e-02
2.349604107439517975e-02
-9.145163930952548981e-03
2.502783201634883881e-02
6.239731609821319580e-02
-6.636691093444824219e-02
-1.999688148498535156e-02
-4.656839743256568909e-02
7.582249492406845093e-02
-1.208310425281524658e-01
1.353428214788436890e-01
6.940710544586181641e-02
1.951720416545867920e-01
4.104892164468765259e-02
9.190657734870910645e-02
-5.210993811488151550e-02
-2.852862142026424408e-02
-1.675532571971416473e-02
1.988486014306545258e-02
-1.595994234085083008e-01
-3.440297022461891174e-02
-1.433826424181461334e-02
7.668387889862060547e-02
2.387461438775062561e-02
-1.102377474308013916e-02
-1.782418042421340942e-02
-1.733305864036083221e-02
-4.823004454374313354e-02
6.886147707700729370e-02
-8.529776334762573242e-02
-7.434973027557134628e-03
3.892021952196955681e-03
2.407809346914291382e-02
4.064628481864929199e-02
1.582798920571804047e-02
9.317825734615325928e-02
1.017565280199050903e-01
9.092786349356174469e-03
-7.215069234371185303e-02
-4.896699637174606323e-02
-9.251018613576889038e-02
-1.429301202297210693e-01
6.640372425317764282e-02
2.492303214967250824e-02
2.193713560700416565e-02
-1.311085186898708344e-02
-1.931107789278030396e-01
5.940869078040122986e-02
-1.748686879873275757e-01
-4.473393782973289490e-02
5.106538161635398865e-02
7.210320979356765747e-02
-1.692211031913757324e-01
-5.612673610448837280e-02
-1.417165715247392654e-02
3.871584311127662659e-02
3.834882983937859535e-03
1.001172065734863281e-01
1.182563081383705139e-01
-1.084196195006370544e-01
-5.974445119500160217e-02
-1.376843918114900589e-02
-2.220774628221988678e-02
6.770185381174087524e-02
-1.062792353332042694e-02
1.238814592361450195e-01
