-1.072513759136199951e-01
-3.809375688433647156e-02
3.450831864029169083e-03
-4.660490155220031738e-02
-5.018722638487815857e-02
6.770907342433929443e-02
5.632308125495910645e-02
-1.613619923591613770e-01
1.584521532058715820e-01
5.663249641656875610e-02
-8.468265831470489502e-02
-6.667776405811309814e-02
1.798494309186935425e-01
-5.110208410769701004e-03
2.207740396261215210e-02
3.308936953544616699e-02
1.702968031167984009e-02
-5.151222646236419678e-02
2.196368761360645294e-02
6.018436513841152191e-03
3.623218461871147156e-02
-4.090641066431999207e-02
2.076469827443361282e-03
-6.464056670665740967e-02
2.913129143416881561e-02
2.887142263352870941e-02
-2.193265035748481750e-02
-5.874137207865715027e-02
-9.200129657983779907e-02
-1.972932834178209305e-03
-1.865565218031406403e-02
-6.796968728303909302e-02
-6.274787336587905884e-02
1.007635891437530518e-01
1.899239234626293182e-02
-1.335365697741508484e-02
-1.026198565959930420e-01
-1.406694576144218445e-02
-3.310830332338809967e-03
5.821205675601959229e-02
-2.350352145731449127e-02
3.273233398795127869e-02
2.432934008538722992e-02
-6.308201700448989868e-02
1.549280881881713867e-01
1.610434614121913910e-02
3.880542516708374023e-02
2.799753844738006592e-02
-2.935364283621311188e-02
-4.828504845499992371e-02
-7.409080117940902710e-02
4.785049706697463989e-02
2.929914742708206177e-02
9.598004631698131561e-03
2.798680029809474945e-02
8.064112626016139984e-03
-5.723202228546142578e-02
-7.273079361766576767e-03
2.916198782622814178e-02
-7.116775377653539181e-04
6.438779085874557495e-02
-2.207624167203903198e-02
5.994354933500289917e-02
-5.006933584809303284e-02
-1.937921158969402313e-02
-3.379963571205735207e-03
-2.962653525173664093e-02
-1.883957162499427795e-02
-1.800797134637832642e-02
-3.404160216450691223e-02
2.338472753763198853e-02
1.638766936957836151e-02
-7.387482374906539917e-02
2.045046724379062653e-02
1.391672878526151180e-03
2.647484280169010162e-02
6.127033382654190063e-03
4.226677492260932922e-02
-4.349897429347038269e-02
3.935944288969039917e-02
-1.898711919784545898e-02
-1.140733482316136360e-03
-2.616590820252895355e-02
-7.677628099918365479e-02
4.078153055161237717e-03
-8.426750078797340393e-03
4.498065263032913208e-02
1.734338514506816864e-02
8.075747755356132984e-04
-2.518660388886928558e-03
-2.261088788509368896e-02
4.722992330789566040e-02
-6.828901916742324829e-02
1.832194253802299500e-02
-3.185153007507324219e-02
2.259819582104682922e-02
-9.770447015762329102e-02
2.054798044264316559e-02
-1.003298675641417503e-03
-1.567493751645088196e-02
-3.427552431821823120e-02
-9.816720150411128998e-03
-1.200115028768777847e-02
-1.151916012167930603e-02
-2.313438989222049713e-02
-1.817888766527175903e-02
1.822874136269092560e-02
1.561022736132144928e-02
8.302940428256988525e-02
9.103816701099276543e-04
-3.130722045898437500e-02
2.634760364890098572e-02
-2.316883532330393791e-03
-4.094412084668874741e-03
-9.277224540710449219e-02
-2.915760967880487442e-03
-5.156126618385314941e-02
-5.129762738943099976e-02
2.078486047685146332e-02
4.963230714201927185e-02
4.296804592013359070e-02
-6.287012249231338501e-02
4.334500432014465332e-02
-2.647955156862735748e-02
1.834434270858764648e-02
5.605289340019226074e-02
-6.079143285751342773e-02
-1.586254127323627472e-02
-7.632599771022796631e-02
1.356523204594850540e-02
3.676029667258262634e-02
-7.010836899280548096e-02
2.409856393933296204e-02
1.285826903767883778e-03
1.328987348824739456e-02
-4.644360393285751343e-03
8.591528236865997314e-02
-6.278239190578460693e-02
-6.917575746774673462e-02
-4.317462444305419922e-02
-7.855981588363647461e-02
-3.119950741529464722e-02
1.909496262669563293e-03
6.085297837853431702e-02
5.092924088239669800e-02
5.541585385799407959e-02
-1.533168088644742966e-02
-6.485120207071304321e-02
5.029556155204772949e-02
-1.094303503632545471e-01
3.409918025135993958e-02
3.486012667417526245e-02
2.182950079441070557e-02
-1.007563769817352295e-01
1.993482559919357300e-02
-3.817933425307273865e-02
-9.166697971522808075e-03
1.555788815021514893e-01
-3.657190874218940735e-02
5.691962689161300659e-02
-3.693721443414688110e-02
1.599359512329101562e-02
1.634380593895912170e-02
2.579146996140480042e-02
-1.038950532674789429e-01
3.519486635923385620e-02
-8.349239826202392578e-02
-6.412399932742118835e-03
-2.223121933639049530e-02
-1.203312650322914124e-01
1.934010162949562073e-02
-8.577435463666915894e-02
7.781202346086502075e-02
8.927360922098159790e-02
-4.010170698165893555e-03
-3.122913092374801636e-02
4.329850897192955017e-02
-5.452884361147880554e-02
-1.560703944414854050e-02
1.683864928781986237e-02
-7.590843737125396729e-02
4.721965175122022629e-03
2.525185793638229370e-02
7.132730633020401001e-02
-9.149736911058425903e-02
-1.270208507776260376e-02
-9.590949863195419312e-02
-3.055958263576030731e-02
4.435195773839950562e-02
-4.479325935244560242e-02
-5.590171739459037781e-02
-2.812256477773189545e-02
9.351482987403869629e-02
-1.063220351934432983e-01
1.173511147499084473e-01
3.904180973768234253e-02
1.659316867589950562e-01
-1.378916320390999317e-03
1.480053812265396118e-01
-1.580575294792652130e-02
-3.556859493255615234e-02
-6.671952456235885620e-02
1.537443976849317551e-02
-1.462783664464950562e-01
2.646734006702899933e-02
-2.914061769843101501e-02
8.238290250301361084e-02
-5.021267011761665344e-02
-1.454780157655477524e-02
-5.210501700639724731e-02
-1.887276954948902130e-02
-4.960500821471214294e-02
8.762288093566894531e-02
-6.787154078483581543e-02
5.804045498371124268e-02
-4.648048430681228638e-02
1.025053560733795166e-01
1.375168263912200928e-01
-3.368918551132082939e-03
6.640235334634780884e-02
8.051467686891555786e-02
-6.008033826947212219e-02
-1.339447796344757080e-01
-8.076012879610061646e-02
-9.102813154458999634e-02
-1.228992864489555359e-01
9.251672774553298950e-02
6.571617722511291504e-02
-6.538657937198877335e-03
3.610954433679580688e-02
-1.677214950323104858e-01
1.501129120588302612e-01
-1.050862893462181091e-01
-2.903783693909645081e-02
6.448044627904891968e-02
9.696006029844284058e-02
-1.946691572666168213e-01
-8.865339308977127075e-02
-5.322472006082534790e-02
7.000590860843658447e-02
-3.678102418780326843e-02
8.280504494905471802e-02
1.584164947271347046e-01
-8.731273561716079712e-02
-1.156264245510101318e-01
1.158156618475914001e-02
-3.228556364774703979e-02
9.886402636766433716e-02
-2.764166705310344696e-02
7.487305253744125366e-02
