-8.908873051404953003e-02
-4.241318628191947937e-02
3.815274685621261597e-02
-1.885418221354484558e-02
1.453211437910795212e-02
5.281356349587440491e-02
4.017301648855209351e-02
-5.813933536410331726e-02
1.079493686556816101e-01
4.177508130669593811e-02
-7.752528786659240723e-02
-5.461443588137626648e-02
7.261236757040023804e-02
-2.886432595551013947e-02
-5.721180699765682220e-03
4.991669673472642899e-03
2.251398749649524689e-02
-6.808621436357498169e-02
1.777117885649204254e-02
4.039502143859863281e-02
7.147244364023208618e-02
2.031360939145088196e-02
-1.823281683027744293e-02
-1.198137295432388783e-03
2.604694105684757233e-02
-1.197852753102779388e-02
-1.334738265722990036e-02
-3.326361067593097687e-03
-1.442653387784957886e-01
-4.421591293066740036e-04
-6.227849423885345459e-02
-8.409242331981658936e-02
3.430901467800140381e-02
1.286242008209228516e-01
-1.188059803098440170e-02
-4.686966165900230408e-02
-7.885253429412841797e-02
8.443846367299556732e-03
-5.018207058310508728e-02
3.082476183772087097e-02
-2.965884050354361534e-05
-4.519827663898468018e-02
4.842069000005722046e-03
-8.454224467277526855e-02
9.800732880830764771e-02
1.515036374330520630e-01
9.013096988201141357e-02
-1.723547093570232391e-02
-7.685069739818572998e-02
-5.826564505696296692e-02
-2.496385015547275543e-02
1.748727262020111084e-01
-1.943490281701087952e-02
9.603764861822128296e-02
1.064799502491950989e-01
-3.533584997057914734e-02
-4.288092628121376038e-02
1.844375580549240112e-02
4.969532787799835205e-02
-3.996009752154350281e-02
2.670029178261756897e-02
-1.825439371168613434e-02
9.366728365421295166e-02
-1.586983054876327515e-01
4.876988939940929413e-03
1.668328419327735901e-02
-3.373046219348907471e-02
5.723456665873527527e-02
-3.813091292977333069e-02
-2.956525795161724091e-02
2.861551381647586823e-02
-4.150095209479331970e-02
1.719853258691728115e-03
7.563528418540954590e-02
3.121117129921913147e-02
-6.218059454113245010e-03
1.396117452532052994e-02
4.476280882954597473e-02
-5.846003070473670959e-02
5.269962921738624573e-02
-6.411883234977722168e-02
3.447170183062553406e-02
3.274950385093688965e-02
-1.093665659427642822e-01
-6.811559945344924927e-02
1.053603738546371460e-02
2.822508662939071655e-02
7.678917050361633301e-02
5.812249146401882172e-03
-6.268189102411270142e-02
3.190758824348449707e-02
2.659397944808006287e-02
-5.952297896146774292e-02
8.843511343002319336e-02
-1.146019250154495239e-01
-4.809902049601078033e-03
-7.517319917678833008e-02
3.487495705485343933e-02
-1.333699841052293777e-02
-6.972099654376506805e-03
-6.816237419843673706e-02
-3.489147126674652100e-02
-2.188384532928466797e-02
2.416756562888622284e-02
-1.166561618447303772e-02
-2.997022867202758789e-02
9.312021732330322266e-02
1.775903441011905670e-02
2.557308413088321686e-02
4.519058857113122940e-03
-9.672579169273376465e-02
2.764770016074180603e-02
-5.136122927069664001e-02
-5.464210733771324158e-02
-5.403444916009902954e-02
-3.568014875054359436e-02
6.753861904144287109e-02
-2.433461509644985199e-02
-1.152782700955867767e-02
8.945693075656890869e-02
1.594925299286842346e-02
-5.145118013024330139e-02
-4.745790362358093262e-02
2.853564918041229248e-02
3.383437544107437134e-02
5.015271529555320740e-02
-1.025398448109626770e-02
-8.951401710510253906e-02
-2.972690574824810028e-02
-3.501392155885696411e-02
2.859868854284286499e-02
-1.034757271409034729e-01
5.333227664232254028e-02
3.637213259935379028e-02
2.076347731053829193e-02
-6.139674782752990723e-02
8.010903000831604004e-02
-2.887581102550029755e-02
1.017894782125949860e-02
2.113439887762069702e-02
6.110433023422956467e-03
-5.957376956939697266e-02
6.698005646467208862e-02
5.341988429427146912e-02
5.467263981699943542e-02
7.983973249793052673e-03
-5.316352937370538712e-03
1.189799234271049500e-01
6.179650872945785522e-02
-5.229699984192848206e-02
4.172980040311813354e-02
-2.324685221537947655e-03
1.035065855830907822e-03
-7.814972847700119019e-02
2.846250124275684357e-02
8.180876076221466064e-02
2.713240869343280792e-02
3.760052844882011414e-02
-4.457852244377136230e-02
1.219859868288040161e-01
6.257718056440353394e-02
-2.479783818125724792e-02
3.330404683947563171e-02
2.982638252433389425e-04
-3.547419607639312744e-02
9.560007601976394653e-03
-1.762956008315086365e-02
-1.407709065824747086e-02
5.157957226037979126e-02
-4.070811718702316284e-02
3.870635479688644409e-02
-1.875962875783443451e-02
3.073526360094547272e-02
3.394068032503128052e-02
-8.090012520551681519e-02
-1.766876317560672760e-02
-5.175777152180671692e-02
-2.508947998285293579e-02
5.556519143283367157e-03
2.701799944043159485e-02
-2.332098782062530518e-03
-2.881683222949504852e-02
-4.277031868696212769e-03
-6.752543151378631592e-02
-2.768542058765888214e-02
-7.648913189768791199e-03
-2.194025181233882904e-02
2.195535926148295403e-03
5.060437321662902832e-02
-7.062662392854690552e-02
-3.045917302370071411e-02
-4.902695491909980774e-02
6.231281906366348267e-02
-1.536872684955596924e-01
1.249376088380813599e-01
6.718321144580841064e-02
2.178433239459991455e-01
4.883373528718948364e-02
8.594954013824462891e-02
-5.143896117806434631e-02
-1.547702960669994354e-02
-4.733497649431228638e-02
3.925587609410285950e-02
-1.436485648155212402e-01
-3.471767157316207886e-02
-5.549223721027374268e-02
7.081088423728942871e-02
2.772200293838977814e-02
-1.206139475107192993e-02
-1.475365017540752888e-03
-7.336814422160387039e-03
-1.600138656795024872e-02
7.110254466533660889e-02
-1.119568571448326111e-01
-7.197130471467971802e-03
1.233765669167041779e-02
2.205909602344036102e-02
8.111542556434869766e-04
-8.170604705810546875e-03
1.075304076075553894e-01
1.089254468679428101e-01
2.028338238596916199e-02
-1.033173128962516785e-01
-1.963294111192226410e-02
-5.922477692365646362e-02
-1.396425217390060425e-01
4.789969325065612793e-02
-1.438741758465766907e-02
-9.132266044616699219e-03
3.301573544740676880e-02
-1.166743412613868713e-01
4.955095425248146057e-02
-1.603350788354873657e-01
-5.460996180772781372e-03
4.552709311246871948e-02
7.681085169315338135e-02
-1.397912204265594482e-01
-6.511538475751876831e-02
-5.154984537512063980e-03
6.327316164970397949e-02
-6.356486119329929352e-03
1.039419174194335938e-01
1.907022148370742798e-01
-1.298446506261825562e-01
-8.250219374895095825e-02
-2.729449793696403503e-02
-4.984479397535324097e-02
1.332198530435562134e-01
-5.635727941989898682e-02
1.530429273843765259e-01
