-5.714290589094161987e-02
-7.445634901523590088e-02
9.725991636514663696e-02
-6.413531303405761719e-02
-7.408044766634702682e-03
7.702447474002838135e-02
8.693580329418182373e-02
-1.079205572605133057e-01
1.196354329586029053e-01
5.908029619604349136e-03
-7.137086242437362671e-02
-8.009444922208786011e-02
5.497421324253082275e-02
-3.963789343833923340e-02
2.359835989773273468e-02
-3.676387295126914978e-02
5.917780101299285889e-02
-8.687039464712142944e-02
4.790097102522850037e-02
5.127903539687395096e-03
6.030905619263648987e-02
-2.163350023329257965e-02
-2.720780484378337860e-02
2.237879903987050056e-03
5.354245379567146301e-02
-2.917331876233220100e-03
-6.561181508004665375e-03
-1.543355546891689301e-02
-6.096915900707244873e-02
1.775210606865584850e-03
-5.872765555977821350e-02
-7.605631649494171143e-02
-5.658021196722984314e-02
1.209237352013587952e-01
-2.430470660328865051e-02
-4.722099006175994873e-02
-7.892607152462005615e-02
-2.566981501877307892e-02
-3.539004921913146973e-02
5.126810073852539062e-02
-6.617723847739398479e-04
3.062283806502819061e-02
4.558253567665815353e-03
-9.451585263013839722e-02
1.381285786628723145e-01
8.922300487756729126e-02
6.153857707977294922e-02
-1.872034557163715363e-02
-4.326600953936576843e-02
-4.466081410646438599e-02
-3.577774018049240112e-02
1.024378985166549683e-01
-9.238432161509990692e-03
8.037298172712326050e-02
1.013004630804061890e-01
8.733848808333277702e-04
-8.690764755010604858e-02
-2.934130467474460602e-02
3.945008292794227600e-02
8.113211020827293396e-03
3.682138770818710327e-02
-8.399441838264465332e-03
1.142359822988510132e-01
-1.179535761475563049e-01
1.412134035490453243e-03
3.797553852200508118e-02
-3.311510011553764343e-02
4.560919851064682007e-02
-3.127291053533554077e-02
2.095539309084415436e-02
5.052404850721359253e-02
-3.632939606904983521e-02
-4.690752923488616943e-02
1.188366860151290894e-02
3.292268514633178711e-02
3.215305879712104797e-02
-6.643172353506088257e-03
4.885330423712730408e-02
-1.016927361488342285e-01
3.909812122583389282e-02
-5.774937570095062256e-02
4.045529663562774658e-02
-1.158497575670480728e-02
-1.246047094464302063e-01
-3.774324804544448853e-02
-2.823989838361740112e-02
-1.740928925573825836e-02
6.018200889229774475e-02
8.302828297019004822e-03
-1.021546348929405212e-01
9.062724187970161438e-03
5.668761581182479858e-02
-5.346641317009925842e-02
7.784925401210784912e-02
-1.070780456066131592e-01
2.347125485539436340e-02
-1.342237293720245361e-01
-1.709396764636039734e-02
6.925690453499555588e-03
-2.214081818237900734e-03
-5.722881853580474854e-02
-4.716793820261955261e-02
-3.995730075985193253e-03
5.455998238176107407e-03
-2.031046710908412933e-02
-7.274795789271593094e-03
9.056584537029266357e-02
6.756073795258998871e-03
7.275320589542388916e-02
-1.333332527428865433e-02
-7.015847414731979370e-02
8.231000043451786041e-03
-3.285671398043632507e-02
-7.525677978992462158e-02
-3.961081430315971375e-02
-2.932313596829771996e-03
1.741888001561164856e-03
-7.259614765644073486e-02
-1.989592798054218292e-02
9.415654093027114868e-02
-2.183061279356479645e-02
-3.395847976207733154e-02
-3.080038726329803467e-02
4.147826880216598511e-02
1.487510744482278824e-02
4.633454978466033936e-02
-1.727954298257827759e-02
-8.276955038309097290e-02
-7.509192079305648804e-02
-3.930693864822387695e-02
5.120891332626342773e-02
-1.051501482725143433e-01
3.875577822327613831e-02
-1.558619644492864609e-02
4.148920997977256775e-02
-6.858953833580017090e-02
4.697090014815330505e-02
-2.442635968327522278e-02
-4.073372110724449158e-02
-3.043884411454200745e-02
-5.894789099693298340e-02
-4.102095589041709900e-02
2.709853835403919220e-02
5.114571005105972290e-02
4.904959723353385925e-02
2.891658246517181396e-02
-2.733627893030643463e-02
2.902886271476745605e-02
5.784498155117034912e-02
-7.298822700977325439e-02
4.007792472839355469e-02
1.846486888825893402e-02
2.008359692990779877e-02
-1.034852266311645508e-01
6.427732110023498535e-02
2.526790648698806763e-02
2.651594579219818115e-03
5.887096002697944641e-02
3.852650290355086327e-03
9.657279402017593384e-02
2.583137340843677521e-02
-3.691324498504400253e-03
-1.239546481519937515e-02
-5.600670701824128628e-04
-7.315533608198165894e-02
1.729055494070053101e-02
-6.454436480998992920e-02
2.967430651187896729e-02
5.403944849967956543e-02
-5.096717178821563721e-02
1.727700233459472656e-02
-1.990593783557415009e-02
9.176632016897201538e-02
2.530536614358425140e-02
-6.062216311693191528e-02
-3.304539620876312256e-02
-2.382480911910533905e-02
-8.256807178258895874e-02
-1.407818403095006943e-02
-1.432558055967092514e-03
-5.962910875678062439e-02
2.024080790579319000e-02
1.333296392112970352e-02
-4.968173801898956299e-02
-4.343745112419128418e-02
-1.587688364088535309e-02
-7.534427195787429810e-02
-2.869876101613044739e-02
6.809805333614349365e-02
-8.562198281288146973e-02
-6.079559400677680969e-02
-6.902422755956649780e-02
1.039971634745597839e-01
-1.270613074302673340e-01
7.982822507619857788e-02
7.332238554954528809e-02
2.238479852676391602e-01
5.255765467882156372e-02
1.166391372680664062e-01
-4.042255505919456482e-02
-4.026293382048606873e-02
-6.266459077596664429e-02
4.741479456424713135e-02
-1.864026635885238647e-01
2.321075089275836945e-02
-6.749707460403442383e-02
5.793290957808494568e-02
-4.759737476706504822e-02
-1.056660898029804230e-02
-7.494789548218250275e-03
-2.658181451261043549e-02
-3.091373108327388763e-02
8.788893371820449829e-02
-1.599776148796081543e-01
9.858491830527782440e-05
-2.813532203435897827e-02
6.657374650239944458e-02
8.275672793388366699e-02
-2.306880801916122437e-02
8.013404160737991333e-02
1.019201278686523438e-01
1.049225102178752422e-03
-9.571237117052078247e-02
-2.001398801803588867e-02
-4.829856380820274353e-02
-1.035206243395805359e-01
5.236801505088806152e-02
1.720506139099597931e-02
-1.129081659018993378e-02
3.849411383271217346e-02
-1.266863644123077393e-01
1.075500026345252991e-01
-1.654714941978454590e-01
-9.541518986225128174e-03
6.969269365072250366e-02
3.621163219213485718e-02
-1.647859662771224976e-01
-3.587043285369873047e-02
-5.243641883134841919e-02
3.815232217311859131e-02
-2.978915162384510040e-02
1.066735163331031799e-01
1.540448069572448730e-01
-6.583431363105773926e-02
-1.301868073642253876e-02
1.798964291810989380e-02
-4.145546257495880127e-02
1.044263690710067749e-01
-7.413210719823837280e-02
7.604756206274032593e-02
