-8.982789516448974609e-02
-4.042515158653259277e-02
8.454543352127075195e-02
-5.198724195361137390e-02
-4.241506010293960571e-02
8.788704127073287964e-02
2.652079984545707703e-02
-1.371062695980072021e-01
8.928237855434417725e-02
5.599573999643325806e-02
-1.294160485267639160e-01
-6.339035183191299438e-02
1.272779703140258789e-01
-2.006753347814083099e-02
-1.044157985597848892e-02
5.595595762133598328e-02
3.238638117909431458e-02
-7.659397274255752563e-02
1.808207668364048004e-02
3.918470814824104309e-02
6.580267101526260376e-02
-2.991391904652118683e-02
1.258487068116664886e-02
-3.178064897656440735e-02
4.913194477558135986e-02
-7.820220664143562317e-03
1.334771141409873962e-02
-8.226637542247772217e-02
-1.279121190309524536e-01
-3.009071946144104004e-02
-3.107188455760478973e-02
-8.428458869457244873e-02
-3.865885082632303238e-03
7.377754896879196167e-02
1.103345211595296860e-02
-1.270731166005134583e-02
-7.805506885051727295e-02
-1.942413300275802612e-02
2.028017863631248474e-02
2.157285995781421661e-02
-4.120976105332374573e-02
-2.036595344543457031e-02
3.524675965309143066e-02
-6.258152425289154053e-02
9.143488109111785889e-02
4.424521327018737793e-02
1.284463424235582352e-02
-7.100680377334356308e-03
-7.045792788267135620e-02
-8.661189675331115723e-02
-5.168435350060462952e-02
8.140863478183746338e-02
-3.075422719120979309e-02
3.427454270422458649e-03
4.829224571585655212e-02
1.238423958420753479e-02
-4.425612464547157288e-02
4.427190404385328293e-03
3.260325267910957336e-02
4.681042209267616272e-02
5.569072067737579346e-02
1.680930145084857941e-02
6.019662693142890930e-02
-1.395027488470077515e-01
-2.499386668205261230e-02
-4.616275057196617126e-02
-3.276433050632476807e-02
6.886950880289077759e-02
-4.417390003800392151e-02
-3.059833124279975891e-02
-1.864035613834857941e-02
2.357946475967764854e-03
-1.456776075065135956e-02
4.907051846385002136e-02
5.131267011165618896e-03
2.937861531972885132e-02
3.574005886912345886e-02
4.491266608238220215e-02
-5.355862155556678772e-02
5.217108502984046936e-02
-7.804854214191436768e-02
2.516844309866428375e-02
2.298880927264690399e-02
-1.124575436115264893e-01
-6.401689350605010986e-02
-2.051595784723758698e-02
6.653258949518203735e-02
1.101876646280288696e-01
-1.777463033795356750e-02
-1.240692799910902977e-03
3.473671525716781616e-02
-1.820447295904159546e-02
-1.123787537217140198e-01
1.728021353483200073e-02
-1.102043613791465759e-01
2.065095864236354828e-02
-8.373077958822250366e-02
5.140730366110801697e-02
-1.423241198062896729e-02
-1.248722244054079056e-02
-8.330942690372467041e-02
-1.691252179443836212e-02
-5.732221063226461411e-03
2.278896793723106384e-02
-4.182862117886543274e-02
-5.117009580135345459e-02
7.225737720727920532e-02
-6.150380242615938187e-03
2.992407605051994324e-02
-4.736772272735834122e-03
-5.298406258225440979e-02
1.658998616039752960e-02
-1.380840688943862915e-02
-6.346232257783412933e-04
-1.078787222504615784e-01
-7.885051891207695007e-03
3.280705586075782776e-02
-8.159223198890686035e-02
-9.201535955071449280e-03
8.669339120388031006e-02
6.243292242288589478e-02
-4.400601610541343689e-02
-8.474886417388916016e-03
-9.417119435966014862e-03
1.773464307188987732e-02
6.851108372211456299e-02
-6.551139801740646362e-02
-1.058124825358390808e-01
-7.282998412847518921e-02
-2.156707458198070526e-02
3.241692483425140381e-02
-3.689701855182647705e-02
7.184164226055145264e-02
3.994898125529289246e-02
-4.238464869558811188e-03
-6.266187131404876709e-02
1.349541991949081421e-01
-8.161912858486175537e-02
-2.689018100500106812e-02
-7.428939640522003174e-02
-2.360971644520759583e-02
-3.180191293358802795e-02
4.912690445780754089e-02
6.303637474775314331e-02
4.879098385572433472e-02
2.117912098765373230e-02
-3.608892858028411865e-02
2.186077833175659180e-02
6.400626152753829956e-02
-7.417737692594528198e-02
6.585256755352020264e-02
-9.890601038932800293e-03
4.983434826135635376e-02
-7.306694239377975464e-02
1.540925074368715286e-02
5.378916114568710327e-02
1.396465115249156952e-02
1.035063490271568298e-01
-6.371843069791793823e-02
7.904305309057235718e-02
3.015651181340217590e-02
-1.163705997169017792e-02
1.252067182213068008e-02
-2.787130326032638550e-02
-5.278225615620613098e-02
2.788149751722812653e-02
-7.086779456585645676e-03
-7.660166826099157333e-03
5.143077578395605087e-03
-5.178676918148994446e-02
1.879175566136837006e-02
-5.875183269381523132e-02
6.420069932937622070e-02
4.489282146096229553e-02
-7.029530405998229980e-02
-2.521511912345886230e-02
2.629981609061360359e-03
-1.103738602250814438e-02
1.615871675312519073e-02
-3.473778953775763512e-03
-4.165646806359291077e-02
4.551370628178119659e-03
6.398958712816238403e-02
-2.116541005671024323e-02
-5.223742872476577759e-02
2.438033372163772583e-02
-2.746135555207729340e-02
2.348010241985321045e-02
3.531573712825775146e-02
-5.346345901489257812e-02
9.750098921358585358e-03
-5.925956740975379944e-02
6.246497482061386108e-02
-8.280151337385177612e-02
9.794635325670242310e-02
4.374718666076660156e-02
1.378662884235382080e-01
4.784876480698585510e-02
1.042973771691322327e-01
1.644536666572093964e-02
-4.348919540643692017e-02
-7.176810875535011292e-03
2.918156050145626068e-02
-1.502113491296768188e-01
1.886970922350883484e-02
-3.389701619744300842e-02
6.428381055593490601e-02
-2.034699544310569763e-02
-1.626467518508434296e-02
-4.455449804663658142e-02
-2.257283031940460205e-02
-5.241473764181137085e-02
9.102017432451248169e-02
-6.130308657884597778e-02
1.412921026349067688e-02
-6.262908224016427994e-03
5.042710527777671814e-02
8.199103176593780518e-02
1.161559205502271652e-02
6.772359460592269897e-02
8.030836284160614014e-02
-2.776170708239078522e-02
-6.252925843000411987e-02
-6.673838198184967041e-02
-8.906704932451248169e-02
-1.417288929224014282e-01
8.814204484224319458e-02
2.762992680072784424e-02
2.454600855708122253e-02
9.546672808937728405e-04
-2.721735835075378418e-01
1.138837710022926331e-01
-1.976399272680282593e-01
-6.905180960893630981e-02
4.435073956847190857e-02
1.011522710323333740e-01
-2.162637114524841309e-01
-6.452628225088119507e-02
-2.103330008685588837e-02
3.610338270664215088e-02
9.185705333948135376e-03
1.035999655723571777e-01
1.290644854307174683e-01
-1.369326263666152954e-01
-6.966010481119155884e-02
-7.129348348826169968e-03
-1.595193147659301758e-02
7.116840779781341553e-02
-2.716595865786075592e-02
9.501466900110244751e-02
