-4.346722364425659180e-02
1.215941179543733597e-02
-7.616559416055679321e-02
2.320941910147666931e-02
5.545389652252197266e-02
-3.799932450056076050e-02
2.264165505766868591e-02
-1.867265999317169189e-02
8.720945566892623901e-02
3.652921319007873535e-02
7.829985581338405609e-03
-6.699677556753158569e-02
2.900039963424205780e-02
1.127872336655855179e-02
-4.126109182834625244e-03
8.103933185338973999e-03
5.037473887205123901e-02
-4.031556472182273865e-02
2.655122615396976471e-02
3.339150175452232361e-02
1.257084892131388187e-03
2.389061264693737030e-02
-8.049041032791137695e-03
-2.001994475722312927e-02
-1.453721057623624802e-02
1.570028811693191528e-02
-2.486895304173231125e-03
4.123755916953086853e-02
-2.162909694015979767e-02
9.522717446088790894e-02
-1.909066736698150635e-02
-7.235326617956161499e-02
-6.775978486984968185e-03
5.049641057848930359e-02
-1.179915759712457657e-02
-3.121794946491718292e-02
-1.152173951268196106e-01
3.761181607842445374e-02
-6.324966996908187866e-02
6.545138359069824219e-02
-3.396825492382049561e-02
-3.413663804531097412e-02
-1.905811019241809845e-02
-1.020219922065734863e-01
1.411255002021789551e-01
1.112748086452484131e-01
1.351933628320693970e-01
1.710192300379276276e-02
-1.564431563019752502e-02
-5.322334915399551392e-02
-5.727557092905044556e-02
1.571741849184036255e-01
-6.060614832676947117e-04
1.305361688137054443e-01
8.299887925386428833e-02
-7.020409405231475830e-02
-5.597865208983421326e-03
5.001117661595344543e-02
4.112456738948822021e-02
-9.183208644390106201e-02
3.411122784018516541e-02
-6.977967172861099243e-02
9.783536195755004883e-02
-1.218330934643745422e-01
-6.757932249456644058e-03
5.633792653679847717e-02
-7.652970030903816223e-03
1.858948357403278351e-02
4.226035997271537781e-02
-8.852452039718627930e-02
1.094418466091156006e-01
-3.280962258577346802e-02
-2.411005087196826935e-02
2.280976809561252594e-02
2.342733182013034821e-02
-3.026307560503482819e-02
-2.696957904845476151e-03
1.564524322748184204e-02
-1.869952864944934845e-02
7.966904342174530029e-02
-5.399862676858901978e-02
1.949303783476352692e-02
2.318336628377437592e-02
-6.500436365604400635e-02
-3.171754255890846252e-02
9.939661249518394470e-03
-1.516695879399776459e-02
2.458529733121395111e-02
5.410881713032722473e-02
-8.008790016174316406e-02
1.939637400209903717e-02
1.083899885416030884e-01
-4.886702448129653931e-02
6.659304350614547729e-02
-3.191661834716796875e-02
-3.440267220139503479e-02
-4.580266401171684265e-02
4.001484066247940063e-02
-5.181216169148683548e-03
-5.901676602661609650e-03
-7.894530892372131348e-02
-1.833913289010524750e-02
-5.183225870132446289e-02
3.870735317468643188e-02
-1.379112340509891510e-02
4.539482295513153076e-03
4.472054541110992432e-02
4.856055974960327148e-02
8.280675113201141357e-02
7.987128570675849915e-03
-1.050941348075866699e-01
4.707661864813417196e-04
-5.571174621582031250e-02
-5.358003079891204834e-02
-2.891629748046398163e-02
-7.242709398269653320e-02
1.420187763869762421e-02
1.162851229310035706e-02
3.426713123917579651e-02
3.510800749063491821e-02
2.088615857064723969e-02
-2.798889763653278351e-02
9.588954970240592957e-03
-1.211419794708490372e-02
-1.615839079022407532e-02
3.216629847884178162e-02
8.540708571672439575e-03
-5.631198734045028687e-02
2.656878158450126648e-02
-4.367393627762794495e-02
-1.388042047619819641e-02
-8.909373730421066284e-02
3.458775579929351807e-02
2.163349417969584465e-03
6.082725897431373596e-02
-2.415737137198448181e-02
2.767193131148815155e-03
-1.718901284039020538e-02
-3.266523778438568115e-02
4.385310038924217224e-02
-3.338886797428131104e-02
-5.397052317857742310e-02
9.918289259076118469e-03
-3.441004827618598938e-02
6.526251137256622314e-02
6.578548811376094818e-03
1.466599991545081139e-03
7.693211734294891357e-02
5.602547153830528259e-02
-4.223481193184852600e-02
2.259676717221736908e-02
2.881888300180435181e-02
-5.409680306911468506e-02
-9.776580333709716797e-02
-6.633846554905176163e-03
4.668968543410301208e-02
6.072127260267734528e-03
1.900917477905750275e-02
6.208261940628290176e-03
9.893545508384704590e-02
3.522910550236701965e-02
-4.229121282696723938e-02
2.400672994554042816e-02
4.594646394252777100e-02
-2.635042928159236908e-02
-7.142585702240467072e-03
-6.658734381198883057e-02
-2.489303052425384521e-02
4.580680280923843384e-02
-5.086560174822807312e-02
6.329619325697422028e-03
-7.696863729506731033e-03
2.766617387533187866e-02
8.286129683256149292e-02
-8.232883177697658539e-03
-7.552996743470430374e-03
2.695571444928646088e-02
-1.968177966773509979e-02
1.007811073213815689e-02
6.809745728969573975e-02
5.130153894424438477e-02
-7.485761307179927826e-03
-1.623902842402458191e-02
2.238173736259341240e-03
-4.894625395536422729e-02
-2.733098901808261871e-02
-5.084490403532981873e-02
-4.393418133258819580e-02
1.658433116972446442e-02
-9.503563866019248962e-03
-5.050111562013626099e-02
1.437659002840518951e-02
3.034560568630695343e-02
-1.600373536348342896e-01
1.208092942833900452e-01
2.317735366523265839e-02
1.923379004001617432e-01
3.954847529530525208e-02
7.671894133090972900e-02
-3.498516231775283813e-02
4.389297589659690857e-02
-5.101491138339042664e-02
4.860566556453704834e-02
-1.020906269550323486e-01
-3.601932898163795471e-02
-7.443851232528686523e-02
6.238681077957153320e-02
-1.138866718974895775e-05
2.592519484460353851e-02
-2.307025343179702759e-02
1.778051257133483887e-02
1.983966678380966187e-02
3.549590334296226501e-02
-6.129620596766471863e-02
2.355808019638061523e-02
5.590698565356433392e-04
4.114148765802383423e-02
8.426800370216369629e-03
-4.088136553764343262e-02
8.409329503774642944e-02
7.109303772449493408e-02
-1.142053492367267609e-02
-1.175159960985183716e-01
-3.284898400306701660e-02
-3.700980544090270996e-02
-1.276682019233703613e-01
4.996576160192489624e-02
3.245324129238724709e-03
-2.400849014520645142e-02
6.884092837572097778e-02
-5.473088845610618591e-02
4.172478988766670227e-02
-9.111536294221878052e-02
-3.824525978416204453e-03
2.456590905785560608e-02
7.162583619356155396e-02
-1.206187680363655090e-01
-6.931032240390777588e-02
-2.662941440939903259e-02
1.315870583057403564e-01
-6.262943893671035767e-02
9.214626252651214600e-02
2.955001890659332275e-01
-1.705372929573059082e-01
-1.919173449277877808e-01
-2.860808931291103363e-02
-3.039789944887161255e-02
2.206221967935562134e-01
-7.914532721042633057e-02
2.285479754209518433e-01
