-8.785855025053024292e-02
1.879046671092510223e-02
-1.829802989959716797e-02
-2.229115925729274750e-02
7.307875901460647583e-02
5.754920467734336853e-02
5.230717360973358154e-02
-7.676294445991516113e-02
1.299263983964920044e-01
3.192875534296035767e-02
-5.941543355584144592e-02
-3.177481703460216522e-03
-1.396291516721248627e-02
1.304845046252012253e-02
1.079376563429832458e-01
-2.436063624918460846e-02
4.011513292789459229e-02
-5.261839553713798523e-02
-7.421379443258047104e-03
9.634485095739364624e-02
-6.144286692142486572e-02
4.503102973103523254e-02
-8.579993993043899536e-02
5.314654111862182617e-02
-6.776332855224609375e-02
6.504639517515897751e-03
4.949342831969261169e-02
8.511295169591903687e-02
-2.331810817122459412e-02
4.034291952848434448e-02
4.563326016068458557e-02
-3.125121444463729858e-02
5.119579657912254333e-02
-1.791195943951606750e-02
-7.955052703619003296e-02
-3.073239885270595551e-02
1.384106092154979706e-02
9.134343266487121582e-02
-7.891321554780006409e-03
-5.153112858533859253e-02
-5.690126493573188782e-02
-2.817482128739356995e-02
-9.200004488229751587e-02
-8.645511232316493988e-03
1.014191135764122009e-01
1.508086323738098145e-01
1.097513809800148010e-01
-2.890910580754280090e-02
-1.690874062478542328e-02
1.146915135905146599e-03
-4.806071892380714417e-02
1.057041436433792114e-01
-2.668969891965389252e-02
1.533340215682983398e-01
3.622550889849662781e-02
-5.455214157700538635e-02
5.210205912590026855e-02
1.182814016938209534e-01
1.182157453149557114e-02
-3.473256900906562805e-02
5.117634683847427368e-02
-9.295332431793212891e-02
1.373000144958496094e-01
-1.555277556180953979e-01
-3.648729529231786728e-03
4.504560306668281555e-02
-1.223128754645586014e-02
9.850553423166275024e-02
-4.540416970849037170e-02
-7.804577797651290894e-02
8.697635680437088013e-02
-6.204347684979438782e-02
-2.792081609368324280e-02
3.252881392836570740e-02
1.490807905793190002e-02
-4.131681099534034729e-02
-1.255490537732839584e-02
5.972677096724510193e-02
-3.376417234539985657e-02
6.509034335613250732e-02
-5.724176019430160522e-02
5.748843401670455933e-02
6.186446920037269592e-02
-3.748239949345588684e-02
-9.918658435344696045e-02
3.446636348962783813e-02
-4.455914348363876343e-02
4.676831886172294617e-03
7.883261889219284058e-02
-1.239889636635780334e-01
4.563853517174720764e-02
2.408921904861927032e-02
1.143067050725221634e-02
1.434946209192276001e-01
-4.129699990153312683e-02
-2.086504548788070679e-02
-2.729320712387561798e-02
1.593266427516937256e-02
1.760424859821796417e-02
2.821494452655315399e-02
-6.656952947378158569e-02
-2.377655729651451111e-02
-4.290109127759933472e-02
4.856064543128013611e-02
-2.052638120949268341e-02
5.684372410178184509e-02
4.955929145216941833e-02
-4.780083894729614258e-03
3.215305879712104797e-02
-1.657887920737266541e-02
-1.566326916217803955e-01
-5.009766668081283569e-03
-3.446688503026962280e-02
-1.209702938795089722e-01
-7.088530808687210083e-02
-6.298761814832687378e-02
5.544831603765487671e-02
7.769871037453413010e-03
2.901684679090976715e-02
-2.706656232476234436e-02
6.748995929956436157e-02
-7.262458652257919312e-02
7.182099670171737671e-02
-1.334549952298402786e-02
-8.939562365412712097e-03
4.364974796772003174e-02
-1.114538311958312988e-02
-7.479999959468841553e-02
6.231382861733436584e-02
-9.330558776855468750e-02
3.421417623758316040e-02
-1.695320904254913330e-01
9.678354114294052124e-02
-2.881629392504692078e-03
1.651576347649097443e-02
2.628267370164394379e-02
7.713776826858520508e-02
-5.178304016590118408e-02
1.403135684086009860e-04
6.804931908845901489e-02
-5.471456423401832581e-02
-7.169414311647415161e-02
7.251410931348800659e-02
5.371615663170814514e-02
1.494149491190910339e-02
-9.070097468793392181e-03
1.584344543516635895e-02
1.771422028541564941e-01
-5.663223937153816223e-02
7.921164482831954956e-02
-2.043390274047851562e-02
-1.627644896507263184e-02
-7.812311500310897827e-02
-1.057447418570518494e-01
-1.674192026257514954e-02
1.475090831518173218e-01
9.198817610740661621e-02
7.660219073295593262e-02
-7.386968284845352173e-02
1.006178334355354309e-01
6.052140891551971436e-02
-6.558789312839508057e-02
-2.664478309452533722e-02
-4.446380771696567535e-03
1.033121068030595779e-02
-2.646301314234733582e-02
-5.387514457106590271e-02
-7.154811173677444458e-02
2.066950779408216476e-03
3.532321378588676453e-02
9.959954768419265747e-02
6.682099401950836182e-02
-5.449269711971282959e-02
5.969939753413200378e-02
-1.010379754006862640e-02
6.041720137000083923e-02
1.130620110780000687e-02
6.296403706073760986e-02
1.868641562759876251e-02
8.322321623563766479e-02
1.102982237935066223e-01
-2.536056190729141235e-02
-6.631073355674743652e-02
-6.995766609907150269e-02
3.268618881702423096e-02
-1.916264370083808899e-02
-2.218987233936786652e-02
-8.199236541986465454e-02
2.835907787084579468e-02
-1.033497974276542664e-02
-8.667500317096710205e-02
1.360539440065622330e-02
-1.822987222112715244e-03
-9.815089404582977295e-02
6.010914593935012817e-02
8.958917111158370972e-02
6.247772276401519775e-02
4.973103106021881104e-02
3.504219278693199158e-02
-8.947154134511947632e-02
4.874491319060325623e-02
-5.616392195224761963e-02
1.520039979368448257e-02
-3.536174073815345764e-02
-8.413270115852355957e-03
-1.367560774087905884e-01
-1.512915827333927155e-02
6.692190468311309814e-02
4.660065472126007080e-02
3.403953090310096741e-02
4.000625107437372208e-03
-1.975837722420692444e-02
7.778938859701156616e-03
7.928545586764812469e-03
-1.972631551325321198e-02
-8.015637286007404327e-03
-3.328533843159675598e-02
-4.773274436593055725e-02
-6.665394455194473267e-02
1.888584345579147339e-02
6.795430928468704224e-02
2.876676060259342194e-02
-6.419794261455535889e-02
7.212650030851364136e-02
-3.468662500381469727e-02
-4.891055822372436523e-02
-1.897296309471130371e-02
-3.168417885899543762e-02
-2.962171845138072968e-02
6.384680420160293579e-02
-8.772660791873931885e-02
-1.947948127053678036e-03
-7.749729603528976440e-02
-3.476116061210632324e-02
1.155980676412582397e-02
7.074197754263877869e-03
-7.490168511867523193e-02
-2.752850577235221863e-02
-3.216055408120155334e-02
7.001284509897232056e-02
-1.041657291352748871e-02
2.592874877154827118e-02
1.414443552494049072e-01
-1.093802750110626221e-01
-6.784068048000335693e-02
-3.752673789858818054e-02
-1.019440125674009323e-02
1.376810669898986816e-01
-5.345068499445915222e-02
5.839261785149574280e-02
