-1.837355792522430420e-01
-1.687960885465145111e-02
-8.610196411609649658e-02
1.207018550485372543e-02
-3.363340394571423531e-03
1.304599363356828690e-02
5.716947093605995178e-02
-1.710798591375350952e-01
1.476232111454010010e-01
9.258448332548141479e-02
-6.706189364194869995e-02
-8.184824138879776001e-02
9.832564741373062134e-02
5.330246314406394958e-02
-3.509993478655815125e-02
-6.422029435634613037e-02
5.018716678023338318e-02
-3.320230543613433838e-02
1.113705523312091827e-02
9.815250337123870850e-02
5.714381486177444458e-02
1.178537402302026749e-02
-9.308569133281707764e-03
1.658502034842967987e-02
-1.637033186852931976e-02
4.650855436921119690e-02
-6.417462229728698730e-02
2.935448661446571350e-02
-1.928710751235485077e-02
7.798098027706146240e-02
4.371285904198884964e-03
-6.389313191175460815e-02
3.688292205333709717e-02
-5.603411700576543808e-03
-2.985863573849201202e-02
-3.961406648159027100e-02
-1.386986374855041504e-01
5.015285685658454895e-02
-3.799715638160705566e-02
5.283247679471969604e-02
-3.785673528909683228e-02
-3.304336965084075928e-02
-1.186602003872394562e-02
-7.363478094339370728e-02
1.659966409206390381e-01
8.501031994819641113e-02
9.406818449497222900e-02
5.219588801264762878e-02
-2.635452523827552795e-02
-3.330830857157707214e-02
-8.486361056566238403e-02
1.609285622835159302e-01
-5.284434929490089417e-02
1.200038567185401917e-01
2.388706989586353302e-02
-7.193741947412490845e-02
4.156937450170516968e-02
4.017791070509701967e-04
5.308333411812782288e-02
-8.899482339620590210e-02
5.912240594625473022e-02
-6.450804881751537323e-03
1.161464303731918335e-01
-5.614163726568222046e-02
1.179349375888705254e-03
3.561341762542724609e-02
-4.013567045331001282e-02
5.236201360821723938e-02
3.727130591869354248e-02
-9.190256893634796143e-02
1.008196920156478882e-01
-3.375025093555450439e-02
-6.769001483917236328e-02
2.109833806753158569e-02
5.294597893953323364e-02
-4.476160183548927307e-02
-3.934043645858764648e-02
3.091187961399555206e-02
-5.446815118193626404e-02
9.335445612668991089e-02
-8.100033551454544067e-02
-5.810356885194778442e-02
2.790287602692842484e-03
-9.009846299886703491e-02
-3.257475793361663818e-02
2.859999076463282108e-04
3.327983990311622620e-02
4.193212464451789856e-02
4.216384515166282654e-02
-2.233881503343582153e-02
2.936515584588050842e-02
1.003331840038299561e-01
-8.256798982620239258e-02
9.647908061742782593e-02
1.044964045286178589e-02
-4.134272783994674683e-02
-1.989276148378849030e-02
5.318576097488403320e-02
-3.254474606364965439e-03
2.787934243679046631e-02
-4.204557090997695923e-02
-7.217693608254194260e-03
-6.876566261053085327e-02
-4.335860908031463623e-02
-1.091914437711238861e-02
-3.095123544335365295e-02
5.652143061161041260e-02
4.412186145782470703e-02
1.037493124604225159e-01
-3.198962658643722534e-02
-1.005756855010986328e-01
3.841386362910270691e-02
-4.322751238942146301e-02
-4.250529035925865173e-02
-5.429277569055557251e-02
-6.604003906250000000e-02
5.696697160601615906e-03
-4.400781914591789246e-02
7.828474044799804688e-02
5.036563426256179810e-02
2.571211755275726318e-02
-3.479398787021636963e-02
3.121149539947509766e-02
1.153520774096250534e-02
-1.168213901109993458e-03
-1.666474156081676483e-02
1.823464967310428619e-02
-9.432445466518402100e-02
1.083397772163152695e-02
-4.932194948196411133e-02
8.095728233456611633e-03
-4.760675132274627686e-02
1.559360604733228683e-02
-3.752525197342038155e-03
2.319103665649890900e-02
1.598087954334914684e-03
-1.986263319849967957e-02
-6.204430013895034790e-02
-1.975068822503089905e-02
3.310037031769752502e-02
-6.716046482324600220e-02
-2.027758862823247910e-03
-3.551029413938522339e-02
-5.783584341406822205e-02
9.697096049785614014e-02
-1.442972198128700256e-02
-3.114655427634716034e-02
3.506768494844436646e-02
4.789513722062110901e-02
-7.191733270883560181e-02
5.991377308964729309e-02
-5.767971277236938477e-03
-6.108001247048377991e-02
-9.925007820129394531e-02
5.944921821355819702e-02
-2.472041919827461243e-02
1.715971156954765320e-02
3.471075370907783508e-02
4.150143638253211975e-02
7.266800105571746826e-02
-3.932478278875350952e-02
-3.239287063479423523e-02
5.441008508205413818e-02
3.261458128690719604e-02
-8.920336142182350159e-03
-5.728700853069312871e-05
-4.592283815145492554e-02
-4.076924547553062439e-02
1.526174694299697876e-02
-9.504760056734085083e-02
6.319311447441577911e-03
-1.082703657448291779e-02
3.074148669838905334e-02
7.794065028429031372e-02
6.722573190927505493e-03
-6.974194198846817017e-03
2.363334409892559052e-02
-2.421253174543380737e-02
4.859928973019123077e-03
4.249658435583114624e-02
5.251210555434226990e-02
-1.937059871852397919e-02
-6.568274926394224167e-03
-2.558332867920398712e-02
-3.687568381428718567e-02
4.549351707100868225e-02
-4.708072915673255920e-02
-2.926412411034107208e-02
-3.260426223278045654e-02
9.342294186353683472e-03
-4.123043734580278397e-03
-1.983864046633243561e-02
6.059344392269849777e-03
-9.709977358579635620e-02
8.396600931882858276e-02
-2.179704234004020691e-02
1.870323270559310913e-01
3.445190936326980591e-02
5.627073347568511963e-02
-5.610480904579162598e-02
3.102860972285270691e-02
-8.736068382859230042e-03
4.844167828559875488e-02
-8.029881119728088379e-02
3.676101565361022949e-02
-8.144978433847427368e-03
-3.119480970781296492e-04
-2.253410930279642344e-04
-1.845159009099006653e-02
-2.725297957658767700e-02
4.624990001320838928e-02
2.166708745062351227e-02
6.371383368968963623e-02
-6.864446401596069336e-02
1.911047473549842834e-02
-3.938806708902120590e-03
5.809054523706436157e-02
1.993865706026554108e-02
-3.999877721071243286e-02
3.082758933305740356e-02
7.401804625988006592e-02
-6.056768074631690979e-02
-7.530764490365982056e-02
-6.495794653892517090e-02
-7.487762719392776489e-02
-1.477102339267730713e-01
8.270094543695449829e-02
-1.033313758671283722e-02
-1.708507537841796875e-02
3.518805652856826782e-02
-2.543403953313827515e-02
5.922370776534080505e-02
-1.669587194919586182e-02
-1.821055309846997261e-03
-5.008156225085258484e-02
3.951818123459815979e-02
-2.934033982455730438e-02
-8.907735347747802734e-03
-8.470195345580577850e-03
1.381019502878189087e-01
-5.378812551498413086e-02
4.197137430310249329e-02
2.512021064758300781e-01
-7.718576490879058838e-02
-1.800868958234786987e-01
-1.030501723289489746e-02
-6.573494989424943924e-03
2.028288990259170532e-01
-1.062894165515899658e-01
1.806069165468215942e-01
