-9.698168933391571045e-02
-5.548559129238128662e-02
7.652280479669570923e-02
-6.061138585209846497e-02
-5.968049168586730957e-02
9.926548600196838379e-02
3.102890588343143463e-02
-1.356084197759628296e-01
1.186519861221313477e-01
5.796742811799049377e-02
-1.093821525573730469e-01
-6.534676253795623779e-02
1.537656038999557495e-01
-1.576356589794158936e-02
-7.161045912653207779e-03
6.927664577960968018e-02
1.844125799834728241e-02
-7.609939575195312500e-02
1.689228415489196777e-02
3.661313652992248535e-02
6.494024395942687988e-02
-2.591938525438308716e-02
-1.108729629777371883e-04
-4.915646836161613464e-02
4.467180743813514709e-02
-6.937838159501552582e-03
2.250102534890174866e-02
-9.278749674558639526e-02
-1.616446375846862793e-01
-4.173716902732849121e-02
-4.151095822453498840e-02
-7.650372385978698730e-02
-1.413652673363685608e-02
1.229784563183784485e-01
2.061353251338005066e-02
-2.267825044691562653e-02
-7.731727510690689087e-02
-3.215645253658294678e-02
1.858520694077014923e-02
2.523757703602313995e-02
-1.409052405506372452e-02
-2.201838418841362000e-02
4.015175998210906982e-02
-6.071529909968376160e-02
1.110267639160156250e-01
4.763012006878852844e-02
2.556322515010833740e-02
6.506701465696096420e-04
-6.992831081151962280e-02
-7.893700897693634033e-02
-5.634620040655136108e-02
8.145794272422790527e-02
-1.081250142306089401e-02
7.583104074001312256e-03
6.451631337404251099e-02
1.014418713748455048e-02
-6.801208108663558960e-02
-7.309125270694494247e-03
3.721554204821586609e-02
2.965055406093597412e-02
5.831370130181312561e-02
4.290062468498945236e-03
5.400210991501808167e-02
-1.213862001895904541e-01
-1.708902977406978607e-02
-2.642340585589408875e-02
-3.806395083665847778e-02
3.460793197154998779e-02
-4.579597711563110352e-02
-2.483766525983810425e-03
-2.174958586692810059e-02
-1.439142040908336639e-02
-3.133216872811317444e-02
5.803655833005905151e-02
1.908780820667743683e-02
9.790880605578422546e-03
2.848271839320659637e-02
3.577137365937232971e-02
-6.331155449151992798e-02
4.415593668818473816e-02
-4.450525343418121338e-02
2.734846435487270355e-02
1.526305638253688812e-02
-1.112334579229354858e-01
-4.275359958410263062e-02
-1.931617595255374908e-02
6.052006036043167114e-02
8.930046856403350830e-02
-3.753701969981193542e-02
-6.328281015157699585e-04
1.336359139531850815e-02
6.709700683131814003e-04
-1.048005744814872742e-01
2.426481992006301880e-02
-9.664017707109451294e-02
1.478049810975790024e-02
-9.490867704153060913e-02
3.552741929888725281e-02
-1.374522596597671509e-02
-1.945359818637371063e-02
-7.418616861104965210e-02
-2.515134029090404510e-02
-1.227286085486412048e-02
2.179715596139431000e-02
-3.532415628433227539e-02
-5.569320917129516602e-02
5.977866053581237793e-02
1.293941587209701538e-02
3.867973759770393372e-02
-5.863711121492087841e-04
-3.828989341855049133e-02
3.726270422339439392e-02
-1.354355737566947937e-02
-9.264184162020683289e-03
-9.741350263357162476e-02
3.281623823568224907e-03
1.456499658524990082e-02
-7.835060358047485352e-02
6.933393888175487518e-04
8.822044730186462402e-02
4.795013740658760071e-02
-5.117348581552505493e-02
-5.681144539266824722e-03
-2.238024398684501648e-02
3.836842626333236694e-02
7.221383601427078247e-02
-5.413462966680526733e-02
-7.464736700057983398e-02
-8.329406380653381348e-02
-7.379218935966491699e-03
3.117361292243003845e-02
-5.607075989246368408e-02
5.025849863886833191e-02
2.794799953699111938e-02
-1.441197656095027924e-02
-5.307797715067863464e-02
1.303594410419464111e-01
-7.723107188940048218e-02
-4.408185929059982300e-02
-5.707210674881935120e-02
-2.438642457127571106e-02
-4.302128776907920837e-02
5.080792307853698730e-02
7.582990825176239014e-02
4.251815751194953918e-02
3.305663168430328369e-02
-1.958793401718139648e-02
8.240192197263240814e-03
7.625149935483932495e-02
-7.411670684814453125e-02
6.541575491428375244e-02
-5.846536718308925629e-03
3.810267895460128784e-02
-7.689920067787170410e-02
7.358226925134658813e-03
2.214706875383853912e-02
-3.739779931493103504e-04
1.095486283302307129e-01
-6.088639795780181885e-02
8.437293767929077148e-02
2.684863097965717316e-02
7.974308915436267853e-03
1.279803086072206497e-02
2.363838022574782372e-03
-7.086843997240066528e-02
3.283871710300445557e-02
-3.416657075285911560e-02
-9.748450480401515961e-03
8.698242716491222382e-03
-7.949154824018478394e-02
2.578641101717948914e-02
-6.719994544982910156e-02
7.578475773334503174e-02
4.799971356987953186e-02
-6.092404574155807495e-02
-3.519456088542938232e-02
-2.726141596212983131e-03
-2.529823780059814453e-02
4.255223087966442108e-03
2.758703194558620453e-03
-5.866014212369918823e-02
8.565920405089855194e-03
5.172659084200859070e-02
-2.373944967985153198e-03
-5.739482492208480835e-02
1.353375241160392761e-02
-2.884285151958465576e-02
-4.243359901010990143e-03
5.668289959430694580e-02
-6.195931509137153625e-02
-2.160839736461639404e-02
-4.792637750506401062e-02
8.811186999082565308e-02
-1.203975677490234375e-01
1.190687194466590881e-01
5.888966843485832214e-02
1.606932878494262695e-01
3.464300930500030518e-02
1.334197521209716797e-01
-1.294589322060346603e-02
-3.229222446680068970e-02
-2.570394426584243774e-02
2.132869884371757507e-02
-1.620049923658370972e-01
-4.513775464147329330e-03
-1.198488008230924606e-02
7.520948350429534912e-02
-2.121366560459136963e-02
-2.785173244774341583e-02
-3.767330944538116455e-02
-1.651506312191486359e-02
-5.494938418269157410e-02
9.080012887716293335e-02
-7.209876179695129395e-02
2.492777816951274872e-02
-6.242389790713787079e-03
5.764440074563026428e-02
9.525058418512344360e-02
1.490075420588254929e-02
7.640491425991058350e-02
8.287363499402999878e-02
-2.057839184999465942e-02
-8.282390236854553223e-02
-5.973251163959503174e-02
-9.044784307479858398e-02
-1.382698416709899902e-01
8.446884155273437500e-02
4.227222502231597900e-02
1.529413275420665741e-02
-1.500122249126434326e-03
-2.029434740543365479e-01
1.085738763213157654e-01
-1.678536236286163330e-01
-5.094222351908683777e-02
5.657761543989181519e-02
1.024624034762382507e-01
-2.066109776496887207e-01
-7.372713088989257812e-02
-3.347590938210487366e-02
3.217986598610877991e-02
5.290281958878040314e-03
1.019744575023651123e-01
1.211286932229995728e-01
-1.106879338622093201e-01
-7.515265792608261108e-02
-6.582976318895816803e-03
-2.874918468296527863e-02
7.125678658485412598e-02
-1.019831094890832901e-02
8.917060494422912598e-02
