-6.193763390183448792e-02
-3.002099692821502686e-02
2.533474750816822052e-02
-9.994742460548877716e-03
4.085081443190574646e-02
1.614229753613471985e-02
3.069768659770488739e-02
-1.562962308526039124e-02
9.538779407739639282e-02
1.421504281461238861e-02
-4.684432968497276306e-02
-1.183009706437587738e-02
2.576209791004657745e-02
-1.062813960015773773e-02
5.640485510230064392e-02
-2.919150516390800476e-02
2.863165549933910370e-02
-7.009712606668472290e-02
2.926351130008697510e-02
3.322931379079818726e-02
2.722065337002277374e-02
1.024975813925266266e-02
-5.556504800915718079e-02
2.840950153768062592e-02
-2.885890658944845200e-03
-1.057150866836309433e-02
2.060029283165931702e-02
4.711465165019035339e-02
-1.191765442490577698e-01
-2.395324641838669777e-03
-3.178626298904418945e-02
-6.854742020368576050e-02
2.993739210069179535e-02
1.215573400259017944e-01
-4.930951818823814392e-02
-7.071007043123245239e-02
-7.675245404243469238e-02
3.997853770852088928e-02
-3.754361718893051147e-02
1.888629794120788574e-02
-7.661998271942138672e-03
-4.894811660051345825e-02
-3.313034027814865112e-02
-7.152687758207321167e-02
1.423608064651489258e-01
1.922731399536132812e-01
1.139666438102722168e-01
-2.610095404088497162e-02
-7.314599305391311646e-02
-3.345164656639099121e-02
-1.925630494952201843e-02
1.739627718925476074e-01
-1.866784691810607910e-02
1.417622268199920654e-01
1.047391071915626526e-01
-5.754827708005905151e-02
-2.961687557399272919e-02
4.974046349525451660e-02
6.845756620168685913e-02
-6.030216068029403687e-02
3.087626025080680847e-02
-6.662635505199432373e-02
1.409533172845840454e-01
-1.661047935485839844e-01
1.684181392192840576e-02
5.400602892041206360e-02
-3.588778525590896606e-02
5.565084144473075867e-02
-4.632715880870819092e-02
-6.065291911363601685e-02
8.137305080890655518e-02
-4.986024275422096252e-02
-1.387833058834075928e-02
7.857610285282135010e-02
3.378489241003990173e-02
-2.022110857069492340e-02
-1.465228013694286346e-02
7.536864280700683594e-02
-7.355426251888275146e-02
6.325592845678329468e-02
-5.174534022808074951e-02
3.754742816090583801e-02
3.130981698632240295e-02
-1.099121272563934326e-01
-9.481114894151687622e-02
3.412899747490882874e-02
-3.871832508593797684e-03
5.738759785890579224e-02
4.296045377850532532e-02
-1.143831387162208557e-01
2.568140253424644470e-02
3.095109574496746063e-02
-3.061036951839923859e-02
1.307453811168670654e-01
-1.037674844264984131e-01
-1.661505550146102905e-02
-8.916114270687103271e-02
2.528122626245021820e-02
1.328977383673191071e-02
1.482992526143789291e-02
-6.797333061695098877e-02
-4.938550293445587158e-02
-4.472988471388816833e-02
3.908691555261611938e-02
-8.197607472538948059e-03
1.679976843297481537e-02
9.685073047876358032e-02
1.465124171227216721e-02
4.559942334890365601e-02
-2.430856786668300629e-02
-1.078111901879310608e-01
2.230181358754634857e-02
-4.832810163497924805e-02
-8.786668628454208374e-02
-4.889149591326713562e-02
-4.256125912070274353e-02
6.346638500690460205e-02
-8.148077758960425854e-04
5.083694588392972946e-03
5.484793707728385925e-02
2.419875562191009521e-02
-6.071856245398521423e-02
-2.681438624858856201e-02
4.245518147945404053e-02
8.347162511199712753e-04
5.478921905159950256e-02
-3.430649638175964355e-03
-8.848044276237487793e-02
1.179510820657014847e-02
-5.654320493340492249e-02
1.883885450661182404e-02
-1.474450975656509399e-01
6.535042822360992432e-02
4.076129756867885590e-03
2.921136468648910522e-02
-3.908738121390342712e-02
5.686632916331291199e-02
-8.195704780519008636e-03
-4.378385841846466064e-03
5.591710284352302551e-02
-4.666864871978759766e-03
-7.455328851938247681e-02
9.041396528482437134e-02
6.887876242399215698e-02
4.525714740157127380e-02
4.816144704818725586e-03
-1.071132905781269073e-02
1.319798380136489868e-01
2.715064585208892822e-02
-8.139749057590961456e-03
-2.879148349165916443e-03
1.476994529366493225e-02
-5.103936791419982910e-02
-8.804935216903686523e-02
3.124761022627353668e-02
1.115499809384346008e-01
3.207834064960479736e-02
5.848724767565727234e-02
-5.525876209139823914e-02
1.200065612792968750e-01
5.409471690654754639e-02
-4.167733341455459595e-02
3.909931704401969910e-02
7.996981032192707062e-03
-1.653236523270606995e-02
5.810343194752931595e-03
-4.586673900485038757e-02
-3.479170054197311401e-02
4.406747967004776001e-02
-4.786884877830743790e-03
6.153464317321777344e-02
1.560480240732431412e-02
3.102649701759219170e-03
3.501840680837631226e-02
-5.595648288726806641e-02
-7.971380837261676788e-03
-5.389769375324249268e-02
-1.239931024610996246e-02
-7.600190583616495132e-03
6.346233934164047241e-02
1.691446080803871155e-02
-3.017986565828323364e-02
-1.943990029394626617e-02
-7.598175853490829468e-02
4.730814602226018906e-03
-1.656912639737129211e-02
-3.135560080409049988e-02
-3.517756238579750061e-02
6.802926957607269287e-02
-4.554341733455657959e-02
-6.562107801437377930e-02
-3.250647336244583130e-02
4.396937787532806396e-02
-1.542709469795227051e-01
9.989967942237854004e-02
9.965820610523223877e-02
1.798122525215148926e-01
5.126172304153442383e-02
6.080807372927665710e-02
-8.079111576080322266e-02
4.315873607993125916e-03
-4.192137718200683594e-02
2.923826128244400024e-02
-1.203107908368110657e-01
-2.635746262967586517e-02
-8.766185492277145386e-02
3.575040772557258606e-02
4.769784584641456604e-02
1.510712318122386932e-02
2.579727396368980408e-02
1.453530509024858475e-02
-3.000717237591743469e-02
5.411747470498085022e-02
-1.121484264731407166e-01
-4.518942441791296005e-03
-1.613722369074821472e-02
2.007329277694225311e-02
-1.781331375241279602e-02
-3.515057638287544250e-02
6.911831349134445190e-02
1.057068407535552979e-01
3.156169503927230835e-02
-8.627600967884063721e-02
1.497818157076835632e-02
-4.404528811573982239e-02
-9.847472608089447021e-02
-6.449222564697265625e-03
-2.354789711534976959e-02
-2.200358733534812927e-02
4.541805014014244080e-02
-7.272412627935409546e-02
3.505142033100128174e-02
-1.048661395907402039e-01
-3.469433402642607689e-03
3.352168202400207520e-02
2.394599467515945435e-02
-1.116683036088943481e-01
-3.465965017676353455e-02
-2.155369892716407776e-02
6.653714179992675781e-02
-1.740131154656410217e-02
4.952298849821090698e-02
1.946450769901275635e-01
-9.341876953840255737e-02
-7.188395410776138306e-02
-2.897068113088607788e-02
-3.313966467976570129e-02
1.289650648832321167e-01
-7.566975802183151245e-02
1.339600831270217896e-01
