-8.130359649658203125e-02
-6.252519786357879639e-02
6.317973136901855469e-02
-4.729715734720230103e-02
3.935294970870018005e-02
4.557231068611145020e-02
2.237258292734622955e-02
-7.091619074344635010e-02
8.401034772396087646e-02
1.441227924078702927e-02
-1.031024083495140076e-01
-4.258470609784126282e-02
6.080833449959754944e-02
-2.772805653512477875e-02
4.706594720482826233e-02
2.899994514882564545e-02
5.956735834479331970e-02
-9.450310468673706055e-02
4.049807041883468628e-02
2.349462546408176422e-02
7.135736197233200073e-02
7.392961997538805008e-03
-1.082678046077489853e-02
-1.575577072799205780e-02
2.941029146313667297e-02
-1.820619590580463409e-02
8.822293020784854889e-03
2.400501072406768799e-02
-1.399578005075454712e-01
4.053758457303047180e-02
-5.449080467224121094e-02
-1.276026368141174316e-01
-1.150618586689233780e-02
9.997978061437606812e-02
-3.071089461445808411e-02
-3.248086199164390564e-02
-1.110256537795066833e-01
3.170708566904067993e-02
-3.659398108720779419e-02
4.613144323229789734e-02
-4.145162180066108704e-02
-4.019000008702278137e-02
9.147160686552524567e-03
-1.120219305157661438e-01
1.147095337510108948e-01
1.191466823220252991e-01
8.495403081178665161e-02
-3.874548943713307381e-03
-7.659048587083816528e-02
-6.331183016300201416e-02
-3.929040953516960144e-02
1.725633144378662109e-01
-2.281737513840198517e-02
9.482628852128982544e-02
8.796124905347824097e-02
-3.945880383253097534e-02
-3.033096715807914734e-02
4.799459502100944519e-02
6.289698928594589233e-02
-3.075049072504043579e-02
2.047681249678134918e-02
-6.180716678500175476e-02
1.198278144001960754e-01
-1.586642563343048096e-01
3.630218561738729477e-03
1.287836022675037384e-02
-2.573447860777378082e-02
6.195095553994178772e-02
1.091164723038673401e-02
-7.592132687568664551e-02
8.863928169012069702e-02
-2.090227790176868439e-02
-1.263203192502260208e-02
3.559744358062744141e-02
2.041046880185604095e-02
9.102192707359790802e-03
5.346590653061866760e-03
6.682723760604858398e-02
-6.985157728195190430e-02
9.296900033950805664e-02
-9.070840477943420410e-02
2.494154125452041626e-02
2.537212334573268890e-02
-1.407389342784881592e-01
-8.852192014455795288e-02
9.020345169119536877e-04
8.542922325432300568e-03
9.804607182741165161e-02
4.769648239016532898e-02
-8.783179521560668945e-02
2.251686714589595795e-02
4.943862929940223694e-02
-7.334536314010620117e-02
9.133359789848327637e-02
-1.129803285002708435e-01
-1.194273028522729874e-02
-1.086785942316055298e-01
3.615206107497215271e-02
3.870902955532073975e-02
7.026746170595288277e-04
-1.023895591497421265e-01
-3.123526088893413544e-02
-5.478583648800849915e-02
4.626768082380294800e-02
-5.682829301804304123e-03
-6.280904635787010193e-03
8.361083269119262695e-02
3.439448541030287743e-03
4.230716824531555176e-02
-1.781123131513595581e-02
-8.520608395338058472e-02
9.272445924580097198e-03
-4.470688477158546448e-02
-2.905841171741485596e-02
-7.418084889650344849e-02
-5.641760677099227905e-02
3.266840800642967224e-02
-1.026310026645660400e-02
-2.121255360543727875e-02
7.644589990377426147e-02
2.337269857525825500e-02
-5.219952017068862915e-02
-5.429553613066673279e-02
3.560016676783561707e-02
-2.194914594292640686e-02
7.637003064155578613e-02
-3.106261603534221649e-02
-1.074263900518417358e-01
8.790763095021247864e-03
-3.253212198615074158e-02
-2.686470933258533478e-02
-6.584399193525314331e-02
5.109370499849319458e-02
-1.851171604357659817e-03
7.280492037534713745e-02
-4.684548079967498779e-02
2.968174219131469727e-02
3.971261158585548401e-02
-1.202556159114465117e-04
2.604985609650611877e-02
1.002599578350782394e-02
-4.847723245620727539e-02
6.082068011164665222e-02
5.548832938075065613e-02
6.806119531393051147e-02
6.171940360218286514e-03
-1.153600402176380157e-02
9.762556105852127075e-02
4.230599105358123779e-02
-2.815217524766921997e-02
-1.461553946137428284e-02
2.600260823965072632e-02
-2.334356540814042091e-03
-9.348505735397338867e-02
3.570608422160148621e-02
1.126801967620849609e-01
2.612569741904735565e-02
4.106179997324943542e-02
-3.510319814085960388e-02
1.042776852846145630e-01
5.249948799610137939e-02
-2.784028649330139160e-02
3.362609073519706726e-02
-4.044701345264911652e-03
-2.366466447710990906e-02
2.614508196711540222e-02
-5.276800319552421570e-02
-1.056325994431972504e-02
4.602581262588500977e-02
-4.086534678936004639e-02
4.595192149281501770e-02
-5.889553204178810120e-02
4.965711385011672974e-02
3.804203495383262634e-02
-5.533588305115699768e-02
-2.804740332067012787e-02
-5.431160330772399902e-02
-2.329088374972343445e-02
-1.707022450864315033e-02
4.239836335182189941e-02
-7.317722309380769730e-03
-3.065876290202140808e-02
4.105824977159500122e-02
-4.951062798500061035e-02
-3.542083501815795898e-02
7.692113518714904785e-03
-3.582344204187393188e-02
1.484803506173193455e-03
5.625685304403305054e-02
-6.416545063257217407e-02
-2.161332964897155762e-02
-3.522256016731262207e-02
4.871458187699317932e-02
-1.017813757061958313e-01
9.014864265918731689e-02
5.813959985971450806e-02
1.515016555786132812e-01
7.657025009393692017e-02
3.568636253476142883e-02
1.998287625610828400e-03
-1.861776039004325867e-02
-3.261980786919593811e-02
5.009526759386062622e-02
-1.335843354463577271e-01
-6.192642729729413986e-03
-8.588243275880813599e-02
4.910998791456222534e-02
2.018201164901256561e-03
1.197740994393825531e-02
-1.303560845553874969e-02
1.628369465470314026e-02
-4.033737641293555498e-04
5.642848089337348938e-02
-9.730271250009536743e-02
2.150289900600910187e-02
-1.631999202072620392e-02
4.676646739244461060e-02
2.116540074348449707e-02
-2.302990481257438660e-02
6.098010018467903137e-02
9.121206402778625488e-02
1.039831899106502533e-02
-8.856656402349472046e-02
-4.095923900604248047e-02
-4.181718081235885620e-02
-1.423381268978118896e-01
1.831967756152153015e-02
6.524173077195882797e-03
-5.907067563384771347e-03
3.864179179072380066e-02
-1.609140485525131226e-01
6.456609815359115601e-02
-1.453439295291900635e-01
-2.867818996310234070e-02
1.992355473339557648e-02
2.645273506641387939e-02
-1.284029036760330200e-01
-4.221732541918754578e-02
-2.931060967966914177e-03
5.609776452183723450e-02
-1.311974879354238510e-02
6.232016161084175110e-02
2.117613703012466431e-01
-1.408923268318176270e-01
-7.746507227420806885e-02
-2.287271060049533844e-02
-1.975716277956962585e-02
1.147346571087837219e-01
-7.667664438486099243e-02
1.579267233610153198e-01
