-8.116512745618820190e-02
-7.808069139719009399e-02
9.848248213529586792e-02
-1.016368269920349121e-01
-9.696752578020095825e-02
1.290684193372726440e-01
1.395891793072223663e-02
-1.570905148983001709e-01
1.301915347576141357e-01
4.548759385943412781e-02
-1.174039989709854126e-01
-8.447128534317016602e-02
1.643099188804626465e-01
-5.097943916916847229e-02
-2.305033989250659943e-02
9.230539947748184204e-02
-8.700389415025711060e-03
-7.420253753662109375e-02
3.591543808579444885e-02
1.868292316794395447e-02
5.100477114319801331e-02
-4.764813184738159180e-02
-5.131598096340894699e-03
-5.471314117312431335e-02
5.658673495054244995e-02
-2.782134688459336758e-04
3.328013047575950623e-02
-1.112036406993865967e-01
-9.665481746196746826e-02
-5.164469406008720398e-02
-3.611776977777481079e-02
8.871130994521081448e-04
-3.503319621086120605e-02
1.358874291181564331e-01
2.599895186722278595e-02
-4.775528796017169952e-03
-1.704011112451553345e-02
-8.237394690513610840e-02
5.828250944614410400e-02
7.031418848782777786e-03
1.339778583496809006e-02
9.746574796736240387e-03
6.033430248498916626e-02
-3.204759582877159119e-02
8.568957448005676270e-02
-2.639475464820861816e-02
-6.666032131761312485e-03
-6.411632988601922989e-03
-2.298200689256191254e-02
-7.292324304580688477e-02
-4.676372185349464417e-02
-1.812106184661388397e-02
4.949503112584352493e-03
-2.714213542640209198e-02
3.400283306837081909e-02
3.861800581216812134e-02
-9.912383556365966797e-02
-2.341571450233459473e-02
-1.525437110103666782e-03
8.133708685636520386e-02
6.985095888376235962e-02
3.193640336394309998e-02
2.452515531331300735e-03
-5.436803773045539856e-02
-4.985282663255929947e-03
-2.348085306584835052e-02
-4.485935345292091370e-02
-3.184791654348373413e-03
-4.424535483121871948e-02
6.959562748670578003e-02
-5.797716602683067322e-02
-1.223634742200374603e-02
-4.582629352807998657e-02
3.491833806037902832e-02
3.011456504464149475e-02
2.171068452298641205e-02
1.437042746692895889e-02
-3.890944644808769226e-04
-4.294113442301750183e-02
-8.326201699674129486e-03
7.120198570191860199e-03
4.142946004867553711e-02
6.039996165782213211e-03
-7.754155248403549194e-02
-2.312319353222846985e-03
-3.082688711583614349e-02
4.581715539097785950e-02
7.698964327573776245e-02
-7.867296040058135986e-02
1.108189299702644348e-02
2.063906006515026093e-02
2.723594894632697105e-03
-9.459677338600158691e-02
6.613004952669143677e-04
-7.470217347145080566e-02
1.477121282368898392e-02
-6.560065597295761108e-02
7.561651058495044708e-03
-2.976113185286521912e-02
-2.967638336122035980e-02
-5.820051580667495728e-02
-2.726705931127071381e-02
8.419920690357685089e-03
-6.924428511410951614e-03
-4.691902920603752136e-02
-6.417639553546905518e-02
4.497998207807540894e-02
2.030568383634090424e-02
2.231299132108688354e-02
1.044877897948026657e-02
-3.736494400072842836e-04
2.945434302091598511e-02
1.369869522750377655e-02
-4.558577202260494232e-03
-4.838495329022407532e-02
4.240997880697250366e-02
-5.637207534164190292e-03
-8.466380089521408081e-02
2.815991872921586037e-03
8.878745138645172119e-02
5.428730975836515427e-03
-1.000554393976926804e-02
-5.878461524844169617e-03
-8.936273865401744843e-03
5.643205344676971436e-02
5.508623272180557251e-02
-4.929998144507408142e-02
-3.406878560781478882e-02
-1.387115418910980225e-01
1.332577038556337357e-02
5.707336589694023132e-02
-5.074303969740867615e-02
3.780056536197662354e-02
5.382518749684095383e-03
-3.790367022156715393e-02
-6.920886039733886719e-02
1.287149190902709961e-01
-9.172046184539794922e-02
-8.376127481460571289e-02
-1.007937937974929810e-01
-4.712167754769325256e-02
-5.327855795621871948e-02
2.118152379989624023e-02
9.027867019176483154e-02
1.671986654400825500e-02
3.605807200074195862e-02
-3.049741871654987335e-02
-2.736522629857063293e-02
9.435252100229263306e-02
-8.267688006162643433e-02
9.128006547689437866e-02
-1.945772022008895874e-02
8.347835391759872437e-02
-8.461838960647583008e-02
-6.775342859327793121e-03
-4.469920322299003601e-02
-2.915923111140727997e-02
9.906698763370513916e-02
-4.756353422999382019e-02
6.685689091682434082e-02
4.081976041197776794e-02
2.361758425831794739e-02
-3.557477891445159912e-02
2.336578071117401123e-02
-8.829566091299057007e-02
3.027825988829135895e-02
-6.334421038627624512e-02
1.749729178845882416e-02
-1.357665006071329117e-02
-7.564946264028549194e-02
2.557795960456132889e-03
-8.009592443704605103e-02
9.598404169082641602e-02
2.327768132090568542e-02
-3.312423452734947205e-02
-5.556202307343482971e-02
4.326347261667251587e-02
-5.572121590375900269e-02
7.069210056215524673e-03
-1.056921947747468948e-02
-7.947825640439987183e-02
7.140016555786132812e-02
3.606653213500976562e-02
2.387871965765953064e-02
-5.808134004473686218e-02
4.130765795707702637e-03
-2.597028017044067383e-02
-1.074186433106660843e-02
6.626816093921661377e-02
-7.453970611095428467e-02
-3.608353435993194580e-02
-4.373346641659736633e-02
1.179994195699691772e-01
-1.356648653745651245e-01
1.235457062721252441e-01
5.178253725171089172e-02
1.542730927467346191e-01
2.437852881848812103e-02
1.864936798810958862e-01
-2.317432500422000885e-02
-1.945981010794639587e-02
-3.477654233574867249e-02
3.331984626129269600e-03
-1.639391630887985229e-01
-3.715047240257263184e-02
1.030205655843019485e-02
8.270943909883499146e-02
-5.766390264034271240e-02
-4.402548074722290039e-02
-2.731460705399513245e-02
-5.003618821501731873e-02
-5.139647051692008972e-02
9.130025655031204224e-02
-6.655726581811904907e-02
1.763845607638359070e-02
-1.509935501962900162e-02
6.045003607869148254e-02
1.050570458173751831e-01
-2.963248873129487038e-03
6.759393215179443359e-02
3.620693460106849670e-02
-3.269558399915695190e-02
-9.738487005233764648e-02
-4.170114547014236450e-02
-8.973114192485809326e-02
-1.106893718242645264e-01
1.138858124613761902e-01
7.047344744205474854e-02
2.007188741117715836e-03
-2.259702235460281372e-02
-1.540892422199249268e-01
8.816684782505035400e-02
-1.411521285772323608e-01
-2.024613134562969208e-02
6.697615981101989746e-02
9.049637615680694580e-02
-2.063896059989929199e-01
-8.096435666084289551e-02
-4.088199138641357422e-02
1.560986042022705078e-02
1.114568673074245453e-02
6.226045638322830200e-02
3.126846998929977417e-02
-8.083350956439971924e-02
-3.784299269318580627e-02
7.007046137005090714e-03
-4.286949709057807922e-02
1.472575403749942780e-02
1.302796136587858200e-02
1.133882999420166016e-02
