-1.128722801804542542e-01
-3.758566454052925110e-02
3.638930618762969971e-02
-3.027939051389694214e-02
-5.434278026223182678e-02
1.986917480826377869e-02
1.353704743087291718e-02
-9.728255867958068848e-02
1.133707389235496521e-01
1.129400450736284256e-02
-1.092119216918945312e-01
-9.778711199760437012e-02
1.066344082355499268e-01
-1.340853143483400345e-02
4.111424461007118225e-02
-5.975954700261354446e-03
9.164591133594512939e-02
-8.740888535976409912e-02
4.749788343906402588e-02
3.556142747402191162e-02
9.412751533091068268e-03
-3.019391000270843506e-02
-2.931921929121017456e-02
3.928622975945472717e-02
4.689187183976173401e-02
-4.518133588135242462e-03
1.086598355323076248e-02
-1.729026786051690578e-03
-5.200232565402984619e-02
2.380549721419811249e-02
-1.891523785889148712e-02
-4.255515336990356445e-02
-4.256196320056915283e-02
8.116834610700607300e-02
-1.542450301349163055e-02
-2.949103154242038727e-02
-1.280283927917480469e-01
-1.073929714038968086e-03
4.350228607654571533e-02
4.724398627877235413e-02
-2.880232222378253937e-02
-2.357693947851657867e-02
-1.044099219143390656e-02
-7.942019402980804443e-02
2.011055946350097656e-01
8.558809012174606323e-02
8.985753357410430908e-02
-4.377644881606101990e-02
-3.899754211306571960e-02
-1.372427046298980713e-01
-7.488423585891723633e-02
1.138900071382522583e-01
-4.957816749811172485e-02
1.444229036569595337e-01
6.434531509876251221e-02
-4.671318829059600830e-02
-6.392922997474670410e-02
4.180464893579483032e-02
5.497827753424644470e-02
-4.919550381600856781e-03
1.019231379032135010e-01
-5.945179238915443420e-02
9.989473223686218262e-02
-1.248959675431251526e-01
4.318091645836830139e-02
3.769962489604949951e-02
-4.677526652812957764e-02
4.661592468619346619e-02
-3.058727830648422241e-03
-4.788641259074211121e-02
9.250572323799133301e-02
-2.247258962597697973e-04
-5.883564800024032593e-02
3.591183573007583618e-02
2.285360172390937805e-02
-1.091609895229339600e-02
1.417263690382242203e-02
4.950361326336860657e-02
-6.683000922203063965e-02
5.797585099935531616e-02
-5.865417793393135071e-02
1.189019437879323959e-02
5.631210748106241226e-03
-1.042555272579193115e-01
-5.550992116332054138e-02
-6.538470741361379623e-03
2.777220867574214935e-02
9.764799475669860840e-02
1.616995409131050110e-02
-6.906744837760925293e-02
4.996350780129432678e-02
3.931063413619995117e-02
-8.129459619522094727e-02
1.099505722522735596e-01
-9.965234249830245972e-02
-8.909950032830238342e-03
-4.458472505211830139e-02
-1.153109222650527954e-02
8.072580210864543915e-03
-1.988549716770648956e-02
-4.632931575179100037e-02
-4.977418854832649231e-02
-5.984115600585937500e-02
-4.434728994965553284e-02
-4.898067563772201538e-02
-4.685509949922561646e-02
9.723896533250808716e-02
5.327078397385776043e-04
6.446272134780883789e-02
-3.767633438110351562e-02
-3.801933676004409790e-02
-1.623597927391529083e-02
1.994145661592483521e-02
-3.423501923680305481e-02
3.158166259527206421e-02
-2.165053738281130791e-03
-5.925284698605537415e-03
-1.344250980764627457e-02
-1.408085785806179047e-02
4.424784705042839050e-02
-9.019963443279266357e-03
2.354306168854236603e-02
-2.682769484817981720e-02
4.161517322063446045e-02
-3.807193040847778320e-02
1.922280155122280121e-02
3.006259910762310028e-03
-7.521485537290573120e-02
-6.396085023880004883e-02
-3.833840414881706238e-02
2.414888143539428711e-02
-6.125381588935852051e-02
2.135471813380718231e-02
-5.156445875763893127e-02
1.572936773300170898e-02
-6.583721935749053955e-02
9.143877774477005005e-03
-4.493203014135360718e-02
-6.070331856608390808e-02
-1.856186613440513611e-02
-5.530251562595367432e-02
-3.985847160220146179e-02
4.000079259276390076e-02
2.354260347783565521e-02
5.245753005146980286e-02
6.655222478002542630e-06
-7.298637181520462036e-02
1.866177306510508060e-03
7.106038182973861694e-02
-3.059181198477745056e-02
5.961768701672554016e-02
-7.444123271852731705e-03
-1.251374743878841400e-02
-9.802000224590301514e-02
-5.109452642500400543e-03
3.928050771355628967e-02
-2.788330428302288055e-02
2.305042929947376251e-02
-6.936419289559125900e-03
4.406435415148735046e-02
-1.106958277523517609e-02
-5.064429715275764465e-02
4.056049138307571411e-02
1.172621641308069229e-02
-4.808302223682403564e-02
2.304216474294662476e-02
-4.796055704355239868e-02
2.285655774176120758e-02
2.935876511037349701e-02
-3.280471265316009521e-02
-1.474138931371271610e-03
-1.580991223454475403e-02
2.424692362546920776e-02
3.550549596548080444e-02
-2.182318270206451416e-02
-3.449416160583496094e-02
4.875306785106658936e-02
-8.132230490446090698e-02
6.541199982166290283e-03
5.227925255894660950e-02
7.738548796623945236e-03
6.174563243985176086e-02
3.293984383344650269e-02
-3.901226446032524109e-02
-3.286346420645713806e-02
-1.209015492349863052e-02
-6.243113055825233459e-02
-3.675720468163490295e-02
5.128643941134214401e-03
-5.636612419039011002e-03
-1.001188065856695175e-03
-1.977627538144588470e-02
6.463196873664855957e-02
-1.794001460075378418e-01
1.035061329603195190e-01
3.728462755680084229e-02
1.748785823583602905e-01
4.109336435794830322e-02
1.211372166872024536e-01
-1.283470913767814636e-02
1.512067508883774281e-03
1.568341045640408993e-03
6.541717797517776489e-02
-1.355545967817306519e-01
-8.315350860357284546e-04
-6.844843178987503052e-02
5.886094272136688232e-02
-9.317394345998764038e-03
2.733167819678783417e-02
7.965700700879096985e-03
-3.513991367071866989e-03
-3.815244138240814209e-02
6.603491306304931641e-02
-8.286823332309722900e-02
1.783978939056396484e-02
-4.534089937806129456e-02
7.477347552776336670e-02
2.355014532804489136e-02
-4.834749549627304077e-02
4.025184735655784607e-02
4.727623611688613892e-02
-3.768870607018470764e-02
-7.949716597795486450e-02
-2.412277273833751678e-02
-5.381311103701591492e-02
-1.199211776256561279e-01
5.435384064912796021e-02
3.285323083400726318e-02
-2.246249467134475708e-02
3.031692095100879669e-02
-1.510477364063262939e-01
5.171819776296615601e-02
-1.230655983090400696e-01
-4.905758798122406006e-02
4.222091659903526306e-02
2.030366100370883942e-02
-1.734731942415237427e-01
-6.592615693807601929e-02
-2.419523149728775024e-02
1.230436936020851135e-01
-6.092563644051551819e-02
1.503140758723020554e-02
2.311992049217224121e-01
-1.392502635717391968e-01
-1.440593749284744263e-01
3.261802345514297485e-02
-2.932346425950527191e-02
1.412806808948516846e-01
-7.569944858551025391e-02
1.405671983957290649e-01
