-1.058739870786666870e-01
-6.670176237821578979e-02
8.499392122030258179e-02
-6.791228055953979492e-02
-2.098182961344718933e-02
4.244592785835266113e-02
-1.192828118801116943e-01
-7.587119936943054199e-02
-2.420249208807945251e-02
-4.642950743436813354e-02
-1.604230552911758423e-01
-3.627260401844978333e-02
1.413238942623138428e-01
-7.496420294046401978e-02
2.942383848130702972e-02
9.328445047140121460e-02
4.252929985523223877e-02
-7.048587501049041748e-02
5.683421716094017029e-02
-8.450580760836601257e-03
2.664071880280971527e-02
-5.764777958393096924e-02
8.971782028675079346e-02
-1.078678015619516373e-02
8.380918204784393311e-02
1.349440123885869980e-02
1.114694401621818542e-02
-8.536690473556518555e-02
-9.389185346662998199e-03
-2.675144746899604797e-02
-2.968917414546012878e-02
8.815577253699302673e-03
-2.777305059134960175e-02
2.445309609174728394e-02
6.682045012712478638e-02
1.974160596728324890e-02
-9.507818520069122314e-02
-2.777972072362899780e-02
8.307731151580810547e-02
5.508787930011749268e-02
-1.012411043047904968e-01
-2.026281319558620453e-02
9.591101855039596558e-02
-1.389216538518667221e-02
2.469710260629653931e-02
-3.878809884190559387e-02
-7.209433708339929581e-03
-6.708928942680358887e-02
-2.196026965975761414e-02
-1.503633707761764526e-01
-2.470956556499004364e-02
-2.397519536316394806e-02
-5.560335516929626465e-02
-4.067280516028404236e-02
-2.350877784192562103e-02
-1.775360107421875000e-02
-5.643593519926071167e-02
4.550538212060928345e-02
2.302753040567040443e-03
1.077966690063476562e-01
5.288043245673179626e-02
-1.966044493019580841e-02
-7.035709917545318604e-02
-3.431701287627220154e-02
2.210698323324322701e-03
-5.897556990385055542e-02
-1.464017201215028763e-02
3.136810287833213806e-02
3.479769453406333923e-02
-1.099609881639480591e-01
3.850107267498970032e-02
4.962076246738433838e-02
1.801525615155696869e-02
5.418264120817184448e-02
-4.803223162889480591e-02
3.960488364100456238e-02
6.632776558399200439e-02
1.322723180055618286e-02
-8.812682703137397766e-03
1.248279586434364319e-02
-4.629866406321525574e-02
1.627574302256107330e-02
2.450174465775489807e-02
-4.574778303503990173e-02
-6.849957257509231567e-02
6.120024994015693665e-02
6.852660328149795532e-02
1.394135802984237671e-01
-1.359489653259515762e-02
4.425710439682006836e-02
6.535650789737701416e-02
-6.334872543811798096e-02
-5.593376979231834412e-02
-3.129877522587776184e-02
-1.334756612777709961e-01
9.447332471609115601e-03
5.203658342361450195e-02
1.939528435468673706e-02
4.709397628903388977e-02
-1.829383108997717500e-04
-7.018861919641494751e-02
2.049044892191886902e-02
-3.408667445182800293e-02
-4.823033139109611511e-02
-8.463513106107711792e-02
-2.673077955842018127e-02
4.947636649012565613e-02
-6.711051613092422485e-02
-4.054121300578117371e-02
8.578222244977951050e-03
2.674017660319805145e-02
-9.505710750818252563e-02
8.972293138504028320e-02
8.774502575397491455e-02
-2.422783989459276199e-03
6.606049090623855591e-02
1.297920662909746170e-02
-3.417884558439254761e-02
-2.015907503664493561e-02
5.667115747928619385e-02
5.583214014768600464e-02
8.209294080734252930e-02
-2.625844068825244904e-02
3.614325448870658875e-02
-5.441221967339515686e-02
5.977488309144973755e-02
-7.867855578660964966e-02
1.455734577029943466e-02
-6.827890872955322266e-02
-4.785758908838033676e-03
3.338212147355079651e-02
4.980751499533653259e-02
2.941389800980687141e-03
-1.345126703381538391e-02
-7.507268339395523071e-03
-7.411698251962661743e-02
5.614676699042320251e-02
1.016350556164979935e-02
-6.951050460338592529e-02
-9.477347880601882935e-02
5.499518290162086487e-02
-6.061884760856628418e-02
-4.200636595487594604e-02
6.833089888095855713e-02
4.872861877083778381e-02
6.363773252815008163e-03
-1.228893175721168518e-01
-5.648148804903030396e-02
1.013135388493537903e-01
-1.187811419367790222e-01
6.889336556196212769e-02
-3.198786824941635132e-02
1.204219758510589600e-01
-2.363724075257778168e-02
-1.121137142181396484e-01
2.578862383961677551e-02
-4.811067879199981689e-02
3.749424219131469727e-02
-5.441096052527427673e-02
-3.742431104183197021e-02
-1.699948124587535858e-02
-1.544065191410481930e-03
3.177852928638458252e-02
-9.643502533435821533e-03
-2.886996604502201080e-02
5.823017284274101257e-02
-2.421511337161064148e-03
6.964999437332153320e-02
-3.378070890903472900e-02
-4.858022928237915039e-02
-4.778176546096801758e-02
-1.091266870498657227e-01
5.177688226103782654e-02
-5.286592245101928711e-02
1.571270637214183807e-02
-7.895525544881820679e-02
6.886482983827590942e-02
-1.048443093895912170e-01
5.454146768897771835e-03
5.091548338532447815e-02
-6.822352856397628784e-02
1.340259015560150146e-01
1.309460252523422241e-01
1.502726972103118896e-01
-7.842338830232620239e-02
2.863774262368679047e-02
-2.718719840049743652e-02
1.096635013818740845e-01
7.422151509672403336e-03
-3.521398454904556274e-02
1.136270910501480103e-01
1.758318208158016205e-02
8.476080372929573059e-03
-1.024821307510137558e-02
8.245588839054107666e-02
-6.312884390354156494e-02
2.337890677154064178e-02
1.081264577805995941e-02
2.743678539991378784e-02
1.236122101545333862e-01
-1.826861500740051270e-02
2.657821774482727051e-02
1.840406656265258789e-02
-1.405489258468151093e-02
-2.943113632500171661e-02
-1.600301265716552734e-02
1.054451465606689453e-01
-3.891889064107090235e-04
5.590366199612617493e-02
-5.781443789601325989e-02
-6.067117303609848022e-02
-3.393687307834625244e-02
2.277839183807373047e-02
2.521315030753612518e-02
2.279631048440933228e-02
-4.283290356397628784e-02
6.827504187822341919e-02
9.385108947753906250e-03
-3.835982456803321838e-02
8.113650605082511902e-03
-6.475426256656646729e-02
-1.853144168853759766e-02
-4.843844845890998840e-02
-8.519838750362396240e-02
-5.904505401849746704e-02
-7.667282223701477051e-02
7.568193972110748291e-02
1.019185185432434082e-01
5.317248031497001648e-02
-4.724681377410888672e-02
-2.343812882900238037e-01
-3.358137980103492737e-02
-8.556326478719711304e-02
-9.587737172842025757e-02
-2.941315248608589172e-02
-2.936950698494911194e-02
-9.749013185501098633e-02
-4.531803354620933533e-02
5.485896393656730652e-02
6.341999769210815430e-02
-6.889633089303970337e-02
-7.165698707103729248e-02
2.503781206905841827e-02
-1.641010791063308716e-01
-7.372972369194030762e-02
2.040473558008670807e-02
5.709844082593917847e-02
-7.271227985620498657e-02
1.355593558400869370e-02
7.014763355255126953e-02
