-1.065774187445640564e-01
-6.676307320594787598e-02
6.147685274481773376e-02
-4.996404796838760376e-02
-1.855899021029472351e-02
8.710797131061553955e-02
4.813525825738906860e-02
-1.154989600181579590e-01
1.359827816486358643e-01
4.147995635867118835e-02
-1.024132072925567627e-01
-5.151071771979331970e-02
1.028426811099052429e-01
-3.127180412411689758e-02
2.199896425008773804e-02
9.638986550271511078e-03
2.943805232644081116e-02
-9.028816223144531250e-02
2.050666697323322296e-02
5.649361014366149902e-02
5.606083571910858154e-02
8.699709549546241760e-03
-3.214931115508079529e-02
-1.009787991642951965e-02
3.250683099031448364e-02
-4.245993215590715408e-03
1.737746968865394592e-02
-3.190110623836517334e-02
-1.295014470815658569e-01
-1.492057554423809052e-02
-4.038901999592781067e-02
-8.011471480131149292e-02
-5.947404424659907818e-04
1.287324279546737671e-01
-7.721735164523124695e-03
-4.537716507911682129e-02
-8.046454191207885742e-02
6.089374073781073093e-04
-1.919577457010746002e-02
2.229670435190200806e-02
-2.462324127554893494e-02
-1.516322419047355652e-02
5.439441185444593430e-03
-8.211796730756759644e-02
1.443656235933303833e-01
1.283925026655197144e-01
7.352235168218612671e-02
-1.396758295595645905e-02
-8.017183095216751099e-02
-5.749976634979248047e-02
-5.087975785136222839e-02
1.407763957977294922e-01
-7.904867641627788544e-03
9.627297520637512207e-02
1.032420322299003601e-01
-2.154603600502014160e-02
-5.320487543940544128e-02
1.302314363420009613e-02
3.385859727859497070e-02
-8.925785310566425323e-03
5.447630956768989563e-02
-1.797820627689361572e-02
1.124823465943336487e-01
-1.422371864318847656e-01
3.107409225776791573e-03
1.885334588587284088e-02
-4.532253369688987732e-02
6.156131625175476074e-02
-3.881654515862464905e-02
-1.761450991034507751e-02
3.974324837327003479e-02
-5.431140959262847900e-02
-3.976316377520561218e-02
6.748886406421661377e-02
3.309135884046554565e-02
-1.062448695302009583e-02
-5.016161012463271618e-04
4.790019989013671875e-02
-8.905012160539627075e-02
5.022336170077323914e-02
-6.302113085985183716e-02
3.916799277067184448e-02
2.954958938062191010e-02
-1.168497949838638306e-01
-7.128153741359710693e-02
1.327038742601871490e-02
1.911350153386592865e-02
7.310441881418228149e-02
2.582746790722012520e-03
-7.370152324438095093e-02
2.782753482460975647e-02
3.980323299765586853e-02
-6.411647051572799683e-02
1.022092029452323914e-01
-1.207809746265411377e-01
-1.879880670458078384e-03
-9.393994510173797607e-02
2.213738672435283661e-02
-6.334826815873384476e-03
7.374340202659368515e-03
-7.155240327119827271e-02
-3.698456287384033203e-02
-2.345497533679008484e-02
2.425101399421691895e-02
-3.036116063594818115e-02
-5.471580661833286285e-04
7.693856209516525269e-02
2.592040458694100380e-03
4.193459451198577881e-02
-3.212468465790152550e-03
-9.912507981061935425e-02
1.600452512502670288e-02
-4.593586176633834839e-02
-7.063087821006774902e-02
-8.944754302501678467e-02
-2.717330306768417358e-02
3.913547098636627197e-02
-6.713514775037765503e-02
7.867133244872093201e-03
7.597015798091888428e-02
3.715376183390617371e-02
-6.011050194501876831e-02
-7.020782679319381714e-03
-1.853926572948694229e-03
3.538329899311065674e-02
6.753417104482650757e-02
-3.534634411334991455e-02
-7.653370499610900879e-02
-5.284931883215904236e-02
-4.672057181596755981e-02
5.635939538478851318e-02
-1.206936165690422058e-01
6.084967032074928284e-02
1.547118183225393295e-02
8.746285922825336456e-03
-4.939151182770729065e-02
1.008043065667152405e-01
-5.442627146840095520e-02
-3.712221980094909668e-02
-1.167035102844238281e-02
-3.149975463747978210e-02
-5.519147962331771851e-02
3.390441462397575378e-02
8.333823084831237793e-02
4.877917841076850891e-02
1.449805591255426407e-02
-2.200019545853137970e-02
7.880475372076034546e-02
5.388024821877479553e-02
-5.534868314862251282e-02
4.808961972594261169e-02
-5.493589676916599274e-03
1.157171651721000671e-02
-1.112110242247581482e-01
1.833318173885345459e-02
6.073169037699699402e-02
2.877200581133365631e-02
8.628778904676437378e-02
-6.056249886751174927e-02
1.082987710833549500e-01
4.501662403345108032e-02
-8.514920249581336975e-03
1.865280210040509701e-03
2.388683333992958069e-02
-7.068939507007598877e-02
2.885399013757705688e-02
-5.939469113945960999e-02
-2.755635231733322144e-02
2.521685138344764709e-02
-6.313826888799667358e-02
5.859940499067306519e-02
-3.777421265840530396e-02
7.908917218446731567e-02
4.497778415679931641e-02
-5.424844473600387573e-02
-1.927848160266876221e-02
-1.106353104114532471e-02
-3.006151132285594940e-02
4.471811931580305099e-03
1.889873482286930084e-02
-1.870134100317955017e-02
1.109284628182649612e-02
9.670265950262546539e-03
-2.554756775498390198e-02
-3.661733120679855347e-02
2.496265806257724762e-03
-4.456171020865440369e-02
-3.205890953540802002e-02
5.978190898895263672e-02
-7.998801767826080322e-02
-6.239304319024085999e-02
-2.290503121912479401e-02
7.041889429092407227e-02
-1.292475610971450806e-01
1.105086579918861389e-01
7.135039567947387695e-02
1.779699027538299561e-01
4.032051935791969299e-02
1.041034534573554993e-01
-4.872581735253334045e-02
-1.527139730751514435e-02
-5.059227347373962402e-02
2.564438991248607635e-02
-1.316396892070770264e-01
-1.514504011720418930e-02
-4.798811674118041992e-02
5.641999468207359314e-02
7.524633780121803284e-03
2.738504437729716301e-03
-1.199842803180217743e-02
-2.064225636422634125e-02
-2.897183969616889954e-02
7.115607708692550659e-02
-7.984435558319091797e-02
6.534404587000608444e-03
-1.068201102316379547e-02
3.561859577894210815e-02
3.754709661006927490e-02
-1.031753607094287872e-02
6.992838531732559204e-02
8.032508194446563721e-02
5.013322923332452774e-03
-9.703992307186126709e-02
-1.873770914971828461e-02
-6.338880211114883423e-02
-1.294478476047515869e-01
6.591416150331497192e-02
1.959272660315036774e-02
-6.639515981078147888e-03
2.619555778801441193e-02
-1.387519985437393188e-01
8.162386715412139893e-02
-1.494482755661010742e-01
-2.541004680097103119e-02
4.902158305048942566e-02
6.945466995239257812e-02
-1.533842384815216064e-01
-5.677448958158493042e-02
-2.692139334976673126e-02
5.895819514989852905e-02
-1.060361322015523911e-02
9.137961268424987793e-02
1.612263917922973633e-01
-1.134898215532302856e-01
-7.758726179599761963e-02
-5.034654401242733002e-03
-3.457149863243103027e-02
1.165468245744705200e-01
-5.328677967190742493e-02
1.029733195900917053e-01
