-7.497239112854003906e-02
-4.984711855649948120e-02
5.763479694724082947e-02
-4.022261872887611389e-02
-1.508713513612747192e-02
5.920124799013137817e-02
2.577482536435127258e-02
-7.163953036069869995e-02
8.053620159626007080e-02
4.364309087395668030e-02
-7.707272469997406006e-02
-4.713600128889083862e-02
8.585011959075927734e-02
-7.915165275335311890e-03
1.237162388861179352e-02
4.850250482559204102e-02
3.151084110140800476e-02
-7.253752648830413818e-02
6.653903517872095108e-03
4.941914603114128113e-02
6.648766249418258667e-02
4.140317440032958984e-03
-1.346260868012905121e-02
-2.447493746876716614e-02
3.019194677472114563e-02
-2.155499905347824097e-02
2.801434323191642761e-02
-2.789696119725704193e-02
-1.680193394422531128e-01
-6.384055130183696747e-03
-3.567125648260116577e-02
-1.048176288604736328e-01
6.948478985577821732e-04
1.179701983928680420e-01
7.180158863775432110e-04
-2.549548819661140442e-02
-8.841170370578765869e-02
5.131727550178766251e-03
-8.637565188109874725e-03
2.966706268489360809e-02
-2.010201849043369293e-02
-5.250543728470802307e-02
2.000638842582702637e-02
-8.567524701356887817e-02
1.254412829875946045e-01
1.026013195514678955e-01
6.372286379337310791e-02
1.966695301234722137e-03
-9.436714649200439453e-02
-8.056637644767761230e-02
-6.109670922160148621e-02
1.466144770383834839e-01
-2.888398431241512299e-02
6.850320100784301758e-02
9.696086496114730835e-02
-3.034734353423118591e-02
-4.240556806325912476e-02
1.987904310226440430e-02
4.401830211281776428e-02
-1.038966514170169830e-02
4.608372971415519714e-02
-3.147910907864570618e-02
9.718613326549530029e-02
-1.660757660865783691e-01
-1.560337375849485397e-02
-7.721924688667058945e-03
-2.990417554974555969e-02
5.317941680550575256e-02
-1.995013095438480377e-02
-2.645753696560859680e-02
2.725552208721637726e-02
-3.637601062655448914e-02
-2.760288305580615997e-02
6.151297688484191895e-02
2.164295129477977753e-02
-2.242961339652538300e-02
1.590242236852645874e-02
5.018134787678718567e-02
-7.324276119470596313e-02
7.821670174598693848e-02
-7.203061133623123169e-02
3.188775852322578430e-02
3.388190269470214844e-02
-1.410286724567413330e-01
-7.608111947774887085e-02
-1.666657626628875732e-02
3.737641125917434692e-02
9.842518717050552368e-02
-7.972397841513156891e-03
-4.746748879551887512e-02
1.704438216984272003e-02
2.786798961460590363e-02
-9.901938587427139282e-02
7.477683573961257935e-02
-1.207173839211463928e-01
-6.093234755098819733e-03
-1.014874428510665894e-01
3.461143746972084045e-02
1.200394518673419952e-02
-6.059703882783651352e-03
-9.350430965423583984e-02
-3.725051507353782654e-02
-3.734467923641204834e-02
5.613593384623527527e-02
-1.520173903554677963e-02
-3.249713778495788574e-02
7.779402285814285278e-02
1.649956405162811279e-02
5.053469538688659668e-02
-9.613987058401107788e-03
-8.070714771747589111e-02
3.987111151218414307e-02
-4.949614033102989197e-02
-3.468904644250869751e-02
-1.074988096952438354e-01
-3.527123481035232544e-02
3.285706415772438049e-02
-5.952115356922149658e-02
-5.763732828199863434e-03
8.226266503334045410e-02
4.743350297212600708e-02
-6.490460783243179321e-02
-1.713309809565544128e-02
-1.707088761031627655e-02
2.585131861269474030e-02
7.887089252471923828e-02
-3.872200846672058105e-02
-1.075646281242370605e-01
-3.039625473320484161e-02
-3.351129218935966492e-02
1.052519399672746658e-02
-8.357723802328109741e-02
5.568805709481239319e-02
1.976527459919452667e-02
1.797240041196346283e-02
-5.143323913216590881e-02
9.737257659435272217e-02
-3.948844224214553833e-02
-2.223136834800243378e-02
-4.871433600783348083e-03
-1.630213460884988308e-03
-4.820199683308601379e-02
6.615964323282241821e-02
6.912716478109359741e-02
4.955445975065231323e-02
1.411581598222255707e-02
-6.421966943889856339e-03
8.374968171119689941e-02
5.414989590644836426e-02
-3.292014822363853455e-02
3.892104327678680420e-02
-1.089779380708932877e-02
7.333734538406133652e-04
-9.377462416887283325e-02
2.083890140056610107e-02
7.872564345598220825e-02
2.478111162781715393e-02
8.524979650974273682e-02
-6.019910052418708801e-02
1.070263236761093140e-01
5.944470688700675964e-02
-4.007251467555761337e-03
2.601673454046249390e-02
1.305893063545227051e-02
-4.275872558355331421e-02
3.291866555809974670e-02
-4.221611097455024719e-02
-3.602275252342224121e-02
3.376920521259307861e-02
-6.461972743272781372e-02
6.203999370336532593e-02
-5.524012818932533264e-02
6.965234130620956421e-02
4.775990545749664307e-02
-6.406743079423904419e-02
-2.211228758096694946e-02
-2.792507037520408630e-02
-9.345594793558120728e-03
-2.020865213125944138e-03
2.184814773499965668e-02
-1.566718146204948425e-02
-2.295376546680927277e-02
4.277386143803596497e-02
-4.458907991647720337e-02
-3.258176892995834351e-02
2.056243643164634705e-02
-2.191283553838729858e-02
-2.325555868446826935e-02
6.683184206485748291e-02
-6.702014803886413574e-02
-2.976438030600547791e-02
-3.810828179121017456e-02
5.813913419842720032e-02
-1.249304637312889099e-01
1.055385917425155640e-01
7.330028712749481201e-02
1.487138718366622925e-01
6.630725413560867310e-02
8.791137486696243286e-02
-2.314778417348861694e-02
-1.034752186387777328e-02
-2.530607581138610840e-02
3.484959527850151062e-02
-1.421076208353042603e-01
-7.402258459478616714e-03
-4.412246868014335632e-02
5.225947499275207520e-02
1.710918499156832695e-03
-1.657238602638244629e-02
-2.320224046707153320e-02
3.945143893361091614e-03
-3.027012944221496582e-02
7.392814755439758301e-02
-8.197300881147384644e-02
2.254951745271682739e-02
3.148914780467748642e-03
4.006253182888031006e-02
5.341337248682975769e-02
2.587938914075493813e-03
7.042800635099411011e-02
9.097976237535476685e-02
6.832536309957504272e-03
-7.365038990974426270e-02
-3.377756476402282715e-02
-5.805522948503494263e-02
-1.422927230596542358e-01
4.058884456753730774e-02
1.192873623222112656e-02
7.586211431771516800e-03
1.472056657075881958e-02
-1.718109846115112305e-01
8.748909085988998413e-02
-1.650421917438507080e-01
-4.374391213059425354e-02
3.936276957392692566e-02
8.299609273672103882e-02
-1.681489795446395874e-01
-5.874235928058624268e-02
-2.342889271676540375e-02
4.556898027658462524e-02
9.205917827785015106e-03
1.066673398017883301e-01
1.788789927959442139e-01
-1.408582329750061035e-01
-9.164334088563919067e-02
-2.081222459673881531e-02
-2.978318184614181519e-02
1.202187836170196533e-01
-4.441405087709426880e-02
1.307067871093750000e-01
