-2.332691848278045654e-02
-2.567909285426139832e-02
-6.048505380749702454e-02
7.324886508285999298e-03
-1.019417494535446167e-01
-8.649741299450397491e-03
6.775318831205368042e-02
7.678775116801261902e-03
5.508607625961303711e-02
4.302579909563064575e-02
7.452148944139480591e-02
-5.802857503294944763e-02
8.427284657955169678e-02
6.721746176481246948e-02
4.653172567486763000e-03
1.030373480170965195e-02
1.624315232038497925e-02
5.427835043519735336e-03
-7.066005468368530273e-02
6.420890986919403076e-02
1.695365458726882935e-02
1.000751554965972900e-02
-3.017156943678855896e-02
-2.532217092812061310e-02
2.698027156293392181e-02
-1.937086880207061768e-02
9.737671352922916412e-03
4.097404889762401581e-03
-1.294355690479278564e-01
1.912104524672031403e-02
2.116273902356624603e-02
-7.130059599876403809e-02
-5.173626542091369629e-02
1.196362972259521484e-01
5.204921960830688477e-02
2.563866227865219116e-02
-9.456157684326171875e-02
-2.055839076638221741e-02
1.356206554919481277e-02
7.590672373771667480e-02
5.373784154653549194e-02
-4.635605588555335999e-02
-5.679522175341844559e-03
-7.087120413780212402e-02
2.370191812515258789e-01
3.658548742532730103e-02
8.273927867412567139e-02
4.350528493523597717e-02
-9.582140296697616577e-02
-1.137801110744476318e-01
-1.221090629696846008e-01
7.808484137058258057e-02
-1.657758094370365143e-02
8.862090110778808594e-02
9.810297191143035889e-02
-7.847814261913299561e-02
-2.789459936320781708e-02
-2.149933949112892151e-02
5.761470645666122437e-03
-7.144062966108322144e-02
7.379001379013061523e-02
-5.253488570451736450e-02
7.271315157413482666e-02
-7.944248616695404053e-02
-3.141704574227333069e-02
2.758394367992877960e-02
-9.960981551557779312e-04
-7.359544187784194946e-02
2.278414182364940643e-02
5.764843896031379700e-02
3.371262177824974060e-02
-7.673876360058784485e-03
-1.278369277715682983e-01
7.300182711333036423e-03
1.350655104033648968e-03
-1.222285106778144836e-01
-1.351490709930658340e-02
3.516108542680740356e-02
-3.389009833335876465e-02
5.639432370662689209e-02
1.847982406616210938e-02
4.177542869001626968e-03
-9.113709442317485809e-03
-1.250536143779754639e-01
2.176319994032382965e-02
-6.726463139057159424e-02
3.111558780074119568e-02
1.226997264893725514e-04
-5.287165567278862000e-02
-3.469824790954589844e-02
-7.388529181480407715e-02
8.532427251338958740e-02
-8.471092581748962402e-02
8.425597846508026123e-02
-5.595511570572853088e-02
-1.335792988538742065e-02
-5.961691215634346008e-02
-5.138230696320533752e-02
3.132498264312744141e-02
-1.572422683238983154e-02
-1.218195259571075439e-02
-4.454832524061203003e-02
-2.635807730257511139e-02
6.229756772518157959e-02
3.171747922897338867e-02
-1.845028065145015717e-02
2.560809627175331116e-02
6.955566257238388062e-02
1.578269004821777344e-01
-1.333589479327201843e-02
-5.446540564298629761e-02
9.347259253263473511e-02
-5.642637610435485840e-02
-2.085368148982524872e-02
-7.949016988277435303e-02
-1.340444199740886688e-02
-9.048956632614135742e-02
-5.009914189577102661e-02
-2.498986665159463882e-03
2.831877209246158600e-03
6.742974277585744858e-03
-6.117317453026771545e-02
9.085833281278610229e-02
-1.008119881153106689e-01
3.976883739233016968e-02
2.973257377743721008e-02
2.557109808549284935e-03
-4.521576315164566040e-02
-3.291876986622810364e-02
-1.378772500902414322e-02
3.249112144112586975e-02
-1.370422542095184326e-01
-1.071203220635652542e-02
-3.586368262767791748e-02
8.293414488434791565e-03
5.595680791884660721e-03
3.914064168930053711e-02
-9.507622569799423218e-02
-7.750705629587173462e-02
3.339781984686851501e-02
-8.084617555141448975e-02
-3.043831326067447662e-03
3.964663669466972351e-02
4.328177776187658310e-03
-9.921940043568611145e-03
2.785699628293514252e-02
2.078830078244209290e-02
-9.114120621234178543e-04
-1.338464301079511642e-02
4.677660763263702393e-03
5.407071113586425781e-02
-4.424842819571495056e-02
-7.650465518236160278e-02
-1.253329962491989136e-01
3.442835807800292969e-02
-3.823607414960861206e-02
1.120909024029970169e-02
1.451720893383026123e-01
-2.401528507471084595e-02
2.755012921988964081e-02
2.453995868563652039e-02
6.665641814470291138e-02
5.169520527124404907e-02
1.037824079394340515e-01
-5.471827089786529541e-02
4.520555958151817322e-02
-8.091989904642105103e-02
-9.264623373746871948e-02
9.648432955145835876e-03
-1.146006807684898376e-01
1.062378212809562683e-01
-4.185056313872337341e-02
7.616236060857772827e-02
9.511375427246093750e-02
4.822115879505872726e-03
-5.008204607293009758e-04
7.683152705430984497e-02
-4.646998271346092224e-02
-8.488138206303119659e-03
-2.674214541912078857e-03
-5.313092377036809921e-03
-4.533392563462257385e-02
-7.095831446349620819e-03
-7.248491514474153519e-03
-2.543301507830619812e-02
-6.340593099594116211e-03
-8.900706470012664795e-02
-1.355179250240325928e-01
8.257709443569183350e-02
-3.377509117126464844e-02
-9.668555110692977905e-02
-5.794282536953687668e-03
2.501897141337394714e-02
-1.506363898515701294e-01
5.031067132949829102e-02
5.916417390108108521e-02
6.032109633088111877e-02
4.097514972090721130e-02
1.336702108383178711e-01
-7.694800198078155518e-02
3.922778740525245667e-02
-3.447233512997627258e-02
2.370294742286205292e-02
-7.063398510217666626e-02
3.310580179095268250e-02
-3.558444557711482048e-03
1.073727756738662720e-02
-4.829132556915283203e-02
-6.919173151254653931e-02
-1.007152535021305084e-02
1.071190554648637772e-02
-3.189263492822647095e-02
5.195993930101394653e-02
-9.658574312925338745e-02
7.811717689037322998e-02
-9.907171130180358887e-03
7.043409347534179688e-02
1.290441453456878662e-01
7.792733609676361084e-03
2.780058793723583221e-02
6.198767200112342834e-02
-3.548195958137512207e-02
-5.358197540044784546e-02
1.063483115285634995e-02
2.489071711897850037e-02
-2.913607284426689148e-02
-3.206082060933113098e-02
4.343323409557342529e-03
-8.600205183029174805e-03
3.093188256025314331e-02
3.329450264573097229e-02
1.036619246006011963e-01
-2.402213960886001587e-02
-1.179646607488393784e-02
6.379756331443786621e-02
1.119959130883216858e-01
-9.819786995649337769e-02
-6.532084941864013672e-02
-5.844424292445182800e-02
4.221386462450027466e-02
1.351618207991123199e-02
9.953796863555908203e-02
1.601645350456237793e-01
-5.179676413536071777e-02
-1.435879915952682495e-01
2.996105514466762543e-02
-6.959015130996704102e-02
1.539852619171142578e-01
-1.983076706528663635e-02
3.430229052901268005e-02
