-9.217745065689086914e-02
-5.273255705833435059e-02
6.264862418174743652e-02
-4.530813544988632202e-02
-2.368853613734245300e-02
6.515184789896011353e-02
2.503219805657863617e-02
-9.286174923181533813e-02
9.969723224639892578e-02
4.768131300806999207e-02
-9.432692080736160278e-02
-4.886260256171226501e-02
1.028426438570022583e-01
-8.749180473387241364e-03
1.244336739182472229e-02
4.068828746676445007e-02
2.749848552048206329e-02
-8.188119530677795410e-02
2.223374880850315094e-02
5.009689182043075562e-02
6.941841542720794678e-02
-1.253046939382329583e-04
-1.944765821099281311e-02
-1.928182318806648254e-02
4.080110788345336914e-02
-1.339071802794933319e-02
2.225455641746520996e-02
-3.702870756387710571e-02
-1.701955050230026245e-01
-1.378204487264156342e-02
-3.851506114006042480e-02
-9.815952926874160767e-02
8.217025548219680786e-03
1.242573931813240051e-01
-5.763900000602006912e-03
-4.125966504216194153e-02
-9.523843228816986084e-02
1.126563642174005508e-03
-3.490057773888111115e-03
2.715264819562435150e-02
-1.492694765329360962e-02
-4.753335192799568176e-02
1.492968201637268066e-02
-8.418579399585723877e-02
1.297689229249954224e-01
1.031818613409996033e-01
6.304363161325454712e-02
-1.547143096104264259e-03
-9.109219163656234741e-02
-7.596090435981750488e-02
-5.803456529974937439e-02
1.478228121995925903e-01
-3.081459924578666687e-02
7.310681045055389404e-02
9.682467579841613770e-02
-2.781758829951286316e-02
-4.358578845858573914e-02
2.363162115216255188e-02
4.529578611254692078e-02
-5.117987282574176788e-03
5.446229875087738037e-02
-2.721744589507579803e-02
9.925870597362518311e-02
-1.576001793146133423e-01
-3.293300280347466469e-03
-1.098611974157392979e-03
-4.666994139552116394e-02
5.907258763909339905e-02
-3.203334659337997437e-02
-3.152155876159667969e-02
2.395489625632762909e-02
-3.115673363208770752e-02
-1.630653068423271179e-02
6.705974042415618896e-02
2.280928380787372589e-02
-1.021066494286060333e-02
1.822065748274326324e-02
5.091417208313941956e-02
-7.081874459981918335e-02
6.971658021211624146e-02
-6.756784021854400635e-02
2.630784176290035248e-02
3.059547394514083862e-02
-1.368616670370101929e-01
-7.842790335416793823e-02
-7.323904428631067276e-03
4.444184899330139160e-02
1.017725616693496704e-01
-7.489317562431097031e-03
-4.317819327116012573e-02
1.841587387025356293e-02
1.780602335929870605e-02
-9.581738710403442383e-02
8.402907103300094604e-02
-1.121044754981994629e-01
-3.368925536051392555e-03
-9.473982453346252441e-02
3.964213654398918152e-02
8.748464286327362061e-03
-1.253118272870779037e-02
-8.516460657119750977e-02
-3.946978971362113953e-02
-3.577245771884918213e-02
3.669682890176773071e-02
-2.218699455261230469e-02
-4.007363319396972656e-02
8.414161950349807739e-02
1.682743988931179047e-02
4.563841968774795532e-02
-1.766359433531761169e-02
-7.759330421686172485e-02
3.706435859203338623e-02
-4.085001349449157715e-02
-3.698816895484924316e-02
-9.466327726840972900e-02
-2.622464671730995178e-02
3.630885854363441467e-02
-5.494433268904685974e-02
-5.175835103727877140e-04
8.920545130968093872e-02
4.339887946844100952e-02
-5.735182389616966248e-02
-2.663450501859188080e-02
2.287450246512889862e-03
2.240888960659503937e-02
7.030022144317626953e-02
-3.908959776163101196e-02
-1.022431701421737671e-01
-4.435750469565391541e-02
-3.389670327305793762e-02
1.962059922516345978e-02
-8.215960115194320679e-02
4.967069998383522034e-02
2.210139855742454529e-02
8.777937851846218109e-03
-5.250582844018936157e-02
8.898143470287322998e-02
-4.221120849251747131e-02
-2.618758194148540497e-02
-8.690703660249710083e-03
-4.848184529691934586e-03
-5.209186673164367676e-02
6.576120108366012573e-02
7.083340734243392944e-02
5.831483751535415649e-02
1.027170475572347641e-02
-1.968362368643283844e-02
7.239171117544174194e-02
6.058008596301078796e-02
-4.041447117924690247e-02
3.868050128221511841e-02
-9.779909625649452209e-03
1.614525681361556053e-03
-8.926182985305786133e-02
2.392288856208324432e-02
6.955618411302566528e-02
1.604651845991611481e-02
8.329918980598449707e-02
-5.763636156916618347e-02
1.032909229397773743e-01
5.163847282528877258e-02
-8.845509961247444153e-03
2.273267693817615509e-02
1.353588234633207321e-02
-5.132494866847991943e-02
3.275445848703384399e-02
-5.383272841572761536e-02
-3.155608847737312317e-02
2.373515255749225616e-02
-7.162085175514221191e-02
5.543475225567817688e-02
-6.006877496838569641e-02
7.298579066991806030e-02
4.771386831998825073e-02
-6.629458814859390259e-02
-3.154039382934570312e-02
-2.901530079543590546e-02
-1.858545094728469849e-02
5.232846364378929138e-03
2.715287730097770691e-02
-1.607688888907432556e-02
-9.341501630842685699e-03
4.057344794273376465e-02
-4.182713851332664490e-02
-3.846086189150810242e-02
2.424664981663227081e-02
-3.006676398217678070e-02
-1.621264033019542694e-02
6.497678160667419434e-02
-6.556074321269989014e-02
-2.645926736295223236e-02
-3.985357284545898438e-02
5.949203297495841980e-02
-1.275911629199981689e-01
1.181292906403541565e-01
7.010524719953536987e-02
1.661360710859298706e-01
6.450507789850234985e-02
9.006204456090927124e-02
-3.873639553785324097e-02
-1.348966639488935471e-02
-2.121442370116710663e-02
3.165174275636672974e-02
-1.463125646114349365e-01
-9.399317204952239990e-03
-3.831906244158744812e-02
5.381330847740173340e-02
3.373469691723585129e-03
-1.619752869009971619e-02
-1.875400356948375702e-02
-3.425801696721464396e-04
-3.338751196861267090e-02
7.283429056406021118e-02
-8.743217587471008301e-02
1.885268278419971466e-02
-1.731486059725284576e-03
4.165698215365409851e-02
4.798709973692893982e-02
1.691190758720040321e-03
7.339897751808166504e-02
9.717656672000885010e-02
3.217531484551727772e-04
-7.972951978445053101e-02
-3.749254718422889709e-02
-6.613903492689132690e-02
-1.470688283443450928e-01
4.598595947027206421e-02
1.724447682499885559e-02
4.932326730340719223e-03
6.261922884732484818e-03
-1.659148931503295898e-01
7.766925543546676636e-02
-1.531245261430740356e-01
-3.813139721751213074e-02
4.024109616875648499e-02
7.085143774747848511e-02
-1.602492630481719971e-01
-5.976051464676856995e-02
-1.843386329710483551e-02
5.104713141918182373e-02
4.617378115653991699e-03
9.029617160558700562e-02
1.707164049148559570e-01
-1.268037855625152588e-01
-9.451868385076522827e-02
-1.434827875345945358e-02
-2.939087711274623871e-02
1.107374727725982666e-01
-4.513751715421676636e-02
1.250130087137222290e-01
