-4.955995455384254456e-02
-9.335106238722801208e-03
5.924270302057266235e-02
4.148902371525764465e-03
4.554211162030696869e-03
4.301415383815765381e-02
5.120672285556793213e-02
-6.616391241550445557e-02
1.006018221378326416e-01
5.217635259032249451e-02
-5.027480795979499817e-02
-1.983201317489147186e-02
6.617632508277893066e-02
1.069568097591400146e-02
-5.968165025115013123e-02
-7.150312419980764389e-03
-7.254501688294112682e-04
-4.004958644509315491e-02
-3.151338081806898117e-03
5.156458169221878052e-02
8.133337646722793579e-02
1.783679798245429993e-02
4.480286967009305954e-03
-2.599959820508956909e-02
3.738474473357200623e-02
4.805723205208778381e-03
-2.035680413246154785e-02
-6.903014332056045532e-02
-1.370177716016769409e-01
-3.407189249992370605e-02
-6.615806370973587036e-02
-7.549203932285308838e-02
6.572546809911727905e-02
9.468659758567810059e-02
1.416184846311807632e-02
-7.250902801752090454e-02
-7.658386975526809692e-02
-1.372554339468479156e-02
-5.917166173458099365e-02
2.102384343743324280e-02
8.108031935989856720e-03
-2.508904784917831421e-02
-3.085344564169645309e-03
-6.799240410327911377e-02
5.380686745047569275e-02
1.130668893456459045e-01
3.546081110835075378e-02
2.919745864346623421e-03
-9.311901777982711792e-02
-9.274138137698173523e-03
7.360401097685098648e-03
1.617940217256546021e-01
-1.762473955750465393e-02
1.885106042027473450e-02
1.131853535771369934e-01
2.070615999400615692e-03
-2.392696961760520935e-02
-2.302580326795578003e-02
4.798967391252517700e-02
-2.419035881757736206e-02
-1.697447296464815736e-04
5.129468068480491638e-02
6.254907697439193726e-02
-1.308753490447998047e-01
-8.596085011959075928e-03
4.637819249182939529e-03
-5.620878189802169800e-02
8.306541293859481812e-02
-7.680752128362655640e-02
-2.313867397606372833e-02
-5.272946506738662720e-02
-3.530566766858100891e-02
3.339692205190658569e-02
8.795493096113204956e-02
1.825685612857341766e-02
3.102662973105907440e-03
3.140432760119438171e-02
4.535840451717376709e-02
-6.357104331254959106e-02
3.361420705914497375e-02
-7.078091055154800415e-02
2.612366527318954468e-02
2.539177425205707550e-02
-1.099264398217201233e-01
-6.906980276107788086e-02
2.535726688802242279e-02
5.138997361063957214e-02
7.227755337953567505e-02
-2.700191922485828400e-02
-2.595652826130390167e-03
9.895343333482742310e-03
-1.963944360613822937e-02
-6.180872023105621338e-02
4.655186831951141357e-02
-1.087000891566276550e-01
2.626649849116802216e-02
-8.837262541055679321e-02
7.270839065313339233e-02
-3.975868597626686096e-02
-7.838444784283638000e-03
-6.219401210546493530e-02
-3.009718284010887146e-02
1.726312749087810516e-02
4.471685737371444702e-02
-2.909310162067413330e-02
-4.038383439183235168e-02
7.181827723979949951e-02
1.788808591663837433e-02
2.369470428675413132e-03
-2.788346493616700172e-03
-9.000459313392639160e-02
4.013526812195777893e-02
-5.032413452863693237e-02
-4.441915825009346008e-02
-1.133706569671630859e-01
-1.738402061164379120e-02
8.056519180536270142e-02
-8.588322997093200684e-02
1.416703965514898300e-02
1.279733926057815552e-01
6.136010214686393738e-02
-7.543391734361648560e-02
-3.803185001015663147e-02
9.294859133660793304e-03
5.559455975890159607e-02
6.046123057603836060e-02
-2.581459656357765198e-02
-8.991263806819915771e-02
-4.552482441067695618e-02
-4.704156145453453064e-02
6.498481333255767822e-02
-7.109545916318893433e-02
6.710351258516311646e-02
8.601158112287521362e-02
-2.459269575774669647e-02
-6.368396431207656860e-02
1.413982212543487549e-01
-7.779657840728759766e-02
-4.085251130163669586e-03
-1.898411475121974945e-02
6.977535318583250046e-03
-4.005933180451393127e-02
5.200568214058876038e-02
4.883115366101264954e-02
5.676464736461639404e-02
2.807180583477020264e-02
-1.511862874031066895e-02
5.759669095277786255e-02
5.487954244017601013e-02
-1.020637303590774536e-01
6.392543762922286987e-02
-3.989329270552843809e-04
1.090338360518217087e-02
-3.645885363221168518e-02
2.760837227106094360e-02
5.693568661808967590e-02
4.041341692209243774e-02
9.066773205995559692e-02
-6.818360090255737305e-02
1.100917756557464600e-01
5.011836439371109009e-02
1.910110877361148596e-04
3.067239373922348022e-02
-1.870318874716758728e-02
-6.093516573309898376e-02
1.962123624980449677e-02
6.206495687365531921e-03
-2.610509842634201050e-02
3.618060424923896790e-02
-6.459614634513854980e-02
4.636083170771598816e-02
-4.462166875600814819e-02
6.767939031124114990e-02
5.344694852828979492e-02
-1.282991170883178711e-01
-1.980881392955780029e-02
-6.590057909488677979e-02
5.327171646058559418e-03
3.341595456004142761e-02
-1.091754157096147537e-02
-3.769105672836303711e-02
-3.290268033742904663e-02
3.241129219532012939e-02
-3.438373282551765442e-02
-6.148584559559822083e-02
2.124766446650028229e-02
-2.577479742467403412e-02
3.804902732372283936e-02
5.163859575986862183e-02
-9.225702285766601562e-02
-2.237260900437831879e-02
-5.974514037370681763e-02
5.021445453166961670e-02
-8.076409250497817993e-02
1.124239638447761536e-01
5.676758289337158203e-02
2.133494168519973755e-01
3.614479303359985352e-02
6.563136726617813110e-02
-5.877972021698951721e-02
-4.422349482774734497e-02
-3.270069882273674011e-02
4.975171294063329697e-03
-1.378617882728576660e-01
5.468088202178478241e-03
4.972502123564481735e-03
5.460140854120254517e-02
2.804842405021190643e-02
-2.728571370244026184e-02
-3.740042820572853088e-02
-1.791056990623474121e-02
-4.614081978797912598e-02
8.135178685188293457e-02
-9.457260370254516602e-02
4.909651819616556168e-03
2.897587046027183533e-02
2.439562464132905006e-03
3.816919028759002686e-02
5.440968275070190430e-02
1.218694597482681274e-01
1.247918009757995605e-01
1.765079796314239502e-02
-6.514616310596466064e-02
-5.316132679581642151e-02
-9.344933927059173584e-02
-1.387246698141098022e-01
8.176385611295700073e-02
2.685984145500697196e-05
1.234606839716434479e-02
-7.991586811840534210e-03
-1.433851867914199829e-01
6.891510635614395142e-02
-1.616222560405731201e-01
-3.443350642919540405e-02
2.804508619010448456e-02
1.064019203186035156e-01
-1.302055120468139648e-01
-6.497806310653686523e-02
-6.504391785711050034e-03
2.714055776596069336e-02
-1.503370469436049461e-03
1.570771485567092896e-01
1.632959395647048950e-01
-9.517394006252288818e-02
-7.032261788845062256e-02
-2.674092166125774384e-02
-3.114255517721176147e-02
1.010534539818763733e-01
-2.056538686156272888e-02
1.387969553470611572e-01
