-2.050671726465225220e-02
-4.745412617921829224e-03
-3.087854757905006409e-02
-1.500130631029605865e-02
-2.816483937203884125e-02
1.066616270691156387e-02
5.420779809355735779e-02
-3.482052311301231384e-02
1.205463036894798279e-01
4.236621782183647156e-02
2.931048162281513214e-02
-6.648173928260803223e-02
8.716682344675064087e-02
2.453876286745071411e-02
-2.343029715120792389e-02
4.636084660887718201e-02
3.323975205421447754e-02
-4.197806119918823242e-02
2.277771383523941040e-02
2.849050238728523254e-02
9.815728291869163513e-03
2.858231216669082642e-02
-1.314282324165105820e-02
-7.745756953954696655e-02
1.013817824423313141e-02
5.208456888794898987e-03
2.319128811359405518e-02
-4.546722024679183960e-02
-1.238420456647872925e-01
1.719176396727561951e-02
-2.182426303625106812e-02
-9.602765738964080811e-02
-4.213358461856842041e-02
1.132109090685844421e-01
3.119514696300029755e-02
-3.188316524028778076e-02
-9.046474099159240723e-02
-2.343443222343921661e-02
-2.380079030990600586e-02
5.923600494861602783e-02
1.763805188238620758e-02
-1.998898386955261230e-02
-1.668773707933723927e-03
-7.931675016880035400e-02
1.499691456556320190e-01
3.868849575519561768e-02
8.456317335367202759e-02
2.402946352958679199e-02
-2.307109162211418152e-02
-3.790493309497833252e-02
-4.938386753201484680e-02
1.016784831881523132e-01
3.468900173902511597e-02
5.150142684578895569e-02
8.069023489952087402e-02
-5.277671385556459427e-03
-6.283330917358398438e-02
-1.670300960540771484e-02
4.110905528068542480e-02
-5.570956692099571228e-02
4.270914196968078613e-02
-2.525869943201541901e-02
6.623512506484985352e-02
-1.021428629755973816e-01
-2.749573625624179840e-02
2.402853034436702728e-02
4.850501660257577896e-03
-4.425945505499839783e-02
1.485945098102092743e-02
1.523188687860965729e-02
7.129237055778503418e-03
-4.257268831133842468e-02
-5.235939845442771912e-02
-1.094633620232343674e-02
3.741097822785377502e-02
-4.733166471123695374e-02
-8.952028118073940277e-03
-5.308138206601142883e-03
-3.052608855068683624e-02
2.767796069383621216e-02
-5.355307366698980331e-03
2.831819839775562286e-02
-1.102377893403172493e-03
-8.639959990978240967e-02
1.910499855875968933e-02
-3.181462362408638000e-02
-1.382381073199212551e-03
5.940424744039773941e-03
-2.976551838219165802e-02
-2.995978482067584991e-02
-1.967304758727550507e-02
9.805590659379959106e-02
-6.120527535676956177e-02
3.519324585795402527e-02
-2.565280534327030182e-02
3.937741275876760483e-03
-1.011818572878837585e-01
1.564582251012325287e-02
-1.337476656772196293e-03
-1.535761728882789612e-02
-6.629867106676101685e-02
-5.216034129261970520e-02
-2.924502640962600708e-02
6.282180547714233398e-02
1.058150269091129303e-02
-2.063869871199131012e-02
2.375285886228084564e-02
7.276656478643417358e-02
9.762322902679443359e-02
1.008525397628545761e-02
-6.020213663578033447e-02
4.704628884792327881e-02
-6.178097054362297058e-02
-4.134470969438552856e-02
-4.443094506859779358e-02
-1.449761074036359787e-02
-2.744593657553195953e-02
-5.640645697712898254e-02
2.940561808645725250e-02
4.956357181072235107e-02
5.484890192747116089e-03
-5.557743459939956665e-02
1.675089448690414429e-02
-7.459733635187149048e-02
3.362050652503967285e-02
3.599577397108078003e-02
9.704042226076126099e-03
-3.282963111996650696e-02
-3.593356162309646606e-02
-3.041002713143825531e-02
1.428150571882724762e-02
-9.678579121828079224e-02
2.863954193890094757e-02
-5.107467994093894958e-03
1.577788032591342926e-02
-2.323522791266441345e-02
6.429718434810638428e-02
-8.421190828084945679e-02
-7.651796191930770874e-02
-2.269303426146507263e-02
-5.882235988974571228e-02
-3.449342772364616394e-02
1.986026391386985779e-02
4.325113259255886078e-03
3.107275627553462982e-02
3.059611283242702484e-02
3.223100677132606506e-02
-3.967483993619680405e-03
7.405252009630203247e-02
-4.609384760260581970e-02
5.165554210543632507e-02
3.408341109752655029e-02
-3.578554838895797729e-02
-7.107882946729660034e-02
1.338293403387069702e-02
-3.982558846473693848e-02
-1.665697433054447174e-02
8.505245298147201538e-02
8.023937232792377472e-03
9.709015488624572754e-02
4.292673990130424500e-02
1.340614818036556244e-02
-1.509923953562974930e-02
6.402311474084854126e-02
-6.935959309339523315e-02
4.989400506019592285e-03
-9.060264378786087036e-02
-4.347225278615951538e-02
3.055003657937049866e-02
-9.062950313091278076e-02
1.595036499202251434e-02
-2.267846651375293732e-02
9.534420818090438843e-02
8.717469871044158936e-02
-3.717058524489402771e-02
-1.099455635994672775e-02
2.492385357618331909e-02
-2.817679755389690399e-02
1.702970266342163086e-02
1.858844608068466187e-02
-8.033775724470615387e-03
-2.740516792982816696e-03
1.595046138390898705e-03
5.807556677609682083e-03
-5.422561988234519958e-02
-1.622320711612701416e-02
-3.682621195912361145e-02
-8.352944254875183105e-02
5.543475598096847534e-02
-3.142426535487174988e-02
-1.060680001974105835e-01
-5.858488380908966064e-03
9.870699048042297363e-02
-1.717507988214492798e-01
1.125913634896278381e-01
6.210353597998619080e-02
1.921539306640625000e-01
2.482157386839389801e-02
1.578263342380523682e-01
-6.010791659355163574e-02
2.477796934545040131e-02
-7.221955806016921997e-02
3.847615420818328857e-02
-1.399067044258117676e-01
-2.760568633675575256e-02
-1.494351681321859360e-02
7.133439928293228149e-02
-5.055457726120948792e-02
-3.925970196723937988e-02
-3.528428450226783752e-02
-1.963413087651133537e-03
-2.186028100550174713e-02
7.428447157144546509e-02
-8.169984072446823120e-02
3.401751816272735596e-02
5.343045108020305634e-03
4.251638427376747131e-02
1.029789298772811890e-01
-8.026355877518653870e-03
8.416678756475448608e-02
8.492010831832885742e-02
-3.119419561699032784e-03
-7.945353537797927856e-02
-2.955510839819908142e-02
-4.064374044537544250e-02
-1.034092381596565247e-01
7.083737850189208984e-02
3.973530605435371399e-02
-1.072534825652837753e-02
3.482074290513992310e-02
-5.338399857282638550e-02
9.907566010951995850e-02
-1.200225949287414551e-01
-1.147342380136251450e-02
7.989449799060821533e-02
1.250662058591842651e-01
-1.826240867376327515e-01
-1.022329255938529968e-01
-9.228594601154327393e-02
8.603205531835556030e-02
-3.176806122064590454e-02
1.663497090339660645e-01
2.375550717115402222e-01
-1.127729266881942749e-01
-1.449052691459655762e-01
-1.189375948160886765e-02
-5.311208590865135193e-02
2.075646519660949707e-01
-1.608401536941528320e-02
1.801654249429702759e-01
