-6.111514195799827576e-02
2.070845477283000946e-02
-1.851626485586166382e-02
4.860752075910568237e-02
6.995988637208938599e-02
-2.399374730885028839e-02
3.127217665314674377e-02
3.303838148713111877e-02
4.885046556591987610e-02
2.153959125280380249e-02
-4.264144971966743469e-02
-2.014076523482799530e-02
4.808655066881328821e-04
-1.701500080525875092e-02
3.048984892666339874e-02
-8.512349426746368408e-02
2.515162155032157898e-02
-2.755078300833702087e-02
2.102725580334663391e-02
-9.370502084493637085e-03
4.025934264063835144e-02
-3.985052462667226791e-03
-2.172809839248657227e-02
6.752240657806396484e-02
5.855801049619913101e-03
-1.025882549583911896e-02
-5.151778832077980042e-02
6.159787625074386597e-02
-5.297666415572166443e-02
-8.811250329017639160e-03
-4.837843403220176697e-02
-5.410042405128479004e-02
5.958133190870285034e-02
8.029509335756301880e-02
-4.572354257106781006e-02
-6.414662301540374756e-02
-7.552932202816009521e-02
4.890460520982742310e-02
-7.390492409467697144e-02
2.770990505814552307e-02
-6.276063621044158936e-03
-4.306986927986145020e-02
-3.911560773849487305e-02
-6.341110169887542725e-02
8.989506214857101440e-02
2.176794707775115967e-01
9.443302452564239502e-02
-5.260008573532104492e-02
-5.796745419502258301e-02
-4.575445875525474548e-02
-1.383143709972500801e-03
1.707242131233215332e-01
-3.371953219175338745e-02
1.319523900747299194e-01
9.137270599603652954e-02
-5.197757855057716370e-02
-1.172234211117029190e-02
4.298600926995277405e-02
5.841033160686492920e-02
-6.587719917297363281e-02
3.113600797951221466e-02
-4.562125355005264282e-02
1.258437484502792358e-01
-1.650028824806213379e-01
1.560758333653211594e-02
4.121836274862289429e-02
-3.607952222228050232e-02
8.619928359985351562e-02
-7.578413933515548706e-02
-1.156916469335556030e-01
7.069932669401168823e-02
-2.311459556221961975e-02
2.437435463070869446e-02
1.119086593389511108e-01
-1.711848162813112140e-04
3.331376984715461731e-02
2.162753045558929443e-02
7.124781608581542969e-02
-4.631648212671279907e-02
5.609864369034767151e-02
-7.371670752763748169e-02
1.737172529101371765e-02
2.559369057416915894e-02
-8.014433085918426514e-02
-8.854008466005325317e-02
6.071842089295387268e-02
2.579858340322971344e-02
6.635023653507232666e-02
5.948783084750175476e-02
-9.157787263393402100e-02
4.293133318424224854e-02
-8.470851927995681763e-03
-2.150386199355125427e-02
1.099562570452690125e-01
-1.126868575811386108e-01
1.373377162963151932e-02
-4.370563477277755737e-02
4.067022725939750671e-02
-2.212848141789436340e-02
3.169010393321514130e-03
-2.621294558048248291e-02
-1.440259162336587906e-02
-2.686504012672230601e-05
-1.263245195150375366e-02
-1.436272822320461273e-02
4.130254965275526047e-03
1.142143830657005310e-01
-6.122144870460033417e-03
1.813518255949020386e-02
-1.988173695281147957e-03
-1.122446209192276001e-01
-3.678321838378906250e-03
-3.968577086925506592e-02
-7.801068574190139771e-02
-3.514394536614418030e-02
-3.791152313351631165e-02
1.025031059980392456e-01
3.134585916996002197e-02
-1.472961902618408203e-02
5.008491873741149902e-02
3.247270360589027405e-02
-3.426595032215118408e-02
-3.439624235033988953e-02
8.026109635829925537e-02
-1.132736913859844208e-02
1.987424306571483612e-02
-2.753017470240592957e-02
-7.908539474010467529e-02
2.548962598666548729e-03
-4.700190946459770203e-02
4.265233501791954041e-02
-1.177367568016052246e-01
4.328773170709609985e-02
5.177286267280578613e-02
2.605785243213176727e-02
-4.102192819118499756e-02
4.097205400466918945e-02
-1.387169677764177322e-02
5.030608549714088440e-02
5.843780934810638428e-02
9.533499367535114288e-03
-6.645322591066360474e-02
8.615675568580627441e-02
4.723580181598663330e-02
5.654826760292053223e-02
7.757123676128685474e-04
-3.545627743005752563e-02
1.357937753200531006e-01
2.994707226753234863e-02
-4.357476159930229187e-02
1.837762258946895599e-02
2.277682069689035416e-03
-3.884641081094741821e-02
-5.760769546031951904e-02
3.186748176813125610e-02
1.259887218475341797e-01
3.620402142405509949e-02
3.693463280797004700e-02
-4.039907827973365784e-02
9.919325262308120728e-02
1.164674852043390274e-02
-6.850481778383255005e-02
7.472051680088043213e-02
-3.627763316035270691e-02
-9.030790999531745911e-03
-9.635141119360923767e-03
2.506680786609649658e-02
-3.667630488052964211e-03
4.280497506260871887e-02
1.464537717401981354e-02
1.870357058942317963e-02
4.643542319536209106e-02
-5.450415611267089844e-02
2.141524106264114380e-02
-5.340779200196266174e-02
-3.593339351937174797e-03
-5.635082349181175232e-02
-1.938201300799846649e-02
8.336827158927917480e-03
5.522118881344795227e-02
1.797000132501125336e-02
-5.480924248695373535e-02
-4.668774455785751343e-02
-8.069600909948348999e-02
-8.952375501394271851e-03
-2.120557986199855804e-02
-4.246244579553604126e-02
3.213125467300415039e-02
1.127621531486511230e-02
-1.665706373751163483e-02
-4.306121729314327240e-03
-5.321398004889488220e-02
1.918887533247470856e-02
-1.219415515661239624e-01
9.685166180133819580e-02
5.931229516863822937e-02
2.099376916885375977e-01
1.849593408405780792e-02
2.510650828480720520e-02
-5.667082965373992920e-02
-2.432122081518173218e-02
-3.182145953178405762e-02
4.889092594385147095e-02
-1.070889085531234741e-01
-1.348964776843786240e-02
-9.891467541456222534e-02
7.274751365184783936e-02
8.075760304927825928e-02
1.642539910972118378e-02
1.906747557222843170e-02
-1.260640379041433334e-02
-2.664396353065967560e-02
4.247450828552246094e-02
-1.224875748157501221e-01
-3.069507889449596405e-02
-8.671185001730918884e-03
2.185488119721412659e-02
-4.799320176243782043e-02
-1.669353619217872620e-02
1.036616638302803040e-01
1.254652291536331177e-01
1.641787402331829071e-02
-1.009050235152244568e-01
-9.766510687768459320e-03
-4.340697079896926880e-02
-9.992606192827224731e-02
-5.441498477011919022e-03
-5.956111103296279907e-02
-1.255413889884948730e-02
6.223017349839210510e-02
-1.243446394801139832e-01
3.172040358185768127e-02
-1.364619731903076172e-01
1.052668318152427673e-02
4.318958520889282227e-02
3.311763703823089600e-02
-1.048804000020027161e-01
-3.718814998865127563e-02
3.311351407319307327e-03
8.751747757196426392e-02
-3.180678933858871460e-02
6.296793371438980103e-02
1.877085864543914795e-01
-1.165134087204933167e-01
-7.416497170925140381e-02
-1.955496519804000854e-02
-5.282462760806083679e-02
1.369580179452896118e-01
-8.461364358663558960e-02
1.569707244634628296e-01
