-1.255585849285125732e-01
-9.394221007823944092e-02
1.185958310961723328e-01
-7.923201471567153931e-02
-6.395186483860015869e-02
1.383415013551712036e-01
1.197405345737934113e-02
-1.572951078414916992e-01
1.251592338085174561e-01
5.391997843980789185e-02
-1.556350588798522949e-01
-8.331524580717086792e-02
1.794110387563705444e-01
-4.175535216927528381e-02
-8.084696717560291290e-03
7.002767175436019897e-02
2.102433331310749054e-02
-9.937508404254913330e-02
4.185422882437705994e-02
2.476410381495952606e-02
9.347753226757049561e-02
-4.108245670795440674e-02
1.364964898675680161e-02
-4.069252684712409973e-02
6.966394931077957153e-02
-1.028408948332071304e-02
1.670223474502563477e-02
-1.230159327387809753e-01
-1.713734418153762817e-01
-6.042136996984481812e-02
-7.379972189664840698e-02
-7.176646590232849121e-02
-2.265542559325695038e-02
1.318915337324142456e-01
2.105105295777320862e-02
-2.749312855303287506e-02
-6.632440537214279175e-02
-4.725214093923568726e-02
2.866747044026851654e-02
3.107780963182449341e-02
-8.207212202250957489e-03
-1.737082935869693756e-02
7.044970989227294922e-02
-5.763807520270347595e-02
7.412841171026229858e-02
2.745698951184749603e-02
4.343268927186727524e-03
-1.248060911893844604e-02
-6.210089102387428284e-02
-8.794483542442321777e-02
-4.260849580168724060e-02
5.165082216262817383e-02
-2.110756561160087585e-02
-9.264464490115642548e-03
5.191844701766967773e-02
2.382079325616359711e-02
-8.188864588737487793e-02
-2.021222934126853943e-02
3.503772243857383728e-02
5.395270138978958130e-02
5.230986699461936951e-02
1.945080049335956573e-02
2.430272847414016724e-02
-9.345309436321258545e-02
-2.394502982497215271e-03
-2.982882782816886902e-02
-4.281321913003921509e-02
3.757821395993232727e-02
-4.652920737862586975e-02
1.052282657474279404e-02
-3.720699250698089600e-02
-4.347382113337516785e-03
-1.879637874662876129e-02
5.479719489812850952e-02
2.304195612668991089e-02
3.575493022799491882e-02
3.881062939763069153e-02
2.714434824883937836e-02
-6.382635235786437988e-02
2.335472963750362396e-02
-4.328293725848197937e-02
2.521461062133312225e-02
9.022158570587635040e-03
-1.041555479168891907e-01
-3.627114370465278625e-02
-1.757944747805595398e-02
5.258139222860336304e-02
1.026056483387947083e-01
-5.098305270075798035e-02
1.031291112303733826e-02
2.486165054142475128e-02
-1.729476079344749451e-02
-9.058981388807296753e-02
1.428669318556785583e-03
-1.006009653210639954e-01
1.448504161089658737e-02
-8.080556243658065796e-02
1.956522092223167419e-02
-1.041474938392639160e-02
-2.381389215588569641e-02
-6.270715594291687012e-02
-1.375862024724483490e-02
-5.433756858110427856e-03
-1.038644462823867798e-02
-4.315794259309768677e-02
-7.038943469524383545e-02
6.191617995500564575e-02
-7.889114320278167725e-03
1.196273416280746460e-02
1.037037116475403309e-03
-9.667711332440376282e-03
2.148106321692466736e-02
9.142090566456317902e-03
6.281424313783645630e-03
-6.195979937911033630e-02
2.960038930177688599e-02
2.009611204266548157e-02
-7.268822193145751953e-02
-1.129111181944608688e-02
9.886825829744338989e-02
2.244834974408149719e-02
-1.853157393634319305e-02
-3.851097822189331055e-02
9.952581487596035004e-03
3.085123933851718903e-02
6.287235766649246216e-02
-5.393852293491363525e-02
-5.937793850898742676e-02
-1.052585542201995850e-01
1.143083162605762482e-02
2.955278009176254272e-02
-2.218311280012130737e-02
2.823117561638355255e-02
2.618812210857868195e-02
-9.982778690755367279e-03
-6.227158010005950928e-02
1.101487874984741211e-01
-5.133968591690063477e-02
-3.797478973865509033e-02
-7.323227077722549438e-02
1.846835017204284668e-03
-4.326927289366722107e-02
3.745119646191596985e-02
8.036135882139205933e-02
5.369702726602554321e-02
2.392478287220001221e-02
-3.300203010439872742e-02
-9.027196094393730164e-03
9.176395833492279053e-02
-9.385070204734802246e-02
7.847846299409866333e-02
-8.881644345819950104e-03
6.969474256038665771e-02
-6.569124758243560791e-02
4.597199149429798126e-03
1.525953784584999084e-02
-2.155517973005771637e-02
6.768205016851425171e-02
-4.063995927572250366e-02
6.855804473161697388e-02
1.847142726182937622e-02
1.966191641986370087e-02
8.780584670603275299e-03
-6.985260639339685440e-03
-7.061707228422164917e-02
3.740666434168815613e-02
-2.264671586453914642e-02
2.551556751132011414e-02
9.632697328925132751e-03
-8.031254261732101440e-02
-3.374167019501328468e-03
-7.322099059820175171e-02
7.919604331254959106e-02
1.159236114472150803e-02
-6.518262624740600586e-02
-5.493257939815521240e-02
-2.023205161094665527e-02
-5.588901787996292114e-02
-1.210889429785311222e-03
-1.148424227721989155e-03
-8.578440546989440918e-02
3.970319405198097229e-02
5.738577991724014282e-02
9.598771110177040100e-03
-6.277092546224594116e-02
1.802629977464675903e-02
-2.076005004346370697e-02
2.916918881237506866e-02
5.498401448130607605e-02
-7.487485557794570923e-02
1.686585135757923126e-03
-5.641047656536102295e-02
1.038210615515708923e-01
-1.103151515126228333e-01
1.195461750030517578e-01
4.305828735232353210e-02
1.740622669458389282e-01
2.948634512722492218e-02
1.274499893188476562e-01
2.588994102552533150e-03
-4.656760394573211670e-02
-1.867412030696868896e-02
2.323198691010475159e-02
-1.599939912557601929e-01
-1.634518057107925415e-02
-1.601349678821861744e-03
8.857891708612442017e-02
-2.292365580797195435e-02
-2.453497238457202911e-02
-3.428366780281066895e-02
-2.477923408150672913e-02
-4.658071324229240417e-02
8.785410225391387939e-02
-8.634743839502334595e-02
1.551524735987186432e-02
-6.050069816410541534e-03
6.951512396335601807e-02
7.915569096803665161e-02
9.440252557396888733e-03
8.057654649019241333e-02
7.104594260454177856e-02
-1.362519059330224991e-02
-8.628235012292861938e-02
-7.014731317758560181e-02
-8.498316258192062378e-02
-1.379922032356262207e-01
9.575459361076354980e-02
4.915073141455650330e-02
2.949758060276508331e-02
-1.869335770606994629e-02
-1.899668574333190918e-01
8.076820522546768188e-02
-1.577691137790679932e-01
-4.294596984982490540e-02
4.262297227978706360e-02
6.213181838393211365e-02
-1.713384836912155151e-01
-5.258977413177490234e-02
-2.347039990127086639e-02
1.121310889720916748e-02
1.781283528544008732e-03
6.499447673559188843e-02
6.685048341751098633e-02
-8.640298247337341309e-02
-3.736183792352676392e-02
7.791829411871731281e-04
-2.118468470871448517e-02
1.847648434340953827e-02
-5.459966603666543961e-03
7.451990991830825806e-02
