-6.948301196098327637e-02
-3.895382210612297058e-02
4.494510591030120850e-02
-4.782748222351074219e-02
-1.543190144002437592e-02
7.463015615940093994e-02
5.555184185504913330e-02
-8.815106004476547241e-02
1.003801077604293823e-01
4.281864315271377563e-02
-6.990277022123336792e-02
-5.482337251305580139e-02
8.772923052310943604e-02
-1.507727336138486862e-02
1.646291650831699371e-02
3.600466623902320862e-02
4.014517366886138916e-02
-7.273618131875991821e-02
5.616892594844102859e-03
5.037846043705940247e-02
3.837750852108001709e-02
2.180258277803659439e-03
-1.496997848153114319e-02
-2.934321388602256775e-02
2.175222896039485931e-02
-1.404845807701349258e-02
2.802205085754394531e-02
-3.332524746656417847e-02
-1.308105736970901489e-01
-1.014406699687242508e-02
-2.180083468556404114e-02
-9.747771173715591431e-02
-1.335794851183891296e-02
1.054731011390686035e-01
7.380293682217597961e-03
-2.002239972352981567e-02
-7.661737501621246338e-02
-6.265550386160612106e-03
-7.407207973301410675e-03
2.937953174114227295e-02
-3.262246772646903992e-02
-3.038238175213336945e-02
1.109494362026453018e-02
-7.696475833654403687e-02
1.432065516710281372e-01
1.014382019639015198e-01
6.778285652399063110e-02
-8.500196970999240875e-03
-7.279545813798904419e-02
-7.564553618431091309e-02
-6.067157909274101257e-02
1.147057712078094482e-01
-8.562808856368064880e-03
6.380060315132141113e-02
8.684604614973068237e-02
-1.464947871863842010e-02
-5.029391869902610779e-02
9.825292043387889862e-03
3.507241606712341309e-02
1.730075600789859891e-04
5.500858277082443237e-02
-2.167544141411781311e-02
1.008540764451026917e-01
-1.689214706420898438e-01
-3.444916382431983948e-02
-1.244162861257791519e-02
-1.085644215345382690e-02
4.400228336453437805e-02
-3.055126778781414032e-02
-2.031052112579345703e-02
2.525185793638229370e-02
-3.783160820603370667e-02
-4.535345360636711121e-02
4.485345259308815002e-02
1.948491297662258148e-02
-8.861116133630275726e-03
1.262136641889810562e-02
4.214864596724510193e-02
-6.710058450698852539e-02
6.116712838411331177e-02
-6.184780597686767578e-02
4.440545663237571716e-02
2.931699156761169434e-02
-1.202665045857429504e-01
-5.651098489761352539e-02
-1.966157555580139160e-02
2.724731154739856720e-02
7.513841986656188965e-02
-5.624436773359775543e-03
-5.950598418712615967e-02
1.981664076447486877e-02
3.437584266066551208e-02
-9.182878583669662476e-02
5.968154221773147583e-02
-1.161377280950546265e-01
1.315647736191749573e-02
-1.030195131897926331e-01
2.627517469227313995e-02
-3.335201181471347809e-03
4.563536494970321655e-03
-9.197365492582321167e-02
-3.378612548112869263e-02
-1.806194707751274109e-02
5.970547348260879517e-02
-1.595206186175346375e-02
-1.115942373871803284e-02
7.231107354164123535e-02
1.802787370979785919e-02
6.832857429981231689e-02
6.441127974539995193e-03
-9.401821345090866089e-02
2.639866620302200317e-02
-5.175028368830680847e-02
-4.638480022549629211e-02
-1.079001501202583313e-01
-2.922715805470943451e-02
2.432127296924591064e-02
-7.394590973854064941e-02
-2.718362957239151001e-03
6.398763507604598999e-02
4.866722226142883301e-02
-6.808227300643920898e-02
1.968557760119438171e-02
-3.719427064061164856e-02
3.046176396310329437e-02
6.964940577745437622e-02
-4.370903968811035156e-02
-9.976077824831008911e-02
-4.314916580915451050e-02
-4.478425905108451843e-02
3.589912876486778259e-02
-1.137121021747589111e-01
7.234793156385421753e-02
1.938483119010925293e-02
1.607551425695419312e-02
-5.020884424448013306e-02
1.218905001878738403e-01
-7.742699235677719116e-02
-3.368618339300155640e-02
-3.037094324827194214e-02
-4.064806923270225525e-02
-4.756287857890129089e-02
5.627662688493728638e-02
5.998418107628822327e-02
3.091472759842872620e-02
2.281727455556392670e-02
-7.736022584140300751e-03
7.386779040098190308e-02
5.443578958511352539e-02
-4.244320094585418701e-02
5.245907232165336609e-02
-6.636556703597307205e-03
2.452187705785036087e-03
-9.822468459606170654e-02
1.779699884355068207e-02
6.047751754522323608e-02
2.838037535548210144e-02
1.118070334196090698e-01
-5.737488344311714172e-02
1.038628742098808289e-01
5.519721657037734985e-02
-1.044300757348537445e-02
2.488777972757816315e-04
6.543180905282497406e-03
-4.830164834856987000e-02
1.802528463304042816e-02
-3.384374454617500305e-02
-3.324425965547561646e-02
2.906480617821216583e-02
-4.472251236438751221e-02
4.580226168036460876e-02
-1.601009070873260498e-02
6.051142513751983643e-02
5.375982075929641724e-02
-5.125178769230842590e-02
-6.730065681040287018e-03
7.001392543315887451e-03
-9.387936443090438843e-03
8.740467019379138947e-03
1.078578550368547440e-02
-1.234923489391803741e-02
-1.850623078644275665e-02
1.759487390518188477e-02
-4.106032475829124451e-02
-2.888859622180461884e-02
3.634104796219617128e-04
-3.413107246160507202e-02
-3.532567247748374939e-02
5.754874646663665771e-02
-5.101886019110679626e-02
-4.745747521519660950e-02
-4.246102273464202881e-02
6.406862288713455200e-02
-1.247130632400512695e-01
8.916320651769638062e-02
7.104486227035522461e-02
1.481099724769592285e-01
4.911814257502555847e-02
1.136853173375129700e-01
-1.708165183663368225e-02
-8.157740347087383270e-03
-4.113550111651420593e-02
4.066583141684532166e-02
-1.439155489206314087e-01
2.344004809856414795e-03
-6.179843470454216003e-02
5.921082943677902222e-02
-1.822686567902565002e-02
-2.119450457394123077e-02
-2.727968618273735046e-02
-1.789745688438415527e-02
-3.928755596280097961e-02
8.066796511411666870e-02
-8.303405344486236572e-02
9.160830639302730560e-03
-6.420097779482603073e-03
3.652663901448249817e-02
7.913463562726974487e-02
-1.132332719862461090e-02
6.932022422552108765e-02
8.737552165985107422e-02
-3.482661442831158638e-03
-7.270762324333190918e-02
-2.250756323337554932e-02
-5.566450208425521851e-02
-1.121565997600555420e-01
4.865137487649917603e-02
8.361810818314552307e-03
6.178026553243398666e-03
3.404907882213592529e-02
-1.888766139745712280e-01
1.110411807894706726e-01
-1.841434687376022339e-01
-4.355394467711448669e-02
6.551835685968399048e-02
1.063310876488685608e-01
-2.097399383783340454e-01
-6.230049207806587219e-02
-4.313417151570320129e-02
5.189707502722740173e-02
4.334336146712303162e-03
1.324864774942398071e-01
1.657258570194244385e-01
-1.354330033063888550e-01
-7.391025125980377197e-02
-1.557222753763198853e-02
-3.545200824737548828e-02
1.306731998920440674e-01
-3.782321885228157043e-02
1.123395785689353943e-01
