-7.352205365896224976e-02
-5.650736019015312195e-02
5.777127295732498169e-02
-2.450106106698513031e-02
3.933914750814437866e-02
3.633852303028106689e-02
1.451421249657869339e-02
-8.031465113162994385e-02
7.867386192083358765e-02
4.363529384136199951e-02
-9.345728158950805664e-02
-4.295892268419265747e-02
5.807005614042282104e-02
-7.905143313109874725e-03
2.012434974312782288e-02
3.593633696436882019e-02
1.934178918600082397e-02
-8.154346048831939697e-02
2.616413310170173645e-02
2.093793265521526337e-02
8.974767476320266724e-02
-4.711756482720375061e-03
-1.192359719425439835e-02
-2.155991457402706146e-02
2.720726281404495239e-02
-1.255406998097896576e-02
1.066274102777242661e-02
3.991438075900077820e-03
-1.265684515237808228e-01
4.080715775489807129e-02
-5.952645838260650635e-02
-1.073291674256324768e-01
6.041058804839849472e-03
1.008814945816993713e-01
-3.780284896492958069e-02
-4.588165134191513062e-02
-9.446839988231658936e-02
3.206250444054603577e-02
-5.414019152522087097e-02
3.104453161358833313e-02
-3.152656555175781250e-02
-3.085369430482387543e-02
1.621252484619617462e-02
-1.137743517756462097e-01
8.370596170425415039e-02
1.208329424262046814e-01
6.724733859300613403e-02
2.846635691821575165e-02
-8.000367879867553711e-02
-4.641126468777656555e-02
-4.969199374318122864e-02
1.732595860958099365e-01
-2.468958497047424316e-02
8.135662227869033813e-02
9.862872958183288574e-02
-4.230671003460884094e-02
-1.560889277607202530e-02
4.569998756051063538e-02
4.818955808877944946e-02
-3.324794024229049683e-02
1.660656183958053589e-02
-5.116089060902595520e-02
1.155223846435546875e-01
-1.376456767320632935e-01
1.079733110964298248e-02
2.555640786886215210e-02
-5.925078317523002625e-02
8.440287411212921143e-02
-9.881769306957721710e-03
-7.240349799394607544e-02
7.280993461608886719e-02
-2.642180770635604858e-02
1.224017236381769180e-02
7.004587352275848389e-02
1.784353516995906830e-02
2.666056714951992035e-02
1.769983582198619843e-02
6.198988482356071472e-02
-7.079994678497314453e-02
1.060017645359039307e-01
-9.194486588239669800e-02
1.639834605157375336e-02
2.777480334043502808e-02
-1.205772608518600464e-01
-8.941855281591415405e-02
3.209850983694195747e-03
1.340475492179393768e-02
9.418080747127532959e-02
5.036326125264167786e-02
-7.087539881467819214e-02
9.964092634618282318e-03
4.034671932458877563e-02
-7.755580544471740723e-02
7.426220178604125977e-02
-8.762195706367492676e-02
-2.848081663250923157e-02
-1.090892180800437927e-01
5.977385863661766052e-02
6.537216249853372574e-03
-2.151248231530189514e-02
-9.464519470930099487e-02
-8.962719701230525970e-03
-4.411721974611282349e-02
3.913727775216102600e-02
-3.150405734777450562e-02
-2.349469251930713654e-02
6.749309599399566650e-02
-7.328820647671818733e-04
2.665825933218002319e-02
-1.971578784286975861e-02
-8.273059129714965820e-02
2.327898703515529633e-02
-4.875526949763298035e-02
-4.006106778979301453e-02
-1.069196090102195740e-01
-7.695508748292922974e-02
4.463870823383331299e-02
-8.534954860806465149e-03
-1.645900541916489601e-03
8.623670041561126709e-02
4.598371684551239014e-02
-6.438061594963073730e-02
-4.858963936567306519e-02
3.604759275913238525e-02
-6.742750294506549835e-03
8.500285446643829346e-02
-4.471036791801452637e-02
-1.036281511187553406e-01
6.100554019212722778e-03
-4.210188053548336029e-03
-3.905215486884117126e-02
-4.036370664834976196e-02
4.065071791410446167e-02
3.145886957645416260e-02
5.810287222266197205e-02
-3.366871550679206848e-02
2.885434962809085846e-02
5.178332328796386719e-02
8.138528093695640564e-03
3.998002037405967712e-02
2.649622969329357147e-02
-5.096963047981262207e-02
5.513597652316093445e-02
4.965293407440185547e-02
8.718354254961013794e-02
5.672597791999578476e-03
-6.825212389230728149e-03
8.976953476667404175e-02
3.952243551611900330e-02
-4.023003950715065002e-02
-1.868170313537120819e-02
2.102877758443355560e-02
4.302404704503715038e-04
-1.002417653799057007e-01
2.486060932278633118e-02
1.205980479717254639e-01
2.104972116649150848e-02
3.324223309755325317e-02
-5.001535639166831970e-02
1.104130074381828308e-01
3.730321303009986877e-02
-2.177646383643150330e-02
3.848531842231750488e-02
1.883352175354957581e-03
-3.547123074531555176e-02
3.078754432499408722e-02
-5.279862880706787109e-02
-1.161461416631937027e-02
4.311902076005935669e-02
-5.983755365014076233e-02
4.819257557392120361e-02
-8.523341268301010132e-02
5.704712867736816406e-02
4.777495190501213074e-02
-5.317486450076103210e-02
-4.044178500771522522e-02
-7.409432530403137207e-02
1.521545200375840068e-04
-2.461880445480346680e-02
4.009741172194480896e-02
-1.582573354244232178e-02
-3.152734041213989258e-02
4.215442389249801636e-02
-3.039245866239070892e-02
-4.805341735482215881e-02
1.663641259074211121e-02
-3.588167205452919006e-02
6.401604972779750824e-03
5.648307129740715027e-02
-6.969276815652847290e-02
-7.949380204081535339e-03
-2.467517927289009094e-02
3.782745823264122009e-02
-9.393385797739028931e-02
1.199489235877990723e-01
5.842778086662292480e-02
1.620483249425888062e-01
7.162251323461532593e-02
2.318549714982509613e-02
-1.876609586179256439e-02
-2.514480054378509521e-02
-1.667393743991851807e-02
2.433791197836399078e-02
-1.383689343929290771e-01
-1.042466983199119568e-02
-5.583668500185012817e-02
4.413371533155441284e-02
2.016794495284557343e-02
2.693794853985309601e-02
-1.873664557933807373e-02
2.808912657201290131e-02
6.604857277125120163e-03
4.152063280344009399e-02
-7.863626629114151001e-02
3.353905677795410156e-02
-3.042253665626049042e-03
5.381851270794868469e-02
1.558218337595462799e-02
1.146735996007919312e-02
8.106151968240737915e-02
9.969791769981384277e-02
-1.224308274686336517e-03
-1.113950237631797791e-01
-5.756404250860214233e-02
-5.765734985470771790e-02
-1.722837388515472412e-01
2.984045073390007019e-02
6.805694196373224258e-03
1.099762012017890811e-04
2.958943508565425873e-02
-1.597966253757476807e-01
7.226106524467468262e-02
-1.383277624845504761e-01
-2.511724084615707397e-02
1.403212640434503555e-02
4.176810011267662048e-02
-1.214812323451042175e-01
-4.001710563898086548e-02
9.200745262205600739e-03
4.677705839276313782e-02
-7.248718757182359695e-03
7.610050588846206665e-02
2.116989195346832275e-01
-1.413732618093490601e-01
-1.070246696472167969e-01
-2.687728218734264374e-02
-1.480074878782033920e-02
1.077966764569282532e-01
-8.189214020967483521e-02
1.613245904445648193e-01
