-8.202357590198516846e-02
-5.997725576162338257e-02
1.229400411248207092e-01
-1.001620069146156311e-01
-1.855712383985519409e-02
1.205084994435310364e-01
4.792164638638496399e-02
-1.710742115974426270e-01
1.482137292623519897e-01
3.394697979092597961e-02
-1.251894831657409668e-01
-6.956285983324050903e-02
6.114872545003890991e-02
-3.073487803339958191e-02
6.061847135424613953e-02
2.948912605643272400e-02
4.970416426658630371e-02
-1.080266162753105164e-01
5.536354705691337585e-02
5.899782851338386536e-02
6.751786917448043823e-03
-1.835654675960540771e-02
-6.530049443244934082e-02
1.134397368878126144e-02
8.377780206501483917e-03
-2.137384144589304924e-03
7.325574010610580444e-02
-2.482003904879093170e-02
-8.257842808961868286e-02
-5.975862033665180206e-03
5.031608045101165771e-03
-5.475018173456192017e-02
-3.424269333481788635e-02
5.704776197671890259e-02
-6.480842083692550659e-02
-3.486192226409912109e-02
-8.848486468195915222e-03
6.348365452140569687e-03
3.909391909837722778e-02
-2.408903837203979492e-02
-3.604014962911605835e-02
9.775318205356597900e-03
-1.548702456057071686e-02
-3.939443826675415039e-02
1.068719848990440369e-01
4.941152036190032959e-02
4.440345987677574158e-02
-1.603949256241321564e-02
-1.745297759771347046e-02
-2.818737365305423737e-02
-5.607093125581741333e-02
5.795690789818763733e-02
-2.867607399821281433e-02
7.977455854415893555e-02
4.158401489257812500e-02
1.254762988537549973e-02
-4.549551010131835938e-02
4.200735688209533691e-02
2.391759119927883148e-02
5.276184529066085815e-02
6.380116939544677734e-02
-3.100173175334930420e-02
1.135780438780784607e-01
-1.407325863838195801e-01
4.920336068607866764e-04
1.242568809539079666e-02
-3.592192381620407104e-02
8.177800476551055908e-02
-4.549211263656616211e-02
2.195285260677337646e-02
2.450067363679409027e-02
-4.722705855965614319e-02
-4.172642156481742859e-02
3.888840437866747379e-04
4.571294412016868591e-02
2.216401626355946064e-04
-1.495889853686094284e-02
5.193928256630897522e-02
-8.266573399305343628e-02
4.241409897804260254e-02
-6.757000833749771118e-02
6.302666664123535156e-02
2.881594747304916382e-02
-1.038184389472007751e-01
-8.142334967851638794e-02
-3.872241824865341187e-02
-2.945223823189735413e-02
6.893883645534515381e-02
8.673101663589477539e-03
-9.405730664730072021e-02
5.309904739260673523e-02
2.676240727305412292e-02
-5.730484426021575928e-02
9.099119901657104492e-02
-7.592946290969848633e-02
-1.036786846816539764e-02
-1.176902130246162415e-01
4.753738176077604294e-03
1.472227182239294052e-02
4.415774310473352671e-04
-9.215071052312850952e-02
-6.128646433353424072e-02
-3.928435966372489929e-02
3.032230027019977570e-02
-3.780041635036468506e-02
-1.038966327905654907e-02
7.770026475191116333e-02
-2.195672364905476570e-03
4.612974449992179871e-02
-3.753747418522834778e-02
-8.431304246187210083e-02
1.221712026745080948e-02
-1.560877263545989990e-02
-9.302823245525360107e-02
-5.852563306689262390e-02
-1.164045184850692749e-02
1.993342116475105286e-02
-7.929845154285430908e-02
1.066732499748468399e-02
6.250748038291931152e-02
2.061828412115573883e-02
-5.122994258999824524e-02
-4.165168385952711105e-03
7.468276657164096832e-03
1.438428275287151337e-02
6.792006641626358032e-02
-2.133695036172866821e-02
-1.088845208287239075e-01
-5.415018275380134583e-02
-5.848500132560729980e-02
3.609179705381393433e-02
-1.123088076710700989e-01
9.655572474002838135e-02
-2.134185284376144409e-02
1.400709804147481918e-02
-4.679308086633682251e-02
1.046300083398818970e-01
-6.905152648687362671e-02
-5.889775976538658142e-02
-4.765480384230613708e-02
-6.887470185756683350e-02
-5.715835094451904297e-02
5.695323646068572998e-02
8.293624967336654663e-02
3.944681957364082336e-02
8.084793575108051300e-03
-9.503026492893695831e-03
7.585107535123825073e-02
2.327082492411136627e-02
1.046676468104124069e-02
2.673078887164592743e-02
6.305772811174392700e-03
9.993283078074455261e-03
-1.147582456469535828e-01
3.010017238557338715e-02
7.594904303550720215e-02
2.460323460400104523e-02
7.090750336647033691e-02
-3.928506746888160706e-02
1.207213029265403748e-01
7.294103503227233887e-02
-3.148065879940986633e-02
-6.283409148454666138e-02
-6.757203023880720139e-03
-5.451802164316177368e-02
5.509835667908191681e-03
-9.687896817922592163e-02
-1.446430385112762451e-02
1.802262850105762482e-02
-2.074866928160190582e-02
5.586020648479461670e-02
-1.305998023599386215e-02
7.258664071559906006e-02
4.408805072307586670e-02
-6.158481538295745850e-02
-9.125744691118597984e-04
-1.919559086672961712e-03
-1.091304235160350800e-02
7.611481938511133194e-03
3.861609846353530884e-02
4.602530505508184433e-03
5.057511106133460999e-02
2.075689285993576050e-02
-6.951978057622909546e-02
-8.568120189011096954e-03
1.598739298060536385e-03
-2.743550203740596771e-02
-6.930249929428100586e-02
7.247900217771530151e-02
-7.005739212036132812e-02
-8.403838425874710083e-02
-4.702680185437202454e-02
1.006016358733177185e-01
-1.415347903966903687e-01
9.620010852813720703e-02
1.150453239679336548e-01
1.583273708820343018e-01
8.265287429094314575e-02
1.428746879100799561e-01
-6.300812959671020508e-02
-7.126662530936300755e-04
-4.719316586852073669e-02
2.171050198376178741e-02
-1.727578192949295044e-01
1.393676386214792728e-03
-9.685417264699935913e-02
2.035209722816944122e-02
-2.746726013720035553e-02
1.660034805536270142e-02
6.319909822195768356e-03
-6.975991651415824890e-03
-4.950371757149696350e-02
9.050858765840530396e-02
-7.178193330764770508e-02
-6.812798790633678436e-03
-2.134276740252971649e-02
3.359771519899368286e-02
4.801349341869354248e-02
-5.525403842329978943e-02
4.117250069975852966e-02
8.233433961868286133e-02
1.266840379685163498e-02
-7.118032127618789673e-02
1.642418652772903442e-02
-7.520772516727447510e-02
-1.139409095048904419e-01
6.724699586629867554e-02
2.694457024335861206e-02
-1.305397041141986847e-02
1.945741474628448486e-02
-1.787104904651641846e-01
7.476741075515747070e-02
-1.556110084056854248e-01
-4.982756450772285461e-02
4.281501471996307373e-02
1.908799260854721069e-02
-1.747383326292037964e-01
-3.068391047418117523e-02
-6.754684448242187500e-02
3.095581755042076111e-02
9.493736433796584606e-04
4.932169988751411438e-02
1.147295385599136353e-01
-8.760365098714828491e-02
-2.064397931098937988e-02
-7.979814894497394562e-03
-9.155724197626113892e-03
8.566017448902130127e-02
-5.481787398457527161e-02
3.613358736038208008e-02
