-8.497431129217147827e-02
-3.331522643566131592e-02
3.887132182717323303e-02
-2.095628529787063599e-02
4.805169999599456787e-02
3.922925144433975220e-02
1.153360120952129364e-02
-4.779618978500366211e-02
7.600758224725723267e-02
1.344343647360801697e-02
-8.071716874837875366e-02
-1.572475396096706390e-02
4.708407819271087646e-02
-2.761075273156166077e-02
4.447679966688156128e-02
-2.738474402576684952e-03
3.222654759883880615e-02
-6.630202382802963257e-02
1.949029229581356049e-02
4.696986451745033264e-02
3.972708806395530701e-02
1.856296136975288391e-02
-2.054239809513092041e-02
1.734214648604393005e-02
1.671508885920047760e-02
2.871068893000483513e-03
3.064879914745688438e-03
2.791428193449974060e-02
-1.316573470830917358e-01
8.024054579436779022e-03
-3.473133593797683716e-02
-8.699187636375427246e-02
3.449509292840957642e-02
9.683242440223693848e-02
-2.515090256929397583e-02
-4.965224117040634155e-02
-9.172140806913375854e-02
4.888643696904182434e-02
-3.873779252171516418e-02
3.124718368053436279e-02
-3.677618503570556641e-02
-5.065773800015449524e-02
-9.187597781419754028e-03
-7.304242998361587524e-02
8.701733499765396118e-02
1.588777899742126465e-01
1.012964621186256409e-01
-2.403616532683372498e-02
-8.087375015020370483e-02
-4.287468269467353821e-02
-3.193546086549758911e-02
1.733278483152389526e-01
-3.302850201725959778e-02
1.056202873587608337e-01
9.403294324874877930e-02
-5.391806364059448242e-02
-1.754083111882209778e-02
5.702240392565727234e-02
4.968925565481185913e-02
-3.139160573482513428e-02
2.247873693704605103e-02
-6.357184797525405884e-02
1.026884317398071289e-01
-1.723590046167373657e-01
2.029880415648221970e-03
1.567328907549381256e-02
-3.038587979972362518e-02
8.639736473560333252e-02
-3.429985046386718750e-02
-8.878732472658157349e-02
6.445344537496566772e-02
-3.251591697335243225e-02
1.242032274603843689e-02
8.467631042003631592e-02
9.443376213312149048e-03
-6.723125930875539780e-03
1.972393691539764404e-02
7.528115808963775635e-02
-7.287376374006271362e-02
7.293002307415008545e-02
-8.871321380138397217e-02
3.198939934372901917e-02
4.534509032964706421e-02
-1.160941496491432190e-01
-1.128471270203590393e-01
4.117874428629875183e-02
2.189259231090545654e-02
7.978938519954681396e-02
3.614930063486099243e-02
-7.778517156839370728e-02
3.503331169486045837e-02
1.128973998129367828e-02
-3.949713706970214844e-02
1.073276251554489136e-01
-1.283148527145385742e-01
-6.682076957076787949e-03
-7.230869680643081665e-02
3.646964579820632935e-02
2.428664267063140869e-02
4.706279840320348740e-03
-8.464484661817550659e-02
-3.830763697624206543e-02
-4.281109198927879333e-02
2.964841946959495544e-02
-1.468005031347274780e-02
-1.926412689499557018e-03
9.185127168893814087e-02
-5.877316463738679886e-03
2.184914797544479370e-02
-1.266337651759386063e-02
-1.116583049297332764e-01
6.145221646875143051e-03
-3.790440037846565247e-02
-5.228478088974952698e-02
-6.923977285623550415e-02
-3.517343103885650635e-02
6.932938843965530396e-02
-1.640127040445804596e-02
-5.541264079511165619e-03
7.863120734691619873e-02
4.993888363242149353e-02
-6.095737963914871216e-02
-4.706765711307525635e-02
4.314927011728286743e-02
4.209606908261775970e-03
7.133285701274871826e-02
-2.460430003702640533e-02
-9.025372564792633057e-02
1.080834120512008667e-02
-5.037491396069526672e-02
2.203086391091346741e-02
-1.146268472075462341e-01
5.657961592078208923e-02
2.880211174488067627e-02
3.003153949975967407e-02
-4.100847989320755005e-02
6.995696574449539185e-02
6.722230929881334305e-03
1.626740209758281708e-02
3.981003537774085999e-02
2.320273593068122864e-02
-6.839464604854583740e-02
6.505233049392700195e-02
7.357082515954971313e-02
6.457865983247756958e-02
5.480460356920957565e-03
-1.568903960287570953e-02
1.354203820228576660e-01
2.994623780250549316e-02
-3.651651367545127869e-02
4.107618588022887707e-04
-2.879726700484752655e-03
-1.699516363441944122e-02
-7.020728290081024170e-02
1.010346133261919022e-02
1.240709573030471802e-01
4.364468902349472046e-02
4.902654886245727539e-02
-6.661693751811981201e-02
1.044288054108619690e-01
6.072778627276420593e-02
-3.720682859420776367e-02
4.247707501053810120e-02
-1.099410932511091232e-03
-3.361947089433670044e-02
2.611820772290229797e-02
-3.858804702758789062e-02
-2.477235719561576843e-02
3.514583408832550049e-02
-4.465335234999656677e-02
6.729689985513687134e-02
-2.860361337661743164e-02
2.683210372924804688e-02
3.179165348410606384e-02
-7.417717576026916504e-02
-1.448677666485309601e-02
-5.638241395354270935e-02
-1.855016313493251801e-02
-1.115329912863671780e-03
6.686918437480926514e-02
1.788890548050403595e-02
-2.990772761404514313e-02
1.318308338522911072e-02
-4.343566671013832092e-02
-2.748396620154380798e-02
1.369759789668023586e-03
-3.722396120429039001e-02
1.332818251103162766e-02
6.232759729027748108e-02
-7.348010689020156860e-02
-2.261487022042274475e-02
-3.887023031711578369e-02
3.657019883394241333e-02
-1.265226006507873535e-01
1.218014955520629883e-01
6.829869002103805542e-02
1.902450174093246460e-01
6.208834424614906311e-02
4.517699033021926880e-02
-3.821735084056854248e-02
-1.008337922394275665e-02
-4.720119386911392212e-02
3.189232572913169861e-02
-1.199964657425880432e-01
-1.876854710280895233e-02
-9.678244590759277344e-02
6.472672522068023682e-02
4.474924132227897644e-02
1.851274818181991577e-02
-9.625198319554328918e-03
6.816448643803596497e-03
-2.491012401878833771e-02
5.734160915017127991e-02
-8.626182377338409424e-02
-2.161246957257390022e-03
-7.670129649341106415e-03
1.492729969322681427e-02
-1.131374295800924301e-02
-2.923993952572345734e-02
9.143202751874923706e-02
1.055142432451248169e-01
3.458302840590476990e-02
-1.018742844462394714e-01
-2.373311296105384827e-02
-6.635996699333190918e-02
-1.361412703990936279e-01
2.134257182478904724e-02
-1.021361071616411209e-02
-3.844429971650242805e-03
3.083182498812675476e-02
-1.517746597528457642e-01
3.188383579254150391e-02
-1.372103244066238403e-01
-4.057521373033523560e-02
2.063837647438049316e-02
3.500710055232048035e-02
-1.116490364074707031e-01
-4.578419029712677002e-02
1.757662743330001831e-02
6.764145195484161377e-02
-1.219179108738899231e-02
6.086989119648933411e-02
1.878534853458404541e-01
-1.453942060470581055e-01
-7.942274957895278931e-02
-3.713390603661537170e-02
-1.257147453725337982e-02
1.133811175823211670e-01
-5.881989374756813049e-02
1.437894850969314575e-01
