-6.673005223274230957e-02
-4.028822481632232666e-02
3.720340132713317871e-02
-1.895758695900440216e-02
1.408442575484514236e-02
5.375505611300468445e-02
4.649301245808601379e-02
-4.844218492507934570e-02
9.898507595062255859e-02
3.910718858242034912e-02
-5.704469233751296997e-02
-5.202867463231086731e-02
6.096168980002403259e-02
-3.585711587220430374e-03
1.736797764897346497e-02
1.904655620455741882e-02
3.596389293670654297e-02
-7.159122824668884277e-02
-1.660104375332593918e-03
4.783848300576210022e-02
5.243727564811706543e-02
2.314633131027221680e-02
-2.243918366730213165e-02
-1.571366935968399048e-02
2.148249000310897827e-02
-1.932870224118232727e-02
2.131466753780841827e-02
-1.077520381659269333e-02
-1.406094133853912354e-01
1.129174325615167618e-02
-4.956147447228431702e-02
-1.029515862464904785e-01
5.603590514510869980e-03
1.155075207352638245e-01
-4.652014467865228653e-03
-3.876819461584091187e-02
-8.013430237770080566e-02
1.485030911862850189e-02
-4.069044068455696106e-02
3.116130456328392029e-02
-1.253281068056821823e-02
-4.090527445077896118e-02
-1.575166243128478527e-03
-9.865069389343261719e-02
1.168003678321838379e-01
1.379904747009277344e-01
8.504319936037063599e-02
-4.272724967449903488e-03
-8.377619087696075439e-02
-6.609942764043807983e-02
-5.409893393516540527e-02
1.620722115039825439e-01
-1.589267700910568237e-02
9.985946118831634521e-02
1.188821643590927124e-01
-3.906190767884254456e-02
-3.488619625568389893e-02
2.560457587242126465e-02
3.986394032835960388e-02
-3.921034559607505798e-02
3.608670830726623535e-02
-4.499572888016700745e-02
1.083892732858657837e-01
-1.686841696500778198e-01
-4.921616520732641220e-03
2.409108169376850128e-02
-2.864591218531131744e-02
6.455345451831817627e-02
-2.839591354131698608e-02
-3.537390753626823425e-02
4.321092367172241211e-02
-4.825368523597717285e-02
-1.929763704538345337e-02
6.640268862247467041e-02
1.837014406919479370e-02
-1.193077303469181061e-02
2.412843331694602966e-02
4.782452434301376343e-02
-7.365736365318298340e-02
7.738489657640457153e-02
-7.035432755947113037e-02
4.013933986425399780e-02
3.562598675489425659e-02
-1.199183240532875061e-01
-6.815985590219497681e-02
-8.349465206265449524e-04
7.727371528744697571e-03
7.095456123352050781e-02
1.292921975255012512e-02
-7.528439909219741821e-02
1.009662635624408722e-02
4.410986602306365967e-02
-6.489001959562301636e-02
8.458522707223892212e-02
-1.156492382287979126e-01
-4.362552426755428314e-03
-9.661922603845596313e-02
2.497309446334838867e-02
-4.961909260600805283e-03
-1.219585258513689041e-02
-8.142074942588806152e-02
-2.960895746946334839e-02
-2.467567846179008484e-02
5.482817068696022034e-02
-1.921951025724411011e-02
-1.531472057104110718e-02
6.933531910181045532e-02
1.126558240503072739e-02
4.637954756617546082e-02
1.264696242287755013e-03
-1.013387739658355713e-01
2.656449936330318451e-02
-5.921830609440803528e-02
-6.234835833311080933e-02
-9.095183759927749634e-02
-4.758951812982559204e-02
4.091749340295791626e-02
-3.660703077912330627e-02
-9.425563737750053406e-03
6.782685220241546631e-02
4.013166949152946472e-02
-6.676730513572692871e-02
-1.504108030349016190e-02
-1.188246626406908035e-02
2.102709189057350159e-02
6.946631520986557007e-02
-2.797272428870201111e-02
-8.873583376407623291e-02
-1.265335362404584885e-02
-3.499351814389228821e-02
1.175980735570192337e-02
-1.012198552489280701e-01
4.569213837385177612e-02
2.893552929162979126e-02
3.158527240157127380e-02
-3.635067492723464966e-02
7.383599877357482910e-02
-2.201347053050994873e-02
-7.070987951010465622e-03
2.389049157500267029e-02
-1.165762776508927345e-03
-5.209745094180107117e-02
6.206797435879707336e-02
5.010500550270080566e-02
5.020382627844810486e-02
1.240193285048007965e-02
3.966919612139463425e-03
1.012146621942520142e-01
4.142595082521438599e-02
-2.703674882650375366e-02
3.039254620671272278e-02
-5.296942312270402908e-03
-1.735957339406013489e-02
-9.690123796463012695e-02
7.410784717649221420e-03
9.775761514902114868e-02
3.116534836590290070e-02
5.937326699495315552e-02
-5.355492234230041504e-02
1.074028089642524719e-01
5.334838479757308960e-02
-1.290369313210248947e-02
2.364275231957435608e-02
1.406345795840024948e-02
-4.503886774182319641e-02
2.321252599358558655e-02
-3.304464742541313171e-02
-2.896611951291561127e-02
5.100795999169349670e-02
-4.901505261659622192e-02
5.845367163419723511e-02
-2.499137260019779205e-02
4.726708307862281799e-02
4.826353490352630615e-02
-6.148775666952133179e-02
-1.383397355675697327e-02
-3.738439828157424927e-02
-4.060198552906513214e-03
-3.156627644784748554e-04
2.656488306820392609e-02
1.396470121107995510e-03
-3.335989266633987427e-02
7.383458316326141357e-03
-4.811586067080497742e-02
-3.323417901992797852e-02
-3.110574325546622276e-03
-3.280793130397796631e-02
-2.930397167801856995e-02
5.537314713001251221e-02
-6.346824020147323608e-02
-4.362192004919052124e-02
-2.392365224659442902e-02
5.390319973230361938e-02
-1.364157348871231079e-01
1.083168983459472656e-01
7.291945815086364746e-02
1.744186282157897949e-01
5.366673320531845093e-02
7.367341220378875732e-02
-3.789947181940078735e-02
-8.350790478289127350e-03
-4.092428460717201233e-02
3.813936561346054077e-02
-1.323882341384887695e-01
-1.500796340405941010e-02
-6.023093685507774353e-02
5.983388051390647888e-02
1.887395046651363373e-02
2.593446988612413406e-04
-1.510575972497463226e-02
1.697933999821543694e-03
-1.434077229350805283e-02
5.138243734836578369e-02
-8.535265177488327026e-02
1.634162105619907379e-02
6.504702847450971603e-03
2.898745983839035034e-02
3.327948972582817078e-02
5.787190981209278107e-03
9.400176256895065308e-02
1.013498529791831970e-01
1.569892466068267822e-02
-9.286922216415405273e-02
-2.173939347267150879e-02
-4.309419542551040649e-02
-1.332860291004180908e-01
2.787588909268379211e-02
-3.617072012275457382e-03
1.949034282006323338e-03
3.942424803972244263e-02
-1.393366158008575439e-01
7.442284375429153442e-02
-1.664874106645584106e-01
-3.396369144320487976e-02
5.343013256788253784e-02
8.277007937431335449e-02
-1.578077375888824463e-01
-6.381928920745849609e-02
-2.306971140205860138e-02
5.542477220296859741e-02
-6.008862983435392380e-03
1.316630691289901733e-01
2.085529714822769165e-01
-1.480033397674560547e-01
-1.001448854804039001e-01
-1.933466456830501556e-02
-4.028867185115814209e-02
1.530988812446594238e-01
-5.186190456151962280e-02
1.569283008575439453e-01
