-6.237617135047912598e-02
-4.337476938962936401e-02
9.425097145140171051e-03
-2.170339599251747131e-02
-2.422836795449256897e-02
4.883126541972160339e-02
4.729463532567024231e-02
-5.918295308947563171e-02
1.158244460821151733e-01
5.810372531414031982e-02
-1.368243154138326645e-02
-4.405290260910987854e-02
1.037133336067199707e-01
3.272472694516181946e-02
1.707900688052177429e-02
3.590973839163780212e-02
1.536307763308286667e-02
-5.916297435760498047e-02
-3.010658780112862587e-03
4.882049188017845154e-02
4.800829291343688965e-02
-3.901631338521838188e-03
-3.170507401227951050e-02
-4.704311490058898926e-02
1.432411558926105499e-02
-6.814624182879924774e-03
4.201100394129753113e-02
-3.539517894387245178e-02
-1.696932017803192139e-01
-7.096875924617052078e-03
-3.620226308703422546e-02
-9.181249886751174927e-02
-1.464314293116331100e-02
1.492943614721298218e-01
6.582369096577167511e-03
-4.505190625786781311e-02
-9.670162945985794067e-02
-3.371870145201683044e-03
-1.658304408192634583e-02
4.452404752373695374e-02
1.310417428612709045e-02
-4.569640383124351501e-02
6.834252271801233292e-03
-8.571119606494903564e-02
1.730671375989913940e-01
1.053557544946670532e-01
8.523836731910705566e-02
3.063552267849445343e-02
-8.404176682233810425e-02
-5.758888646960258484e-02
-7.542105019092559814e-02
1.272028237581253052e-01
-3.278033575043082237e-03
7.238695025444030762e-02
1.100535541772842407e-01
-4.113803803920745850e-02
-4.781667515635490417e-02
1.667872071266174316e-03
5.179644003510475159e-02
-4.835511744022369385e-02
5.122625827789306641e-02
-5.300487577915191650e-02
1.062440872192382812e-01
-1.346183717250823975e-01
-1.638733223080635071e-02
3.221906721591949463e-02
-3.613227978348731995e-02
7.197330240160226822e-03
-2.585362456738948822e-02
-1.389099098742008209e-02
3.500062972307205200e-02
-4.225099459290504456e-02
-5.858983844518661499e-02
6.141153723001480103e-02
2.889081276953220367e-02
-3.886099904775619507e-02
1.768995571183040738e-05
4.476087540388107300e-02
-7.474389672279357910e-02
7.703436166048049927e-02
-2.435392513871192932e-02
2.407090924680233002e-02
1.538917422294616699e-02
-1.246495842933654785e-01
-3.863950446248054504e-02
-1.453614234924316406e-02
1.976939477026462555e-02
4.535273835062980652e-02
-1.708855293691158295e-02
-5.090821906924247742e-02
-2.914705127477645874e-02
5.575779825448989868e-02
-8.921799808740615845e-02
6.388242542743682861e-02
-6.805071979761123657e-02
-1.229436043649911880e-02
-1.146282702684402466e-01
2.122583240270614624e-02
4.995427560061216354e-03
-1.101733092218637466e-02
-7.742000371217727661e-02
-3.175055980682373047e-02
-3.388660773634910583e-02
6.483627855777740479e-02
-1.279009319841861725e-02
-2.242714352905750275e-02
5.021165683865547180e-02
4.845449700951576233e-02
9.251977503299713135e-02
-1.281257625669240952e-02
-7.260283827781677246e-02
6.581191718578338623e-02
-5.076278746128082275e-02
-5.066816508769989014e-02
-1.093675494194030762e-01
-3.108190000057220459e-02
-3.121715039014816284e-03
-4.853402450680732727e-02
2.414452284574508667e-02
6.186327710747718811e-02
4.328196123242378235e-02
-7.482814788818359375e-02
2.723189443349838257e-02
-4.183987155556678772e-02
3.050701320171356201e-02
7.342199236154556274e-02
-2.735713124275207520e-02
-7.217514514923095703e-02
-2.067362889647483826e-02
-1.605658791959285736e-02
2.475745277479290962e-03
-1.090519875288009644e-01
2.986297756433486938e-02
1.046249549835920334e-02
8.540959097445011139e-03
-1.565901190042495728e-02
7.910517603158950806e-02
-4.797627031803131104e-02
-5.091373994946479797e-02
1.727509126067161560e-02
-2.733801305294036865e-02
-5.406799167394638062e-02
6.432021409273147583e-02
5.027835443615913391e-02
4.372274875640869141e-02
3.285314887762069702e-02
1.173664163798093796e-02
3.866750374436378479e-02
4.561691731214523315e-02
-3.454405069351196289e-02
3.314970061182975769e-02
2.772356849163770676e-03
-4.855664074420928955e-02
-1.037321761250495911e-01
1.840996928513050079e-02
2.927850931882858276e-02
6.941862404346466064e-03
1.175282001495361328e-01
-4.601509869098663330e-02
9.696026146411895752e-02
3.069833479821681976e-02
2.157058008015155792e-02
3.594604879617691040e-02
5.160069093108177185e-02
-5.435855314135551453e-02
2.981195412576198578e-02
-6.968828290700912476e-02
-5.163808539509773254e-02
2.729441039264202118e-02
-8.750524371862411499e-02
5.968667194247245789e-02
-4.015763849020004272e-02
6.559451669454574585e-02
7.111690938472747803e-02
-3.326827660202980042e-02
-2.711987681686878204e-02
-1.437292248010635376e-02
-1.025775074958801270e-02
-1.211341377347707748e-02
3.239602595567703247e-02
-2.743001654744148254e-02
-3.253744542598724365e-02
1.155666541308164597e-02
-1.267809886485338211e-02
-3.939681500196456909e-02
5.505440756678581238e-03
-4.417575895786285400e-02
-6.539922952651977539e-02
8.538139611482620239e-02
-4.808106273412704468e-02
-7.757730782032012939e-02
-2.203286811709403992e-02
6.726433336734771729e-02
-1.530331969261169434e-01
1.136550828814506531e-01
8.304473757743835449e-02
1.621648967266082764e-01
4.156499356031417847e-02
1.118752881884574890e-01
-7.051765173673629761e-02
9.293891489505767822e-03
-3.903798758983612061e-02
2.171247638761997223e-02
-1.437276005744934082e-01
-9.707427583634853363e-03
-1.984854042530059814e-02
4.894334450364112854e-02
-6.992727518081665039e-03
-2.903082780539989471e-02
-2.234015613794326782e-02
2.203688398003578186e-02
-3.606674447655677795e-02
6.280549615621566772e-02
-9.718248993158340454e-02
4.805837199091911316e-02
-4.829468205571174622e-03
5.751780793070793152e-02
9.183808416128158569e-02
1.256395783275365829e-02
7.600926607847213745e-02
1.026192530989646912e-01
-8.002179674804210663e-03
-9.070165455341339111e-02
-3.515618294477462769e-02
-5.315272510051727295e-02
-1.194681376218795776e-01
2.333777211606502533e-02
1.964273303747177124e-02
2.282494446262717247e-03
2.349753864109516144e-02
-8.580017834901809692e-02
1.054467633366584778e-01
-1.078113242983818054e-01
-2.401935681700706482e-02
5.211250111460685730e-02
9.646406769752502441e-02
-1.598481386899948120e-01
-5.835086107254028320e-02
-5.533688887953758240e-02
4.765776917338371277e-02
-3.716451348736882210e-03
1.164497211575508118e-01
1.922202706336975098e-01
-9.530802071094512939e-02
-1.216411441564559937e-01
-1.687506772577762604e-02
-3.950123488903045654e-02
1.411528140306472778e-01
-3.290348872542381287e-02
1.316835731267929077e-01
