-3.832463547587394714e-02
-3.948429599404335022e-03
-6.011915579438209534e-02
5.999916698783636093e-03
-2.550039067864418030e-02
4.934662487357854843e-03
8.618281036615371704e-02
-4.622003808617591858e-02
1.518359184265136719e-01
5.709049105644226074e-02
2.989101409912109375e-02
-7.893012464046478271e-02
7.233507186174392700e-02
2.066074125468730927e-02
-3.603701293468475342e-02
2.405288442969322205e-02
3.688799962401390076e-02
-3.459161147475242615e-02
-9.505308233201503754e-03
4.560450091958045959e-02
5.442861584015190601e-04
4.299150034785270691e-02
-3.559575974941253662e-02
-5.951247736811637878e-02
-2.644757181406021118e-02
-6.847797427326440811e-03
5.729024764150381088e-03
-9.051776491105556488e-03
-9.561932832002639771e-02
4.222293570637702942e-02
-2.418874949216842651e-02
-7.605785131454467773e-02
-2.773899026215076447e-02
1.014772653579711914e-01
1.913844421505928040e-02
-1.876590214669704437e-02
-7.739819586277008057e-02
-8.190847933292388916e-03
-5.350274220108985901e-02
4.045616835355758667e-02
2.216789498925209045e-02
-1.933183521032333374e-02
-1.642256416380405426e-02
-8.339094370603561401e-02
1.658589541912078857e-01
8.329882472753524780e-02
1.062026023864746094e-01
2.830152213573455811e-02
-2.956634573638439178e-02
-3.748992085456848145e-02
-4.661074280738830566e-02
1.361895799636840820e-01
4.813146963715553284e-02
9.863713383674621582e-02
9.189549833536148071e-02
-2.482183463871479034e-02
-4.843205586075782776e-02
-1.590434461832046509e-02
4.489871859550476074e-02
-1.025564670562744141e-01
3.056700900197029114e-02
-1.492221839725971222e-02
7.530198991298675537e-02
-8.944926410913467407e-02
-1.657100580632686615e-02
4.436627775430679321e-02
1.614542677998542786e-02
-5.204578116536140442e-02
2.176421694457530975e-02
3.744275867938995361e-02
2.913563698530197144e-02
-5.922030285000801086e-02
-7.884658873081207275e-02
-6.130202207714319229e-03
5.688484758138656616e-02
-7.232543081045150757e-02
-2.626605518162250519e-02
-4.662622231990098953e-03
-2.270796149969100952e-02
3.517982736229896545e-02
3.866208950057625771e-03
2.666150406002998352e-02
-1.810778921935707331e-04
-5.710101500153541565e-02
3.652290627360343933e-02
-4.111033305525779724e-02
-1.434429921209812164e-02
-2.686226367950439453e-02
-6.719774100929498672e-03
-5.069913715124130249e-02
-1.198393199592828751e-02
1.262657940387725830e-01
-4.687721282243728638e-02
4.890321940183639526e-02
-1.099828910082578659e-02
-1.473642792552709579e-02
-8.627939224243164062e-02
6.550606340169906616e-03
-3.533687442541122437e-02
-6.103941239416599274e-03
-3.854535147547721863e-02
-4.637534916400909424e-02
-3.389059007167816162e-02
5.690743029117584229e-02
1.864056661725044250e-02
-1.322381664067506790e-02
9.042837657034397125e-03
7.460529357194900513e-02
9.658313542604446411e-02
2.456909604370594025e-02
-6.253281980752944946e-02
5.461152642965316772e-02
-7.449223101139068604e-02
-5.678696557879447937e-02
-2.512024901807308197e-02
-5.154679715633392334e-02
-2.522398903965950012e-02
-3.141566365957260132e-02
2.663634158670902252e-02
2.131338045001029968e-02
-1.592627353966236115e-02
-6.707534193992614746e-02
2.757731638848781586e-02
-8.005883544683456421e-02
4.703902080655097961e-02
1.648919656872749329e-02
4.633699357509613037e-02
-3.237555548548698425e-02
-1.663514599204063416e-02
-2.855859510600566864e-02
5.970292259007692337e-03
-1.050299927592277527e-01
4.001935198903083801e-02
-1.295556966215372086e-02
2.776832319796085358e-02
-2.282975055277347565e-02
5.836137011647224426e-02
-8.165747672319412231e-02
-4.814256355166435242e-02
2.109658904373645782e-02
-7.092432677745819092e-02
-1.706353947520256042e-02
2.506602555513381958e-02
-2.642425522208213806e-02
9.281034581363201141e-03
2.761301025748252869e-02
5.601396039128303528e-02
3.326890990138053894e-02
5.709133297204971313e-02
-2.230703644454479218e-02
5.035823211073875427e-02
3.634067252278327942e-02
-4.611386731266975403e-02
-8.653309196233749390e-02
2.031667530536651611e-02
-2.892411313951015472e-02
2.403874415904283524e-03
4.276682063937187195e-02
9.378189221024513245e-03
1.084080487489700317e-01
3.716566786170005798e-02
-6.278390064835548401e-03
1.293571083806455135e-03
5.417911708354949951e-02
-4.577973112463951111e-02
-1.507471408694982529e-02
-4.824747890233993530e-02
-3.948578611016273499e-02
5.781102925539016724e-02
-4.357728362083435059e-02
1.675698719918727875e-02
2.102131210267543793e-02
3.490164130926132202e-02
9.847355633974075317e-02
-2.923810295760631561e-02
1.749123819172382355e-02
2.694193460047245026e-02
-1.679184613749384880e-03
9.540853789076209068e-04
1.686282921582460403e-03
1.683276891708374023e-02
-3.388797491788864136e-02
-3.952361270785331726e-02
-3.717740625143051147e-02
-2.120086736977100372e-02
-5.146742239594459534e-02
-1.712272316217422485e-02
-1.127295121550559998e-01
1.760692894458770752e-02
-1.247553620487451553e-02
-1.050686687231063843e-01
5.503300111740827560e-03
8.232933282852172852e-02
-1.906047612428665161e-01
8.928001672029495239e-02
6.080129742622375488e-02
1.757518947124481201e-01
6.781497504562139511e-03
1.525146961212158203e-01
-5.856043100357055664e-02
3.091923147439956665e-02
-7.259269058704376221e-02
3.577124327421188354e-02
-1.175047382712364197e-01
-3.176226466894149780e-02
-1.488476525992155075e-02
4.331140965223312378e-02
-2.885289676487445831e-02
-2.752145566046237946e-02
-5.505991633981466293e-03
1.663967967033386230e-02
-1.442335196770727634e-03
6.661851704120635986e-02
-6.458024680614471436e-02
2.712232060730457306e-02
1.828559488058090210e-02
2.916152216494083405e-02
5.765378475189208984e-02
-9.789002127945423126e-03
7.411973923444747925e-02
6.909006088972091675e-02
-4.633191507309675217e-03
-8.401076495647430420e-02
6.892309058457612991e-03
-2.492130734026432037e-02
-8.198868483304977417e-02
6.194920837879180908e-02
2.265420043841004372e-03
-4.052627831697463989e-02
6.968142092227935791e-02
2.547434344887733459e-02
8.863732963800430298e-02
-9.158241003751754761e-02
1.541444845497608185e-02
6.858985871076583862e-02
1.353334039449691772e-01
-1.644825637340545654e-01
-9.769701212644577026e-02
-8.309701830148696899e-02
8.822041004896163940e-02
-3.176619112491607666e-02
1.587728112936019897e-01
2.608907818794250488e-01
-9.587457776069641113e-02
-1.483457535505294800e-01
-2.379114739596843719e-02
-6.947384029626846313e-02
2.344446927309036255e-01
-4.309263080358505249e-02
1.745463013648986816e-01
