-6.698566675186157227e-02
-1.415157457813620567e-03
2.396036311984062195e-02
-3.208108537364751101e-04
-2.121813967823982239e-02
3.348595276474952698e-02
4.406512528657913208e-02
-9.548962116241455078e-02
1.020564734935760498e-01
7.429508119821548462e-02
-9.921327233314514160e-02
-8.878584951162338257e-02
9.787958860397338867e-02
-7.958258502185344696e-03
-2.771648764610290527e-02
3.484030067920684814e-02
3.953437134623527527e-02
-6.075049936771392822e-02
8.289700374007225037e-03
2.492129988968372345e-02
4.679648950695991516e-02
-2.433838509023189545e-02
1.589847379364073277e-03
-2.192695997655391693e-02
1.732815057039260864e-02
-1.649333164095878601e-02
-4.146901890635490417e-03
-4.930722340941429138e-02
-7.526493072509765625e-02
3.311288775876164436e-03
-2.538858354091644287e-02
-7.951592653989791870e-02
-3.200177103281021118e-03
4.634241387248039246e-02
5.998474662192165852e-04
-5.631699692457914352e-03
-7.189213484525680542e-02
-4.845544230192899704e-03
-9.518947452306747437e-03
1.909691840410232544e-02
-3.554728999733924866e-02
-1.871664449572563171e-02
1.017053797841072083e-02
-7.646957039833068848e-02
1.121895462274551392e-01
7.705394178628921509e-02
3.272274881601333618e-02
-2.411288209259510040e-03
-4.848296195268630981e-02
-9.283340722322463989e-02
-4.607105255126953125e-02
9.782902151346206665e-02
-1.362939365208148956e-02
4.448294267058372498e-02
4.940729960799217224e-02
2.574171870946884155e-03
-2.899501472711563110e-02
1.141214277595281601e-02
3.465410694479942322e-02
-7.583478465676307678e-03
6.001692265272140503e-02
1.493690349161624908e-02
7.630896568298339844e-02
-1.418697088956832886e-01
-2.060997486114501953e-02
-2.065123803913593292e-02
-1.451474428176879883e-02
5.327132344245910645e-02
-3.409441187977790833e-02
-4.117100685834884644e-02
-6.329112220555543900e-04
-1.541219418868422508e-03
-2.593516185879707336e-02
3.700674697756767273e-02
9.903539903461933136e-03
2.542293444275856018e-02
2.852651104331016541e-02
3.211199864745140076e-02
-1.932795345783233643e-02
5.466437339782714844e-02
-7.196835428476333618e-02
2.448398619890213013e-02
1.740686036646366119e-02
-8.401529490947723389e-02
-3.510963916778564453e-02
-2.965020760893821716e-02
3.952064365148544312e-02
7.934420555830001831e-02
1.246663648635149002e-02
-2.244306169450283051e-02
4.444893822073936462e-02
1.775771938264369965e-02
-1.004271507263183594e-01
1.295015588402748108e-02
-7.564917206764221191e-02
9.037677198648452759e-03
-8.049887418746948242e-02
5.735468491911888123e-02
-4.992024600505828857e-02
-1.045884843915700912e-02
-6.502436846494674683e-02
-8.341038599610328674e-03
-2.198261441662907600e-03
2.671276032924652100e-02
-3.744680806994438171e-02
-4.174235835671424866e-02
6.134102866053581238e-02
4.186681006103754044e-03
4.673845693469047546e-02
7.238887250423431396e-03
-6.888283789157867432e-02
1.448609586805105209e-02
-3.661433979868888855e-02
-2.342292293906211853e-02
-9.095921367406845093e-02
-4.437591880559921265e-02
3.822725638747215271e-02
-4.734745249152183533e-02
-4.233594983816146851e-03
5.073718726634979248e-02
4.925762116909027100e-02
-4.856845736503601074e-02
9.114132262766361237e-03
-2.306373976171016693e-02
5.475284531712532043e-03
4.284616187214851379e-02
-4.502478241920471191e-02
-1.078710705041885376e-01
-5.294149741530418396e-02
-2.141702175140380859e-02
2.174859121441841125e-02
-4.160482808947563171e-02
8.546391129493713379e-02
4.325792565941810608e-02
1.732191629707813263e-02
-5.861707776784896851e-02
1.242252439260482788e-01
-9.914386272430419922e-02
-1.981257833540439606e-02
-5.017631500959396362e-02
-4.167990759015083313e-02
-2.519829198718070984e-02
5.870625004172325134e-02
2.250032126903533936e-02
4.379463940858840942e-02
1.210971828550100327e-02
-1.816188916563987732e-02
3.653182834386825562e-02
6.232728809118270874e-02
-6.314252316951751709e-02
7.387419790029525757e-02
1.034168154001235962e-02
2.742561139166355133e-02
-9.301004558801651001e-02
1.770287752151489258e-02
6.609197705984115601e-02
1.392133440822362900e-02
7.973147183656692505e-02
-4.644453898072242737e-02
1.006568521261215210e-01
1.830855943262577057e-02
-4.177687317132949829e-02
2.462404035031795502e-02
-3.759848326444625854e-02
-3.289885073900222778e-02
3.214651020243763924e-03
2.255055867135524750e-02
-6.986659020185470581e-03
2.373966388404369354e-02
-2.496033208444714546e-03
-8.246138691902160645e-03
-8.521635085344314575e-03
1.148627791553735733e-02
6.946572661399841309e-02
-5.426758527755737305e-02
-5.346092395484447479e-03
1.689466089010238647e-02
1.743443496525287628e-02
1.802238635718822479e-02
-3.440385218709707260e-03
-1.272807084023952484e-02
-1.619014516472816467e-02
2.242310903966426849e-02
-4.839359223842620850e-02
-3.560055792331695557e-02
-6.096323020756244659e-03
-1.608534716069698334e-02
-5.641073919832706451e-03
-7.081699091941118240e-03
-1.175534632056951523e-02
1.982668647542595863e-03
-4.469950124621391296e-02
5.752448737621307373e-02
-1.200448125600814819e-01
1.013169810175895691e-01
4.562212526798248291e-02
1.578407436609268188e-01
3.107789717614650726e-02
1.200494244694709778e-01
1.022967137396335602e-02
-3.238249942660331726e-02
-1.017562486231327057e-02
3.908840939402580261e-02
-1.483151465654373169e-01
1.053395308554172516e-02
-4.975677654147148132e-02
6.238473206758499146e-02
-6.802150513976812363e-03
-8.466285071335732937e-04
-3.463821858167648315e-02
-1.391576882451772690e-02
-3.759492188692092896e-02
8.755056560039520264e-02
-5.683539435267448425e-02
1.481814309954643250e-02
3.990849945694208145e-03
5.592087656259536743e-02
5.609675496816635132e-02
8.730120025575160980e-03
7.969384640455245972e-02
8.608627319335937500e-02
-3.952351585030555725e-02
-8.073472976684570312e-02
-4.993567615747451782e-02
-7.382583618164062500e-02
-1.445946842432022095e-01
9.753612428903579712e-02
3.176475176587700844e-03
6.621727254241704941e-03
4.305895790457725525e-02
-2.503060698509216309e-01
1.249721944332122803e-01
-2.098039984703063965e-01
-4.577538743615150452e-02
5.671464651823043823e-02
1.356164067983627319e-01
-2.551271021366119385e-01
-8.158161491155624390e-02
-4.534073919057846069e-02
7.084152102470397949e-02
-9.623923338949680328e-03
1.313106566667556763e-01
2.130026668310165405e-01
-1.633779704570770264e-01
-1.212302818894386292e-01
-1.522865798324346542e-02
-3.759149089455604553e-02
1.498779952526092529e-01
-6.325712800025939941e-02
1.539903134107589722e-01
