-1.006769165396690369e-01
-5.536537617444992065e-02
1.011455357074737549e-01
-6.633077561855316162e-02
-1.162552088499069214e-02
9.689234197139739990e-02
2.519023045897483826e-02
-1.310634315013885498e-01
1.168780177831649780e-01
2.971604466438293457e-02
-1.374049633741378784e-01
-5.769978836178779602e-02
1.087798625230789185e-01
-4.090441018342971802e-02
4.930191859602928162e-02
1.780868135392665863e-02
4.516125097870826721e-02
-9.374830126762390137e-02
5.638023465871810913e-02
2.515786886215209961e-02
4.615037515759468079e-02
-3.486173972487449646e-02
-2.038998156785964966e-02
4.428631626069545746e-03
4.426683485507965088e-02
1.970518613234162331e-03
1.811961270868778229e-02
-4.202320054173469543e-02
-1.234933286905288696e-01
-3.057940490543842316e-02
-3.467120602726936340e-02
-7.631704956293106079e-02
-1.911262795329093933e-02
9.581448137760162354e-02
-2.656894922256469727e-02
-4.309274628758430481e-02
-7.269319891929626465e-02
4.980702884495258331e-03
1.871402747929096222e-02
2.306834049522876740e-02
-3.366081044077873230e-02
-1.016943063586950302e-02
1.310441922396421432e-02
-5.851114541292190552e-02
1.029141843318939209e-01
8.104961365461349487e-02
4.610706120729446411e-02
-3.201109915971755981e-02
-5.226649343967437744e-02
-6.290502846240997314e-02
-4.386558383703231812e-02
8.711493015289306641e-02
-3.298206627368927002e-02
5.586535856127738953e-02
5.650105327367782593e-02
2.429996384307742119e-03
-5.775486677885055542e-02
2.840468473732471466e-02
4.208415001630783081e-02
4.256487637758255005e-02
6.131134554743766785e-02
-3.135580942034721375e-02
9.053759276866912842e-02
-1.497269272804260254e-01
1.246542087756097317e-03
-7.581125013530254364e-03
-4.272484034299850464e-02
7.778931409120559692e-02
-6.005121022462844849e-02
-4.369491338729858398e-02
1.879838295280933380e-02
-8.175017312169075012e-03
-1.286228839308023453e-02
5.105250328779220581e-02
1.287128031253814697e-02
3.783335164189338684e-02
2.615503966808319092e-02
6.390026211738586426e-02
-7.673492282629013062e-02
4.496984556317329407e-02
-7.579015940427780151e-02
3.754052147269248962e-02
1.853220537304878235e-02
-1.158461198210716248e-01
-8.468861877918243408e-02
-5.188224022276699543e-04
2.752199210226535797e-02
9.539120644330978394e-02
4.140040371567010880e-03
-5.315046757459640503e-02
4.157667234539985657e-02
-1.061972323805093765e-02
-6.692636013031005859e-02
6.456480920314788818e-02
-1.116701439023017883e-01
1.750524342060089111e-02
-9.885507822036743164e-02
2.116739377379417419e-02
1.514336280524730682e-02
-8.955461904406547546e-03
-7.467693090438842773e-02
-3.760776296257972717e-02
-2.074126526713371277e-02
-9.738867520354688168e-04
-3.779561072587966919e-02
-2.975751087069511414e-02
9.260550141334533691e-02
-1.710461638867855072e-02
3.119065612554550171e-02
-2.268886752426624298e-02
-6.525771319866180420e-02
1.112561440095305443e-03
-3.418473352212458849e-04
-4.293881356716156006e-02
-6.283053755760192871e-02
8.817669004201889038e-03
3.524548560380935669e-02
-5.565004423260688782e-02
-1.081516221165657043e-02
8.647958189249038696e-02
3.778382763266563416e-02
-3.733544424176216125e-02
-3.447889536619186401e-02
3.985793888568878174e-02
2.304684836417436600e-03
6.738550215959548950e-02
-5.393178015947341919e-02
-9.048467129468917847e-02
-6.664415448904037476e-02
-3.358937427401542664e-02
4.075999185442924500e-02
-8.521577715873718262e-02
6.015262007713317871e-02
1.314918417483568192e-02
1.014355756342411041e-02
-5.659098178148269653e-02
1.020649597048759460e-01
-4.557327926158905029e-02
-3.033209405839443207e-02
-4.389517754316329956e-02
-2.168636769056320190e-02
-6.170020252466201782e-02
6.424637883901596069e-02
9.681662172079086304e-02
6.028848141431808472e-02
1.755616441369056702e-02
-3.885867819190025330e-02
4.656136408448219299e-02
5.432337895035743713e-02
-5.687710270285606384e-02
3.680052608251571655e-02
4.046459216624498367e-03
2.637213282287120819e-02
-8.089010417461395264e-02
2.327023446559906006e-02
7.504163682460784912e-02
9.243788197636604309e-03
8.515948802232742310e-02
-5.122534185647964478e-02
9.357613325119018555e-02
3.190065175294876099e-02
-2.516334503889083862e-02
2.451202133670449257e-03
-2.130537852644920349e-02
-6.564397364854812622e-02
2.734516188502311707e-02
-5.340872704982757568e-02
7.642949000000953674e-03
1.019948534667491913e-02
-5.374073982238769531e-02
3.006543405354022980e-02
-4.297395050525665283e-02
5.875740200281143188e-02
3.038742393255233765e-02
-7.088197767734527588e-02
-3.053356893360614777e-02
-2.195800282061100006e-02
-4.514778777956962585e-02
4.268501419574022293e-03
4.129886627197265625e-02
-3.790834918618202209e-02
2.733118645846843719e-02
3.845057263970375061e-02
-2.985704317688941956e-02
-4.593291133642196655e-02
9.049268439412117004e-03
-4.866193234920501709e-02
8.234681561589241028e-03
6.383483856916427612e-02
-6.891638040542602539e-02
-2.475959807634353638e-02
-6.489738821983337402e-02
9.173013269901275635e-02
-1.237180009484291077e-01
1.196704357862472534e-01
7.854788005352020264e-02
1.928993612527847290e-01
5.468686670064926147e-02
1.139698252081871033e-01
-2.440122142434120178e-02
-3.712356090545654297e-02
-3.730157390236854553e-02
3.481951355934143066e-02
-1.706242114305496216e-01
4.956307355314493179e-03
-8.285795152187347412e-02
7.537655532360076904e-02
-6.031495518982410431e-03
6.103465333580970764e-03
-2.067167125642299652e-02
-1.981703191995620728e-02
-6.084682419896125793e-02
9.035807102918624878e-02
-9.694609045982360840e-02
-5.950420745648443699e-04
-2.851010672748088837e-02
5.448070541024208069e-02
5.433354899287223816e-02
-2.688267454504966736e-02
7.861497253179550171e-02
1.014339476823806763e-01
8.384012617170810699e-04
-9.601190686225891113e-02
-3.968487679958343506e-02
-9.305192530155181885e-02
-1.428989320993423462e-01
6.900203227996826172e-02
3.084637410938739777e-02
8.301809430122375488e-03
1.136936433613300323e-02
-2.321491092443466187e-01
8.127547800540924072e-02
-1.753380149602890015e-01
-5.319334194064140320e-02
4.895709082484245300e-02
3.218814358115196228e-02
-1.817080527544021606e-01
-4.556549340486526489e-02
-2.921278961002826691e-02
4.084293544292449951e-02
-1.115634758025407791e-02
4.791709780693054199e-02
1.172990873456001282e-01
-1.108118742704391479e-01
-3.725861757993698120e-02
-3.388238139450550079e-03
-1.245711836963891983e-02
5.821893736720085144e-02
-4.419621825218200684e-02
7.648190855979919434e-02
