-4.552880674600601196e-02
-4.148053750395774841e-02
3.203166648745536804e-02
-4.053529351949691772e-02
3.077568858861923218e-02
7.165459543466567993e-02
7.050012052059173584e-02
-6.162186339497566223e-02
1.042243391275405884e-01
2.602210640907287598e-02
-4.633167013525962830e-02
-6.520617753267288208e-02
6.045407056808471680e-02
-2.100211009383201599e-02
4.966195300221443176e-02
3.027374483644962311e-02
6.448145210742950439e-02
-6.936817616224288940e-02
-4.026016220450401306e-03
3.411073610186576843e-02
2.878308482468128204e-02
1.128006912767887115e-02
-1.488725561648607254e-02
-3.913631290197372437e-02
1.601907610893249512e-02
-1.530556380748748779e-02
2.054512128233909607e-02
6.795226130634546280e-03
-1.136009991168975830e-01
4.273278638720512390e-02
-4.460483044385910034e-02
-1.191784441471099854e-01
-5.270557850599288940e-02
9.729234129190444946e-02
5.236770957708358765e-03
-3.343257820233702660e-03
-8.158673346042633057e-02
1.708162203431129456e-02
-4.181122407317161560e-02
5.429644882678985596e-02
-2.980634383857250214e-02
-1.454175263643264771e-02
4.141383338719606400e-03
-1.098274886608123779e-01
1.276388764381408691e-01
9.784800559282302856e-02
9.161052852869033813e-02
-1.748614246025681496e-03
-6.558601558208465576e-02
-7.301311939954757690e-02
-7.328677922487258911e-02
1.194168776273727417e-01
2.630190458148717880e-03
8.368142694234848022e-02
1.054261848330497742e-01
-3.003904968500137329e-02
-4.321311786770820618e-02
2.644637599587440491e-02
2.735385857522487640e-02
-2.191912010312080383e-02
3.311219066381454468e-02
-7.124875485897064209e-02
9.986321628093719482e-02
-1.696354299783706665e-01
-3.400816395878791809e-02
9.414042346179485321e-03
6.685593165457248688e-03
3.678403794765472412e-02
-2.766130724921822548e-03
-3.654541447758674622e-02
5.969123542308807373e-02
-2.428145892918109894e-02
-5.557356402277946472e-02
2.058800682425498962e-02
-1.856715418398380280e-03
3.558124182745814323e-03
2.875926904380321503e-02
4.890451952815055847e-02
-6.230442225933074951e-02
8.599696308374404907e-02
-6.753230094909667969e-02
5.323264747858047485e-02
2.368555590510368347e-02
-1.156845092773437500e-01
-4.301807656884193420e-02
-3.141510486602783203e-02
-1.306136231869459152e-02
4.067733883857727051e-02
2.285745739936828613e-02
-8.529865741729736328e-02
-8.064697496592998505e-03
6.718621402978897095e-02
-6.319734454154968262e-02
4.606334492564201355e-02
-1.083871945738792419e-01
1.556147634983062744e-02
-1.155098900198936462e-01
-2.883827546611428261e-03
1.671661995351314545e-02
-1.180860493332147598e-02
-8.858111500740051270e-02
-2.213615737855434418e-02
-1.580834761261940002e-02
7.433722913265228271e-02
-2.871548524126410484e-03
2.414081711322069168e-03
4.589273035526275635e-02
9.506980888545513153e-03
7.858035713434219360e-02
1.698754541575908661e-02
-9.192714095115661621e-02
1.087380480021238327e-02
-4.940804839134216309e-02
-4.383109137415885925e-02
-9.434032440185546875e-02
-4.534318298101425171e-02
-8.611246012151241302e-03
-3.004836477339267731e-02
-3.188953548669815063e-02
4.760001972317695618e-02
3.132879361510276794e-02
-6.702253222465515137e-02
1.119889691472053528e-02
-2.853677421808242798e-02
6.416570395231246948e-03
7.950770109891891479e-02
-4.041223973035812378e-02
-7.862135767936706543e-02
-5.880041513592004776e-03
-2.578776702284812927e-02
6.273196777328848839e-04
-1.047395095229148865e-01
4.219159856438636780e-02
6.746711209416389465e-03
6.820186972618103027e-02
-2.671610563993453979e-02
7.186871021986007690e-02
-8.226200006902217865e-03
-1.438221056014299393e-02
9.594169445335865021e-03
-2.635597996413707733e-02
-4.654960706830024719e-02
5.449823290109634399e-02
4.411960020661354065e-02
3.464758396148681641e-02
3.609216213226318359e-02
2.205410599708557129e-02
7.893683761358261108e-02
2.141757309436798096e-02
-2.432751283049583435e-02
1.485575456172227859e-02
1.052019745111465454e-02
-1.127981115132570267e-02
-1.092525869607925415e-01
1.234914828091859818e-02
8.448708057403564453e-02
3.549572452902793884e-02
8.227019757032394409e-02
-3.848509863018989563e-02
9.342715889215469360e-02
5.318300426006317139e-02
-4.824114963412284851e-03
7.295822724699974060e-03
6.965218577533960342e-03
-5.299404263496398926e-02
2.389702759683132172e-02
-4.483838751912117004e-02
-1.050254795700311661e-02
4.862084984779357910e-02
-4.950048401951789856e-02
5.426052585244178772e-02
-2.542325109243392944e-02
4.261470213532447815e-02
6.371983140707015991e-02
-4.074667766690254211e-02
-2.414297545328736305e-03
-2.278199885040521622e-03
-1.460829935967922211e-02
-1.382202375680208206e-02
2.528967894613742828e-02
-1.319525390863418579e-02
-4.550579190254211426e-02
2.790764672681689262e-03
-3.003868460655212402e-02
-4.489982500672340393e-02
-2.741795405745506287e-02
-6.018757075071334839e-02
-4.091287776827812195e-02
6.171458214521408081e-02
-6.143173947930335999e-02
-5.217364430427551270e-02
-3.378251567482948303e-02
6.663706153631210327e-02
-1.220512613654136658e-01
8.111408352851867676e-02
6.818514317274093628e-02
1.456345021724700928e-01
5.512025207281112671e-02
8.683539927005767822e-02
9.625581093132495880e-03
-1.111499313265085220e-02
-6.778365373611450195e-02
5.246331170201301575e-02
-1.409931629896163940e-01
9.834643453359603882e-03
-1.044440567493438721e-01
7.202298194169998169e-02
-2.584012597799301147e-02
-3.280132310464978218e-03
-3.241666406393051147e-02
-3.911651670932769775e-03
-1.469827350229024887e-02
5.586523562669754028e-02
-8.493052423000335693e-02
3.095816448330879211e-02
-9.541511535644531250e-03
4.525204002857208252e-02
8.010456711053848267e-02
-1.103580649942159653e-02
9.137842804193496704e-02
9.372311085462570190e-02
6.426273379474878311e-03
-1.086187511682510376e-01
-2.528677135705947876e-02
-3.144643828272819519e-02
-1.145341992378234863e-01
2.011093311011791229e-02
5.965218413621187210e-03
-1.923019299283623695e-03
6.501808762550354004e-02
-1.701965183019638062e-01
1.094708740711212158e-01
-1.802608221769332886e-01
-3.978912159800529480e-02
7.129798829555511475e-02
8.582326769828796387e-02
-1.924514770507812500e-01
-6.898951530456542969e-02
-4.180404543876647949e-02
4.356530308723449707e-02
-1.144921500235795975e-02
1.382696032524108887e-01
1.991290003061294556e-01
-1.635063588619232178e-01
-7.565809041261672974e-02
-1.964280940592288971e-02
-4.104824364185333252e-02
1.494192928075790405e-01
-4.968675971031188965e-02
1.275834441184997559e-01
