-9.443598240613937378e-02
-4.193582758307456970e-02
2.392260171473026276e-02
-2.223765291273593903e-02
-9.546508081257343292e-03
4.045481607317924500e-02
3.897317126393318176e-02
-8.605835586786270142e-02
1.082671433687210083e-01
5.966668203473091125e-02
-7.783833891153335571e-02
-6.614434719085693359e-02
8.172328770160675049e-02
7.249711547046899796e-03
7.614342030137777328e-03
1.869018003344535828e-02
3.279380872845649719e-02
-6.757536530494689941e-02
8.357061073184013367e-03
5.303299054503440857e-02
6.811839342117309570e-02
-7.641003467142581940e-04
-2.386108227074146271e-02
-6.149372085928916931e-03
1.589558459818363190e-02
-1.429926604032516479e-02
8.160058408975601196e-03
1.677945139817893505e-03
-1.184560358524322510e-01
2.445126883685588837e-02
-2.932098135352134705e-02
-8.628845959901809692e-02
7.929076440632343292e-03
9.754098951816558838e-02
-2.152186632156372070e-02
-2.880027145147323608e-02
-9.181782603263854980e-02
1.514998357743024826e-02
-1.930651441216468811e-02
3.019027598202228546e-02
-1.547073014080524445e-02
-4.382669925689697266e-02
4.951980430632829666e-03
-9.071712195873260498e-02
1.543790549039840698e-01
1.166542395949363708e-01
7.791206985712051392e-02
1.282369252294301987e-02
-7.712432742118835449e-02
-8.009299635887145996e-02
-6.810487061738967896e-02
1.570203453302383423e-01
-3.468899056315422058e-02
1.013330444693565369e-01
8.652710169553756714e-02
-4.577300697565078735e-02
-2.477050572633743286e-02
2.514679171144962311e-02
4.756583645939826965e-02
-3.772728145122528076e-02
5.585858598351478577e-02
-3.286397457122802734e-02
1.212072744965553284e-01
-1.466234773397445679e-01
-1.044402131810784340e-03
1.877868548035621643e-02
-4.174496605992317200e-02
5.229574441909790039e-02
-1.111969724297523499e-02
-3.517971932888031006e-02
5.740704014897346497e-02
-3.461020812392234802e-02
-4.367168620228767395e-02
5.300739035010337830e-02
3.233964368700981140e-02
-2.480188943445682526e-02
-3.324327990412712097e-03
5.052291601896286011e-02
-6.586957722902297974e-02
8.620293438434600830e-02
-6.957613676786422729e-02
1.873587816953659058e-02
2.498886547982692719e-02
-1.301593184471130371e-01
-6.608160585165023804e-02
-1.728196069598197937e-02
2.620883285999298096e-02
8.716645836830139160e-02
1.630635559558868408e-02
-6.403125077486038208e-02
2.123750559985637665e-02
5.154885724186897278e-02
-9.608595818281173706e-02
9.407713264226913452e-02
-9.060674905776977539e-02
-2.439832501113414764e-02
-8.676869422197341919e-02
3.716683015227317810e-02
6.414268864318728447e-04
-1.197255216538906097e-03
-7.965388149023056030e-02
-2.817529812455177307e-02
-4.342888295650482178e-02
3.460367023944854736e-02
-2.178052999079227448e-02
-2.697342261672019958e-02
8.140307664871215820e-02
2.275347337126731873e-02
6.681498140096664429e-02
-1.852453127503395081e-02
-9.493377059698104858e-02
4.072631523013114929e-02
-5.063120275735855103e-02
-5.234637111425399780e-02
-9.544660151004791260e-02
-5.765213817358016968e-02
2.916135825216770172e-02
-4.081885516643524170e-02
8.914571255445480347e-03
6.891559809446334839e-02
3.552490845322608948e-02
-5.764476582407951355e-02
1.025612931698560715e-03
-3.470106748864054680e-03
1.463045179843902588e-02
5.812355875968933105e-02
-2.680055424571037292e-02
-1.126925721764564514e-01
-2.275453694164752960e-02
-3.446383401751518250e-02
7.494936697185039520e-03
-8.732297271490097046e-02
5.729868635535240173e-02
9.952097199857234955e-03
2.705164998769760132e-02
-4.274417459964752197e-02
6.949912011623382568e-02
-4.474024847149848938e-02
-2.798186428844928741e-02
1.470899768173694611e-02
-2.733471617102622986e-02
-4.699385166168212891e-02
5.758425593376159668e-02
4.334583133459091187e-02
6.055341660976409912e-02
5.518541205674409866e-03
-1.396459806710481644e-02
8.488411456346511841e-02
4.802501574158668518e-02
-3.439629077911376953e-02
4.383635148406028748e-02
-5.760524887591600418e-03
-1.558740064501762390e-02
-1.218715608119964600e-01
3.484554961323738098e-02
7.225940376520156860e-02
2.488734200596809387e-02
7.720129936933517456e-02
-4.381722211837768555e-02
1.132959574460983276e-01
3.863374888896942139e-02
-1.680335402488708496e-02
3.633608296513557434e-02
1.595844514667987823e-02
-2.958787046372890472e-02
1.947418600320816040e-02
-4.415540024638175964e-02
-3.612559288740158081e-02
3.503492847084999084e-02
-5.442792922258377075e-02
5.179729685187339783e-02
-4.199288785457611084e-02
4.788272827863693237e-02
5.934919789433479309e-02
-4.314901679754257202e-02
-1.876091957092285156e-02
-1.410685759037733078e-02
-1.032599713653326035e-02
-5.014057736843824387e-03
2.649094909429550171e-02
-5.289586842991411686e-04
-2.017521299421787262e-02
2.017154730856418610e-02
-5.383482575416564941e-02
-2.886369451880455017e-02
1.679319515824317932e-02
-3.406137973070144653e-02
-3.900618106126785278e-02
4.793696850538253784e-02
-4.934854432940483093e-02
-3.525556996464729309e-02
-3.168497234582901001e-02
4.986592754721641541e-02
-1.387861520051956177e-01
1.087647750973701477e-01
6.631690263748168945e-02
1.627979725599288940e-01
6.330999732017517090e-02
9.080155193805694580e-02
-4.551164805889129639e-02
-1.709625939838588238e-03
-2.118431404232978821e-02
3.815220668911933899e-02
-1.382049471139907837e-01
-1.658729743212461472e-03
-4.531817138195037842e-02
3.506812825798988342e-02
7.601590361446142197e-03
-7.740160450339317322e-03
-9.891056455671787262e-03
1.079623680561780930e-02
-1.735457777976989746e-02
7.162394374608993530e-02
-9.036684781312942505e-02
2.715487964451313019e-02
-1.836871029809117317e-03
5.484947934746742249e-02
3.754258900880813599e-02
-8.732124231755733490e-03
6.340626627206802368e-02
9.134051948785781860e-02
-1.695507206022739410e-02
-8.831410855054855347e-02
-2.961727604269981384e-02
-5.803503841161727905e-02
-1.498184800148010254e-01
4.764845222234725952e-02
3.194400109350681305e-03
-7.226129062473773956e-03
3.308629989624023438e-02
-1.415747404098510742e-01
8.886383473873138428e-02
-1.431462615728378296e-01
-2.256378903985023499e-02
2.716526575386524200e-02
7.597751915454864502e-02
-1.546782404184341431e-01
-5.594234168529510498e-02
-2.818618714809417725e-02
7.219465821981430054e-02
-8.581143803894519806e-03
9.120116382837295532e-02
2.193007618188858032e-01
-1.342722922563552856e-01
-1.248676478862762451e-01
-1.221268624067306519e-02
-3.935386240482330322e-02
1.511062681674957275e-01
-7.543742656707763672e-02
1.450107693672180176e-01
