-9.400679171085357666e-02
-5.020039528608322144e-02
6.909368932247161865e-02
-1.703931950032711029e-02
-4.118650685995817184e-03
4.052808508276939392e-02
-7.773868273943662643e-03
-4.279706999659538269e-02
8.026366680860519409e-02
3.330539166927337646e-02
-8.791184425354003906e-02
-2.256900817155838013e-02
1.013211607933044434e-01
-1.166749186813831329e-02
-2.125086449086666107e-02
1.554548181593418121e-02
-1.906463876366615295e-03
-7.343538850545883179e-02
4.309992492198944092e-02
1.872289739549160004e-02
1.013932451605796814e-01
-1.191597804427146912e-02
-1.667012111283838749e-03
-5.131747573614120483e-03
4.804072529077529907e-02
-7.834769785404205322e-03
-1.949944766238331795e-03
-4.447811096906661987e-02
-1.888270676136016846e-01
-5.377611517906188965e-02
-8.618734031915664673e-02
-6.643678247928619385e-02
6.372056901454925537e-02
1.626479774713516235e-01
-1.111378334462642670e-02
-8.291692286729812622e-02
-9.975011646747589111e-02
-1.539236959069967270e-02
-2.295022271573543549e-02
3.090409189462661743e-02
1.970729045569896698e-02
-7.004214823246002197e-02
2.696003392338752747e-02
-6.251364946365356445e-02
7.071766257286071777e-02
1.444784849882125854e-01
6.028686463832855225e-02
-1.841551251709461212e-02
-8.431015908718109131e-02
-4.849628359079360962e-02
8.935838006436824799e-03
1.628534644842147827e-01
-3.312760964035987854e-02
4.373945668339729309e-02
9.128706902265548706e-02
-2.299162745475769043e-02
-6.228989362716674805e-02
-9.186099632643163204e-04
8.712442964315414429e-02
-2.485730871558189392e-02
1.748206093907356262e-02
-4.183827433735132217e-03
7.276790589094161987e-02
-1.343381106853485107e-01
2.506026625633239746e-02
1.296695321798324585e-02
-6.406248360872268677e-02
5.502475798130035400e-02
-6.180126219987869263e-02
-4.704361781477928162e-02
4.557751584798097610e-03
-2.505123615264892578e-02
3.884236142039299011e-02
1.141230762004852295e-01
3.993194550275802612e-02
1.510188821703195572e-02
1.621622778475284576e-02
5.139582604169845581e-02
-7.300050556659698486e-02
4.166825488209724426e-02
-4.735094681382179260e-02
7.189239375293254852e-03
2.468906715512275696e-02
-1.170440167188644409e-01
-8.508460968732833862e-02
4.187214374542236328e-02
6.528757512569427490e-02
1.148885861039161682e-01
-1.877810992300510406e-02
-1.963999308645725250e-02
2.789619006216526031e-02
-2.829801663756370544e-02
-7.851803302764892578e-02
6.625942885875701904e-02
-1.098168343305587769e-01
-6.150903180241584778e-03
-7.219288498163223267e-02
6.310524791479110718e-02
-1.089754607528448105e-02
-1.155076269060373306e-02
-7.288364320993423462e-02
-3.377410024404525757e-02
-2.976890467107295990e-02
9.149573161266744137e-04
-2.778482809662818909e-02
-6.218158081173896790e-02
1.108192354440689087e-01
2.202560938894748688e-02
-5.556140094995498657e-03
-2.100073173642158508e-02
-4.768040031194686890e-02
4.013606160879135132e-02
-1.837473548948764801e-02
-1.980038173496723175e-02
-3.852785006165504456e-02
-3.792948788031935692e-03
9.167405962944030762e-02
-1.769787445664405823e-02
1.128401956520974636e-03
1.189399659633636475e-01
1.923967525362968445e-02
-2.648958750069141388e-02
-8.934997767210006714e-02
7.260293513536453247e-02
1.996799558401107788e-02
5.133853480219841003e-02
-1.177948061376810074e-02
-8.781704306602478027e-02
-3.589784353971481323e-02
-1.111005898565053940e-02
5.011529661715030670e-03
-4.985984414815902710e-02
3.548879921436309814e-02
4.517347738146781921e-02
-1.637721620500087738e-02
-7.159586250782012939e-02
6.968402117490768433e-02
-6.366736721247434616e-03
1.028512138873338699e-02
5.631436593830585480e-03
4.811476543545722961e-02
-6.850837916135787964e-02
8.381308615207672119e-02
6.577768176794052124e-02
7.194072753190994263e-02
7.052553817629814148e-03
-3.890736773610115051e-02
7.039649039506912231e-02
9.592915326356887817e-02
-7.858515530824661255e-02
3.609776869416236877e-02
3.384052310138940811e-03
2.169497776776552200e-03
-2.603578753769397736e-02
2.433516085147857666e-02
6.200084835290908813e-02
-1.101807504892349243e-02
3.041267022490501404e-02
-4.687807336449623108e-02
9.970761090517044067e-02
3.505500406026840210e-02
-1.897550933063030243e-02
7.472562044858932495e-02
-9.232176467776298523e-03
-1.854252815246582031e-02
1.733753457665443420e-02
3.458531107753515244e-03
2.976817544549703598e-03
3.986975923180580139e-02
-3.910564631223678589e-02
2.711190842092037201e-03
-3.411957994103431702e-02
2.419528365135192871e-02
-4.419419914484024048e-03
-9.130167216062545776e-02
-5.925126373767852783e-02
-9.680802375078201294e-02
-3.403624519705772400e-02
1.098208944313228130e-03
3.480418398976325989e-02
-4.010036587715148926e-02
-1.665610261261463165e-02
3.387930244207382202e-02
-5.600026249885559082e-02
-2.624430507421493530e-02
2.337739057838916779e-02
3.534113289788365364e-03
5.766452103853225708e-02
5.866171047091484070e-02
-5.665705725550651550e-02
8.003929629921913147e-03
-6.553196907043457031e-02
6.115517765283584595e-02
-1.401169598102569580e-01
1.378147155046463013e-01
5.777579545974731445e-02
2.283641546964645386e-01
3.889101371169090271e-02
6.074854359030723572e-02
-5.657296255230903625e-02
-3.156232833862304688e-02
-2.337054815143346786e-03
2.631483040750026703e-02
-1.549701690673828125e-01
-4.687891155481338501e-02
-1.759528997354209423e-03
7.527892291545867920e-02
4.620996117591857910e-02
-2.350781857967376709e-02
1.296596368774771690e-03
1.070396229624748230e-02
-3.821499645709991455e-02
7.424473017454147339e-02
-1.338695138692855835e-01
-4.560069181025028229e-03
4.541474394500255585e-03
3.050787933170795441e-02
1.357851317152380943e-03
1.134623773396015167e-02
1.009605750441551208e-01
1.122451499104499817e-01
1.465987320989370346e-02
-7.316202670335769653e-02
-5.886282026767730713e-02
-8.553104102611541748e-02
-1.459582746028900146e-01
4.285640642046928406e-02
1.653354847803711891e-04
8.906128816306591034e-03
-1.312247291207313538e-02
-1.238939687609672546e-01
3.384812548756599426e-02
-1.315824687480926514e-01
-1.142992824316024780e-02
2.088207751512527466e-02
5.223638191819190979e-02
-1.226030737161636353e-01
-4.600086063146591187e-02
1.420317683368921280e-02
5.270073562860488892e-02
-5.614842753857374191e-03
6.471627205610275269e-02
1.607188284397125244e-01
-8.763074874877929688e-02
-7.242460548877716064e-02
-2.814074233174324036e-02
-3.056673146784305573e-02
7.114295661449432373e-02
-3.348660469055175781e-02
1.724472045898437500e-01
