-1.192989051342010498e-01
-5.750578269362449646e-02
1.295943511649966240e-03
-2.537504583597183228e-02
-4.090129956603050232e-02
5.622697994112968445e-02
6.470474600791931152e-02
-1.096678525209426880e-01
1.401482522487640381e-01
6.404108554124832153e-02
-5.760395899415016174e-02
-9.200952947139739990e-02
1.184867843985557556e-01
1.635597273707389832e-02
-7.391663268208503723e-03
6.045316345989704132e-03
3.967266529798507690e-02
-6.478136777877807617e-02
-3.185036592185497284e-03
6.792608648538589478e-02
6.235670670866966248e-02
7.006612140685319901e-03
-2.271427400410175323e-02
-1.638578064739704132e-02
2.307208999991416931e-02
-3.442950779572129250e-03
-4.697385709732770920e-03
-1.695871166884899139e-02
-1.250185817480087280e-01
2.416626736521720886e-02
-3.395143523812294006e-02
-8.467681705951690674e-02
-1.288263965398073196e-02
1.161022260785102844e-01
4.747198428958654404e-03
-2.627322264015674591e-02
-1.083661168813705444e-01
-4.183033015578985214e-03
-1.980029977858066559e-02
5.478660017251968384e-02
2.146856160834431648e-03
-3.587164357304573059e-02
1.261857897043228149e-02
-9.277074784040451050e-02
1.833071112632751465e-01
1.016269177198410034e-01
9.264701604843139648e-02
2.091195434331893921e-02
-6.907752901315689087e-02
-8.875171840190887451e-02
-8.572648465633392334e-02
1.447733938694000244e-01
-2.304101362824440002e-02
1.069490090012550354e-01
9.166592359542846680e-02
-5.201009288430213928e-02
-4.090011864900588989e-02
-7.117361295968294144e-03
4.436849802732467651e-02
-5.361662432551383972e-02
6.269228458404541016e-02
-2.843434736132621765e-02
1.033065244555473328e-01
-1.158111318945884705e-01
-4.292237106710672379e-03
2.953994087874889374e-02
-3.029076755046844482e-02
1.699737645685672760e-02
9.954184060916304588e-04
-3.930039238184690475e-03
5.732388421893119812e-02
-3.683858364820480347e-02
-7.343911379575729370e-02
3.966393321752548218e-02
3.965038806200027466e-02
-4.178911820054054260e-02
-4.385776352137327194e-03
3.486787900328636169e-02
-6.910843402147293091e-02
7.262269407510757446e-02
-4.405266419053077698e-02
8.473048917949199677e-03
8.509735576808452606e-03
-1.191714927554130554e-01
-2.513599023222923279e-02
-3.018483519554138184e-02
2.237268351018428802e-02
5.471858382225036621e-02
-5.584154743701219559e-03
-5.297948792576789856e-02
2.651512659213040024e-05
7.788330316543579102e-02
-8.764354884624481201e-02
8.438942581415176392e-02
-7.202778756618499756e-02
-2.142296358942985535e-02
-7.806194573640823364e-02
6.571978796273469925e-03
-4.189327359199523926e-03
-5.838992539793252945e-03
-5.764938518404960632e-02
-2.976528741419315338e-02
-4.236577823758125305e-02
1.585276797413825989e-02
-1.202674675732851028e-02
-3.565089404582977295e-02
6.536947190761566162e-02
3.789177909493446350e-02
9.653362631797790527e-02
-9.293953888118267059e-03
-7.944665849208831787e-02
5.085004121065139771e-02
-4.703390598297119141e-02
-4.767598584294319153e-02
-6.412172317504882812e-02
-3.982029482722282410e-02
-7.538014091551303864e-03
-4.864987358450889587e-02
1.276155374944210052e-02
6.070207059383392334e-02
8.876626379787921906e-03
-4.988611862063407898e-02
1.695083267986774445e-02
-2.218101173639297485e-02
2.905550785362720490e-02
3.610099107027053833e-02
-2.064188709482550621e-03
-8.310097455978393555e-02
-3.946054726839065552e-02
-2.339323237538337708e-02
1.716720685362815857e-02
-9.712599217891693115e-02
2.485241368412971497e-02
-4.704642575234174728e-03
2.421501092612743378e-02
-3.259293735027313232e-02
4.729634895920753479e-02
-5.877166241407394409e-02
-4.003530368208885193e-02
1.551884505897760391e-02
-4.855932667851448059e-02
-3.338836506009101868e-02
3.100973181426525116e-02
1.104914862662553787e-02
5.321635305881500244e-02
1.244662422686815262e-02
-7.729497738182544708e-03
4.667031019926071167e-02
5.826425924897193909e-02
-5.070309713482856750e-02
6.370741128921508789e-02
-1.188375893980264664e-02
-2.733147516846656799e-02
-1.196825206279754639e-01
3.174522519111633301e-02
1.466679293662309647e-02
5.221808794885873795e-03
6.717323511838912964e-02
-1.409124489873647690e-02
9.074099361896514893e-02
1.689852215349674225e-02
4.092334304004907608e-03
3.756601735949516296e-02
4.247805476188659668e-02
-4.582461342215538025e-02
2.125951275229454041e-02
-4.915094748139381409e-02
-2.814876846969127655e-02
4.215600341558456421e-02
-8.278866112232208252e-02
3.783252835273742676e-02
-2.620115876197814941e-02
5.739592760801315308e-02
6.206518411636352539e-02
-2.903782017529010773e-02
-2.077155746519565582e-02
7.902042008936405182e-03
-4.274424165487289429e-02
-8.608675561845302582e-03
1.767233014106750488e-02
-6.275177933275699615e-03
-1.469631586223840714e-02
1.521249883808195591e-03
-3.673959895968437195e-02
-3.546734899282455444e-02
9.444172028452157974e-04
-5.055639520287513733e-02
-6.038621813058853149e-02
4.235779494047164917e-02
-4.242493957281112671e-02
-4.672887921333312988e-02
-2.889716625213623047e-02
6.158392876386642456e-02
-1.672661155462265015e-01
1.078942194581031799e-01
4.897141084074974060e-02
1.897205859422683716e-01
4.395159333944320679e-02
1.216083839535713196e-01
-5.293246358633041382e-02
8.704734966158866882e-03
-3.389183804392814636e-02
4.505888745188713074e-02
-1.384084671735763550e-01
5.118977860547602177e-04
-2.543320134282112122e-02
4.574595764279365540e-02
-1.552658807486295700e-02
-2.677344344556331635e-02
-1.281901169568300247e-02
1.283890102058649063e-02
-1.331605669111013412e-02
7.505226880311965942e-02
-1.085805892944335938e-01
3.247591108083724976e-02
-3.979085013270378113e-03
6.653258204460144043e-02
6.662511080503463745e-02
-1.382890157401561737e-02
7.035353034734725952e-02
8.735509961843490601e-02
-2.724825777113437653e-02
-9.685248136520385742e-02
-3.023259155452251434e-02
-4.790703952312469482e-02
-1.292766481637954712e-01
5.123711004853248596e-02
7.761967368423938751e-03
-8.004124276340007782e-03
3.871693462133407593e-02
-7.364975661039352417e-02
9.147738665342330933e-02
-1.120388060808181763e-01
-1.525020319968461990e-02
3.944509476423263550e-02
8.837083727121353149e-02
-1.466435045003890991e-01
-5.844948440790176392e-02
-3.571177646517753601e-02
8.164913207292556763e-02
-2.195732109248638153e-02
1.055709123611450195e-01
2.197915613651275635e-01
-1.057374328374862671e-01
-1.357432603836059570e-01
4.861619963776320219e-04
-4.757215455174446106e-02
1.688895523548126221e-01
-6.378187239170074463e-02
1.407695412635803223e-01
