-8.198816329240798950e-02
-1.004423759877681732e-02
4.363564029335975647e-02
-2.697809599339962006e-02
-5.000201053917407990e-03
4.710056260228157043e-02
3.591356799006462097e-02
-9.734334051609039307e-02
7.375674694776535034e-02
5.054414272308349609e-02
-9.670064598321914673e-02
-6.280653178691864014e-02
8.441989123821258545e-02
-1.338553149253129959e-02
1.565131358802318573e-02
2.803191542625427246e-02
4.833911359310150146e-02
-5.790042877197265625e-02
1.395806204527616501e-02
3.229768201708793640e-02
4.689820855855941772e-02
-2.745147980749607086e-02
5.261122132651507854e-04
-1.603231532499194145e-03
2.545075118541717529e-02
-1.175729744136333466e-02
-9.251931915059685707e-04
-1.558205392211675644e-02
-9.923183917999267578e-02
9.672196581959724426e-03
-2.253809385001659393e-02
-8.657516539096832275e-02
-2.158164978027343750e-03
6.461132317781448364e-02
-1.439470797777175903e-02
-1.200715079903602600e-02
-9.529951214790344238e-02
1.318550575524568558e-02
-8.989981375634670258e-03
3.026287443935871124e-02
-4.743202775716781616e-02
-3.121451102197170258e-02
6.132715847343206406e-03
-7.395641505718231201e-02
1.228059083223342896e-01
9.793759882450103760e-02
5.968618765473365784e-02
-1.554275583475828171e-02
-6.824010610580444336e-02
-9.636561572551727295e-02
-6.704439222812652588e-02
1.289815306663513184e-01
-4.066392779350280762e-02
6.401898711919784546e-02
6.828543543815612793e-02
-2.328785881400108337e-02
-3.071170859038829803e-02
3.725109621882438660e-02
4.286765307188034058e-02
1.104497350752353668e-02
6.009554490447044373e-02
-3.027001209557056427e-02
1.010218113660812378e-01
-1.746186017990112305e-01
-2.164798416197299957e-02
-2.223572880029678345e-02
-3.229087963700294495e-02
8.083422482013702393e-02
-3.874652087688446045e-02
-7.152048498392105103e-02
4.193567112088203430e-02
-3.309168096166104078e-04
-1.904391311109066010e-02
6.435327976942062378e-02
4.871802593697793782e-05
1.719568856060504913e-02
3.412821143865585327e-02
6.177682429552078247e-02
-5.594950541853904724e-02
8.579671382904052734e-02
-9.244640916585922241e-02
2.769014425575733185e-02
2.865955419838428497e-02
-1.165049448609352112e-01
-8.147389441728591919e-02
-1.562116667628288269e-02
6.036753207445144653e-02
1.060669049620628357e-01
1.938607916235923767e-02
-4.241943731904029846e-02
3.790906816720962524e-02
-1.667766337050125003e-04
-1.133284792304039001e-01
5.865847691893577576e-02
-1.158596947789192200e-01
1.197673846036195755e-02
-7.874371111392974854e-02
4.907637089490890503e-02
-5.639208946377038956e-03
-1.429985277354717255e-02
-8.348100632429122925e-02
-1.783903688192367554e-02
-1.889592967927455902e-02
2.403398603200912476e-02
-3.372617438435554504e-02
-3.952043503522872925e-02
9.284841269254684448e-02
5.558911245316267014e-03
4.988497123122215271e-02
-6.715784315019845963e-03
-8.101003617048263550e-02
1.357255689799785614e-02
-1.843075081706047058e-02
-2.469177730381488800e-02
-9.877996891736984253e-02
-3.632442280650138855e-02
3.622360154986381531e-02
-4.213881865143775940e-02
-1.530528441071510315e-02
7.427710294723510742e-02
6.102991104125976562e-02
-4.504513368010520935e-02
1.796133350580930710e-03
6.176374852657318115e-03
5.545821972191333771e-03
6.745450943708419800e-02
-5.995649844408035278e-02
-1.192426681518554688e-01
-4.300377145409584045e-02
-3.571841120719909668e-02
2.173549309372901917e-02
-7.144036144018173218e-02
7.045183330774307251e-02
3.071045130491256714e-02
1.982423290610313416e-02
-5.903806909918785095e-02
1.058156043291091919e-01
-6.295858323574066162e-02
-7.654626388102769852e-03
-2.215657755732536316e-02
-3.427970781922340393e-02
-4.775663837790489197e-02
7.224244624376296997e-02
5.070013180375099182e-02
5.310687795281410217e-02
2.431433461606502533e-02
-3.397899121046066284e-02
7.182695716619491577e-02
4.832399636507034302e-02
-4.875716194510459900e-02
4.288762807846069336e-02
-6.025662180036306381e-03
8.474357426166534424e-03
-8.919423073530197144e-02
2.090048603713512421e-02
9.100425243377685547e-02
3.012965060770511627e-02
9.747663885354995728e-02
-5.834351480007171631e-02
9.446090459823608398e-02
3.236674144864082336e-02
-3.921579197049140930e-02
3.380228206515312195e-02
-2.879413589835166931e-02
-4.063086584210395813e-02
1.368409581482410431e-02
-1.454794779419898987e-02
-9.910110384225845337e-03
2.375486306846141815e-02
-4.349138960242271423e-02
3.340597450733184814e-02
-3.898302838206291199e-02
2.519310452044010162e-02
6.267480552196502686e-02
-5.760220810770988464e-02
-1.037474442273378372e-02
6.487645674496889114e-03
-1.398893631994724274e-02
1.228793803602457047e-02
2.676151134073734283e-02
-9.968874044716358185e-03
-2.077508158981800079e-02
3.949945792555809021e-02
-4.602530971169471741e-02
-4.716682806611061096e-02
3.858049400150775909e-03
-5.010047182440757751e-02
6.346248090267181396e-03
3.352682664990425110e-02
-3.801981359720230103e-02
4.332382697612047195e-03
-5.995661765336990356e-02
4.396028444170951843e-02
-1.082619950175285339e-01
1.006727367639541626e-01
5.333048477768898010e-02
1.498693972826004028e-01
5.702542886137962341e-02
8.710957318544387817e-02
4.707389976829290390e-03
-2.562701143324375153e-02
-1.590530946850776672e-02
4.826210066676139832e-02
-1.556595861911773682e-01
1.876766048371791840e-02
-8.010930567979812622e-02
6.479123234748840332e-02
5.323308869265019894e-04
6.557325104949995875e-05
-2.633810788393020630e-02
-1.119154598563909531e-02
-4.651844501495361328e-02
8.126527070999145508e-02
-7.832796126604080200e-02
9.917138144373893738e-03
-1.053851377218961716e-02
5.250190570950508118e-02
5.432039499282836914e-02
-7.342453114688396454e-03
7.233681529760360718e-02
9.963692724704742432e-02
-2.541175484657287598e-02
-8.420461416244506836e-02
-4.782253503799438477e-02
-7.811543345451354980e-02
-1.404331028461456299e-01
4.928917437791824341e-02
1.935635809786617756e-03
1.841551158577203751e-03
3.427120670676231384e-02
-2.467541247606277466e-01
9.896165877580642700e-02
-1.839303672313690186e-01
-5.155215412378311157e-02
4.611578956246376038e-02
7.989224791526794434e-02
-1.935099959373474121e-01
-5.782013013958930969e-02
-1.162117812782526016e-02
6.354049593210220337e-02
-6.205577403306961060e-03
8.291192352771759033e-02
1.717201173305511475e-01
-1.548449844121932983e-01
-9.124974906444549561e-02
-8.183093741536140442e-03
-2.892608195543289185e-02
1.056666523218154907e-01
-5.325663089752197266e-02
1.111891046166419983e-01
