-8.406913280487060547e-02
-7.205204665660858154e-02
9.037390351295471191e-02
-4.749560356140136719e-02
-2.396883629262447357e-02
6.237234547734260559e-02
2.895768545567989349e-02
-9.552380442619323730e-02
9.573137015104293823e-02
3.826137259602546692e-02
-1.045389622449874878e-01
-6.029837578535079956e-02
9.477069973945617676e-02
-2.063397504389286041e-02
1.122693624347448349e-02
3.735936805605888367e-02
3.712509945034980774e-02
-9.570642560720443726e-02
2.884566411375999451e-02
2.872608415782451630e-02
7.916910201311111450e-02
-1.980943419039249420e-02
-2.136249653995037079e-02
-1.481842249631881714e-02
3.888197243213653564e-02
-2.732221223413944244e-02
2.904632501304149628e-02
-3.723888099193572998e-02
-1.527995020151138306e-01
-1.353162340819835663e-02
-5.687433853745460510e-02
-9.149661660194396973e-02
-1.072862092405557632e-02
1.365855038166046143e-01
-1.645438559353351593e-02
-4.295688495039939880e-02
-9.538390487432479858e-02
-8.764684200286865234e-03
-8.734015747904777527e-03
2.739017643034458160e-02
-1.749662682414054871e-02
-3.679474815726280212e-02
2.603397704660892487e-02
-9.640605747699737549e-02
1.371053010225296021e-01
1.175252124667167664e-01
5.861034616827964783e-02
-2.813951345160603523e-03
-8.893340080976486206e-02
-8.362985402345657349e-02
-4.848005250096321106e-02
1.499965935945510864e-01
-2.405893616378307343e-02
8.004508167505264282e-02
1.019059047102928162e-01
-2.402208745479583740e-02
-6.448364257812500000e-02
9.761412627995014191e-03
6.084067001938819885e-02
-7.005556020885705948e-03
4.566385596990585327e-02
-2.093576267361640930e-02
1.094156652688980103e-01
-1.507397741079330444e-01
8.500485680997371674e-03
1.114113070070743561e-02
-4.745409265160560608e-02
5.760300904512405396e-02
-2.945622242987155914e-02
-1.666347868740558624e-02
4.381484165787696838e-02
-3.470698744058609009e-02
-2.531178668141365051e-02
6.916022300720214844e-02
3.658925741910934448e-02
6.061313208192586899e-03
1.008586958050727844e-02
5.456250905990600586e-02
-8.659298717975616455e-02
7.536343485116958618e-02
-6.649524718523025513e-02
2.830783650279045105e-02
2.015900053083896637e-02
-1.320346593856811523e-01
-7.302610576152801514e-02
-1.699377968907356262e-02
3.032846190035343170e-02
1.071652919054031372e-01
4.210313316434621811e-03
-6.322547793388366699e-02
2.450552955269813538e-02
2.672913484275341034e-02
-1.003076061606407166e-01
7.259588688611984253e-02
-1.169971078634262085e-01
-1.192037947475910187e-02
-1.157340034842491150e-01
3.401082009077072144e-02
-6.364380940794944763e-03
-1.108437217772006989e-02
-8.443280309438705444e-02
-3.479886054992675781e-02
-3.880033269524574280e-02
3.123805858194828033e-02
-3.179201856255531311e-02
-3.840044513344764709e-02
8.807459473609924316e-02
8.327444083988666534e-03
4.210365191102027893e-02
-1.839990541338920593e-02
-5.554385110735893250e-02
3.146440908312797546e-02
-3.483499959111213684e-02
-3.999540954828262329e-02
-7.845329493284225464e-02
-3.713183477520942688e-02
3.533133491873741150e-02
-4.764996841549873352e-02
-1.095194276422262192e-02
8.891414850950241089e-02
2.377720363438129425e-02
-4.835787042975425720e-02
-4.002060741186141968e-02
1.596812717616558075e-02
1.410618145018815994e-02
7.211700826883316040e-02
-3.078554198145866394e-02
-1.091723069548606873e-01
-4.823482409119606018e-02
-1.927509903907775879e-02
-2.286864444613456726e-03
-6.302719563245773315e-02
5.384287610650062561e-02
9.058711118996143341e-03
2.420629747211933136e-02
-6.942573934793472290e-02
7.541227340698242188e-02
-1.767332293093204498e-02
-2.212644368410110474e-02
-8.735542185604572296e-03
-3.984310198575258255e-03
-4.626068845391273499e-02
7.060915231704711914e-02
6.287989765405654907e-02
5.350301787257194519e-02
1.318850181996822357e-02
-2.442483045160770416e-02
6.022711843252182007e-02
7.307021319866180420e-02
-4.301158338785171509e-02
3.298950195312500000e-02
6.968960631638765335e-03
1.336034480482339859e-02
-9.566728025674819946e-02
2.845506742596626282e-02
7.882285118103027344e-02
1.299296389333903790e-03
5.274550989270210266e-02
-4.887373745441436768e-02
1.065189912915229797e-01
3.647269308567047119e-02
-1.629395782947540283e-02
3.136680647730827332e-02
-1.272237277589738369e-03
-4.191317409276962280e-02
2.749660797417163849e-02
-3.035965375602245331e-02
-2.895583864301443100e-03
4.931008815765380859e-02
-3.847829997539520264e-02
3.091092035174369812e-02
-4.658902809023857117e-02
5.863108858466148376e-02
3.301060944795608521e-02
-6.210719048976898193e-02
-3.839215636253356934e-02
-4.325146973133087158e-02
-2.394517138600349426e-02
-1.563785597681999207e-02
1.426392886787652969e-02
-3.776798024773597717e-02
-4.292783327400684357e-03
4.634311050176620483e-02
-5.775619298219680786e-02
-2.643524296581745148e-02
7.384575903415679932e-03
-2.011721767485141754e-02
-1.532921381294727325e-02
5.544269084930419922e-02
-5.740694701671600342e-02
-1.712040044367313385e-02
-4.433679953217506409e-02
6.881775707006454468e-02
-1.340764909982681274e-01
1.027314066886901855e-01
7.433407753705978394e-02
1.673424988985061646e-01
5.726449936628341675e-02
8.834894746541976929e-02
-1.761473156511783600e-02
-2.599953114986419678e-02
-7.986205630004405975e-03
3.444133326411247253e-02
-1.626186519861221313e-01
-1.140789780765771866e-02
-3.509573265910148621e-02
4.893976822495460510e-02
-1.037623660522513092e-04
2.310211712028831244e-04
-6.831157952547073364e-03
1.023595314472913742e-02
-2.994025312364101410e-02
7.606955617666244507e-02
-1.014810875058174133e-01
1.690696738660335541e-02
-9.484166279435157776e-03
5.705659091472625732e-02
4.325392842292785645e-02
4.691376350820064545e-03
6.525500863790512085e-02
8.644409477710723877e-02
-3.884918522089719772e-03
-7.737717032432556152e-02
-3.498813882470130920e-02
-6.288290023803710938e-02
-1.419516950845718384e-01
4.470322653651237488e-02
1.318464986979961395e-02
4.780257004313170910e-04
1.840846613049507141e-02
-1.626240313053131104e-01
8.984663337469100952e-02
-1.609342843294143677e-01
-3.241885825991630554e-02
4.035965353250503540e-02
6.244630739092826843e-02
-1.794131994247436523e-01
-4.356535524129867554e-02
-2.093676105141639709e-02
4.004325717687606812e-02
-2.964891958981752396e-03
8.105999976396560669e-02
1.758843362331390381e-01
-1.116147637367248535e-01
-7.506401091814041138e-02
-9.841967374086380005e-03
-2.776779234409332275e-02
9.402395039796829224e-02
-6.318578869104385376e-02
1.247496157884597778e-01
