-9.811670333147048950e-02
-4.844701290130615234e-02
8.107791095972061157e-02
-4.709443077445030212e-02
-1.062935031950473785e-02
8.185978978872299194e-02
3.875421360135078430e-02
-9.801901131868362427e-02
8.791691809892654419e-02
4.115220904350280762e-02
-1.016867905855178833e-01
-5.059935897588729858e-02
8.933318406343460083e-02
-9.264501743018627167e-03
2.158167585730552673e-02
2.641317993402481079e-02
3.329510241746902466e-02
-7.599431276321411133e-02
1.331324968487024307e-02
3.880783915519714355e-02
7.192830741405487061e-02
-9.342892095446586609e-03
-1.435890886932611465e-02
-3.083923365920782089e-03
3.647582232952117920e-02
-1.741385832428932190e-02
1.677612587809562683e-02
-2.827839925885200500e-02
-1.543691456317901611e-01
-1.773818768560886383e-02
-4.942054301500320435e-02
-8.886911720037460327e-02
1.280637085437774658e-02
1.178029105067253113e-01
-1.847720518708229065e-02
-4.060697183012962341e-02
-8.402334898710250854e-02
2.665405627340078354e-03
-1.079861912876367569e-02
1.990047842264175415e-02
-1.883373782038688660e-02
-3.911532834172248840e-02
1.483847107738256454e-02
-7.414425164461135864e-02
1.009008958935737610e-01
1.231674104928970337e-01
5.768413841724395752e-02
-1.454290747642517090e-02
-8.156313747167587280e-02
-7.497648149728775024e-02
-5.688238143920898438e-02
1.476486623287200928e-01
-3.930113092064857483e-02
6.642692536115646362e-02
9.180819243192672729e-02
-2.194141037762165070e-02
-5.099547281861305237e-02
1.947317458689212799e-02
5.460968613624572754e-02
1.016246620565652847e-02
4.661354050040245056e-02
-3.509577363729476929e-02
1.083127483725547791e-01
-1.691041737794876099e-01
-4.001436755061149597e-04
-4.535586107522249222e-03
-5.213450640439987183e-02
9.035772085189819336e-02
-5.589210614562034607e-02
-3.988334164023399353e-02
3.513020649552345276e-02
-2.880437485873699188e-02
-4.739244002848863602e-03
8.655192703008651733e-02
1.874118670821189880e-02
2.007189765572547913e-02
3.362343832850456238e-02
6.069790571928024292e-02
-9.543715417385101318e-02
8.388248831033706665e-02
-8.060417324304580688e-02
2.684382162988185883e-02
3.010536357760429382e-02
-1.267755478620529175e-01
-8.883532136678695679e-02
-5.107300356030464172e-03
4.953057691454887390e-02
1.119639575481414795e-01
5.915055517107248306e-03
-5.081316456198692322e-02
2.106610871851444244e-02
-4.837285261601209641e-03
-9.720774739980697632e-02
7.889138907194137573e-02
-1.253809630870819092e-01
2.902542240917682648e-03
-9.362334758043289185e-02
3.613548725843429565e-02
-1.693890546448528767e-03
-2.040749974548816681e-02
-8.432677388191223145e-02
-2.419582940638065338e-02
-2.617279626429080963e-02
1.793773099780082703e-02
-3.454325720667839050e-02
-4.620881751179695129e-02
9.711648523807525635e-02
1.381443580612540245e-03
2.865591086447238922e-02
-1.499182451516389847e-02
-7.127159088850021362e-02
2.959481254220008850e-02
-2.191187813878059387e-02
-4.087145626544952393e-02
-8.784211426973342896e-02
-2.914585918188095093e-02
4.803289473056793213e-02
-4.288156703114509583e-02
-1.995930075645446777e-02
9.204507619142532349e-02
4.522396251559257507e-02
-5.043641850352287292e-02
-3.145425021648406982e-02
2.206113375723361969e-02
2.146729640662670135e-02
7.198364287614822388e-02
-4.816393181681632996e-02
-1.092901229858398438e-01
-4.076963290572166443e-02
-2.048438601195812225e-02
5.231907125562429428e-03
-6.857108324766159058e-02
4.331240057945251465e-02
3.110946342349052429e-02
8.762537501752376556e-03
-5.029407143592834473e-02
7.859750837087631226e-02
-2.042113430798053741e-02
7.346422411501407623e-03
3.889632062055170536e-04
-6.958595477044582367e-04
-5.345916002988815308e-02
7.803961634635925293e-02
6.672342866659164429e-02
5.732267722487449646e-02
1.774548739194869995e-02
-2.557126991450786591e-02
8.025573194026947021e-02
5.751537531614303589e-02
-3.498167917132377625e-02
2.801207080483436584e-02
-1.425147149711847305e-02
3.063121112063527107e-03
-7.360727339982986450e-02
1.818894036114215851e-02
9.406997263431549072e-02
1.940084435045719147e-02
6.277170032262802124e-02
-5.944402515888214111e-02
9.395747631788253784e-02
3.024224936962127686e-02
-2.096948213875293732e-02
3.448469191789627075e-02
-1.626497879624366760e-02
-4.092351347208023071e-02
2.278584614396095276e-02
-1.752158068120479584e-02
-3.967614378780126572e-03
4.218141362071037292e-02
-5.325111374258995056e-02
4.165364801883697510e-02
-4.020410776138305664e-02
4.042130336165428162e-02
2.499051764607429504e-02
-6.859430670738220215e-02
-2.809858880937099457e-02
-5.270174890756607056e-02
-2.019870653748512268e-02
-5.420651286840438843e-03
2.267396636307239532e-02
-2.327909506857395172e-02
-2.292191982269287109e-02
3.808489069342613220e-02
-6.287545710802078247e-02
-3.379439562559127808e-02
1.521086320281028748e-02
-3.137448802590370178e-02
8.631059899926185608e-03
5.526921898126602173e-02
-5.782017856836318970e-02
-1.711782882921397686e-03
-5.831690132617950439e-02
5.857210978865623474e-02
-1.174401119351387024e-01
1.077564805746078491e-01
6.874769181013107300e-02
1.701217889785766602e-01
5.781175568699836731e-02
6.735496968030929565e-02
-2.188787981867790222e-02
-3.269500285387039185e-02
-1.118924003094434738e-02
4.274525120854377747e-02
-1.623159348964691162e-01
5.704486975446343422e-04
-4.969804733991622925e-02
6.147436797618865967e-02
1.763531938195228577e-02
-7.278108038008213043e-03
-9.946459904313087463e-03
2.175081986933946609e-03
-3.866760432720184326e-02
6.812161952257156372e-02
-9.757807105779647827e-02
3.512125695124268532e-03
-5.954917520284652710e-03
3.948673605918884277e-02
4.647487401962280273e-02
7.880935445427894592e-03
8.003430813550949097e-02
1.075632274150848389e-01
-4.193287342786788940e-03
-7.616715133190155029e-02
-4.312941431999206543e-02
-7.764789462089538574e-02
-1.453567296266555786e-01
2.970588393509387970e-02
3.586410544812679291e-03
9.913400746881961823e-03
1.702136360108852386e-02
-2.073582857847213745e-01
8.437173068523406982e-02
-1.816182583570480347e-01
-4.928626865148544312e-02
5.012868717312812805e-02
6.141626834869384766e-02
-1.700627058744430542e-01
-4.727405682206153870e-02
-1.531049958430230618e-03
4.078828915953636169e-02
4.077115096151828766e-03
9.526193886995315552e-02
1.464916020631790161e-01
-1.228497326374053955e-01
-5.977669730782508850e-02
-6.563775241374969482e-03
-2.917890809476375580e-02
8.411972224712371826e-02
-3.905631601810455322e-02
1.100469753146171570e-01
