-3.798692300915718079e-02
-6.917388737201690674e-02
6.977538019418716431e-02
-3.609443455934524536e-02
2.064098417758941650e-02
3.424702584743499756e-02
2.896263264119625092e-02
2.633320109453052282e-04
5.463173240423202515e-02
-7.277918979525566101e-03
-1.577589474618434906e-02
5.912804510444402695e-03
3.350403159856796265e-02
1.054661534726619720e-02
3.359475731849670410e-02
-3.094635671004652977e-03
2.140348218381404877e-02
-7.498359680175781250e-02
2.479737438261508942e-02
3.052542917430400848e-02
7.750245928764343262e-02
3.029708936810493469e-02
-1.741827093064785004e-02
-2.331388741731643677e-02
4.787113517522811890e-02
-1.451426465064287186e-02
3.362022340297698975e-02
-7.577352225780487061e-03
-1.785514801740646362e-01
-1.746592484414577484e-02
-6.391927599906921387e-02
-1.142157167196273804e-01
9.697708301246166229e-03
1.669632941484451294e-01
-7.506746798753738403e-03
-8.088913559913635254e-02
-1.056195050477981567e-01
1.290779677219688892e-03
-4.185714572668075562e-02
5.381325259804725647e-02
6.926976609975099564e-03
-4.557497426867485046e-02
4.066161811351776123e-03
-9.974043071269989014e-02
1.259997785091400146e-01
1.447832882404327393e-01
8.504711091518402100e-02
-2.847320167347788811e-03
-1.037357226014137268e-01
-2.784514799714088440e-02
-2.478194609284400940e-02
1.819485723972320557e-01
-1.765995845198631287e-02
8.336821198463439941e-02
1.377360522747039795e-01
-4.179999232292175293e-02
-5.499547719955444336e-02
1.549416338093578815e-03
6.759412586688995361e-02
-3.735943511128425598e-02
9.154432453215122223e-03
-4.956309497356414795e-02
1.306591480970382690e-01
-1.531944274902343750e-01
3.511171555146574974e-03
4.227283969521522522e-02
-4.972076416015625000e-02
4.898207262158393860e-02
-2.425901964306831360e-02
-3.011359460651874542e-02
6.021016836166381836e-02
-6.163746118545532227e-02
-3.354517742991447449e-03
7.177852094173431396e-02
3.012775816023349762e-02
-2.098365128040313721e-02
-7.054184097796678543e-03
6.234502792358398438e-02
-1.177218481898307800e-01
6.976597756147384644e-02
-5.699515342712402344e-02
3.093869239091873169e-02
2.317105233669281006e-02
-1.566653400659561157e-01
-9.084945917129516602e-02
2.836275286972522736e-02
7.364402990788221359e-03
8.570718765258789062e-02
1.177673577331006527e-03
-8.933526277542114258e-02
-2.044228836894035339e-02
3.815480321645736694e-02
-5.234216153621673584e-02
1.178851947188377380e-01
-1.366059780120849609e-01
-3.449585288763046265e-03
-1.204598173499107361e-01
2.296704985201358795e-02
4.481289908289909363e-02
3.238484496250748634e-03
-9.417524188756942749e-02
-5.047000572085380554e-02
-3.669524937868118286e-02
6.894800066947937012e-02
-6.008534226566553116e-03
1.234096474945545197e-02
8.996555954217910767e-02
2.050521224737167358e-02
4.686642810702323914e-02
-2.524265646934509277e-02
-9.432587772607803345e-02
3.524098917841911316e-02
-6.364383548498153687e-02
-6.475163996219635010e-02
-9.124433249235153198e-02
-2.426150068640708923e-02
3.993963822722434998e-02
-5.474616214632987976e-02
-8.732005371712148190e-04
9.921132028102874756e-02
3.122657723724842072e-02
-6.239921227097511292e-02
-3.969805315136909485e-02
1.306152809411287308e-02
1.539397519081830978e-02
8.111940324306488037e-02
-2.437181025743484497e-02
-7.716688513755798340e-02
-2.253682032460346818e-04
-4.639106243848800659e-02
6.602030247449874878e-03
-1.143831908702850342e-01
2.421288006007671356e-02
9.317552670836448669e-03
2.613998018205165863e-02
-3.601940721273422241e-02
3.368203341960906982e-02
2.410308830440044403e-02
-2.689164876937866211e-02
2.932532131671905518e-02
1.938323117792606354e-02
-6.153454631567001343e-02
5.119349434971809387e-02
7.478767633438110352e-02
5.696116760373115540e-02
1.511372346431016922e-02
-1.465030387043952942e-02
7.800627499818801880e-02
4.559666663408279419e-02
-3.637672588229179382e-02
-3.759194165468215942e-03
5.920103285461664200e-03
-3.345919772982597351e-02
-6.981703639030456543e-02
3.111810050904750824e-02
7.433820515871047974e-02
1.680448837578296661e-02
7.870733737945556641e-02
-4.574173316359519958e-02
9.528446197509765625e-02
5.672632530331611633e-02
2.284978702664375305e-02
2.576910704374313354e-02
4.600693285465240479e-02
-4.530923813581466675e-02
3.746490553021430969e-02
-7.923934608697891235e-02
-4.538664966821670532e-02
4.998409375548362732e-02
-8.309695869684219360e-02
7.988272607326507568e-02
-5.671369284391403198e-02
1.114593595266342163e-01
1.533896103501319885e-02
-6.862201541662216187e-02
-4.097935184836387634e-02
-8.200210332870483398e-02
-4.417231678962707520e-02
-1.109408866614103317e-02
2.839150466024875641e-02
-3.228806704282760620e-02
-2.195706777274608612e-02
3.848990052938461304e-02
-2.648940682411193848e-02
-3.672676160931587219e-02
2.864689938724040985e-02
-4.900604486465454102e-02
-1.678982004523277283e-02
1.131003350019454956e-01
-9.461113810539245605e-02
-7.431782037019729614e-02
-2.537215128540992737e-02
5.095654726028442383e-02
-9.639392793178558350e-02
8.389469981193542480e-02
8.322738111019134521e-02
1.628263443708419800e-01
6.446704268455505371e-02
2.730194106698036194e-02
-6.856153160333633423e-02
-1.064080372452735901e-02
-3.815239295363426208e-02
2.872570790350437164e-02
-1.167173609137535095e-01
-1.230771653354167938e-02
-2.652082778513431549e-02
4.221536964178085327e-02
1.267141848802566528e-02
-1.402777247130870819e-02
-7.071941625326871872e-03
2.846335526555776596e-03
-1.802306063473224640e-02
4.270529747009277344e-02
-1.321288943290710449e-01
1.810570992529392242e-02
-1.301643531769514084e-02
2.539793960750102997e-02
4.897416010499000549e-02
1.056291908025741577e-02
6.891413778066635132e-02
1.023849546909332275e-01
3.884254023432731628e-02
-5.095488205552101135e-02
-2.608779259026050568e-02
-2.849717251956462860e-02
-1.019462794065475464e-01
-1.612497679889202118e-02
1.323872338980436325e-02
1.268900092691183090e-02
6.847132928669452667e-03
-7.600018382072448730e-02
5.869961902499198914e-02
-1.176035180687904358e-01
-2.216352336108684540e-02
3.897809237241744995e-02
2.779543958604335785e-02
-7.941365242004394531e-02
-3.376962244510650635e-02
-1.948248222470283508e-02
3.362575173377990723e-02
-8.597435429692268372e-03
1.138177290558815002e-01
1.725091636180877686e-01
-8.095841854810714722e-02
-5.503194406628608704e-02
-2.227080985903739929e-03
-2.644755691289901733e-02
1.049624904990196228e-01
-3.480388596653938293e-02
1.415847986936569214e-01
