-2.309446595609188080e-02
-1.822807081043720245e-02
3.218722529709339142e-03
2.788178971968591213e-04
8.275195956230163574e-03
2.196337841451168060e-02
6.020244210958480835e-02
-2.136217802762985229e-02
9.818845242261886597e-02
4.544009268283843994e-02
-7.415052503347396851e-03
-6.697282195091247559e-02
5.078935995697975159e-02
3.070593439042568207e-02
-1.325349905528128147e-03
1.584529317915439606e-02
2.843188121914863586e-02
-5.803288519382476807e-02
-1.670291647315025330e-03
3.284618631005287170e-02
4.578995332121849060e-02
1.948456093668937683e-02
-1.162589062005281448e-02
-3.967977315187454224e-02
3.025556914508342743e-02
-1.181415282189846039e-02
2.174965105950832367e-02
-1.815013587474822998e-02
-9.835647046566009521e-02
3.417121991515159607e-02
-4.252383857965469360e-02
-1.025624871253967285e-01
-1.571190170943737030e-02
9.912963211536407471e-02
3.020863281562924385e-03
-3.281883895397186279e-02
-7.748420536518096924e-02
-6.150365807116031647e-03
-4.182107746601104736e-02
5.125845596194267273e-02
7.122398354113101959e-03
-1.851573027670383453e-02
-8.907620795071125031e-03
-1.063933894038200378e-01
1.327270269393920898e-01
9.243049472570419312e-02
7.773637026548385620e-02
1.892931200563907623e-02
-5.578828230500221252e-02
-6.273406744003295898e-02
-5.866008624434471130e-02
1.241405457258224487e-01
-4.003184847533702850e-03
7.639021426439285278e-02
1.046286225318908691e-01
-2.908233180642127991e-02
-3.049900755286216736e-02
1.129381358623504639e-02
3.147072345018386841e-02
-4.734732583165168762e-02
3.847679868340492249e-02
-3.910937160253524780e-02
1.079884544014930725e-01
-1.414812952280044556e-01
-1.559568382799625397e-02
3.742821887135505676e-02
-2.538858912885189056e-02
2.921058237552642822e-02
-1.159733999520540237e-02
-1.902316138148307800e-02
3.558731079101562500e-02
-2.847813628613948822e-02
-2.958451770246028900e-02
2.349368855357170105e-02
1.045636180788278580e-02
-6.606956012547016144e-03
1.226379442960023880e-02
3.284783288836479187e-02
-4.782932251691818237e-02
6.700716912746429443e-02
-4.929666221141815186e-02
3.699454665184020996e-02
1.730355992913246155e-02
-1.072206124663352966e-01
-3.062470629811286926e-02
-1.814126037061214447e-02
-9.066862054169178009e-03
4.550115019083023071e-02
1.134520024061203003e-02
-7.286441326141357422e-02
-1.773444004356861115e-02
6.598716229200363159e-02
-6.417281925678253174e-02
5.924292281270027161e-02
-7.688692212104797363e-02
-4.975164309144020081e-03
-9.688501805067062378e-02
2.391063980758190155e-02
-8.371138945221900940e-03
-2.261031977832317352e-02
-7.871031016111373901e-02
-2.105258405208587646e-02
-7.862785831093788147e-03
7.022404670715332031e-02
-2.208616584539413452e-02
-5.542998202145099640e-03
5.255002528429031372e-02
2.961750328540802002e-02
7.815415412187576294e-02
-4.507638805080205202e-04
-1.047623604536056519e-01
2.918553538620471954e-02
-6.682923436164855957e-02
-6.007545068860054016e-02
-9.317035228013992310e-02
-5.169250443577766418e-02
1.016214117407798767e-02
-3.453983739018440247e-02
-1.490920665673911572e-03
5.005854740738868713e-02
3.256522491574287415e-02
-5.727173388004302979e-02
2.206054329872131348e-02
-3.635545447468757629e-02
5.582625046372413635e-03
5.681300908327102661e-02
-2.785377204418182373e-02
-7.723161578178405762e-02
-1.198061183094978333e-02
-2.448436245322227478e-02
6.088820751756429672e-03
-9.465982764959335327e-02
4.269576817750930786e-02
2.617582492530345917e-02
4.000749066472053528e-02
-1.843809522688388824e-02
5.453735962510108948e-02
-4.271793738007545471e-02
-4.049883782863616943e-02
2.641121391206979752e-03
-3.718695789575576782e-02
-4.387799650430679321e-02
4.235809296369552612e-02
1.186516974121332169e-02
5.099260807037353516e-02
1.609556190669536591e-02
7.290993817150592804e-03
4.993019998073577881e-02
3.039234131574630737e-02
-3.688501939177513123e-02
3.715304657816886902e-02
9.358346462249755859e-03
-2.927424199879169464e-02
-1.127928420901298523e-01
1.450290251523256302e-02
6.064846366643905640e-02
1.582461781799793243e-02
8.618371933698654175e-02
-3.103450313210487366e-02
9.432053565979003906e-02
4.419326409697532654e-02
6.071757525205612183e-03
1.161832455545663834e-02
3.303755819797515869e-02
-4.565831273794174194e-02
1.316318009048700333e-02
-5.116448178887367249e-02
-4.057730734348297119e-02
3.945115208625793457e-02
-5.332691594958305359e-02
4.065111279487609863e-02
-2.669582143425941467e-02
6.649481505155563354e-02
6.820308417081832886e-02
-4.312589764595031738e-02
-1.522383373230695724e-02
-4.379877354949712753e-03
-7.321430835872888565e-03
1.007407344877719879e-02
1.302208937704563141e-02
-2.867711940780282021e-03
-2.600033953785896301e-02
-9.250958100892603397e-04
-2.326921001076698303e-02
-4.948789253830909729e-02
-5.653770174831151962e-03
-6.039766222238540649e-02
-4.871030896902084351e-02
5.972702428698539734e-02
-5.015045776963233948e-02
-7.363297790288925171e-02
-1.405833754688501358e-02
5.471668019890785217e-02
-1.342484205961227417e-01
1.036709547042846680e-01
6.593573093414306641e-02
1.689725518226623535e-01
5.185308307409286499e-02
9.189930558204650879e-02
-5.422284081578254700e-02
-3.477281657978892326e-03
-4.386501014232635498e-02
3.780806437134742737e-02
-1.302977502346038818e-01
-8.862836402840912342e-04
-4.945991188287734985e-02
5.552172660827636719e-02
-1.391267590224742889e-02
-7.980493828654289246e-03
-2.375532872974872589e-02
-9.079435840249061584e-03
-8.354770019650459290e-03
4.721301794052124023e-02
-9.769338369369506836e-02
4.008694738149642944e-02
9.773880010470747948e-04
4.925882443785667419e-02
7.688514888286590576e-02
1.325617544353008270e-02
9.638545662164688110e-02
1.032282114028930664e-01
-1.389255747199058533e-02
-8.943087607622146606e-02
-3.463061898946762085e-02
-2.299630455672740936e-02
-1.188272014260292053e-01
3.295214846730232239e-02
7.295520510524511337e-03
7.422633003443479538e-03
5.014048144221305847e-02
-1.437616050243377686e-01
1.106494218111038208e-01
-1.716034710407257080e-01
-2.809737809002399445e-02
7.461337000131607056e-02
1.156272813677787781e-01
-1.855215132236480713e-01
-8.871458470821380615e-02
-5.868264287710189819e-02
7.178647071123123169e-02
-1.849535293877124786e-02
1.799867600202560425e-01
2.575268447399139404e-01
-1.554993093013763428e-01
-1.436797380447387695e-01
7.368528895312920213e-05
-5.650917068123817444e-02
1.974948644638061523e-01
-5.092487484216690063e-02
1.833444386720657349e-01
