-9.506020694971084595e-02
-1.974906027317047119e-02
4.235632345080375671e-02
-4.610704258084297180e-02
7.822313159704208374e-02
7.869095355272293091e-02
7.589577697217464447e-03
-5.733165144920349121e-02
1.401842385530471802e-01
-3.189344890415668488e-03
-8.871078491210937500e-02
-1.169902086257934570e-02
4.751531034708023071e-02
-2.598475106060504913e-02
9.945109486579895020e-02
-2.406292781233787537e-02
1.846855506300926208e-02
-7.521447539329528809e-02
5.242307484149932861e-02
3.500309586524963379e-02
-1.107393670827150345e-02
7.094933185726404190e-03
-4.729519784450531006e-02
3.825047239661216736e-02
-2.842064481228590012e-03
3.284453228116035461e-02
2.755766361951828003e-02
3.766822814941406250e-02
-8.141151070594787598e-02
-1.326000224798917770e-02
-1.942278631031513214e-02
-3.189032897353172302e-02
3.820925578474998474e-02
8.072561025619506836e-02
-5.799637362360954285e-02
-7.489756494760513306e-02
-2.561830542981624603e-02
4.777465388178825378e-02
-7.448274176567792892e-03
3.043630393221974373e-03
-1.913599297404289246e-02
-2.413461729884147644e-02
-3.979191929101943970e-02
-1.429636683315038681e-02
5.054603517055511475e-02
1.404016911983489990e-01
9.812869131565093994e-02
-5.162799358367919922e-02
-3.059601644054055214e-03
9.654806926846504211e-03
-4.013566300272941589e-03
7.603840529918670654e-02
-2.364979684352874756e-02
8.715326339006423950e-02
3.881819918751716614e-02
-2.639211528003215790e-02
-2.204645238816738129e-02
7.699918001890182495e-02
4.233361780643463135e-02
-7.878018543124198914e-03
3.394530713558197021e-02
-9.664431214332580566e-02
9.031135588884353638e-02
-1.412552446126937866e-01
1.468855515122413635e-02
4.407527297735214233e-02
-2.772576175630092621e-02
7.777290046215057373e-02
-7.086359709501266479e-02
-9.452850371599197388e-02
5.019704252481460571e-02
-2.972535975277423859e-02
1.785897463560104370e-02
5.933516472578048706e-02
7.981543429195880890e-03
2.439189702272415161e-02
1.013345737010240555e-02
7.213647663593292236e-02
-5.891657993197441101e-02
2.563651464879512787e-02
-4.567740485072135925e-02
5.141075700521469116e-02
4.109353944659233093e-02
-7.780280709266662598e-02
-1.038704365491867065e-01
7.475677132606506348e-02
-3.305449336767196655e-02
4.023863375186920166e-02
4.007074981927871704e-02
-9.637510031461715698e-02
3.944503888487815857e-02
-1.438264641910791397e-02
2.431591041386127472e-02
1.051691398024559021e-01
-8.188766241073608398e-02
3.136373590677976608e-03
-6.071316823363304138e-02
1.302432548254728317e-02
3.841384500265121460e-02
1.430343091487884521e-02
-8.070421218872070312e-02
-4.105528071522712708e-02
-3.256894648075103760e-02
6.506441626697778702e-03
-2.892958559095859528e-02
2.211491763591766357e-02
8.963866531848907471e-02
-1.144646201282739639e-02
1.153094321489334106e-02
-2.601745538413524628e-02
-1.258192360401153564e-01
-1.390366535633802414e-02
-8.356899343198165298e-05
-9.107227623462677002e-02
-2.573926746845245361e-02
9.669399820268154144e-03
7.529623061418533325e-02
7.616052869707345963e-03
1.288286317139863968e-02
5.220011249184608459e-02
3.665477409958839417e-02
-4.624717682600021362e-02
-2.689864858984947205e-02
7.758644223213195801e-02
-1.621409878134727478e-02
5.739191174507141113e-02
-2.149706520140171051e-02
-4.887780174612998962e-02
1.590009778738021851e-02
-5.236419290304183960e-02
4.824601486325263977e-02
-1.542585939168930054e-01
6.119213253259658813e-02
1.448349095880985260e-02
1.211538352072238922e-02
-4.040242172777652740e-03
6.955734640359878540e-02
-2.208706689998507500e-03
-1.087785512208938599e-02
2.954823710024356842e-02
2.732760040089488029e-03
-1.124065741896629333e-01
7.136804610490798950e-02
9.914541989564895630e-02
6.704027950763702393e-02
5.619635339826345444e-03
-1.972342282533645630e-02
1.284447163343429565e-01
1.129876822233200073e-02
-2.624206617474555969e-02
-8.116917684674263000e-03
8.200854063034057617e-03
-3.368189930915832520e-02
-6.626562029123306274e-02
-1.205263938754796982e-02
1.113239973783493042e-01
3.253597766160964966e-02
6.848357617855072021e-02
-5.800602212548255920e-02
1.015130504965782166e-01
5.574142932891845703e-02
-4.650535807013511658e-02
1.056032907217741013e-02
-1.021661143749952316e-02
-2.569349855184555054e-02
7.438978180289268494e-03
-6.662221997976303101e-02
-6.697590462863445282e-03
6.038499064743518829e-03
-9.679625742137432098e-03
4.409248009324073792e-02
2.488607540726661682e-02
-1.656813547015190125e-02
1.800281461328268051e-03
-5.018902942538261414e-02
-1.837261393666267395e-02
-5.581945553421974182e-02
-2.452599629759788513e-02
7.780363317579030991e-03
1.131689175963401794e-01
2.313406951725482941e-02
6.901045329868793488e-03
-3.548493236303329468e-02
-2.725731208920478821e-02
-1.454587467014789581e-02
-1.142718363553285599e-02
-4.135275259613990784e-02
5.930122919380664825e-03
7.949993759393692017e-02
-6.354974210262298584e-02
-6.687510758638381958e-02
-4.405490681529045105e-02
7.300139963626861572e-02
-1.608425229787826538e-01
1.523666083812713623e-01
9.525469690561294556e-02
2.369782924652099609e-01
5.129679292440414429e-02
8.408147841691970825e-02
-1.005755364894866943e-01
3.902666503563523293e-03
-8.264194428920745850e-02
2.238366939127445221e-02
-1.336443871259689331e-01
-3.836608678102493286e-02
-1.355453878641128540e-01
8.122105896472930908e-02
5.615428090095520020e-02
2.383559383451938629e-02
9.223261848092079163e-03
-1.086955610662698746e-02
-4.843046888709068298e-02
5.529660731554031372e-02
-1.059928983449935913e-01
-1.334522198885679245e-02
-3.000100888311862946e-02
1.366178132593631744e-02
-1.138661522418260574e-02
-7.845965027809143066e-02
1.048756241798400879e-01
1.226979866623878479e-01
4.565331339836120605e-02
-1.281299889087677002e-01
-4.083136096596717834e-03
-8.084170520305633545e-02
-1.080880463123321533e-01
2.194441854953765869e-02
7.539730519056320190e-03
-4.254424478858709335e-03
3.243025764822959900e-02
-1.522811353206634521e-01
4.439824260771274567e-03
-1.241493746638298035e-01
-3.625491634011268616e-02
3.378315269947052002e-02
-5.950994323939085007e-03
-1.283186972141265869e-01
-5.015878751873970032e-02
-1.809514313936233521e-02
8.148556947708129883e-02
-3.677790611982345581e-02
3.435114771127700806e-02
1.568461656570434570e-01
-1.213518455624580383e-01
-4.913765564560890198e-02
-3.904294967651367188e-02
-1.063986308872699738e-02
1.041311696171760559e-01
-3.783625736832618713e-02
1.265857666730880737e-01
