-1.515454798936843872e-01
-6.190479174256324768e-02
5.985138937830924988e-02
-5.953381583094596863e-02
8.620481938123703003e-03
8.456519246101379395e-02
3.829552978277206421e-02
-1.827817857265472412e-01
1.019422858953475952e-01
3.929813206195831299e-02
-1.375445872545242310e-01
-9.041915088891983032e-02
9.522116184234619141e-02
-1.502773445099592209e-02
3.504636138677597046e-02
-6.905969232320785522e-03
7.622268050909042358e-02
-7.210472226142883301e-02
2.902404591441154480e-02
4.821935668587684631e-02
6.504431366920471191e-02
-2.701451815664768219e-02
5.191311705857515335e-03
1.561540085822343826e-02
2.883728593587875366e-02
2.038676664233207703e-02
-2.355447784066200256e-02
2.234025625512003899e-03
-5.836658552289009094e-02
4.792024195194244385e-02
-2.096872963011264801e-02
-9.469591826200485229e-02
-3.907277062535285950e-02
2.502948231995105743e-02
-3.027764149010181427e-02
-1.391052547842264175e-02
-1.095855087041854858e-01
3.537549078464508057e-02
-6.762367207556962967e-03
5.018552765250205994e-02
-6.872844696044921875e-02
-6.103996187448501587e-03
2.775707468390464783e-02
-8.016970008611679077e-02
9.278033673763275146e-02
5.311080068349838257e-02
5.074077844619750977e-02
1.160846836864948273e-02
-3.174096718430519104e-02
-6.538411974906921387e-02
-9.355737268924713135e-02
1.050740927457809448e-01
-5.877377837896347046e-02
7.143760472536087036e-02
3.103776276111602783e-02
-2.798291668295860291e-02
-2.061364054679870605e-02
1.202275324612855911e-02
3.443122282624244690e-02
1.563037186861038208e-02
5.612116679549217224e-02
-4.797679558396339417e-02
9.758376330137252808e-02
-1.120192483067512512e-01
-8.198671042919158936e-03
-8.122440427541732788e-03
-2.917541004717350006e-02
1.013222783803939819e-01
8.992009796202182770e-03
-8.004324883222579956e-02
8.647386729717254639e-02
-9.241695515811443329e-03
-4.194442555308341980e-02
2.549683488905429840e-02
1.434179209172725677e-02
3.669197112321853638e-02
2.507248148322105408e-02
5.569047108292579651e-02
-1.005583778023719788e-01
1.019805371761322021e-01
-1.215727031230926514e-01
-1.350164134055376053e-02
7.624026853591203690e-03
-1.264968663454055786e-01
-7.207927852869033813e-02
-2.665610611438751221e-02
1.528174243867397308e-02
9.589599817991256714e-02
3.657222911715507507e-02
-4.268028587102890015e-02
3.598161786794662476e-02
4.614895582199096680e-02
-8.715228736400604248e-02
5.930502340197563171e-02
-7.796978205442428589e-02
-3.381769638508558273e-03
-9.065569937229156494e-02
1.497299689799547195e-02
2.987941727042198181e-02
-2.297655446454882622e-03
-8.112564682960510254e-02
-1.172668766230344772e-02
-5.475751683115959167e-02
-3.446291387081146240e-02
-2.900447510182857513e-02
-4.539647325873374939e-02
7.440583407878875732e-02
-1.921516284346580505e-02
6.506917625665664673e-02
-2.922399900853633881e-02
-6.839372962713241577e-02
2.258697291836142540e-03
-5.529704038053750992e-03
-2.717482671141624451e-02
-6.911651790142059326e-02
-3.336857259273529053e-02
-1.255003153346478939e-03
-5.710175633430480957e-02
1.326521887676790357e-04
7.947938889265060425e-02
2.934766560792922974e-02
-3.658513724803924561e-02
-2.654868736863136292e-02
4.171946272253990173e-02
-1.490487903356552124e-02
4.705439135432243347e-02
-3.935173526406288147e-02
-1.117526739835739136e-01
-2.429134398698806763e-02
-1.687964610755443573e-02
-8.186276070773601532e-03
-2.287532761693000793e-02
1.305566728115081787e-02
-6.416563410311937332e-03
5.343276634812355042e-02
-2.735695801675319672e-02
1.036197878420352936e-02
1.092453487217426300e-02
-1.996959326788783073e-03
-1.017709635198116302e-02
-2.450699731707572937e-02
-2.346595376729965210e-02
9.157466120086610317e-04
2.492429688572883606e-02
9.780899435281753540e-02
4.540565423667430878e-03
-3.878107294440269470e-02
3.528352826833724976e-02
5.021340399980545044e-02
-6.572773307561874390e-02
2.479742467403411865e-02
-6.172617897391319275e-03
9.645987302064895630e-03
-9.196836501359939575e-02
3.328711912035942078e-02
5.562759935855865479e-02
8.894134312868118286e-03
2.681496925652027130e-02
7.882630452513694763e-03
6.697694957256317139e-02
-1.898016035556793213e-02
-3.029579296708106995e-02
2.881820686161518097e-02
-1.732536032795906067e-02
-4.740911722183227539e-02
3.635604307055473328e-02
-4.562702775001525879e-02
2.968075871467590332e-02
3.327153623104095459e-02
-8.891037851572036743e-02
1.340731512755155563e-02
-5.346681922674179077e-02
5.923127010464668274e-02
2.867254428565502167e-02
-2.658934146165847778e-02
-3.475666791200637817e-02
-2.331005036830902100e-02
-5.338613316416740417e-02
-2.573448047041893005e-02
4.372576996684074402e-02
-1.235583890229463577e-02
1.203553867526352406e-03
5.200028419494628906e-02
-2.770888805389404297e-02
-5.323204025626182556e-02
3.627177700400352478e-02
-5.768408253788948059e-02
1.240866724401712418e-02
1.353672146797180176e-02
-4.753298312425613403e-02
3.280201181769371033e-02
-6.288646906614303589e-02
6.007895246148109436e-02
-9.021154791116714478e-02
9.970165789127349854e-02
1.763808540999889374e-02
1.991929560899734497e-01
6.713192909955978394e-02
6.631579995155334473e-02
2.405503205955028534e-02
-2.526024915277957916e-02
-2.069036848843097687e-02
6.274577230215072632e-02
-1.635475754737854004e-01
4.836433753371238708e-02
-8.212092518806457520e-02
5.891003087162971497e-02
-2.548207342624664307e-02
7.557372562587261200e-03
-4.640096798539161682e-02
2.263583615422248840e-02
-1.371877454221248627e-02
8.174551278352737427e-02
-9.260870516300201416e-02
1.687108166515827179e-02
-2.880796231329441071e-02
8.172474056482315063e-02
6.948713213205337524e-02
-4.032736271619796753e-02
6.113565713167190552e-02
9.121802449226379395e-02
-3.009364753961563110e-02
-1.038723066449165344e-01
-8.093465864658355713e-02
-9.030075371265411377e-02
-1.782436221837997437e-01
7.311203330755233765e-02
2.294910140335559845e-02
1.022186130285263062e-02
2.938867919147014618e-02
-2.214162945747375488e-01
9.839341789484024048e-02
-1.477760225534439087e-01
-6.534773856401443481e-02
-1.838982338085770607e-03
1.309680007398128510e-02
-1.374454945325851440e-01
-9.010678157210350037e-03
2.704488346353173256e-03
7.816101610660552979e-02
-3.447358682751655579e-02
5.319029465317726135e-02
1.815194487571716309e-01
-1.309553384780883789e-01
-7.744085043668746948e-02
-2.774051623418927193e-03
1.264318451285362244e-02
1.118398681282997131e-01
-8.577140420675277710e-02
1.226978152990341187e-01
