-1.447211652994155884e-01
-7.748498022556304932e-02
4.811846301890909672e-04
-5.556427687406539917e-02
1.720035448670387268e-02
8.215621113777160645e-02
3.950184583663940430e-02
-1.438286900520324707e-01
1.641640961170196533e-01
2.858917042613029480e-02
-1.169597879052162170e-01
-3.007151372730731964e-02
1.296592950820922852e-01
-4.981965944170951843e-02
3.672154247760772705e-02
2.768406877294182777e-03
4.285885021090507507e-02
-1.031151413917541504e-01
3.073944523930549622e-02
8.323194831609725952e-02
2.942111343145370483e-02
3.379636630415916443e-02
-5.349256098270416260e-03
-3.803486749529838562e-02
1.289881672710180283e-02
2.000891976058483124e-02
-2.681687241420149803e-03
-2.035365812480449677e-02
-8.199343830347061157e-02
1.655181683599948883e-02
-2.507947944104671478e-02
-8.195469528436660767e-02
7.846863009035587311e-03
8.554182946681976318e-02
1.789756305515766144e-02
-3.338584676384925842e-02
-1.138762757182121277e-01
2.448728308081626892e-02
-3.457273170351982117e-02
5.298061296343803406e-02
-8.480273932218551636e-02
-7.414152845740318298e-03
8.494304493069648743e-03
-8.764524757862091064e-02
1.978703439235687256e-01
1.237537860870361328e-01
1.100712120532989502e-01
-1.720593683421611786e-02
-7.924922555685043335e-02
-5.675272271037101746e-02
-4.067315906286239624e-02
1.504550129175186157e-01
1.377518568187952042e-02
1.090488582849502563e-01
7.954953610897064209e-02
-5.002249032258987427e-02
-9.575934149324893951e-03
4.362573102116584778e-02
2.946150861680507660e-02
-3.790803253650665283e-02
4.088270291686058044e-02
-5.199426319450139999e-03
9.729944169521331787e-02
-1.095997095108032227e-01
-2.385952137410640717e-02
2.194404788315296173e-02
-1.475228182971477509e-02
1.944955810904502869e-02
2.016547694802284241e-02
-7.773704826831817627e-02
9.054241329431533813e-02
-5.037114396691322327e-02
-7.047937810420989990e-02
3.748083114624023438e-02
2.450843155384063721e-02
-4.708883911371231079e-02
-3.838301822543144226e-02
4.852281510829925537e-02
-4.508934170007705688e-02
4.142683744430541992e-02
-5.122631415724754333e-02
4.423805698752403259e-02
3.368338569998741150e-02
-8.855150640010833740e-02
-6.477735936641693115e-02
5.928492173552513123e-02
1.680023409426212311e-02
3.729135915637016296e-02
3.523492068052291870e-02
-8.171582221984863281e-02
3.834082186222076416e-02
7.741058617830276489e-02
-2.843041159212589264e-02
1.056834161281585693e-01
-1.179951280355453491e-01
-6.903558503836393356e-03
-3.969033807516098022e-02
3.706650435924530029e-02
1.958862505853176117e-02
5.851726979017257690e-02
-7.565718144178390503e-02
-2.110942825675010681e-02
-3.278007358312606812e-02
4.623606055974960327e-02
-2.132535353302955627e-02
7.994364947080612183e-02
4.768332839012145996e-02
-1.131001976318657398e-03
6.191461533308029175e-02
2.464641630649566650e-02
-1.340136826038360596e-01
-2.823642827570438385e-02
-5.248317867517471313e-02
-4.872702062129974365e-02
-1.059272512793540955e-01
-3.559267148375511169e-02
2.459686063230037689e-02
-7.328799366950988770e-02
4.822491109371185303e-02
4.928101599216461182e-02
6.433199346065521240e-02
-5.195816233754158020e-02
6.045347079634666443e-02
-3.553744405508041382e-02
1.310026273131370544e-02
6.853266060352325439e-02
-4.035406559705734253e-02
-2.705110982060432434e-02
-2.352172322571277618e-02
-9.447073936462402344e-02
9.441415220499038696e-02
-1.642602533102035522e-01
9.128776937723159790e-02
-5.896788206882774830e-04
3.520245477557182312e-02
-3.821682557463645935e-02
1.165120005607604980e-01
-7.769365608692169189e-02
-7.971685379743576050e-02
-1.505586784332990646e-02
-5.761525407433509827e-02
-5.800633132457733154e-02
-3.247137740254402161e-02
6.803887337446212769e-02
3.605401143431663513e-02
2.342382073402404785e-02
-3.918664529919624329e-02
8.015467971563339233e-02
4.070817679166793823e-02
-9.867773950099945068e-02
5.801102891564369202e-02
1.069747377187013626e-02
2.455779723823070526e-02
-1.399964243173599243e-01
-1.886489917524158955e-04
3.631406277418136597e-02
5.678579211235046387e-02
1.458511650562286377e-01
-7.301371544599533081e-02
9.620825201272964478e-02
5.147911235690116882e-02
3.566909814253449440e-03
-1.586472429335117340e-02
5.185037478804588318e-02
-6.105158105492591858e-02
2.174744941294193268e-02
-8.653705567121505737e-02
-6.175681203603744507e-02
-9.104079566895961761e-03
-7.500695437192916870e-02
7.211516797542572021e-02
-4.923623427748680115e-02
9.146923571825027466e-02
7.530970871448516846e-02
-1.275042071938514709e-02
7.042619865387678146e-03
7.280616462230682373e-02
-4.614380002021789551e-02
2.128810249269008636e-02
3.056739084422588348e-02
-2.744566183537244797e-03
3.483223915100097656e-02
3.019383875653147697e-03
7.882253825664520264e-02
-6.524771451950073242e-02
-1.137483585625886917e-02
-7.944531738758087158e-02
-3.168573603034019470e-02
5.101008340716362000e-02
-8.113038539886474609e-02
-9.148549288511276245e-02
3.091470152139663696e-02
2.128977328538894653e-02
-6.716344505548477173e-02
6.809505820274353027e-02
2.335519902408123016e-02
1.018133834004402161e-01
1.663709431886672974e-02
7.441730797290802002e-02
-1.894211582839488983e-02
1.914371922612190247e-02
-8.165695518255233765e-02
9.378145448863506317e-03
-2.742933854460716248e-02
-1.360068470239639282e-02
-5.560494959354400635e-02
3.661419078707695007e-02
-2.539802517276257277e-04
2.594832517206668854e-02
-2.857468090951442719e-02
-5.146959051489830017e-02
3.190120332874357700e-04
5.200326815247535706e-02
-2.753427810966968536e-02
1.570417173206806183e-02
-2.937061898410320282e-02
2.913767285645008087e-02
1.437078136950731277e-02
-5.051052570343017578e-02
2.548759989440441132e-02
1.843561604619026184e-02
1.972946804016828537e-03
-9.398907423019409180e-02
-9.528590366244316101e-03
-4.038944840431213379e-02
-6.599134951829910278e-02
7.339814305305480957e-02
3.096044063568115234e-02
-1.104193087667226791e-02
4.248572140932083130e-02
-5.585561692714691162e-02
3.830830380320549011e-02
-5.950500816106796265e-02
-6.418541073799133301e-03
-2.180782845243811607e-03
4.589351639151573181e-02
-6.469283252954483032e-02
-5.554382130503654480e-02
-2.039548195898532867e-02
8.322839438915252686e-02
-4.854939877986907959e-02
4.207198321819305420e-02
1.562637537717819214e-01
-1.123626083135604858e-01
-1.039530187845230103e-01
-1.193922944366931915e-02
-1.238655485212802887e-02
1.071980521082878113e-01
-5.255882069468498230e-02
9.950558841228485107e-02
