-9.687771648168563843e-02
-5.434685200452804565e-02
9.039548784494400024e-02
-8.279405534267425537e-02
-6.129250396043062210e-03
1.259500086307525635e-01
3.435568884015083313e-02
-1.265805065631866455e-01
1.251680254936218262e-01
4.822956398129463196e-02
-1.161851659417152405e-01
-5.707866698503494263e-02
1.277475655078887939e-01
-2.461978979408740997e-02
3.368391841650009155e-02
7.730079442262649536e-02
2.070828340947628021e-02
-9.178011119365692139e-02
3.400563076138496399e-02
2.791770547628402710e-02
6.087108701467514038e-02
-1.970776543021202087e-02
-8.649987168610095978e-03
-4.429313167929649353e-02
3.663052618503570557e-02
-8.801050484180450439e-03
3.920341283082962036e-02
-6.028247624635696411e-02
-1.619372218847274780e-01
-2.255335077643394470e-02
-5.801258608698844910e-02
-7.930368185043334961e-02
-4.328883253037929535e-03
1.319014132022857666e-01
-8.605781942605972290e-03
-3.540099412202835083e-02
-5.979659780859947205e-02
-1.978202350437641144e-02
3.127570496872067451e-03
1.350952126085758209e-02
-1.925706304609775543e-02
-2.321214973926544189e-02
2.912542596459388733e-02
-6.231351569294929504e-02
8.140637725591659546e-02
8.190841227769851685e-02
4.890112578868865967e-02
-1.409406494349241257e-02
-5.172723159193992615e-02
-6.611209362745285034e-02
-5.225683748722076416e-02
9.189444035291671753e-02
-1.294960919767618179e-02
2.152527868747711182e-02
7.395366579294204712e-02
5.756242200732231140e-03
-6.852504611015319824e-02
2.922614477574825287e-02
4.208166897296905518e-02
4.228987544775009155e-02
4.977450147271156311e-02
-4.200127348303794861e-02
7.847157865762710571e-02
-1.551053375005722046e-01
-1.183509826660156250e-02
-1.548393256962299347e-02
-4.805364087224006653e-02
6.440092623233795166e-02
-5.866071581840515137e-02
-3.289266675710678101e-02
1.097227632999420166e-02
-1.774740964174270630e-02
-8.415231131948530674e-04
6.985771656036376953e-02
1.183290872722864151e-02
4.553819447755813599e-02
4.387258365750312805e-02
3.916485607624053955e-02
-6.911592185497283936e-02
6.534568220376968384e-02
-4.978229105472564697e-02
4.784107208251953125e-02
3.029765374958515167e-02
-1.019653901457786560e-01
-6.733785569667816162e-02
-5.982359871268272400e-03
4.149509221315383911e-02
9.733060002326965332e-02
-7.274326868355274200e-03
-3.582044690847396851e-02
1.179245486855506897e-02
-1.303422544151544571e-02
-9.545613825321197510e-02
3.521645069122314453e-02
-9.994091093540191650e-02
1.294531300663948059e-02
-9.354867041110992432e-02
3.925726190209388733e-02
-1.600801479071378708e-03
-2.974455617368221283e-02
-1.010812819004058838e-01
-1.086033694446086884e-02
-1.274874620139598846e-02
3.151125460863113403e-02
-4.324271529912948608e-02
-4.592477530241012573e-02
7.516725361347198486e-02
1.064719725400209427e-02
2.045095711946487427e-02
1.905347104184329510e-03
-5.825132504105567932e-02
2.082007564604282379e-02
-3.341321833431720734e-03
-2.747608534991741180e-02
-9.265886247158050537e-02
-1.283420063555240631e-02
3.430255874991416931e-02
-3.446303680539131165e-02
-1.645089499652385712e-02
9.001052379608154297e-02
4.814292863011360168e-02
-4.317102208733558655e-02
-1.357671990990638733e-02
9.553386829793453217e-03
2.571246773004531860e-02
8.756618201732635498e-02
-7.063175737857818604e-02
-7.936537265777587891e-02
-5.858122557401657104e-02
-3.238757373765110970e-03
4.068847279995679855e-03
-6.524890661239624023e-02
4.619336500763893127e-02
3.483573347330093384e-02
3.928302321583032608e-03
-4.310724139213562012e-02
1.053551137447357178e-01
-2.564902603626251221e-02
-1.706521771848201752e-02
-2.784902602434158325e-02
-6.286754272878170013e-03
-7.926961034536361694e-02
7.758563756942749023e-02
8.381644636392593384e-02
5.155175179243087769e-02
3.438542783260345459e-02
-1.703611947596073151e-02
5.831425264477729797e-02
7.125870883464813232e-02
-4.542066529393196106e-02
2.756104245781898499e-02
-1.175141078419983387e-03
2.412745542824268341e-02
-7.352771610021591187e-02
-5.710423924028873444e-03
7.208397984504699707e-02
7.211341522634029388e-03
9.121564775705337524e-02
-6.682855635881423950e-02
9.504216164350509644e-02
4.230412468314170837e-02
-8.854371495544910431e-03
1.101083762478083372e-04
-1.409951318055391312e-02
-5.202871188521385193e-02
1.660193689167499542e-02
-3.972108289599418640e-02
9.954855777323246002e-03
1.995884068310260773e-02
-5.930397659540176392e-02
2.147198840975761414e-02
-5.508194863796234131e-02
4.320559278130531311e-02
2.608957141637802124e-02
-5.254059284925460815e-02
-3.833890333771705627e-02
-3.269001096487045288e-02
-1.775202713906764984e-02
1.255123526789247990e-03
2.935707382857799530e-02
-4.448332637548446655e-02
-1.169850816950201988e-03
3.329263255000114441e-02
-2.132450230419635773e-02
-5.240752175450325012e-02
5.040404852479696274e-03
-3.145375475287437439e-02
1.294496189802885056e-02
7.357987761497497559e-02
-6.069600209593772888e-02
-1.676701381802558899e-02
-5.225136876106262207e-02
8.188272267580032349e-02
-1.161944195628166199e-01
1.266106367111206055e-01
6.910460442304611206e-02
1.589996665716171265e-01
4.970979690551757812e-02
9.310959279537200928e-02
-1.604636013507843018e-02
-2.820358052849769592e-02
-3.029103577136993408e-02
3.477928787469863892e-02
-1.733525693416595459e-01
-2.299435622990131378e-02
-5.118747800588607788e-02
8.485364168882369995e-02
-2.532066078856587410e-03
-1.280777528882026672e-02
-2.067187055945396423e-02
-1.756700687110424042e-02
-4.341604560613632202e-02
6.399590522050857544e-02
-8.140655606985092163e-02
1.111392304301261902e-02
-8.384548127651214600e-03
4.271455109119415283e-02
7.371152937412261963e-02
2.870584605261683464e-03
8.940637111663818359e-02
9.907004982233047485e-02
-1.069705374538898468e-02
-9.818843752145767212e-02
-5.222957953810691833e-02
-8.757216483354568481e-02
-1.415006816387176514e-01
4.618059471249580383e-02
3.506912663578987122e-02
1.387769076973199844e-02
1.033097971230745316e-02
-2.293022871017456055e-01
8.556251227855682373e-02
-1.886138916015625000e-01
-4.378736019134521484e-02
6.914551556110382080e-02
6.924867630004882812e-02
-2.028736621141433716e-01
-6.665924936532974243e-02
-1.659824140369892120e-02
2.722375281155109406e-02
4.704837221652269363e-03
9.249907732009887695e-02
1.004014611244201660e-01
-1.274534016847610474e-01
-4.549661651253700256e-02
-1.324107684195041656e-02
-3.132511302828788757e-02
4.871645569801330566e-02
-5.113135091960430145e-03
8.906340599060058594e-02
