-1.069356426596641541e-01
-3.779198601841926575e-02
5.572634190320968628e-02
-4.277303814888000488e-02
-3.259246051311492920e-02
8.149030804634094238e-02
3.544127941131591797e-02
-1.251722872257232666e-01
1.142592281103134155e-01
5.623119324445724487e-02
-1.132880747318267822e-01
-5.758018419146537781e-02
1.208277419209480286e-01
-2.251889556646347046e-02
1.089531928300857544e-02
3.580774366855621338e-02
3.447380661964416504e-02
-7.593292742967605591e-02
1.586012169718742371e-02
5.653360858559608459e-02
4.618385806679725647e-02
-9.215964935719966888e-03
-1.656727120280265808e-02
-1.244074013084173203e-02
3.292455896735191345e-02
-5.215138196945190430e-03
1.318854931741952896e-02
-5.057469010353088379e-02
-1.429253369569778442e-01
-2.288747765123844147e-02
-2.887301705777645111e-02
-7.853587716817855835e-02
8.032905869185924530e-03
1.023591160774230957e-01
4.246692988090217113e-04
-3.088074922561645508e-02
-8.883336931467056274e-02
3.457154147326946259e-03
3.533770795911550522e-03
1.982784830033779144e-02
-3.340790048241615295e-02
-3.241690248250961304e-02
1.280795130878686905e-02
-6.794520467519760132e-02
1.269955039024353027e-01
1.023413240909576416e-01
6.125532463192939758e-02
-1.808313839137554169e-02
-8.255449682474136353e-02
-8.486758917570114136e-02
-6.347098201513290405e-02
1.319736093282699585e-01
-2.768459171056747437e-02
6.996560096740722656e-02
8.322142809629440308e-02
-1.778452284634113312e-02
-4.431368783116340637e-02
2.708544023334980011e-02
3.729461133480072021e-02
1.476205140352249146e-02
6.571412086486816406e-02
-1.559189241379499435e-02
8.702595531940460205e-02
-1.624590903520584106e-01
-1.013340894132852554e-02
-1.546351891010999680e-02
-4.276582971215248108e-02
7.200621813535690308e-02
-5.309066176414489746e-02
-3.772020712494850159e-02
1.283184438943862915e-02
-2.314981818199157715e-02
-2.102503553032875061e-02
7.678997516632080078e-02
1.509376987814903259e-02
7.888632244430482388e-04
3.173552453517913818e-02
5.066987499594688416e-02
-6.668534874916076660e-02
6.083839386701583862e-02
-7.252561300992965698e-02
3.330254182219505310e-02
3.278579190373420715e-02
-1.084585785865783691e-01
-7.665649056434631348e-02
-3.373657353222370148e-03
6.123274937272071838e-02
9.248504042625427246e-02
-6.166647188365459442e-03
-3.187403455376625061e-02
3.546078503131866455e-02
1.262555830180644989e-03
-9.239841252565383911e-02
6.877035647630691528e-02
-1.169350594282150269e-01
9.818114340305328369e-03
-7.415510714054107666e-02
3.912013769149780273e-02
-1.316588092595338821e-02
-1.422231830656528473e-02
-7.106105983257293701e-02
-3.100821934640407562e-02
-2.035585604608058929e-02
1.629184000194072723e-02
-3.574471175670623779e-02
-4.034258797764778137e-02
7.980860769748687744e-02
1.988034462556242943e-03
3.638360276818275452e-02
-2.385431202128529549e-03
-7.473900169134140015e-02
1.908618398010730743e-02
-2.267312631011009216e-02
-3.449166193604469299e-02
-8.882138878107070923e-02
-1.672725006937980652e-02
3.911428153514862061e-02
-6.186713278293609619e-02
-1.445280387997627258e-03
8.091152459383010864e-02
5.831643566489219666e-02
-5.103659257292747498e-02
-7.749046664685010910e-03
-5.194901023060083389e-03
3.088646568357944489e-02
6.615022569894790649e-02
-4.826964437961578369e-02
-9.091114997863769531e-02
-6.337472796440124512e-02
-3.848231956362724304e-02
4.395755007863044739e-02
-8.874555677175521851e-02
6.243503838777542114e-02
3.224351257085800171e-02
-7.268549408763647079e-03
-5.722620710730552673e-02
1.242020130157470703e-01
-7.734446972608566284e-02
-2.199310436844825745e-02
-2.800705842673778534e-02
-2.411753125488758087e-02
-5.070513114333152771e-02
6.065985932946205139e-02
7.303255796432495117e-02
4.701614379882812500e-02
2.048066258430480957e-02
-2.679254300892353058e-02
6.470552831888198853e-02
6.045713275671005249e-02
-5.258382484316825867e-02
5.856214836239814758e-02
-1.649305969476699829e-02
1.720632798969745636e-02
-8.444939553737640381e-02
8.055281825363636017e-03
6.726707518100738525e-02
2.369441464543342590e-02
9.229396283626556396e-02
-7.140687853097915649e-02
9.584271907806396484e-02
3.801070153713226318e-02
-2.320196665823459625e-02
1.548845507204532623e-02
-3.667884040623903275e-03
-6.425566971302032471e-02
2.446621097624301910e-02
-3.209318220615386963e-02
-2.084200643002986908e-02
1.517143193632364273e-02
-6.620564311742782593e-02
4.629778489470481873e-02
-4.472313448786735535e-02
5.358088389039039612e-02
5.742998421192169189e-02
-6.905072182416915894e-02
-1.416519377380609512e-02
1.736719976179301739e-03
-1.850723288953304291e-02
1.467694900929927826e-02
2.309750579297542572e-02
-1.439151074737310410e-02
1.973312813788652420e-03
3.231517970561981201e-02
-2.986186183989048004e-02
-4.584991186857223511e-02
6.371223367750644684e-03
-3.832098841667175293e-02
-7.310117594897747040e-03
4.481263831257820129e-02
-5.699864029884338379e-02
-1.664227247238159180e-02
-4.219586402177810669e-02
6.288401782512664795e-02
-1.271819770336151123e-01
1.179637759923934937e-01
6.231956928968429565e-02
1.648376137018203735e-01
4.357175901532173157e-02
1.096474081277847290e-01
-2.030065469443798065e-02
-2.225131914019584656e-02
-2.638882212340831757e-02
3.115766309201717377e-02
-1.442422121763229370e-01
-2.697082003578543663e-03
-5.062353610992431641e-02
6.707227975130081177e-02
6.857537664473056793e-03
-4.009231925010681152e-03
-2.412455715239048004e-02
-1.683125458657741547e-02
-4.930485785007476807e-02
7.982520014047622681e-02
-6.064559146761894226e-02
4.775904584676027298e-03
-5.248395726084709167e-03
3.558674454689025879e-02
4.650070145726203918e-02
-1.413595280610024929e-03
7.843779027462005615e-02
8.820392191410064697e-02
-9.182481095194816589e-03
-8.705812692642211914e-02
-3.638396039605140686e-02
-8.794963359832763672e-02
-1.432630419731140137e-01
7.054693996906280518e-02
1.637431234121322632e-02
2.721944591030478477e-03
1.556995790451765060e-02
-2.032707929611206055e-01
8.341805636882781982e-02
-1.705937683582305908e-01
-5.114792659878730774e-02
5.059549584984779358e-02
8.490920066833496094e-02
-1.826142668724060059e-01
-6.848976761102676392e-02
-1.564612053334712982e-02
5.444216355681419373e-02
-4.080729559063911438e-04
8.520430326461791992e-02
1.449632495641708374e-01
-1.353143751621246338e-01
-8.747223764657974243e-02
-1.103438436985015869e-02
-2.770867384970188141e-02
9.673777967691421509e-02
-3.493169322609901428e-02
9.843442589044570923e-02
