-9.000838547945022583e-02
-5.400299653410911560e-02
5.560765042901039124e-02
-5.501925572752952576e-02
-6.848984211683273315e-02
8.272597938776016235e-02
3.134178370237350464e-02
-1.167718470096588135e-01
1.150354743003845215e-01
4.784201458096504211e-02
-7.916085422039031982e-02
-6.546819210052490234e-02
1.524003148078918457e-01
-7.142204791307449341e-03
-7.900848053395748138e-03
5.285218730568885803e-02
1.609119959175586700e-02
-6.417693197727203369e-02
1.932844519615173340e-02
2.833909913897514343e-02
5.475379899144172668e-02
-2.634007111191749573e-02
-8.164583123289048672e-04
-4.690825194120407104e-02
4.642923176288604736e-02
1.230207970365881920e-03
1.709546893835067749e-02
-9.156344830989837646e-02
-1.487663239240646362e-01
-4.812939837574958801e-02
-3.243424370884895325e-02
-7.063241302967071533e-02
-2.833971567451953888e-02
1.361248344182968140e-01
3.125137835741043091e-02
-3.054628521203994751e-02
-8.659921586513519287e-02
-3.920067846775054932e-02
2.129660919308662415e-02
4.074974730610847473e-02
-3.735979553312063217e-03
-1.967675797641277313e-02
4.059011116623878479e-02
-5.660886317491531372e-02
1.308905482292175293e-01
4.230015724897384644e-02
3.071520850062370300e-02
4.704250022768974304e-03
-5.889882519841194153e-02
-7.222234457731246948e-02
-5.961805954575538635e-02
6.615388393402099609e-02
-2.670159330591559410e-03
1.087195426225662231e-02
6.431645900011062622e-02
8.940888568758964539e-03
-8.014599233865737915e-02
-2.725131250917911530e-02
3.551305457949638367e-02
1.778371259570121765e-02
6.704867631196975708e-02
-5.545137682929635048e-04
5.183851346373558044e-02
-1.010032370686531067e-01
-1.825678907334804535e-02
-1.401797402650117874e-02
-3.196701407432556152e-02
1.115765608847141266e-02
-3.821600601077079773e-02
4.993864800781011581e-03
-1.709444820880889893e-02
-2.204774692654609680e-02
-4.576446861028671265e-02
5.239812284708023071e-02
2.332575991749763489e-02
1.956093823537230492e-03
2.165529876947402954e-02
2.616136334836483002e-02
-7.062339037656784058e-02
3.127488121390342712e-02
-2.860051020979881287e-02
1.740883849561214447e-02
1.986393006518483162e-03
-1.135192289948463440e-01
-2.363752387464046478e-02
-1.531997602432966232e-02
5.081258341670036316e-02
7.442237436771392822e-02
-4.947733134031295776e-02
-1.524925581179559231e-03
2.069314243271946907e-03
1.920449361205101013e-02
-9.442811459302902222e-02
2.825165353715419769e-02
-8.553474396467208862e-02
1.897494122385978699e-02
-1.011817902326583862e-01
1.972164958715438843e-02
-7.516019511967897415e-03
-1.430391985923051834e-02
-6.487408280372619629e-02
-3.291279450058937073e-02
-1.569446548819541931e-02
1.166684925556182861e-02
-2.723326347768306732e-02
-5.056915804743766785e-02
5.523585900664329529e-02
2.294741570949554443e-02
5.995327979326248169e-02
-2.434901893138885498e-03
-3.589456155896186829e-02
4.313577711582183838e-02
-1.950488984584808350e-02
-1.674695499241352081e-02
-8.563723415136337280e-02
1.755147241055965424e-02
-1.360175549052655697e-03
-8.907189220190048218e-02
1.433858368545770645e-02
8.465330302715301514e-02
3.687850758433341980e-02
-5.117369070649147034e-02
1.070006750524044037e-03
-2.915476262569427490e-02
4.110830277204513550e-02
6.011427938938140869e-02
-4.595891386270523071e-02
-5.723256617784500122e-02
-9.097179770469665527e-02
-6.733715534210205078e-03
4.295329004526138306e-02
-7.014276832342147827e-02
2.912810631096363068e-02
1.577156223356723785e-02
-1.913512311875820160e-02
-4.534356296062469482e-02
1.117451116442680359e-01
-8.229664713144302368e-02
-6.206249445676803589e-02
-5.728307738900184631e-02
-3.336698189377784729e-02
-4.133442044258117676e-02
3.276508301496505737e-02
7.137338072061538696e-02
4.345413297414779663e-02
3.216391801834106445e-02
-2.190926298499107361e-02
-1.711087487637996674e-02
8.794116228818893433e-02
-8.777930587530136108e-02
7.230561971664428711e-02
-5.634731613099575043e-03
2.386890910565853119e-02
-7.459072023630142212e-02
7.628531195223331451e-03
-1.317782141268253326e-02
-1.732946932315826416e-02
1.142871677875518799e-01
-4.173700883984565735e-02
7.473851740360260010e-02
1.095098536461591721e-02
1.843629963696002960e-02
1.293763052672147751e-02
2.581194974482059479e-02
-8.345156908035278320e-02
4.002431780099868774e-02
-5.190359055995941162e-02
-1.110401842743158340e-02
7.958149537444114685e-03
-9.955222904682159424e-02
1.859098859131336212e-02
-5.867678299546241760e-02
9.430486708879470825e-02
4.376460984349250793e-02
-4.508182033896446228e-02
-4.453967511653900146e-02
4.274650011211633682e-03
-4.673784226179122925e-02
-2.740382333286106586e-04
7.091259583830833435e-03
-6.409116089344024658e-02
1.771383173763751984e-02
4.350331053137779236e-02
1.430849637836217880e-02
-5.960721895098686218e-02
1.585394330322742462e-02
-3.775539994239807129e-02
-2.032794803380966187e-02
6.062390655279159546e-02
-5.667331069707870483e-02
-3.588957339525222778e-02
-4.412531852722167969e-02
1.004721745848655701e-01
-1.374896764755249023e-01
1.245905086398124695e-01
5.636843666434288025e-02
1.884910166263580322e-01
2.322929538786411285e-02
1.524591445922851562e-01
-2.855266071856021881e-02
-2.161924168467521667e-02
-3.530603647232055664e-02
2.482115663588047028e-02
-1.646951884031295776e-01
-4.836940206587314606e-03
-2.107052830979228020e-03
8.416076004505157471e-02
-3.231279551982879639e-02
-3.936064988374710083e-02
-4.338214546442031860e-02
-1.697782054543495178e-02
-5.748347938060760498e-02
9.393040835857391357e-02
-9.002870321273803711e-02
2.788006141781806946e-02
-1.500641740858554840e-02
6.883273273706436157e-02
1.163207069039344788e-01
6.282193586230278015e-03
7.788317650556564331e-02
8.330055326223373413e-02
-2.063138596713542938e-02
-8.803609013557434082e-02
-6.107010319828987122e-02
-8.613990247249603271e-02
-1.292812675237655640e-01
8.573026955127716064e-02
5.113627389073371887e-02
1.622577384114265442e-02
-2.852943027392029762e-03
-1.698346734046936035e-01
1.159184649586677551e-01
-1.516267508268356323e-01
-4.652905464172363281e-02
6.391116976737976074e-02
1.033931449055671692e-01
-2.091220915317535400e-01
-7.074955105781555176e-02
-4.641369357705116272e-02
4.668883979320526123e-02
-6.334569305181503296e-03
1.104985252022743225e-01
1.292430162429809570e-01
-9.510661661624908447e-02
-8.434990048408508301e-02
-1.642735442146658897e-04
-2.978356182575225830e-02
9.033081680536270142e-02
-8.320949040353298187e-03
9.735884517431259155e-02
