-5.203297361731529236e-02
-5.423011630773544312e-02
1.894493214786052704e-02
-5.459626019001007080e-02
1.516963541507720947e-02
7.662548869848251343e-02
7.607752829790115356e-02
-5.861378461122512817e-02
1.237151101231575012e-01
1.542120333760976791e-02
-2.249658107757568359e-02
-5.165394395589828491e-02
6.408424675464630127e-02
-1.551933772861957550e-02
4.729814454913139343e-02
1.618758961558341980e-02
4.235418140888214111e-02
-7.347375899553298950e-02
5.855751689523458481e-03
5.165429413318634033e-02
1.848288066685199738e-02
4.468772560358047485e-02
-2.946762740612030029e-02
-4.183384776115417480e-02
2.377151139080524445e-02
1.275068734685191885e-05
2.771816216409206390e-02
-1.618145179236307740e-04
-1.174835786223411560e-01
2.711922675371170044e-02
-2.711131237447261810e-02
-1.057421863079071045e-01
-3.860911726951599121e-02
1.263336837291717529e-01
1.287511643022298813e-02
-2.871245890855789185e-02
-7.439485937356948853e-02
3.867935389280319214e-03
-3.704285621643066406e-02
5.414054170250892639e-02
-1.574315875768661499e-02
-6.779234390705823898e-03
-6.544588599354028702e-03
-9.830086678266525269e-02
1.525385975837707520e-01
1.062233746051788330e-01
1.073674932122230530e-01
-3.598920535296201706e-03
-5.684142559766769409e-02
-4.710739478468894958e-02
-6.877949833869934082e-02
1.219883114099502563e-01
1.670212298631668091e-02
1.009668037295341492e-01
1.146961748600006104e-01
-3.396572545170783997e-02
-4.962769523262977600e-02
1.707662642002105713e-02
1.535889413207769394e-02
-2.788141556084156036e-02
4.158851876854896545e-02
-6.363957375288009644e-02
1.096947640180587769e-01
-1.488971114158630371e-01
-2.686253562569618225e-02
2.987480163574218750e-02
-4.186651203781366348e-03
1.897281780838966370e-02
-4.107594490051269531e-03
-7.788731250911951065e-03
5.937318131327629089e-02
-5.379444733262062073e-02
-5.436906963586807251e-02
1.487172301858663559e-02
1.285403873771429062e-02
-2.126631699502468109e-02
5.171999335289001465e-03
3.200502321124076843e-02
-7.059555500745773315e-02
5.450443550944328308e-02
-3.971598297357559204e-02
5.932874977588653564e-02
2.282410673797130585e-02
-1.092533767223358154e-01
-3.457302227616310120e-02
-9.536770172417163849e-03
-2.542696520686149597e-02
2.206893451511859894e-02
9.437858127057552338e-03
-9.995266050100326538e-02
-1.707999967038631439e-02
8.555416017770767212e-02
-3.222138434648513794e-02
8.798175305128097534e-02
-1.019637733697891235e-01
8.218479342758655548e-03
-1.018985286355018616e-01
-1.356912776827812195e-02
2.563775144517421722e-02
4.482070216909050941e-04
-8.202361315488815308e-02
-3.860487043857574463e-02
-1.779130101203918457e-02
7.204786688089370728e-02
1.745520625263452530e-03
3.199414163827896118e-02
4.727886617183685303e-02
2.248646877706050873e-02
8.701829612255096436e-02
1.497555058449506760e-02
-1.186898499727249146e-01
1.388685218989849091e-02
-6.785707920789718628e-02
-7.627992331981658936e-02
-8.404919505119323730e-02
-3.097344562411308289e-02
-9.569239802658557892e-03
-5.239621177315711975e-02
-6.752148270606994629e-03
4.950774088501930237e-02
2.393941022455692291e-02
-7.164499163627624512e-02
2.772556245326995850e-02
-4.599509760737419128e-02
2.915236726403236389e-02
6.724185496568679810e-02
-2.959488891065120697e-02
-4.793424159288406372e-02
-2.134807780385017395e-02
-4.803480580449104309e-02
3.973564878106117249e-02
-1.588095873594284058e-01
3.657310828566551208e-02
-2.620864252094179392e-04
4.736988618969917297e-02
-1.594170182943344116e-02
6.304790079593658447e-02
-3.161435201764106750e-02
-4.704127088189125061e-02
1.011693198233842850e-02
-4.467771947383880615e-02
-5.776761844754219055e-02
2.415071055293083191e-02
5.146879330277442932e-02
3.045505844056606293e-02
2.531556412577629089e-02
1.642192713916301727e-02
8.071333914995193481e-02
2.947810478508472443e-02
-2.923231571912765503e-02
2.291264757513999939e-02
1.716833910904824734e-03
-2.095219679176807404e-02
-1.150033026933670044e-01
8.602774702012538910e-03
4.798876866698265076e-02
3.078284673392772675e-02
9.847042709589004517e-02
-3.855582326650619507e-02
9.560927748680114746e-02
6.560374796390533447e-02
1.571233570575714111e-02
-2.895427308976650238e-02
5.414352938532829285e-02
-7.271593809127807617e-02
2.567490190267562866e-02
-9.625964611768722534e-02
-4.217100143432617188e-02
3.664150461554527283e-02
-8.260385692119598389e-02
7.477449625730514526e-02
-2.555591240525245667e-02
9.640441834926605225e-02
5.732024461030960083e-02
-3.225500509142875671e-02
-4.544626921415328979e-03
8.153002709150314331e-03
-3.989503532648086548e-02
1.262297970242798328e-03
2.710887044668197632e-02
-7.577092037536203861e-04
-1.140866521745920181e-02
-1.540146116167306900e-02
-4.257058724761009216e-03
-4.693664610385894775e-02
-2.030956000089645386e-02
-7.552071660757064819e-02
-7.047539204359054565e-02
8.888419717550277710e-02
-7.957356423139572144e-02
-1.048740148544311523e-01
-8.729441091418266296e-03
7.040681689977645874e-02
-1.333426833152770996e-01
9.138555824756622314e-02
7.377208024263381958e-02
1.597065627574920654e-01
5.009192600846290588e-02
1.017963364720344543e-01
-4.808731749653816223e-02
1.165089756250381470e-02
-8.831655979156494141e-02
4.039643704891204834e-02
-1.159233525395393372e-01
-1.072634756565093994e-02
-8.049003034830093384e-02
6.458573043346405029e-02
-2.993035316467285156e-02
-1.181122660636901855e-02
-2.392966486513614655e-02
-2.540593966841697693e-02
-9.075650013983249664e-03
4.790621623396873474e-02
-9.086027741432189941e-02
1.977638341486454010e-02
-1.367686409503221512e-02
2.876615710556507111e-02
8.041698485612869263e-02
-2.416845224797725677e-02
8.300901204347610474e-02
8.570879697799682617e-02
1.632302254438400269e-02
-1.028448343276977539e-01
-1.842657453380525112e-03
-2.139017917215824127e-02
-8.969482034444808960e-02
2.182413265109062195e-02
2.173136174678802490e-02
-1.836652983911335468e-03
5.271549895405769348e-02
-9.610739350318908691e-02
8.618223667144775391e-02
-1.469562202692031860e-01
-2.359238266944885254e-02
8.424351364374160767e-02
8.003842830657958984e-02
-1.572301685810089111e-01
-7.303276658058166504e-02
-4.886943101882934570e-02
5.440182611346244812e-02
-1.618326269090175629e-02
1.458166986703872681e-01
1.735087633132934570e-01
-1.266870051622390747e-01
-7.508073002099990845e-02
-3.188191680237650871e-03
-4.401409253478050232e-02
1.523608118295669556e-01
-3.098311834037303925e-02
1.042920947074890137e-01
