-9.012355655431747437e-02
-3.474166989326477051e-02
-5.955531820654869080e-02
7.503808476030826569e-03
1.442630309611558914e-02
1.761863380670547485e-02
6.360448151826858521e-02
-7.444226741790771484e-02
1.336160153150558472e-01
4.221286997199058533e-02
-2.421472407877445221e-02
-4.931551963090896606e-02
7.410033047199249268e-02
-2.326624700799584389e-03
1.803049631416797638e-02
-2.383119240403175354e-02
4.474124312400817871e-02
-5.767824500799179077e-02
-1.173860207200050354e-02
8.205191791057586670e-02
9.398174472153186798e-03
4.009635373950004578e-02
-2.556340396404266357e-02
-1.534898858517408371e-02
-8.396829362027347088e-04
1.121077407151460648e-02
-1.114326529204845428e-02
1.979126594960689545e-02
-5.916731059551239014e-02
5.842222645878791809e-02
-1.689097844064235687e-02
-7.923990488052368164e-02
-6.715110503137111664e-03
7.723829150199890137e-02
1.362579129636287689e-02
-2.460392378270626068e-02
-1.170423775911331177e-01
3.935439884662628174e-02
-6.312900036573410034e-02
6.674931943416595459e-02
-4.159379750490188599e-02
-1.612395234405994415e-02
-1.946667209267616272e-02
-1.052406430244445801e-01
2.092189639806747437e-01
1.406192630529403687e-01
1.381547898054122925e-01
8.504909463226795197e-03
-8.190912008285522461e-02
-6.457537412643432617e-02
-7.110802829265594482e-02
1.743562370538711548e-01
7.196061778813600540e-03
1.550635397434234619e-01
1.155807822942733765e-01
-8.282463997602462769e-02
2.213107654824852943e-03
3.790795058012008667e-02
2.384171448647975922e-02
-9.165059030055999756e-02
4.034654051065444946e-02
-3.912631422281265259e-02
1.105872094631195068e-01
-1.160611286759376526e-01
-1.653656549751758575e-02
5.725937709212303162e-02
-1.102629303932189941e-02
1.126208808273077011e-02
2.189460210502147675e-02
-5.269272252917289734e-02
1.014063507318496704e-01
-4.702816903591156006e-02
-7.786020636558532715e-02
3.701328113675117493e-02
1.943947002291679382e-02
-7.457702606916427612e-02
-2.206381782889366150e-02
4.478696361184120178e-02
-4.003624990582466125e-02
6.567889451980590820e-02
-4.809689149260520935e-02
3.478510677814483643e-02
2.469192631542682648e-02
-7.621730118989944458e-02
-3.888676315546035767e-02
2.252731099724769592e-02
-9.251634473912417889e-04
-1.639415277168154716e-03
4.123058170080184937e-02
-9.357649832963943481e-02
4.478321876376867294e-03
1.050491034984588623e-01
-2.587918192148208618e-02
1.079537943005561829e-01
-8.279719203710556030e-02
-2.261311560869216919e-02
-4.033844918012619019e-02
1.043321657925844193e-02
9.040668373927474022e-05
2.250649221241474152e-02
-4.490441083908081055e-02
-2.409123443067073822e-02
-3.178592398762702942e-02
5.068193748593330383e-02
-9.165165014564990997e-03
5.408499017357826233e-02
3.400193899869918823e-02
2.154777199029922485e-02
9.429500997066497803e-02
1.984066329896450043e-02
-1.286292821168899536e-01
1.909610698930919170e-03
-6.679194420576095581e-02
-6.683691591024398804e-02
-7.986650615930557251e-02
-6.171907857060432434e-02
-3.348203841596841812e-03
-3.601346164941787720e-02
3.521594777703285217e-02
2.311128377914428711e-02
4.471160098910331726e-02
-5.927420780062675476e-02
6.554458290338516235e-02
-5.225250869989395142e-02
1.650223322212696075e-02
4.686114564538002014e-02
-3.488348098471760750e-03
-3.318508714437484741e-02
1.122860703617334366e-03
-7.327047735452651978e-02
5.971668660640716553e-02
-1.623397767543792725e-01
5.708066746592521667e-02
-1.708263880573213100e-03
4.533391818404197693e-02
-1.890248432755470276e-02
6.696026772260665894e-02
-6.289906054735183716e-02
-5.333083122968673706e-02
4.197751358151435852e-02
-6.488818675279617310e-02
-3.959069401025772095e-02
-9.240111336112022400e-03
8.310425095260143280e-03
3.249379247426986694e-02
2.127421461045742035e-02
-7.738352287560701370e-04
8.165951073169708252e-02
1.103407237678766251e-02
-5.632301419973373413e-02
4.519312083721160889e-02
3.288507461547851562e-03
-3.545185178518295288e-02
-1.423185020685195923e-01
6.360250059515237808e-03
4.473389312624931335e-02
5.147980153560638428e-02
9.548301994800567627e-02
-4.504798725247383118e-02
8.841302990913391113e-02
3.930737078189849854e-02
-3.133132995571941137e-04
1.662757992744445801e-02
6.826664507389068604e-02
-5.999720469117164612e-02
1.431908085942268372e-02
-7.671624422073364258e-02
-6.736952066421508789e-02
2.397423610091209412e-02
-7.889519631862640381e-02
8.080667257308959961e-02
-2.296306565403938293e-02
5.955505743622779846e-02
1.063644066452980042e-01
-1.715656928718090057e-02
2.141433022916316986e-02
6.496974080801010132e-02
-3.305941447615623474e-02
9.147661738097667694e-03
3.498529270291328430e-02
2.721910178661346436e-02
-6.418424658477306366e-03
-2.762628719210624695e-02
3.485359251499176025e-02
-5.263926461338996887e-02
-3.898747265338897705e-02
-9.128437936305999756e-02
-7.767712324857711792e-02
4.285101965069770813e-02
-5.699957907199859619e-02
-9.659342467784881592e-02
3.305155783891677856e-02
1.224721316248178482e-02
-1.218550279736518860e-01
7.585853338241577148e-02
3.324935957789421082e-02
1.231233403086662292e-01
2.080800756812095642e-02
7.961013913154602051e-02
-4.748484492301940918e-02
3.166785091161727905e-02
-7.441668957471847534e-02
1.916949450969696045e-02
-3.954856097698211670e-02
-3.488302463665604591e-03
-6.218975037336349487e-02
2.933552116155624390e-02
5.031482782214879990e-03
2.736437693238258362e-02
-1.561827305704355240e-02
-1.256545167416334152e-02
5.749946925789117813e-03
3.522127121686935425e-02
-4.172024875879287720e-02
3.072017058730125427e-02
-8.038897998631000519e-03
3.291423991322517395e-02
1.359181664884090424e-02
-2.747347019612789154e-02
5.356867238879203796e-02
4.660631716251373291e-02
-3.694152226671576500e-03
-1.077853515744209290e-01
5.401663016527891159e-03
-1.684994250535964966e-02
-7.112200558185577393e-02
3.921145573258399963e-02
-3.124530659988522530e-03
-2.776493690907955170e-02
6.943737715482711792e-02
3.646770957857370377e-03
4.877106472849845886e-02
-4.875582456588745117e-02
-3.260640427470207214e-03
1.988799124956130981e-02
7.485225796699523926e-02
-6.408444046974182129e-02
-6.231815740466117859e-02
-2.755842730402946472e-02
9.083929657936096191e-02
-4.836221411824226379e-02
7.859680056571960449e-02
2.285183668136596680e-01
-1.208894699811935425e-01
-1.558534651994705200e-01
-8.294830098748207092e-03
-3.447324037551879883e-02
1.803537160158157349e-01
-7.067162543535232544e-02
1.285715103149414062e-01
