-7.588689774274826050e-02
-3.934227675199508667e-02
1.009446755051612854e-02
-2.857984788715839386e-02
3.315893560647964478e-02
3.418963029980659485e-02
3.380725160241127014e-02
-5.454528331756591797e-02
9.557777643203735352e-02
3.140986338257789612e-02
-6.388629972934722900e-02
-5.377440154552459717e-02
6.349121779203414917e-02
-2.218798547983169556e-02
4.211688786745071411e-02
2.489537373185157776e-02
3.229352086782455444e-02
-6.480564177036285400e-02
1.646686904132366180e-02
2.540213987231254578e-02
4.402374103665351868e-02
1.405902765691280365e-02
-2.368205040693283081e-02
-1.606519892811775208e-02
1.180089637637138367e-02
-7.979989051818847656e-03
2.335209632292389870e-03
2.931973710656166077e-02
-1.103607937693595886e-01
3.825768083333969116e-02
-3.036521747708320618e-02
-9.841416031122207642e-02
-1.298351399600505829e-02
1.095212996006011963e-01
-1.553819887340068817e-02
-2.636974118649959564e-02
-8.636335283517837524e-02
3.141047805547714233e-02
-4.370551928877830505e-02
3.965998440980911255e-02
-2.890712395310401917e-02
-3.190771490335464478e-02
4.259521083440631628e-04
-1.014299467206001282e-01
1.260546892881393433e-01
1.304945051670074463e-01
9.627737849950790405e-02
2.614718396216630936e-03
-5.954186618328094482e-02
-6.223723664879798889e-02
-6.475269049406051636e-02
1.507543921470642090e-01
-5.685280542820692062e-03
1.107288524508476257e-01
9.659664332866668701e-02
-4.909789189696311951e-02
-3.145749866962432861e-02
4.651050269603729248e-02
2.901367284357547760e-02
-4.210559278726577759e-02
4.652974754571914673e-02
-7.457403838634490967e-02
1.134284362196922302e-01
-1.538220494985580444e-01
-7.060133386403322220e-03
2.356874570250511169e-02
-2.205009758472442627e-02
4.737944155931472778e-02
-5.122969392687082291e-03
-6.776698678731918335e-02
8.083769679069519043e-02
-3.962538763880729675e-02
-2.625304274260997772e-02
5.691152811050415039e-02
9.911809116601943970e-03
2.418999560177326202e-03
1.636982709169387817e-02
4.636729136109352112e-02
-5.658398941159248352e-02
8.535581827163696289e-02
-6.674229353666305542e-02
3.134198486804962158e-02
2.832364477217197418e-02
-1.151338890194892883e-01
-6.295725703239440918e-02
2.363053848966956139e-03
2.611048112157732248e-04
6.341875344514846802e-02
3.810752183198928833e-02
-8.504724502563476562e-02
1.219751685857772827e-02
6.678568571805953979e-02
-6.004510074853897095e-02
9.166800230741500854e-02
-9.455065429210662842e-02
-9.217004291713237762e-03
-9.762657433748245239e-02
2.617007307708263397e-02
1.362875010818243027e-02
-8.310160599648952484e-03
-8.249861747026443481e-02
-2.510306425392627716e-02
-4.023970663547515869e-02
4.032263159751892090e-02
-7.526418194174766541e-03
-2.647911664098501205e-03
6.592803448438644409e-02
1.336285751312971115e-02
6.105843558907508850e-02
1.885781763121485710e-03
-1.040381267666816711e-01
1.800726354122161865e-02
-5.798747763037681580e-02
-5.941067636013031006e-02
-8.668168634176254272e-02
-5.734280124306678772e-02
2.433699555695056915e-02
-1.124382205307483673e-02
-5.704949144273996353e-03
5.621666088700294495e-02
3.421268239617347717e-02
-6.940319389104843140e-02
-1.296216808259487152e-02
3.620422212406992912e-03
6.719036493450403214e-03
6.675991415977478027e-02
-4.013330116868019104e-02
-7.709120213985443115e-02
-5.945086944848299026e-03
-2.516236342489719391e-02
1.210737158544361591e-03
-1.074212789535522461e-01
3.506021574139595032e-02
1.286049652844667435e-02
5.640860646963119507e-02
-2.742373570799827576e-02
4.475631564855575562e-02
6.811688654124736786e-03
-1.081567537039518356e-02
3.826566040515899658e-02
-5.541778169572353363e-03
-6.329429149627685547e-02
5.264830589294433594e-02
5.991723388433456421e-02
5.918066948652267456e-02
1.048640627413988113e-02
1.788780442439019680e-03
1.047548577189445496e-01
4.507588222622871399e-02
-3.022797219455242157e-02
3.489878727123141289e-03
8.086263202130794525e-03
-1.472443621605634689e-02
-1.119206473231315613e-01
1.195433177053928375e-02
9.090854972600936890e-02
2.327626757323741913e-02
6.529501080513000488e-02
-4.397751018404960632e-02
1.120326891541481018e-01
4.465361312031745911e-02
-2.599735185503959656e-02
2.105996385216712952e-02
2.152903750538825989e-02
-4.811748489737510681e-02
2.719908021390438080e-02
-6.797698885202407837e-02
-2.152463048696517944e-02
3.745145723223686218e-02
-5.985561385750770569e-02
5.432172864675521851e-02
-4.316529259085655212e-02
4.517484083771705627e-02
5.385427922010421753e-02
-2.483067475259304047e-02
-2.380641736090183258e-02
-2.534383349120616913e-02
-1.821760274469852448e-02
-1.465450320392847061e-02
5.350907891988754272e-02
5.690565332770347595e-03
-3.175906091928482056e-02
6.724266568198800087e-04
-2.763858437538146973e-02
-3.778266161680221558e-02
-5.854871124029159546e-03
-4.658572748303413391e-02
-3.357442468404769897e-02
5.356000363826751709e-02
-5.320848152041435242e-02
-3.888595476746559143e-02
-1.981318369507789612e-02
5.331012234091758728e-02
-1.409515887498855591e-01
1.233365908265113831e-01
6.604772806167602539e-02
1.790332347154617310e-01
5.594404414296150208e-02
7.639338821172714233e-02
-2.885393612086772919e-02
2.907004207372665405e-03
-5.512335896492004395e-02
4.260032996535301208e-02
-1.342317909002304077e-01
-2.131639420986175537e-02
-8.722691237926483154e-02
7.200454175472259521e-02
8.409866131842136383e-03
5.897880066186189651e-03
-2.043324150145053864e-02
3.055585082620382309e-03
-4.302868619561195374e-03
5.068477615714073181e-02
-8.512163907289505005e-02
2.185807190835475922e-02
-1.155786029994487762e-02
4.830359667539596558e-02
3.371500596404075623e-02
-2.187581732869148254e-02
8.769240230321884155e-02
9.715693444013595581e-02
5.109459627419710159e-03
-1.298254132270812988e-01
-2.488136105239391327e-02
-4.603925347328186035e-02
-1.450670063495635986e-01
2.659843862056732178e-02
8.476120419800281525e-03
-1.075412519276142120e-02
5.282328650355339050e-02
-1.369563788175582886e-01
7.400806248188018799e-02
-1.462893038988113403e-01
-1.557727530598640442e-02
5.132988095283508301e-02
6.380441784858703613e-02
-1.610130965709686279e-01
-6.319009512662887573e-02
-1.637030951678752899e-02
7.658465951681137085e-02
-1.809440366923809052e-02
9.291772544384002686e-02
2.111722826957702637e-01
-1.585490852594375610e-01
-1.101336851716041565e-01
-2.380081824958324432e-02
-3.599269315600395203e-02
1.523510068655014038e-01
-7.073389738798141479e-02
1.491384506225585938e-01
