-1.260310411453247070e-01
-6.858011335134506226e-02
9.912781417369842529e-02
-9.515111148357391357e-02
-6.511350721120834351e-02
1.400294750928878784e-01
2.121930941939353943e-02
-1.873368471860885620e-01
1.017650142312049866e-01
6.880384683609008789e-02
-1.539099216461181641e-01
-1.038909852504730225e-01
1.430889517068862915e-01
-8.700708858668804169e-03
2.070744335651397705e-02
9.987667202949523926e-02
3.475633263587951660e-02
-8.310668915510177612e-02
-6.792472209781408310e-03
5.524865910410881042e-02
6.155030429363250732e-02
-4.201626777648925781e-02
4.869930446147918701e-03
-2.574643865227699280e-02
3.181119263172149658e-02
-2.021086029708385468e-02
5.223747342824935913e-02
-7.756155729293823242e-02
-9.156280010938644409e-02
-3.442923771217465401e-03
-5.358419846743345261e-03
-5.734423920512199402e-02
-4.149778559803962708e-02
4.672420769929885864e-02
-2.516716485843062401e-04
3.261071071028709412e-02
-2.831837534904479980e-02
-2.552039921283721924e-02
6.010593101382255554e-02
-3.453783923760056496e-03
-5.228478834033012390e-02
-1.142576336860656738e-02
5.351882427930831909e-02
-4.072659462690353394e-02
9.468779712915420532e-02
-8.553822524845600128e-03
-1.050508208572864532e-02
8.693027310073375702e-03
-3.788833320140838623e-02
-1.176607236266136169e-01
-1.104061007499694824e-01
1.550243236124515533e-02
-4.839928820729255676e-02
1.501222141087055206e-03
1.212375145405530930e-02
7.568851113319396973e-03
-4.136325791478157043e-02
1.502157561480998993e-02
1.072062761522829533e-03
7.490029186010360718e-02
8.543257415294647217e-02
-1.530498173087835312e-02
5.587507039308547974e-02
-1.053425967693328857e-01
-2.691424824297428131e-02
-4.608338326215744019e-02
-3.064972348511219025e-02
6.718789041042327881e-02
-1.141055766493082047e-02
5.227812565863132477e-03
1.072505768388509750e-02
-1.008432824164628983e-02
-6.730455160140991211e-02
2.321970835328102112e-02
9.206109680235385895e-03
1.264546066522598267e-02
3.061334416270256042e-02
2.674580924212932587e-02
-6.736049801111221313e-02
7.827347517013549805e-02
-6.806194782257080078e-02
2.989906258881092072e-02
2.591420337557792664e-02
-1.118935495615005493e-01
-4.684111103415489197e-02
-5.936428904533386230e-02
3.585527464747428894e-02
1.174898818135261536e-01
-1.986587047576904297e-02
-1.002393476665019989e-02
3.113993071019649506e-02
4.970902577042579651e-03
-1.310783326625823975e-01
1.857449673116207123e-02
-8.998742699623107910e-02
-1.132035255432128906e-02
-7.337183505296707153e-02
1.454963162541389465e-02
-4.044418528792448342e-05
-1.419932488352060318e-02
-9.440830349922180176e-02
4.846771247684955597e-03
-2.619298547506332397e-02
1.641986332833766937e-02
-5.786050483584403992e-02
-5.500451102852821350e-02
5.067653208971023560e-02
-1.145866792649030685e-02
4.628066346049308777e-02
-8.982633240520954132e-03
-4.404920339584350586e-02
2.458594925701618195e-02
5.868228618055582047e-03
-1.036586333066225052e-02
-1.264629662036895752e-01
-2.085874602198600769e-02
-8.997375145554542542e-03
-8.544306457042694092e-02
-6.867888849228620529e-03
5.309619754552841187e-02
5.884625390172004700e-02
-3.495427593588829041e-02
4.636873677372932434e-02
-4.655483737587928772e-02
2.018561214208602905e-02
8.105494081974029541e-02
-8.139034360647201538e-02
-1.029151231050491333e-01
-7.599355280399322510e-02
2.017498016357421875e-03
1.020429469645023346e-02
-1.896031573414802551e-02
5.488182231783866882e-02
2.538824221119284630e-03
4.484147299081087112e-03
-3.121358528733253479e-02
1.098569855093955994e-01
-7.026520371437072754e-02
-5.228544399142265320e-02
-6.673473864793777466e-02
-4.650211334228515625e-02
-3.524272888898849487e-02
2.650176547467708588e-02
6.192319095134735107e-02
4.596804454922676086e-02
1.838056556880474091e-02
-3.052288107573986053e-02
2.220630832016468048e-02
4.802662506699562073e-02
-3.216264769434928894e-02
7.482879608869552612e-02
-3.994582593441009521e-02
5.641269311308860779e-02
-1.294570267200469971e-01
-1.351511850953102112e-02
5.174328014254570007e-02
1.214185729622840881e-02
1.015185639262199402e-01
-5.742120370268821716e-02
6.469442695379257202e-02
1.818765513598918915e-02
7.243619300425052643e-03
-8.120121434330940247e-03
-9.718404151499271393e-03
-4.303910210728645325e-02
3.563952445983886719e-02
-3.141377121210098267e-02
7.024855003692209721e-04
2.479223534464836121e-03
-6.130131706595420837e-02
3.093312308192253113e-02
-7.186730206012725830e-02
6.433613598346710205e-02
3.091397136449813843e-02
-7.484514266252517700e-03
-2.627415023744106293e-02
3.584658727049827576e-02
-9.555643424391746521e-03
-7.716404739767313004e-03
-4.907307447865605354e-04
-4.063820093870162964e-02
3.222684934735298157e-02
6.821978092193603516e-02
-3.071640850976109505e-03
-4.326875507831573486e-02
3.394742310047149658e-02
-2.324496954679489136e-02
-2.675534226000308990e-02
3.642562031745910645e-02
-4.848185554146766663e-02
6.745381746441125870e-03
-3.299386799335479736e-02
6.620141118764877319e-02
-8.579110354185104370e-02
8.925716578960418701e-02
4.187567532062530518e-02
7.608831673860549927e-02
6.327316910028457642e-02
1.188142746686935425e-01
2.549064904451370239e-02
-1.754076033830642700e-02
3.068153513595461845e-03
3.064374066889286041e-02
-1.470141112804412842e-01
2.039204537868499756e-02
-3.261022642254829407e-02
4.242640361189842224e-02
-3.329706937074661255e-02
-8.328706957399845123e-03
-3.571351245045661926e-02
-1.420442387461662292e-02
-3.555943444371223450e-02
7.663906365633010864e-02
-3.234088048338890076e-02
3.946347534656524658e-02
-9.335387498140335083e-03
8.208123594522476196e-02
1.046278029680252075e-01
-8.264217525720596313e-03
2.525697275996208191e-02
4.322820156812667847e-02
-4.994981735944747925e-02
-6.891133636236190796e-02
-5.662992224097251892e-02
-7.079485803842544556e-02
-1.357068866491317749e-01
7.727449387311935425e-02
4.793628677725791931e-02
2.902466431260108948e-02
3.628073958680033684e-03
-2.685672342777252197e-01
1.188472732901573181e-01
-1.809751838445663452e-01
-7.931738346815109253e-02
3.151848167181015015e-02
7.683970779180526733e-02
-2.130441963672637939e-01
-4.788509383797645569e-02
-3.235919028520584106e-02
2.984269149601459503e-02
1.177367195487022400e-02
7.934188842773437500e-02
9.369026869535446167e-02
-1.416580528020858765e-01
-7.398960739374160767e-02
9.805464185774326324e-03
-1.445636991411447525e-02
5.760782957077026367e-02
-2.196053229272365570e-02
4.536635428667068481e-02
