-1.018747985363006592e-01
-4.280411079525947571e-02
5.018359795212745667e-02
-3.732500970363616943e-02
-5.716219544410705566e-03
7.943945378065109253e-02
5.623036623001098633e-02
-1.106988787651062012e-01
1.251944601535797119e-01
5.644846707582473755e-02
-9.281321614980697632e-02
-6.398154050111770630e-02
1.043096110224723816e-01
-2.654005074873566628e-03
1.739742979407310486e-02
2.862090710550546646e-03
2.378565818071365356e-02
-7.439424842596054077e-02
2.604275383055210114e-02
3.181259334087371826e-02
7.163535803556442261e-02
-1.621636189520359039e-02
-1.503268722444772720e-02
-1.098322495818138123e-02
3.925071656703948975e-02
3.692248719744384289e-04
-8.894143393263220787e-04
-3.162924572825431824e-02
-1.173314005136489868e-01
-7.656862959265708923e-03
-5.003824084997177124e-02
-8.018118888139724731e-02
5.764520727097988129e-03
1.151205897331237793e-01
-2.021920867264270782e-02
-4.978404194116592407e-02
-8.352784812450408936e-02
-3.682429669424891472e-03
-2.191156148910522461e-02
3.318025916814804077e-02
-1.007225643843412399e-02
-1.366256736218929291e-02
6.350619252771139145e-03
-8.041885495185852051e-02
1.257332712411880493e-01
1.139066964387893677e-01
6.265684217214584351e-02
-4.152604378759860992e-03
-6.085535883903503418e-02
-6.191779673099517822e-02
-5.721879750490188599e-02
1.257264912128448486e-01
-2.667267248034477234e-02
6.676156073808670044e-02
8.441705256700515747e-02
-1.727741770446300507e-02
-4.495465010404586792e-02
1.322040241211652756e-02
4.496592655777931213e-02
4.083727544639259577e-04
5.677471309900283813e-02
-2.640038356184959412e-02
1.161719933152198792e-01
-1.457194834947586060e-01
-1.983870752155780792e-03
1.399240270256996155e-02
-5.950851738452911377e-02
7.158400863409042358e-02
-5.767842754721641541e-02
-4.365812987089157104e-02
3.467180952429771423e-02
-2.102574147284030914e-02
-1.711335778236389160e-02
6.954780220985412598e-02
1.613207347691059113e-02
3.258360177278518677e-02
2.022795937955379486e-02
5.397516861557960510e-02
-7.680605351924896240e-02
6.830393522977828979e-02
-6.494749337434768677e-02
2.538799680769443512e-02
1.652383618056774139e-02
-1.128835454583168030e-01
-6.491846591234207153e-02
1.808979199267923832e-03
3.669041022658348083e-02
8.461852371692657471e-02
1.098580285906791687e-02
-5.611143261194229126e-02
1.093971449881792068e-02
1.313644740730524063e-02
-8.356367051601409912e-02
7.390430569648742676e-02
-9.646017104387283325e-02
7.308916654437780380e-03
-9.024178981781005859e-02
3.753515705466270447e-02
-1.019654981791973114e-02
-1.767188124358654022e-02
-7.126235216856002808e-02
-1.452718768268823624e-02
-8.022849448025226593e-03
9.839911013841629028e-03
-3.969071060419082642e-02
-2.894377149641513824e-02
8.972443640232086182e-02
9.566161781549453735e-03
4.956940934062004089e-02
-1.151233352720737457e-02
-8.933243155479431152e-02
2.461265772581100464e-02
-2.683163620531558990e-02
-5.550450086593627930e-02
-9.316542744636535645e-02
-2.683253958821296692e-02
3.667492419481277466e-02
-4.254945740103721619e-02
-1.250929082743823528e-03
8.541589975357055664e-02
4.328046366572380066e-02
-4.778087511658668518e-02
-2.221098256995901465e-04
2.085343003273010254e-02
1.782504282891750336e-02
5.989082157611846924e-02
-5.612985789775848389e-02
-9.034118801355361938e-02
-5.343194305896759033e-02
-2.148723416030406952e-02
2.936120703816413879e-02
-9.036725014448165894e-02
4.430476948618888855e-02
3.520843759179115295e-02
1.148058008402585983e-02
-3.725625947117805481e-02
7.802608609199523926e-02
-4.585159942507743835e-02
-1.951634138822555542e-02
-1.184481941163539886e-02
-3.309292718768119812e-02
-6.005638092756271362e-02
5.690177530050277710e-02
5.962491780519485474e-02
6.662276387214660645e-02
2.240844443440437317e-02
-3.079532273113727570e-02
5.455525964498519897e-02
5.377461388707160950e-02
-6.497871130704879761e-02
4.230349883437156677e-02
-2.559685613960027695e-03
2.345214452361688018e-04
-9.916955977678298950e-02
2.961488813161849976e-02
6.275097280740737915e-02
1.563240773975849152e-02
9.756892174482345581e-02
-4.724396765232086182e-02
9.760950505733489990e-02
1.744655333459377289e-02
-1.108280103653669357e-02
2.136751078069210052e-02
-2.123067155480384827e-03
-5.567700415849685669e-02
1.607636734843254089e-02
-4.164387285709381104e-02
-1.072782464325428009e-02
2.294741757214069366e-02
-6.803491711616516113e-02
3.163561224937438965e-02
-4.052761197090148926e-02
5.207633227109909058e-02
4.442783072590827942e-02
-5.116058513522148132e-02
-3.017051704227924347e-02
-2.460422925651073456e-02
-3.291988000273704529e-02
4.178089089691638947e-03
2.351531386375427246e-02
-3.142164275050163269e-02
-9.248701855540275574e-03
1.297194231301546097e-02
-3.174782171845436096e-02
-5.396801233291625977e-02
1.040041912347078323e-02
-6.281187385320663452e-02
-5.153384408913552761e-04
5.819372087717056274e-02
-5.800912156701087952e-02
-3.261931985616683960e-02
-5.312604084610939026e-02
6.703978031873703003e-02
-1.193828806281089783e-01
1.188984662294387817e-01
6.412535905838012695e-02
1.952941566705703735e-01
4.510202258825302124e-02
9.095677733421325684e-02
-5.060111358761787415e-02
-3.018299862742424011e-02
-3.207257762551307678e-02
3.786163404583930969e-02
-1.606817990541458130e-01
5.199240054935216904e-03
-4.984682053327560425e-02
6.702597439289093018e-02
3.656465793028473854e-03
-1.023055799305438995e-02
-1.699895784258842468e-02
-1.668960042297840118e-02
-3.553416579961776733e-02
6.957888603210449219e-02
-1.113755330443382263e-01
1.185317151248455048e-02
-1.496140006929636002e-02
5.704301968216896057e-02
6.434459984302520752e-02
3.955208696424961090e-03
9.130104631185531616e-02
1.157375723123550415e-01
-2.375863119959831238e-02
-1.027810946106910706e-01
-5.012602359056472778e-02
-7.752008736133575439e-02
-1.435137093067169189e-01
5.032864212989807129e-02
1.269893813878297806e-02
7.421897724270820618e-03
2.794648334383964539e-02
-1.932937949895858765e-01
1.015462502837181091e-01
-1.704198718070983887e-01
-2.711431682109832764e-02
6.012109667062759399e-02
7.202917337417602539e-02
-1.725043654441833496e-01
-5.848383903503417969e-02
-2.577141299843788147e-02
5.740566551685333252e-02
-1.281204354017972946e-02
1.050606295466423035e-01
1.622886806726455688e-01
-1.152030602097511292e-01
-8.318633586168289185e-02
4.435621201992034912e-03
-4.162376001477241516e-02
1.061317995190620422e-01
-4.835249856114387512e-02
1.136551201343536377e-01
