-8.859369158744812012e-02
-3.040122240781784058e-02
5.691892653703689575e-02
-4.660379514098167419e-02
4.104397445917129517e-02
8.828189969062805176e-02
4.397272318601608276e-02
-1.013530790805816650e-01
1.174653396010398865e-01
3.575406223535537720e-02
-9.928742051124572754e-02
-4.264186695218086243e-02
6.036673858761787415e-02
-2.454057708382606506e-02
5.659987777471542358e-02
9.885720908641815186e-03
3.437184542417526245e-02
-7.712297141551971436e-02
2.070169709622859955e-02
4.902663454413414001e-02
2.896751835942268372e-02
5.280099343508481979e-03
-3.146413713693618774e-02
5.434038583189249039e-03
1.044965256005525589e-02
4.347772337496280670e-03
2.059031091630458832e-02
8.423645980656147003e-03
-1.104313358664512634e-01
1.006587222218513489e-02
-2.627894841134548187e-02
-8.367988467216491699e-02
1.183981075882911682e-02
7.708549499511718750e-02
-3.805169835686683655e-02
-3.910126537084579468e-02
-5.197335034608840942e-02
3.621694073081016541e-02
-2.447902411222457886e-02
1.107112783938646317e-02
-3.934178128838539124e-02
-2.009771205484867096e-02
-1.472823601216077805e-02
-6.395061314105987549e-02
8.060809224843978882e-02
1.264818161725997925e-01
8.075176179409027100e-02
-1.874421909451484680e-02
-5.028573051095008850e-02
-3.610705956816673279e-02
-4.966722056269645691e-02
1.221052333712577820e-01
-2.539774030447006226e-02
8.412437885999679565e-02
7.352568209171295166e-02
-2.377641946077346802e-02
-2.034199796617031097e-02
5.645728483796119690e-02
3.241336345672607422e-02
3.425040049478411674e-03
3.917730972170829773e-02
-6.093675270676612854e-02
1.107665076851844788e-01
-1.740668565034866333e-01
-1.076613925397396088e-02
7.565663661807775497e-03
-3.134248405694961548e-02
9.670196473598480225e-02
-5.447664111852645874e-02
-6.613519787788391113e-02
4.494670405983924866e-02
-2.889547683298587799e-02
-2.299059648066759109e-03
5.933654308319091797e-02
6.782197393476963043e-03
2.362109720706939697e-02
2.547575905919075012e-02
6.722252070903778076e-02
-6.895131617784500122e-02
7.137764245271682739e-02
-8.509446680545806885e-02
4.829362779855728149e-02
4.212155938148498535e-02
-1.015607044100761414e-01
-9.552057832479476929e-02
1.210220064967870712e-02
4.699358716607093811e-03
6.714244931936264038e-02
3.533180803060531616e-02
-8.152261376380920410e-02
3.174303099513053894e-02
8.400443010032176971e-03
-4.709865897893905640e-02
8.396489918231964111e-02
-1.051701605319976807e-01
4.710460081696510315e-03
-8.929986506700515747e-02
3.042511455714702606e-02
9.579760022461414337e-03
-5.871116183698177338e-03
-9.047392010688781738e-02
-2.608404308557510376e-02
-2.195403724908828735e-02
3.414370119571685791e-02
-2.771999128162860870e-02
-4.233754705637693405e-03
8.128748834133148193e-02
-7.912718690931797028e-03
3.167333453893661499e-02
-8.953510783612728119e-03
-1.167554110288619995e-01
5.500236526131629944e-03
-2.991779148578643799e-02
-6.900154799222946167e-02
-8.858619630336761475e-02
-3.567392006516456604e-02
5.361366271972656250e-02
-2.713851071894168854e-02
-8.195775561034679413e-03
6.649014353752136230e-02
5.455621704459190369e-02
-6.702747195959091187e-02
-1.124995015561580658e-02
2.513818629086017609e-02
9.181840345263481140e-03
7.521297782659530640e-02
-4.577217996120452881e-02
-9.638159722089767456e-02
-9.101997129619121552e-03
-4.108661040663719177e-02
2.555880695581436157e-02
-1.168977394700050354e-01
7.020279020071029663e-02
3.277490288019180298e-02
2.965914085507392883e-02
-2.691941708326339722e-02
9.186740219593048096e-02
-2.133479714393615723e-02
5.366164259612560272e-03
1.028184872120618820e-02
-1.476145349442958832e-02
-7.053659856319427490e-02
6.975913792848587036e-02
7.437962293624877930e-02
5.892790481448173523e-02
1.535991765558719635e-02
-6.305800750851631165e-03
1.209546700119972229e-01
1.751590333878993988e-02
-2.447722107172012329e-02
7.053300272673368454e-03
-8.004660485312342644e-04
-8.615916594862937927e-03
-9.108377993106842041e-02
1.172148622572422028e-02
1.204958036541938782e-01
4.698948562145233154e-02
7.563500106334686279e-02
-6.534464657306671143e-02
1.103632524609565735e-01
5.860114470124244690e-02
-3.679358586668968201e-02
3.414025763049721718e-03
-1.718021742999553680e-02
-4.320533201098442078e-02
1.368178520351648331e-02
-4.586303606629371643e-02
-1.697060652077198029e-02
2.585407346487045288e-02
-3.553684800863265991e-02
5.958416685461997986e-02
-1.609169505536556244e-02
2.334816008806228638e-02
4.319757595658302307e-02
-6.374997645616531372e-02
-4.038475919514894485e-03
-3.630735352635383606e-02
-2.428985433652997017e-03
5.061173345893621445e-03
5.580009147524833679e-02
1.230865065008401871e-02
-2.300170995295047760e-02
-1.603149692527949810e-03
-5.002263560891151428e-02
-3.112435340881347656e-02
-5.736872088164091110e-03
-4.638581350445747375e-02
-5.163991358131170273e-03
6.250999122858047485e-02
-6.710857152938842773e-02
-3.988437354564666748e-02
-4.948963969945907593e-02
5.764840543270111084e-02
-1.226833015680313110e-01
1.183735057711601257e-01
8.213479816913604736e-02
1.827988475561141968e-01
6.390471756458282471e-02
7.521945238113403320e-02
-4.076676443219184875e-02
-1.561849471181631088e-02
-5.502300709486007690e-02
3.387365862727165222e-02
-1.474599242210388184e-01
-4.211566410958766937e-03
-1.131813302636146545e-01
6.366018205881118774e-02
2.122439444065093994e-02
1.447972375899553299e-02
-1.236474234610795975e-02
-6.229533348232507706e-03
-3.285254538059234619e-02
6.268003582954406738e-02
-8.100084215402603149e-02
-2.412363421171903610e-03
-1.098911464214324951e-02
2.288012765347957611e-02
2.589438855648040771e-02
-2.905930578708648682e-02
9.418465197086334229e-02
1.154159307479858398e-01
1.515588164329528809e-02
-1.101089939475059509e-01
-2.115418761968612671e-02
-7.361572980880737305e-02
-1.347754746675491333e-01
3.427775576710700989e-02
-3.355050925165414810e-03
-3.078153822571039200e-04
4.118460789322853088e-02
-2.061732709407806396e-01
6.797258555889129639e-02
-1.739173382520675659e-01
-4.632016271352767944e-02
4.846400395035743713e-02
5.102749168872833252e-02
-1.636631637811660767e-01
-5.129133909940719604e-02
-1.260969694703817368e-02
5.358595773577690125e-02
-4.077383782714605331e-03
8.769193291664123535e-02
1.606547236442565918e-01
-1.452715843915939331e-01
-5.905694887042045593e-02
-2.818145789206027985e-02
-2.109163627028465271e-02
1.104127541184425354e-01
-5.030348524451255798e-02
1.087236255407333374e-01
