-8.523156493902206421e-02
-4.990530014038085938e-02
6.093587726354598999e-02
-4.213787242770195007e-02
-1.208724267780780792e-02
1.071125492453575134e-01
7.021240144968032837e-02
-6.621544063091278076e-02
1.234224066138267517e-01
3.172794356942176819e-02
-5.673659220337867737e-02
-1.600481383502483368e-02
1.064953133463859558e-01
1.332688843831419945e-03
2.255025878548622131e-02
-1.837341487407684326e-02
2.685199491679668427e-02
-8.510745316743850708e-02
1.775032281875610352e-02
3.911348059773445129e-02
5.501858890056610107e-02
1.664145104587078094e-02
-1.089871861040592194e-02
-2.915900945663452148e-02
3.626310080289840698e-02
-7.555149029940366745e-03
2.874025516211986542e-02
-8.943893015384674072e-02
-1.706866323947906494e-01
-9.328685700893402100e-02
-5.801006406545639038e-02
-1.008239462971687317e-01
1.669252105057239532e-02
1.442835777997970581e-01
1.664465479552745819e-02
-7.444483786821365356e-02
-6.455224007368087769e-02
-2.791532129049301147e-02
-2.499961480498313904e-02
2.859512716531753540e-02
-7.449089549481868744e-03
-1.844265311956405640e-02
-2.779624657705426216e-03
-4.677657410502433777e-02
1.373095661401748657e-01
1.375515758991241455e-01
4.847065359354019165e-02
-3.840387612581253052e-02
-7.739797234535217285e-02
-2.732665278017520905e-02
-1.069842092692852020e-02
1.056263819336891174e-01
7.996725849807262421e-03
3.464733809232711792e-02
9.651158750057220459e-02
1.556446775794029236e-02
-6.612475961446762085e-02
-3.194743767380714417e-02
6.058067828416824341e-02
-1.202477887272834778e-02
3.457820788025856018e-02
1.603627391159534454e-02
1.051351875066757202e-01
-1.419959366321563721e-01
-2.824102714657783508e-02
1.027626637369394302e-02
-2.205768041312694550e-02
3.841391205787658691e-02
-7.956692576408386230e-02
-1.433784421533346176e-02
-8.404597640037536621e-03
-6.717000156641006470e-02
-3.565011173486709595e-02
6.429693847894668579e-02
2.867821231484413147e-02
-5.366953555494546890e-03
-5.513850599527359009e-03
4.564281925559043884e-02
-9.791803359985351562e-02
1.303144730627536774e-02
-3.286857530474662781e-02
4.712907224893569946e-02
1.559816394001245499e-02
-1.174689307808876038e-01
-5.085362866520881653e-02
4.417231306433677673e-02
2.309471927583217621e-02
5.539046972990036011e-02
-2.764800935983657837e-02
-6.042787060141563416e-02
2.663447521626949310e-03
2.346603287151083350e-05
-4.323201999068260193e-02
7.611738145351409912e-02
-1.300321072340011597e-01
4.207494482398033142e-02
-1.053894385695457458e-01
1.907626166939735413e-02
-4.411099478602409363e-03
3.230811655521392822e-02
-6.388234347105026245e-02
-3.113144077360630035e-02
1.545020658522844315e-02
4.998500272631645203e-02
-1.740433834493160248e-02
2.881609275937080383e-02
7.695981115102767944e-02
1.422953326255083084e-02
4.586719721555709839e-02
1.003386732190847397e-02
-9.991294145584106445e-02
2.453821338713169098e-02
-5.159253627061843872e-02
-7.334239780902862549e-02
-1.110330373048782349e-01
2.283385582268238068e-02
5.578811839222908020e-02
-1.024355366826057434e-01
2.112855948507785797e-02
6.951430439949035645e-02
5.762166529893875122e-02
-6.626645475625991821e-02
3.586742654442787170e-02
-3.867059573531150818e-02
4.303424432873725891e-02
6.427107006311416626e-02
-4.890067875385284424e-02
-4.802565276622772217e-02
-5.467689037322998047e-02
-6.831782311201095581e-02
9.371162205934524536e-02
-1.497368067502975464e-01
6.557727605104446411e-02
3.570039942860603333e-02
-2.129835821688175201e-02
-2.797943539917469025e-02
1.395804733037948608e-01
-1.053680330514907837e-01
-4.229986295104026794e-02
-4.278085753321647644e-02
-4.111545160412788391e-02
-5.455696582794189453e-02
3.619927167892456055e-02
8.796854317188262939e-02
2.603684552013874054e-02
3.865028172731399536e-02
-1.938210614025592804e-02
4.360039904713630676e-02
5.323263630270957947e-02
-7.964760810136795044e-02
7.409805059432983398e-02
2.267501404276117682e-04
-7.724405266344547272e-03
-6.892041862010955811e-02
1.871036179363727570e-02
2.896165847778320312e-02
3.333539143204689026e-02
1.561207175254821777e-01
-5.578189343214035034e-02
9.098234772682189941e-02
2.792068012058734894e-02
2.555428817868232727e-02
-4.183698445558547974e-03
1.352597307413816452e-02
-6.175212934613227844e-02
9.929769672453403473e-03
-2.719316259026527405e-02
-4.829523339867591858e-02
1.570185460150241852e-02
-5.559846386313438416e-02
4.301722347736358643e-02
2.022530883550643921e-02
7.770750671625137329e-02
2.587066590785980225e-02
-6.442265212535858154e-02
-2.548318589106202126e-03
-2.332716435194015503e-02
-3.254781663417816162e-02
2.782486565411090851e-02
-4.488323815166950226e-03
-5.588538944721221924e-02
-7.756831124424934387e-03
-2.506073564291000366e-03
1.390067860484123230e-03
-3.979923948645591736e-02
2.811438869684934616e-03
-4.186059162020683289e-02
-1.601044461131095886e-02
7.724998891353607178e-02
-6.980168819427490234e-02
-1.047846898436546326e-01
-3.206805139780044556e-02
7.916764169931411743e-02
-8.447448909282684326e-02
6.462703645229339600e-02
7.777997106313705444e-02
1.675321459770202637e-01
4.424563609063625336e-03
9.455721825361251831e-02
-7.241298258304595947e-02
-2.900427207350730896e-02
-6.721026450395584106e-02
2.458861283957958221e-02
-1.146438196301460266e-01
-2.571338554844260216e-03
-1.644956693053245544e-02
6.388788670301437378e-02
1.188019942492246628e-02
-3.465542569756507874e-02
-1.742796599864959717e-02
-4.989176243543624878e-02
-5.646522343158721924e-02
7.149588316679000854e-02
-1.151848509907722473e-01
-8.602214045822620392e-03
-8.116092532873153687e-03
2.348915487527847290e-02
8.225881308317184448e-02
7.219491526484489441e-03
6.692820787429809570e-02
1.040453389286994934e-01
2.607898600399494171e-02
-4.097470268607139587e-02
-2.567442692816257477e-02
-4.265384748578071594e-02
-4.955251142382621765e-02
3.552750498056411743e-02
7.267066743224859238e-03
2.926662936806678772e-02
1.580391451716423035e-02
-1.199572905898094177e-01
9.328562766313552856e-02
-1.536594927310943604e-01
-2.858960814774036407e-02
7.207250595092773438e-02
8.668022602796554565e-02
-1.413066089153289795e-01
-4.809643328189849854e-02
-7.576467096805572510e-02
3.545246645808219910e-02
-1.203494798392057419e-02
1.587346792221069336e-01
1.137681677937507629e-01
-5.196122825145721436e-02
-2.739419415593147278e-02
-1.982979301828891039e-04
-4.525289684534072876e-02
1.095306575298309326e-01
3.683733986690640450e-03
1.131309792399406433e-01
