-1.076307594776153564e-01
-7.663123309612274170e-02
1.030921265482902527e-01
-7.339081913232803345e-02
-3.396751731634140015e-02
6.153398752212524414e-02
-3.874235227704048157e-02
-1.262508928775787354e-01
5.824342742562294006e-02
3.061180189251899719e-02
-1.413442641496658325e-01
-3.706489130854606628e-02
1.397393792867660522e-01
-1.342026982456445694e-02
1.713776402175426483e-02
9.927644580602645874e-02
2.541494742035865784e-02
-9.695201367139816284e-02
4.715083166956901550e-02
2.450815588235855103e-02
8.932393789291381836e-02
-4.345684498548507690e-02
2.087035775184631348e-02
-4.210786521434783936e-02
5.555668845772743225e-02
-1.218387763947248459e-02
4.228123649954795837e-02
-7.118897140026092529e-02
-1.525401622056961060e-01
-1.580133847892284393e-02
-4.523736611008644104e-02
-7.684262096881866455e-02
-6.690689362585544586e-03
1.078614592552185059e-01
-3.017334674950689077e-04
-2.881155349314212799e-02
-1.177854612469673157e-01
-1.231945026665925980e-02
3.324213251471519470e-02
3.084685653448104858e-02
-5.401036143302917480e-02
-4.442955926060676575e-02
5.996195599436759949e-02
-7.286221534013748169e-02
1.099368333816528320e-01
4.482496157288551331e-02
2.382218837738037109e-02
5.207529291510581970e-03
-8.453731983900070190e-02
-1.004595756530761719e-01
-5.644984543323516846e-02
1.151358187198638916e-01
-4.468640312552452087e-02
1.371382828801870346e-02
5.467573180794715881e-02
-2.074061147868633270e-02
-5.276315659284591675e-02
3.536025062203407288e-02
5.864806473255157471e-02
4.019933566451072693e-02
4.979331791400909424e-02
-2.645843662321567535e-02
6.669029593467712402e-02
-1.141356974840164185e-01
4.753936082124710083e-03
-2.265269495546817780e-02
-6.640261411666870117e-02
5.882078036665916443e-02
-1.369540230371057987e-03
-6.642576307058334351e-02
4.694884270429611206e-02
-3.424724331125617027e-03
-5.699819419533014297e-03
7.513534277677536011e-02
1.520407199859619141e-02
1.045334618538618088e-02
2.088922820985317230e-02
5.260699242353439331e-02
-7.578373700380325317e-02
8.730425685644149780e-02
-7.096356898546218872e-02
1.120222266763448715e-02
2.489446103572845459e-02
-1.338705271482467651e-01
-9.698583930730819702e-02
8.101338520646095276e-03
7.314047962427139282e-02
1.514231860637664795e-01
-3.098816378042101860e-04
-7.520695682615041733e-03
2.653186209499835968e-02
-1.029831729829311371e-02
-1.290623098611831665e-01
4.598869755864143372e-02
-1.131667271256446838e-01
-2.112117037177085876e-02
-7.877665758132934570e-02
6.670610606670379639e-02
2.978448197245597839e-02
-1.270874496549367905e-02
-1.106663048267364502e-01
-1.325000450015068054e-02
-5.959814786911010742e-02
2.101873792707920074e-02
-5.825136229395866394e-02
-4.864762723445892334e-02
7.696107029914855957e-02
-3.349797101691365242e-03
1.561105810105800629e-02
-2.999586611986160278e-02
-2.234126254916191101e-02
1.336914394050836563e-02
9.907609783113002777e-03
1.998060196638107300e-02
-1.058060377836227417e-01
-1.857410930097103119e-02
2.444690279662609100e-02
-5.450243130326271057e-02
7.641592528671026230e-03
1.025010347366333008e-01
6.662485748529434204e-02
-2.006495930254459381e-02
-3.185435384511947632e-02
1.610290259122848511e-02
-9.716453962028026581e-03
9.969164431095123291e-02
-7.150883972644805908e-02
-8.994021266698837280e-02
-4.862249270081520081e-02
-8.756364695727825165e-03
-1.979712583124637604e-02
6.037801504135131836e-04
4.517947882413864136e-02
4.425834864377975464e-03
5.715651903301477432e-03
-6.357925385236740112e-02
7.782895863056182861e-02
5.662771873176097870e-04
-5.288939177989959717e-02
-3.755395859479904175e-02
2.006776444613933563e-02
-5.836349725723266602e-02
4.057950899004936218e-02
8.256264775991439819e-02
7.349338382482528687e-02
1.848419383168220520e-02
-6.170430034399032593e-02
9.269832633435726166e-03
8.776555955410003662e-02
-6.859672069549560547e-02
2.667344175279140472e-02
7.734391838312149048e-04
4.651246964931488037e-02
-8.114846050739288330e-02
-1.104312017560005188e-02
6.417903304100036621e-02
-1.266951020807027817e-02
8.645618706941604614e-02
-7.075724750757217407e-02
7.091781497001647949e-02
1.876462996006011963e-02
-6.755344220437109470e-04
3.966061025857925415e-02
5.546602886170148849e-03
-3.979922831058502197e-02
4.758983105421066284e-02
-5.684709548950195312e-02
-1.395674189552664757e-03
3.482421860098838806e-03
-8.308771252632141113e-02
2.598827518522739410e-02
-1.296791434288024902e-01
9.043871611356735229e-02
2.468701265752315521e-02
-3.733692318201065063e-02
-6.665440648794174194e-02
-1.879969239234924316e-02
-3.501301631331443787e-02
-1.285587903112173080e-02
3.359486162662506104e-02
-6.210260838270187378e-02
3.948887065052986145e-02
1.190776824951171875e-01
3.243464976549148560e-02
-6.416989117860794067e-02
4.873356223106384277e-02
-2.347606979310512543e-02
2.956149727106094360e-02
6.319774687290191650e-02
-6.129214167594909668e-02
2.520810067653656006e-02
-1.855750568211078644e-02
4.419460147619247437e-02
-7.092142850160598755e-02
1.129763796925544739e-01
3.462578728795051575e-02
9.647158533334732056e-02
6.340982764959335327e-02
5.298923328518867493e-02
2.312145940959453583e-02
-2.502845600247383118e-02
2.120307087898254395e-02
1.717344671487808228e-02
-1.292972415685653687e-01
-1.130937784910202026e-02
-2.555991522967815399e-03
5.172825977206230164e-02
-9.036030969582498074e-04
1.551481336355209351e-02
-3.415236249566078186e-02
4.916334990411996841e-03
-3.634626418352127075e-02
6.319202482700347900e-02
-4.656227678060531616e-02
4.485899582505226135e-02
-2.223332785069942474e-02
7.472836971282958984e-02
5.447378009557723999e-02
6.364674773067235947e-03
2.728300727903842926e-02
4.400733485817909241e-02
-2.531160786747932434e-02
-6.224029138684272766e-02
-8.443933725357055664e-02
-8.832965791225433350e-02
-1.582380980253219604e-01
5.943905934691429138e-02
6.644591689109802246e-02
2.206508629024028778e-02
-2.638152241706848145e-02
-2.198218405246734619e-01
6.554514169692993164e-02
-1.248908564448356628e-01
-6.532606482505798340e-02
-5.856071598827838898e-03
2.832704782485961914e-02
-1.427991390228271484e-01
-4.530356451869010925e-02
8.467747829854488373e-03
4.299579560756683350e-02
-1.482667215168476105e-02
1.696299202740192413e-02
1.356543600559234619e-01
-1.311241686344146729e-01
-1.018533483147621155e-01
-3.388110315427184105e-03
1.163750234991312027e-02
2.158501744270324707e-02
-3.130287677049636841e-02
1.145894452929496765e-01
