-1.334844231605529785e-01
-8.182784914970397949e-02
7.060533761978149414e-02
-8.484184741973876953e-02
5.091106053441762924e-03
1.059060096740722656e-01
2.242724783718585968e-02
-1.464152932167053223e-01
1.254266351461410522e-01
2.149245887994766235e-02
-1.453759223222732544e-01
-7.338834553956985474e-02
1.386896520853042603e-01
-6.281731277704238892e-02
5.160935223102569580e-02
3.931304067373275757e-02
5.051942914724349976e-02
-9.467838704586029053e-02
4.663870111107826233e-02
2.052236907184123993e-02
5.946952849626541138e-02
-2.663522399961948395e-02
4.464583937078714371e-03
-2.075804211199283600e-02
4.165787994861602783e-02
7.096994668245315552e-03
-7.312720175832509995e-03
-2.283827774226665497e-02
-1.139721199870109558e-01
2.869795309379696846e-03
-4.672239720821380615e-02
-8.613945543766021729e-02
-4.130084440112113953e-02
1.082108095288276672e-01
-6.996975280344486237e-04
-1.362898293882608414e-02
-9.598419070243835449e-02
3.315740497782826424e-03
-5.212345626205205917e-03
5.343339219689369202e-02
-5.227845162153244019e-02
-9.622575715184211731e-03
4.388668760657310486e-02
-7.512081414461135864e-02
1.090680286288261414e-01
7.283972203731536865e-02
6.379710882902145386e-02
-2.006730437278747559e-02
-4.491881653666496277e-02
-7.913752645254135132e-02
-5.754803121089935303e-02
8.699271082878112793e-02
-1.288723293691873550e-02
5.250441282987594604e-02
5.168726667761802673e-02
-1.344730053097009659e-02
-6.532490998506546021e-02
2.295031584799289703e-02
3.395080193877220154e-02
2.274988591670989990e-02
5.074629187583923340e-02
-4.847878217697143555e-02
6.709343940019607544e-02
-1.201970502734184265e-01
-1.505790371447801590e-02
-1.238078530877828598e-02
-1.524502877146005630e-02
4.067195951938629150e-02
-6.198021583259105682e-03
-6.068031862378120422e-02
5.976866185665130615e-02
-7.945293560624122620e-03
-4.150182381272315979e-02
4.159000888466835022e-02
7.548501715064048767e-03
3.461092337965965271e-02
2.461179159581661224e-02
4.951996728777885437e-02
-6.835268437862396240e-02
5.861781165003776550e-02
-6.791432946920394897e-02
2.799322828650474548e-02
1.312416233122348785e-02
-1.164981722831726074e-01
-5.928018316626548767e-02
3.882851917296648026e-03
2.123420685529708862e-02
8.346345275640487671e-02
1.487382873892784119e-02
-5.181493237614631653e-02
2.995587699115276337e-02
3.156232088804244995e-02
-6.688793003559112549e-02
4.885735735297203064e-02
-1.129204705357551575e-01
1.185535080730915070e-02
-9.079254418611526489e-02
1.030897535383701324e-02
2.989293821156024933e-02
2.876031212508678436e-03
-8.491888642311096191e-02
-1.949721388518810272e-02
-3.550668060779571533e-02
-2.726695034652948380e-03
-2.125241234898567200e-02
-1.665485836565494537e-02
7.026594877243041992e-02
-1.117719523608684540e-02
4.692878574132919312e-02
4.410950001329183578e-03
-6.138317659497261047e-02
-5.951690021902322769e-03
-5.208621267229318619e-03
-1.439126860350370407e-02
-6.706971675157546997e-02
-5.550618749111890793e-03
8.344879373908042908e-03
-4.014332219958305359e-02
-1.298772171139717102e-02
7.858975231647491455e-02
2.476870454847812653e-02
-3.706791624426841736e-02
-2.482985146343708038e-02
3.161768615245819092e-02
1.612138468772172928e-03
7.267523556947708130e-02
-5.644282326102256775e-02
-6.435704976320266724e-02
-5.420145392417907715e-02
-1.467023976147174835e-02
2.709100954234600067e-02
-7.691083103418350220e-02
3.560543060302734375e-02
-1.809255802072584629e-03
4.561723396182060242e-02
-4.880260676145553589e-02
7.536473870277404785e-02
-3.116494277492165565e-03
-2.824776433408260345e-02
-2.503962256014347076e-02
-1.229490712285041809e-02
-6.471040844917297363e-02
2.408276125788688660e-02
8.400740474462509155e-02
6.509040296077728271e-02
2.653188444674015045e-02
-3.209171071648597717e-02
4.857695475220680237e-02
7.244410365819931030e-02
-8.779294788837432861e-02
3.179866448044776917e-02
7.509753573685884476e-03
4.331246390938758850e-02
-9.841510653495788574e-02
8.899739943444728851e-03
5.079644173383712769e-02
5.116874817758798599e-03
7.744237035512924194e-02
-3.680091351270675659e-02
8.467847108840942383e-02
2.210951223969459534e-02
-1.328675355762243271e-02
1.632620580494403839e-02
-2.631299430504441261e-03
-6.381534039974212646e-02
3.760801255702972412e-02
-5.810615420341491699e-02
2.843857929110527039e-02
1.599146611988544464e-02
-7.463477551937103271e-02
1.595715805888175964e-02
-6.023022159934043884e-02
5.794541537761688232e-02
2.424611710011959076e-02
-2.885776571929454803e-02
-4.326118528842926025e-02
-6.175268907099962234e-03
-6.819400936365127563e-02
-2.088680863380432129e-02
4.586182534694671631e-02
-4.936354607343673706e-02
1.523252297192811966e-02
3.314998373389244080e-02
1.344063226133584976e-02
-5.844457820057868958e-02
-2.449492458254098892e-03
-5.505578964948654175e-02
1.405759621411561966e-02
5.444876477122306824e-02
-7.123226672410964966e-02
-7.333717774599790573e-03
-4.902602732181549072e-02
8.606080710887908936e-02
-1.230743750929832458e-01
1.224163025617599487e-01
4.193155840039253235e-02
1.929841488599777222e-01
4.523402079939842224e-02
1.064319759607315063e-01
1.990608870983123779e-02
-2.617286518216133118e-02
-5.916119739413261414e-02
4.577023908495903015e-02
-1.594438552856445312e-01
-6.663959939032793045e-03
-8.709689229726791382e-02
9.885601699352264404e-02
-2.139988169074058533e-02
4.333618926466442645e-05
-3.581640124320983887e-02
-1.873042434453964233e-02
-3.050544112920761108e-02
8.524001389741897583e-02
-9.738294035196304321e-02
1.849263906478881836e-02
-3.375246748328208923e-02
7.588936388492584229e-02
6.748360395431518555e-02
-4.711806401610374451e-02
7.782596349716186523e-02
7.714148610830307007e-02
-7.846281863749027252e-03
-1.342501044273376465e-01
-5.951231345534324646e-02
-7.907756417989730835e-02
-1.442597210407257080e-01
7.087155431509017944e-02
4.167627915740013123e-02
2.785437740385532379e-03
3.006245754659175873e-02
-2.023593336343765259e-01
8.317265659570693970e-02
-1.562610268592834473e-01
-3.917009010910987854e-02
3.686777874827384949e-02
3.798563405871391296e-02
-1.794182956218719482e-01
-5.287167802453041077e-02
-1.007273700088262558e-02
6.322370469570159912e-02
-2.955570816993713379e-02
4.863500595092773438e-02
1.416583806276321411e-01
-1.392269581556320190e-01
-5.823514237999916077e-02
-1.640022546052932739e-02
-1.605688966810703278e-02
7.541951537132263184e-02
-5.082963407039642334e-02
1.045475304126739502e-01
