-6.796747446060180664e-02
-7.178593426942825317e-02
7.927693426609039307e-02
-4.746456071734428406e-02
8.883907459676265717e-03
3.764882683753967285e-02
-2.235845290124416351e-02
-4.470610991120338440e-02
7.049108296632766724e-02
1.990191265940666199e-02
-7.763888686895370483e-02
-1.779134199023246765e-02
9.408669918775558472e-02
-1.398196909576654434e-02
1.687805168330669403e-02
6.519082933664321899e-02
1.257074763998389244e-03
-9.403067827224731445e-02
6.026369333267211914e-02
9.220794891007244587e-04
8.927411586046218872e-02
-1.331129856407642365e-02
-7.151226047426462173e-03
-4.061919078230857849e-02
4.470054060220718384e-02
-1.617192476987838745e-02
4.172464832663536072e-02
-4.465614259243011475e-02
-1.850919723510742188e-01
-2.582551538944244385e-02
-7.535174489021301270e-02
-8.820141106843948364e-02
1.274335663765668869e-02
1.793354302644729614e-01
-1.361347362399101257e-02
-8.056990057229995728e-02
-1.088541597127914429e-01
-9.540067054331302643e-03
-2.207840606570243835e-02
3.649042546749114990e-02
-7.751130498945713043e-03
-5.560310184955596924e-02
3.774401172995567322e-02
-9.204080700874328613e-02
1.053681001067161560e-01
1.261346340179443359e-01
6.687468290328979492e-02
3.694786457344889641e-03
-8.299058675765991211e-02
-4.981166496872901917e-02
-2.186395227909088135e-02
1.621137112379074097e-01
-9.961784817278385162e-03
5.619267746806144714e-02
1.109238266944885254e-01
-2.914528176188468933e-02
-7.050931453704833984e-02
2.519336715340614319e-02
7.417412102222442627e-02
-1.909097470343112946e-02
2.592130564153194427e-02
-4.628628864884376526e-02
9.570773690938949585e-02
-1.309501975774765015e-01
1.947380602359771729e-02
2.835955284535884857e-02
-6.878117471933364868e-02
4.265244677662849426e-02
-2.583361789584159851e-02
-5.564295873045921326e-02
5.195404961705207825e-02
-4.372648149728775024e-02
2.282816357910633087e-02
1.000944897532463074e-01
3.628021478652954102e-02
1.466698385775089264e-02
1.238978840410709381e-02
4.447694495320320129e-02
-8.431889861822128296e-02
7.118885219097137451e-02
-4.389932006597518921e-02
2.325663901865482330e-02
2.405914850533008575e-02
-1.277408301830291748e-01
-8.607178181409835815e-02
3.377022966742515564e-02
3.397060185670852661e-02
1.148788258433341980e-01
3.588136285543441772e-03
-5.271001905202865601e-02
6.537193898111581802e-03
1.679641939699649811e-02
-8.423987030982971191e-02
7.375224679708480835e-02
-1.037597730755805969e-01
-2.159700356423854828e-02
-1.098865345120429993e-01
6.224148347973823547e-02
1.502496097236871719e-02
-1.708015054464340210e-02
-1.032325401902198792e-01
-2.943550236523151398e-02
-5.146010592579841614e-02
3.914608433842658997e-02
-3.437149897217750549e-02
-2.997274324297904968e-02
8.378060907125473022e-02
2.320555783808231354e-02
1.588219404220581055e-02
-2.032519131898880005e-02
-4.872159659862518311e-02
3.163615241646766663e-02
-3.244237974286079407e-02
-3.159453719854354858e-02
-8.043213933706283569e-02
-2.796470746397972107e-02
5.471768230199813843e-02
-2.257100865244865417e-02
1.468749716877937317e-02
1.105462685227394104e-01
3.706422448158264160e-02
-4.235343262553215027e-02
-6.578939408063888550e-02
3.527338430285453796e-02
8.273927494883537292e-03
9.010449796915054321e-02
-4.385144263505935669e-02
-7.024051994085311890e-02
-2.982692979276180267e-02
-7.666686084121465683e-03
-2.325799502432346344e-02
-5.479436367750167847e-02
2.712044306099414825e-02
2.168278209865093231e-02
1.581169292330741882e-02
-5.663185939192771912e-02
4.643344134092330933e-02
3.552682325243949890e-02
-3.069857880473136902e-02
1.577265374362468719e-02
4.523669928312301636e-02
-8.145711570978164673e-02
6.577592343091964722e-02
8.407083153724670410e-02
7.531084120273590088e-02
1.452270429581403732e-02
-2.952401340007781982e-02
5.705472454428672791e-02
9.936005622148513794e-02
-6.102607026696205139e-02
-1.151335018221288919e-04
2.351588383316993713e-02
3.326817648485302925e-03
-6.614130735397338867e-02
1.830173307098448277e-03
7.419101893901824951e-02
-2.078318782150745392e-02
5.265413597226142883e-02
-5.581688135862350464e-02
1.080722212791442871e-01
4.144383221864700317e-02
-3.324812278151512146e-03
3.682641312479972839e-02
2.922018989920616150e-02
-4.523100703954696655e-02
3.542877361178398132e-02
-7.260216772556304932e-02
-8.350957185029983521e-03
3.719205036759376526e-02
-7.503480464220046997e-02
2.647224813699722290e-02
-8.720371872186660767e-02
8.384135365486145020e-02
1.632319577038288116e-02
-5.163824558258056641e-02
-7.269133627414703369e-02
-8.051158487796783447e-02
-3.402606025338172913e-02
-1.746976375579833984e-02
5.017150938510894775e-02
-5.187124386429786682e-02
9.245685301721096039e-03
6.003195419907569885e-02
1.393741229549050331e-03
-4.962583631277084351e-02
2.393385395407676697e-02
-1.617712527513504028e-02
1.290854159742593765e-02
8.949994295835494995e-02
-6.829738616943359375e-02
-2.480893768370151520e-02
-1.892400719225406647e-02
6.534342467784881592e-02
-1.246864572167396545e-01
1.399881988763809204e-01
6.925078481435775757e-02
1.816817969083786011e-01
5.204774811863899231e-02
5.103626102209091187e-02
-4.236366227269172668e-02
-1.195301860570907593e-02
-1.125399768352508545e-02
1.782690733671188354e-02
-1.483829468488693237e-01
-5.671649798750877380e-02
-7.811020594090223312e-03
6.997794657945632935e-02
2.308917976915836334e-02
5.582457408308982849e-03
-1.174739468842744827e-02
1.442333776503801346e-02
-2.044849656522274017e-02
4.863695800304412842e-02
-1.005930304527282715e-01
2.484759129583835602e-02
-1.019859500229358673e-02
5.241217091679573059e-02
2.691786177456378937e-02
1.043400540947914124e-02
7.580873370170593262e-02
8.825600892305374146e-02
1.558099314570426941e-02
-9.140406548976898193e-02
-5.743797868490219116e-02
-6.864886730909347534e-02
-1.497837603092193604e-01
2.721332386136054993e-02
3.883646056056022644e-02
8.301042020320892334e-03
-8.381065912544727325e-03
-1.135929301381111145e-01
4.412978515028953552e-02
-1.139916703104972839e-01
-1.545768696814775467e-02
2.632785029709339142e-02
2.950629405677318573e-02
-1.249937340617179871e-01
-4.275719821453094482e-02
-1.728412462398409843e-03
4.299591854214668274e-02
-1.538916584104299545e-02
5.443022772669792175e-02
1.602658182382583618e-01
-1.018923223018646240e-01
-8.886074274778366089e-02
-2.215002849698066711e-02
-1.536414865404367447e-02
6.139695271849632263e-02
-3.551150113344192505e-02
1.603025197982788086e-01
