-1.480269283056259155e-01
-2.735760621726512909e-02
1.654020161367952824e-03
-4.200489446520805359e-02
-1.328364200890064240e-02
1.016028374433517456e-01
4.265331849455833435e-02
-1.817599684000015259e-01
2.011045366525650024e-01
8.720128238201141357e-02
-1.225675791501998901e-01
-8.301183581352233887e-03
1.362526714801788330e-01
1.267735380679368973e-03
6.017278879880905151e-02
1.567349582910537720e-02
1.680449768900871277e-02
-1.048243790864944458e-01
3.269358770921826363e-03
1.348417103290557861e-01
6.168309599161148071e-03
2.009009383618831635e-02
-5.925374105572700500e-02
-1.547856256365776062e-02
-8.031050674617290497e-03
2.777908742427825928e-02
5.886107310652732849e-02
-1.849020645022392273e-02
-8.612784743309020996e-02
2.090899087488651276e-02
9.868664667010307312e-03
-4.922987520694732666e-02
3.647297993302345276e-02
3.501313552260398865e-02
-3.019940666854381561e-02
-2.585534378886222839e-02
-6.768005341291427612e-02
3.584327921271324158e-02
5.793203017674386501e-04
-2.460554614663124084e-02
-6.985781341791152954e-02
4.668511450290679932e-03
-4.945710673928260803e-02
-3.762185201048851013e-02
1.899409145116806030e-01
1.164271160960197449e-01
8.755120635032653809e-02
-3.235669806599617004e-03
-7.278637588024139404e-02
-3.564053028821945190e-02
-6.366951763629913330e-02
1.109153926372528076e-01
-1.892335945740342140e-03
1.040855199098587036e-01
5.382031574845314026e-02
-4.174709692597389221e-02
2.984423562884330750e-02
8.474479615688323975e-02
1.506989356130361557e-02
-1.149302162230014801e-02
6.588293612003326416e-02
-3.184467926621437073e-02
1.313050091266632080e-01
-1.048160120844841003e-01
7.293082308024168015e-05
1.755240559577941895e-02
-5.989327654242515564e-02
5.648505687713623047e-02
-2.273289114236831665e-02
-6.846802681684494019e-02
7.222821563482284546e-02
-2.637588791549205780e-02
-7.168313860893249512e-02
3.829325735569000244e-02
1.569217257201671600e-02
-6.235215067863464355e-02
-5.088370665907859802e-02
5.798985436558723450e-02
-2.773481607437133789e-02
4.843481630086898804e-02
-4.215203598141670227e-02
4.451215267181396484e-02
6.142316013574600220e-02
-5.041451752185821533e-02
-9.323795884847640991e-02
5.429047718644142151e-02
2.268086187541484833e-02
1.773900724947452545e-02
4.950073361396789551e-02
-6.435206532478332520e-02
2.919870428740978241e-02
1.276824995875358582e-02
-5.490200594067573547e-02
1.147068738937377930e-01
-5.152820795774459839e-02
-3.694329783320426941e-02
-9.049042128026485443e-03
5.706081911921501160e-02
3.369177924469113350e-03
5.257979407906532288e-02
-6.782788038253784180e-02
-9.415741078555583954e-05
-2.924665063619613647e-02
5.622252821922302246e-02
-5.445071309804916382e-02
7.363304495811462402e-02
3.687359765172004700e-02
4.853161051869392395e-03
4.117212817072868347e-02
-1.749411225318908691e-02
-1.424190998077392578e-01
-1.704799383878707886e-02
-1.525208447128534317e-02
-7.054832577705383301e-02
-1.356115937232971191e-01
-6.492602825164794922e-02
3.018324449658393860e-02
-2.927957475185394287e-02
5.182607844471931458e-02
-8.473038673400878906e-03
9.352742135524749756e-02
-5.063369125127792358e-02
1.115619838237762451e-01
-3.957669436931610107e-02
1.039135269820690155e-02
7.496419548988342285e-02
-4.510846734046936035e-02
-5.416911095380783081e-02
9.318197146058082581e-03
-8.444553613662719727e-02
8.270145952701568604e-02
-1.391111463308334351e-01
1.285638064146041870e-01
7.357506547123193741e-03
-1.406617090106010437e-02
6.816091015934944153e-03
1.440521180629730225e-01
-1.165703609585762024e-01
-7.445135712623596191e-02
-1.028200984001159668e-02
-9.378022700548171997e-02
-6.106101721525192261e-02
6.808159872889518738e-03
6.726782768964767456e-02
3.535913303494453430e-02
1.550531759858131409e-02
-3.456534072756767273e-02
9.217904508113861084e-02
-3.927647322416305542e-02
-6.755174137651920319e-03
2.786296792328357697e-02
2.077151788398623466e-03
-2.391129545867443085e-02
-1.513932198286056519e-01
-9.475089609622955322e-04
6.450917571783065796e-02
8.641900867223739624e-02
1.667752861976623535e-01
-1.077180877327919006e-01
8.344866335391998291e-02
5.482739582657814026e-02
-1.258108858019113541e-02
-1.031088456511497498e-02
3.407289087772369385e-02
-3.082258999347686768e-02
1.941131427884101868e-03
-8.020548522472381592e-02
-9.546868503093719482e-02
-5.744111910462379456e-02
-1.475073676556348801e-02
9.244809299707412720e-02
-2.520903386175632477e-02
1.799961365759372711e-02
9.964674711227416992e-02
1.863113953731954098e-03
3.549885749816894531e-02
9.143462032079696655e-02
4.381833225488662720e-02
5.152495950460433960e-02
3.818497434258460999e-02
4.198021069169044495e-02
2.785360999405384064e-02
-2.178345993161201477e-02
2.155776880681514740e-02
-1.513926219195127487e-02
-1.598387374542653561e-03
-6.156115233898162842e-02
-6.858886033296585083e-02
3.764120116829872131e-02
-4.410485550761222839e-02
-1.111811399459838867e-01
4.978306591510772705e-02
-2.539653331041336060e-02
-4.012980684638023376e-02
5.969936028122901917e-02
4.059145227074623108e-02
-1.352097280323505402e-02
2.772856131196022034e-02
4.995778575539588928e-02
-7.139628380537033081e-02
2.072028256952762604e-02
-3.720271959900856018e-02
-1.812308840453624725e-02
4.925687680952250957e-04
-2.115232637152075768e-03
-5.429658666253089905e-02
-2.781478874385356903e-02
4.063535481691360474e-02
5.189607292413711548e-02
1.372775714844465256e-02
-2.297933213412761688e-02
-2.676091156899929047e-02
2.739590033888816833e-02
4.543919488787651062e-02
3.672927618026733398e-02
-8.379691280424594879e-03
3.476262325420975685e-03
-1.908874697983264923e-02
-2.829724550247192383e-02
-2.811958640813827515e-02
1.647936925292015076e-02
-3.728634491562843323e-02
-5.467510968446731567e-02
8.250778540968894958e-03
-3.504997491836547852e-02
-6.137730926275253296e-02
5.663620308041572571e-02
2.450955845415592194e-02
-2.722663432359695435e-02
3.047560527920722961e-02
-1.004583314061164856e-01
4.689268767833709717e-02
-2.335397712886333466e-02
-1.736170239746570587e-02
-8.521100506186485291e-03
5.053097009658813477e-02
-6.038466840982437134e-02
-5.365177616477012634e-02
-2.816917188465595245e-02
8.441663533449172974e-02
-1.965604349970817566e-02
-4.437601193785667419e-03
1.431849449872970581e-01
-9.576629102230072021e-02
-1.378583312034606934e-01
-3.390066092833876610e-03
-1.557903084903955460e-02
1.001440212130546570e-01
-5.109288915991783142e-02
3.909673914313316345e-02
