-1.406074762344360352e-01
-6.261364370584487915e-02
5.434022471308708191e-02
-3.889163210988044739e-02
-4.251490905880928040e-02
3.827309980988502502e-02
1.136762648820877075e-02
-1.670750230550765991e-01
8.649180084466934204e-02
6.973300129175186157e-02
-1.092359349131584167e-01
-7.271306216716766357e-02
1.108278408646583557e-01
3.576740995049476624e-02
-1.235222350805997849e-02
2.701359800994396210e-02
2.811633422970771790e-02
-7.068822532892227173e-02
3.021217137575149536e-02
4.958953708410263062e-02
9.718478471040725708e-02
-4.201768338680267334e-02
-1.061814930289983749e-02
-5.905013531446456909e-04
2.728743106126785278e-02
3.166973823681473732e-03
8.808948099613189697e-03
-2.908398583531379700e-02
-1.029899492859840393e-01
2.355511300265789032e-02
-2.417842298746109009e-02
-6.741382181644439697e-02
3.311207750812172890e-03
7.914149761199951172e-02
-3.985946625471115112e-02
-5.015071481466293335e-02
-1.297300159931182861e-01
9.631287306547164917e-03
6.759652402251958847e-03
2.802971564233303070e-02
-3.276323899626731873e-02
-3.961687535047531128e-02
3.560337796807289124e-02
-8.120158314704895020e-02
1.395477205514907837e-01
7.569272071123123169e-02
4.409412294626235962e-02
4.851885139942169189e-02
-6.431434303522109985e-02
-7.292898744344711304e-02
-9.258572012186050415e-02
1.543111801147460938e-01
-6.489949673414230347e-02
7.323048263788223267e-02
5.784776434302330017e-02
-4.610650986433029175e-02
-2.741484344005584717e-02
4.545576404780149460e-03
6.728218495845794678e-02
-9.167270734906196594e-03
6.464299559593200684e-02
-2.619347535073757172e-02
1.195932254195213318e-01
-9.216709434986114502e-02
2.037664689123630524e-02
1.582822762429714203e-02
-8.775512874126434326e-02
8.546324074268341064e-02
-2.917826874181628227e-03
-5.297878012061119080e-02
8.370880037546157837e-02
-2.679680846631526947e-02
-2.599688619375228882e-02
7.490839809179306030e-02
4.914873838424682617e-02
4.569046199321746826e-03
1.303935423493385315e-03
4.892290756106376648e-02
-1.072363257408142090e-01
1.207058727741241455e-01
-8.623836189508438110e-02
-3.401927277445793152e-02
6.274495273828506470e-03
-1.287285834550857544e-01
-7.700353115797042847e-02
-2.667552046477794647e-02
5.741001293063163757e-02
1.280193477869033813e-01
2.096735872328281403e-02
-2.219945751130580902e-02
1.874983496963977814e-02
3.698667883872985840e-02
-1.391036212444305420e-01
7.737120985984802246e-02
-4.755528643727302551e-02
-4.838795587420463562e-02
-8.893980085849761963e-02
6.148887798190116882e-02
9.869035566225647926e-04
-1.795125380158424377e-02
-8.287468552589416504e-02
-1.151089463382959366e-02
-7.806395739316940308e-02
-2.644143626093864441e-02
-5.373270809650421143e-02
-7.745669782161712646e-02
8.344343304634094238e-02
1.865997910499572754e-02
6.110557168722152710e-02
-5.619742348790168762e-02
-3.605959564447402954e-02
5.155887827277183533e-02
-1.100420020520687103e-02
-2.605553902685642242e-02
-8.780934661626815796e-02
-5.872583761811256409e-02
1.207541860640048981e-02
-5.350423231720924377e-02
3.756463900208473206e-02
9.883930534124374390e-02
3.930914029479026794e-02
-3.449885919690132141e-02
-2.561695501208305359e-02
3.140388429164886475e-02
1.530912239104509354e-03
5.112725123763084412e-02
-3.012154623866081238e-02
-1.267443597316741943e-01
-3.516470640897750854e-02
1.078430679626762867e-03
-4.539147764444351196e-02
9.102145209908485413e-03
1.267243456095457077e-02
-4.296483239158987999e-04
9.087979793548583984e-03
-3.951585665345191956e-02
1.250443281605839729e-03
1.787623274140059948e-03
-2.559210360050201416e-02
1.028420403599739075e-02
-1.303326059132814407e-02
-2.709159068763256073e-02
2.943900600075721741e-02
1.161964889615774155e-02
1.007091850042343140e-01
-2.953435759991407394e-03
-5.183727294206619263e-02
1.074628159403800964e-02
8.482604473829269409e-02
-5.202788114547729492e-02
2.528215199708938599e-02
-5.345366895198822021e-03
-1.310535147786140442e-02
-9.129041433334350586e-02
3.572933748364448547e-02
3.736324980854988098e-02
-2.261474169790744781e-02
2.701609954237937927e-02
-1.210869196802377701e-02
7.962448894977569580e-02
-3.103705309331417084e-02
-2.070430852472782135e-02
5.708081275224685669e-02
1.210475340485572815e-02
-2.859525568783283234e-02
3.207546100020408630e-02
-5.225593596696853638e-02
2.041494444711133838e-04
3.570275008678436279e-02
-9.475520998239517212e-02
1.101107243448495865e-02
-8.543894439935684204e-02
7.213114947080612183e-02
3.766889497637748718e-02
-2.063280530273914337e-02
-6.115895137190818787e-02
-4.403941705822944641e-02
-2.767095156013965607e-02
-3.095094487071037292e-02
3.254977613687515259e-02
-2.241254411637783051e-02
1.130123063921928406e-02
8.116834610700607300e-02
-3.670135140419006348e-02
-4.063053056597709656e-02
6.103415042161941528e-02
-2.674423530697822571e-02
-1.006506383419036865e-02
2.545583993196487427e-02
-2.234607562422752380e-02
3.685612231492996216e-02
-3.792567551136016846e-02
3.742975369095802307e-02
-1.036369279026985168e-01
1.153686866164207458e-01
2.867308259010314941e-02
1.631675660610198975e-01
6.592304259538650513e-02
5.290145799517631531e-02
-2.551038935780525208e-02
-1.072164718061685562e-02
4.423928260803222656e-02
3.353475779294967651e-02
-1.588504314422607422e-01
2.093428000807762146e-02
1.449882797896862030e-02
1.350279524922370911e-02
-1.063252566382288933e-03
4.517530556768178940e-03
-1.904427632689476013e-02
5.664796754717826843e-02
-1.601278781890869141e-02
6.821239739656448364e-02
-8.098284155130386353e-02
3.538005799055099487e-02
-1.487936172634363174e-02
8.785516768693923950e-02
5.255751684308052063e-02
5.480814725160598755e-03
2.928564697504043579e-02
7.852613180875778198e-02
-5.558780580759048462e-02
-6.681560724973678589e-02
-8.173334598541259766e-02
-9.971569478511810303e-02
-1.876211762428283691e-01
5.897032096982002258e-02
2.985254861414432526e-02
4.719852004200220108e-03
-6.743301171809434891e-03
-1.491723060607910156e-01
8.859907835721969604e-02
-9.137278795242309570e-02
-4.376488178968429565e-02
-1.937326043844223022e-02
2.354807965457439423e-02
-1.164127141237258911e-01
-3.163067856803536415e-03
9.119475260376930237e-03
7.009785622358322144e-02
-2.114597894251346588e-02
2.937459759414196014e-02
1.854325532913208008e-01
-8.143577724695205688e-02
-1.290486603975296021e-01
4.938452504575252533e-03
1.024119555950164795e-02
8.628430962562561035e-02
-8.249569684267044067e-02
1.300263553857803345e-01
