-5.622277781367301941e-02
-1.327396742999553680e-02
6.750504672527313232e-02
-1.644064858555793762e-02
1.279115676879882812e-03
6.629472225904464722e-02
5.449311807751655579e-02
-9.236361086368560791e-02
1.081275045871734619e-01
5.646719411015510559e-02
-6.024441123008728027e-02
-2.876546792685985565e-02
7.623791694641113281e-02
1.085753086954355240e-02
-4.416136816143989563e-02
1.432982273399829865e-02
3.822060825768858194e-04
-4.652626812458038330e-02
-3.987450618296861649e-03
5.262388661503791809e-02
7.242348045110702515e-02
8.796964772045612335e-03
2.355081494897603989e-03
-3.476011753082275391e-02
3.314877301454544067e-02
5.241871811449527740e-03
-1.531256246380507946e-03
-7.473084330558776855e-02
-1.261205226182937622e-01
-2.908831275999546051e-02
-5.796983465552330017e-02
-6.922588497400283813e-02
5.076137557625770569e-02
9.193304926156997681e-02
1.048808451741933823e-02
-6.313470751047134399e-02
-6.539386510848999023e-02
-1.779289543628692627e-02
-4.531069844961166382e-02
1.269402168691158295e-02
-3.659769892692565918e-03
-1.585234329104423523e-02
1.868843100965023041e-03
-6.411624699831008911e-02
5.665675550699234009e-02
9.937557578086853027e-02
3.115584887564182281e-02
5.510007496923208237e-03
-8.048350363969802856e-02
-1.642807014286518097e-02
-1.326091028749942780e-02
1.398101300001144409e-01
-1.637856476008892059e-02
1.136393658816814423e-02
1.049839109182357788e-01
7.153158541768789291e-03
-2.996747754514217377e-02
-1.423082128167152405e-02
3.958411514759063721e-02
-1.272868714295327663e-03
1.297574024647474289e-02
3.586743399500846863e-02
6.794803589582443237e-02
-1.356086730957031250e-01
-1.514034438878297806e-02
-4.900011117570102215e-04
-5.978298932313919067e-02
9.065294265747070312e-02
-7.878135144710540771e-02
-2.331401593983173370e-02
-4.290509596467018127e-02
-3.709459677338600159e-02
2.386414632201194763e-02
8.753363043069839478e-02
1.471335161477327347e-02
1.524712704122066498e-02
3.746477887034416199e-02
4.190107062458992004e-02
-7.136767357587814331e-02
4.659926891326904297e-02
-7.002194225788116455e-02
3.400364890694618225e-02
2.884473651647567749e-02
-1.053399220108985901e-01
-6.951554864645004272e-02
1.639535650610923767e-02
4.863722249865531921e-02
7.715009152889251709e-02
-2.337865717709064484e-02
-6.935357116162776947e-03
7.722532842308282852e-03
-1.879567839205265045e-02
-7.475184649229049683e-02
3.940748050808906555e-02
-1.055948436260223389e-01
2.478262782096862793e-02
-9.255210310220718384e-02
7.080899178981781006e-02
-3.990254178643226624e-02
-1.457157824188470840e-02
-7.582955807447433472e-02
-2.072223648428916931e-02
1.656757481396198273e-02
4.696627333760261536e-02
-4.209586605429649353e-02
-4.015684500336647034e-02
6.699982285499572754e-02
1.553064770996570587e-02
7.175380829721689224e-03
-3.515152493491768837e-04
-8.891863375902175903e-02
3.630207479000091553e-02
-4.021532833576202393e-02
-4.785016551613807678e-02
-1.282126307487487793e-01
-2.104267105460166931e-02
6.899008154869079590e-02
-8.843778073787689209e-02
1.419344730675220490e-02
1.218936890363693237e-01
7.214657962322235107e-02
-7.482317090034484863e-02
-1.655619405210018158e-02
-2.920295577496290207e-03
5.545953288674354553e-02
7.260522246360778809e-02
-4.452366754412651062e-02
-8.960074186325073242e-02
-5.126490443944931030e-02
-3.907742351293563843e-02
5.616620555520057678e-02
-6.924711167812347412e-02
6.690965592861175537e-02
8.194912225008010864e-02
-2.469477243721485138e-02
-5.549447610974311829e-02
1.449375897645950317e-01
-7.684891670942306519e-02
-1.264671795070171356e-02
-2.734944224357604980e-02
-5.147376563400030136e-03
-4.864730685949325562e-02
5.088570713996887207e-02
5.452362820506095886e-02
5.515227839350700378e-02
3.486407548189163208e-02
-1.660205982625484467e-02
5.252731591463088989e-02
5.577733367681503296e-02
-9.231738001108169556e-02
6.045906990766525269e-02
-4.958617966622114182e-03
1.557611208409070969e-02
-4.989495500922203064e-02
1.273600198328495026e-02
5.991799011826515198e-02
3.813173249363899231e-02
1.036269813776016235e-01
-7.517451792955398560e-02
1.075450330972671509e-01
4.537929594516754150e-02
1.561015669722110033e-04
1.549509447067975998e-02
-1.822122558951377869e-02
-6.550361216068267822e-02
1.928860880434513092e-02
-5.125188268721103668e-03
-2.045071125030517578e-02
3.147451579570770264e-02
-6.853310763835906982e-02
4.555219039320945740e-02
-5.059488862752914429e-02
6.978113949298858643e-02
5.377751588821411133e-02
-1.090637072920799255e-01
-2.163488231599330902e-02
-5.163760855793952942e-02
9.081105701625347137e-03
2.884841337800025940e-02
-6.964021362364292145e-03
-4.007887840270996094e-02
-2.338277362287044525e-02
3.631942719221115112e-02
-2.324975095689296722e-02
-6.575351208448410034e-02
2.081574499607086182e-02
-3.130908682942390442e-02
2.895526029169559479e-02
5.589404329657554626e-02
-8.706779778003692627e-02
-2.234733849763870239e-02
-5.496678501367568970e-02
5.450467765331268311e-02
-7.924807816743850708e-02
1.153390929102897644e-01
5.921045690774917603e-02
1.964043825864791870e-01
3.871816396713256836e-02
7.244379818439483643e-02
-4.936148598790168762e-02
-4.048146307468414307e-02
-3.060156479477882385e-02
6.542206276208162308e-03
-1.482284218072891235e-01
6.555374246090650558e-03
-2.516282955184578896e-03
5.799354240298271179e-02
1.921806484460830688e-02
-2.160504460334777832e-02
-4.067599028348922729e-02
-2.060497365891933441e-02
-4.833221435546875000e-02
7.654662430286407471e-02
-8.089981973171234131e-02
8.984347805380821228e-03
2.210641279816627502e-02
9.882143698632717133e-03
5.793112516403198242e-02
5.148958042263984680e-02
1.154273971915245056e-01
1.183565333485603333e-01
5.416444502770900726e-03
-7.187711447477340698e-02
-5.627899244427680969e-02
-1.004427447915077209e-01
-1.422154158353805542e-01
8.071809262037277222e-02
1.220015063881874084e-02
1.552954781800508499e-02
-4.802271723747253418e-03
-1.780732125043869019e-01
8.310971409082412720e-02
-1.759120970964431763e-01
-4.518894851207733154e-02
3.854626789689064026e-02
1.077597066760063171e-01
-1.567945480346679688e-01
-6.641052663326263428e-02
-1.077267434448003769e-02
2.477787062525749207e-02
-4.973937175236642361e-04
1.586146056652069092e-01
1.465469896793365479e-01
-1.071429178118705750e-01
-6.781630963087081909e-02
-2.144836820662021637e-02
-2.814398147165775299e-02
9.022032469511032104e-02
-1.248909719288349152e-02
1.206433176994323730e-01
