-5.093549937009811401e-02
-4.195458069443702698e-02
9.236673265695571899e-02
-1.130057200789451599e-01
-2.132978104054927826e-02
1.490088254213333130e-01
7.133223116397857666e-02
-1.893133074045181274e-01
1.143413037061691284e-01
5.968261510133743286e-02
-7.835436612367630005e-02
-7.525671273469924927e-02
7.889448106288909912e-02
-1.270248834043741226e-02
3.450933843851089478e-02
1.047177091240882874e-01
1.307161804288625717e-02
-7.007057219743728638e-02
1.181654166430234909e-03
3.952966630458831787e-02
9.762770496308803558e-03
-3.224479034543037415e-02
-2.679959870874881744e-02
-6.450992822647094727e-02
4.097630735486745834e-04
-3.746308619156479836e-03
8.713442832231521606e-02
-6.312134116888046265e-02
-3.409991040825843811e-02
1.664574444293975830e-02
-2.153360750526189804e-03
-2.786617726087570190e-02
-5.623457953333854675e-02
6.639786064624786377e-02
-2.034148573875427246e-02
5.682210903614759445e-03
1.058594975620508194e-02
-3.286531940102577209e-02
1.950123347342014313e-02
-2.795714698731899261e-02
-5.139282718300819397e-02
4.134669899940490723e-02
2.194395847618579865e-02
-4.690688848495483398e-02
7.840140908956527710e-02
1.122770272195339203e-02
1.649096421897411346e-02
2.099152840673923492e-02
-3.795300843194127083e-03
-4.386330395936965942e-02
-1.083558127284049988e-01
1.348636113107204437e-02
5.418721120804548264e-03
3.770577022805809975e-03
5.511539056897163391e-02
2.647034078836441040e-02
-6.071655452251434326e-02
2.482695877552032471e-02
-1.573618128895759583e-02
9.612894803285598755e-02
6.668734550476074219e-02
-3.707546740770339966e-02
9.024238586425781250e-02
-1.263191998004913330e-01
-4.231336712837219238e-02
-1.515066903084516525e-02
-5.047725513577461243e-02
8.400368690490722656e-02
-5.080544203519821167e-02
2.274559810757637024e-02
2.419299632310867310e-02
-4.993778094649314880e-02
-4.639106616377830505e-02
3.919782117009162903e-02
1.276565622538328171e-02
5.027688667178153992e-02
3.125074505805969238e-02
1.127905398607254028e-02
-8.757818490266799927e-02
9.007821232080459595e-02
-4.658076912164688110e-02
7.273852825164794922e-02
3.292286023497581482e-02
-5.947065725922584534e-02
-4.173844307661056519e-02
-5.847455933690071106e-02
4.815184511244297028e-03
6.446059048175811768e-02
1.957895467057824135e-03
-5.452958494424819946e-02
1.681951223872601986e-03
2.710369974374771118e-02
-1.140065193176269531e-01
9.309181943535804749e-03
-6.186272948980331421e-02
3.359851427376270294e-03
-1.073991656303405762e-01
2.723287232220172882e-02
-3.258798643946647644e-02
-3.961658477783203125e-02
-1.130245923995971680e-01
1.000124961137771606e-02
4.838213790208101273e-03
5.489513650536537170e-02
-7.366799563169479370e-02
-2.063051238656044006e-02
2.749227173626422882e-02
1.019170694053173065e-02
4.506423696875572205e-02
1.552029792219400406e-02
-6.070033460855484009e-02
1.432542409747838974e-02
-4.624528344720602036e-03
-6.681944429874420166e-02
-1.452399939298629761e-01
-4.343349859118461609e-02
-1.489415392279624939e-02
-8.194710314273834229e-02
5.345759447664022446e-03
5.845965445041656494e-02
7.342854887247085571e-02
-5.607401207089424133e-02
7.848459482192993164e-02
-6.292959302663803101e-02
5.057506263256072998e-02
1.042714565992355347e-01
-9.699980169534683228e-02
-7.314112782478332520e-02
-7.228183746337890625e-02
1.733503740979358554e-04
1.306936261244118214e-03
-6.411837786436080933e-02
5.974845960736274719e-02
2.090229094028472900e-02
7.192702032625675201e-04
-2.030654251575469971e-02
1.174652054905891418e-01
-5.379756167531013489e-02
-5.353835597634315491e-02
-5.789148807525634766e-02
-7.894885540008544922e-02
-6.565359234809875488e-02
3.058605827391147614e-02
6.270659714937210083e-02
2.005983144044876099e-02
5.526777729392051697e-02
1.195876175188459456e-04
3.217505291104316711e-02
4.202057421207427979e-02
-6.749805063009262085e-03
2.557109668850898743e-02
-1.440362911671400070e-02
3.733552992343902588e-02
-1.193429455161094666e-01
-3.090855106711387634e-02
4.905430227518081665e-02
1.983690820634365082e-02
1.171510145068168640e-01
-7.017737627029418945e-02
8.971224725246429443e-02
3.635150566697120667e-02
-2.631567651405930519e-03
-8.170179277658462524e-02
9.930676314979791641e-04
-7.592567801475524902e-02
5.076870322227478027e-03
-7.791241258382797241e-02
6.463720928877592087e-03
1.503376197069883347e-02
-6.150841340422630310e-02
3.914770483970642090e-02
-6.001549214124679565e-02
7.998540997505187988e-02
5.527536198496818542e-02
3.158385865390300751e-03
-1.225256174802780151e-02
3.789814934134483337e-02
1.672944985330104828e-02
-7.006482221186161041e-03
1.278451643884181976e-03
-3.424407914280891418e-02
2.975323796272277832e-02
3.193786367774009705e-02
7.792796473950147629e-03
-5.435785278677940369e-02
-4.855536390095949173e-03
-4.833266511559486389e-02
-5.557022988796234131e-02
6.789436191320419312e-02
-5.101763084530830383e-02
-4.589615762233734131e-02
-1.986279711127281189e-02
7.440916448831558228e-02
-7.328082621097564697e-02
8.579143136739730835e-02
7.246960699558258057e-02
6.996755301952362061e-02
5.028075724840164185e-02
1.101920381188392639e-01
1.317397574894130230e-03
-5.681707523763179779e-03
-2.932727523148059845e-02
1.419096905738115311e-02
-1.679392755031585693e-01
4.513568710535764694e-03
-4.999643191695213318e-02
4.545460641384124756e-02
-5.036782473325729370e-02
9.757855907082557678e-03
-3.229113295674324036e-02
-2.626450173556804657e-02
-3.359774127602577209e-02
4.430771991610527039e-02
-7.515434175729751587e-03
1.717342436313629150e-02
-1.288756821304559708e-02
4.061723873019218445e-02
1.273009032011032104e-01
1.138823293149471283e-02
4.871642962098121643e-02
5.083469673991203308e-02
-4.252357780933380127e-02
-8.914461731910705566e-02
-2.744286693632602692e-02
-8.775682747364044189e-02
-1.122355312108993530e-01
5.706617236137390137e-02
5.402695015072822571e-02
6.174504756927490234e-03
2.660227380692958832e-02
-2.442218363285064697e-01
1.342299580574035645e-01
-1.923470497131347656e-01
-5.757834762334823608e-02
8.630234003067016602e-02
8.745850622653961182e-02
-2.354794740676879883e-01
-5.244443565607070923e-02
-4.535877704620361328e-02
6.425947067327797413e-04
1.288753468543291092e-02
1.225715503096580505e-01
3.846400976181030273e-02
-1.222465112805366516e-01
-2.491412684321403503e-02
6.426342763006687164e-03
-1.928290724754333496e-02
3.577490150928497314e-02
3.593125613406300545e-03
-1.183473039418458939e-02
