-8.089283108711242676e-02
-4.925209656357765198e-02
5.554125458002090454e-02
-1.087324041873216629e-02
2.264269627630710602e-02
3.159673884510993958e-02
2.880827710032463074e-02
-2.230032719671726227e-02
7.563905417919158936e-02
1.940653100609779358e-02
-6.338174641132354736e-02
-1.153322588652372360e-02
6.843413412570953369e-02
-2.852516015991568565e-03
2.152547612786293030e-02
-3.532649576663970947e-02
1.715060882270336151e-02
-7.567815482616424561e-02
4.129020124673843384e-02
3.322731237858533859e-03
9.244775772094726562e-02
-9.360849857330322266e-03
-1.136565674096345901e-02
8.575726300477981567e-03
4.418858140707015991e-02
-1.328524108976125717e-02
-6.581009831279516220e-03
-1.449595950543880463e-02
-1.583707034587860107e-01
-4.678828269243240356e-02
-8.052739500999450684e-02
-9.156549721956253052e-02
3.830818086862564087e-02
1.610656827688217163e-01
-2.469407953321933746e-02
-9.198525547981262207e-02
-1.110000386834144592e-01
2.230284269899129868e-03
-4.852185025811195374e-02
4.676609858870506287e-02
4.251059610396623611e-03
-4.595689103007316589e-02
4.678267985582351685e-03
-8.233715593814849854e-02
1.262715905904769897e-01
1.854124814271926880e-01
7.682354003190994263e-02
-2.464477159082889557e-02
-9.175692498683929443e-02
-4.288451746106147766e-02
-3.884528297930955887e-03
1.792975664138793945e-01
-2.554113417863845825e-02
8.229593932628631592e-02
1.116623580455780029e-01
-3.244962543249130249e-02
-5.647583678364753723e-02
1.313312241109088063e-04
9.007591754198074341e-02
-4.114054888486862183e-02
2.273756824433803558e-02
-2.516556158661842346e-02
1.318869292736053467e-01
-1.506092399358749390e-01
1.429680082947015762e-02
3.557589277625083923e-02
-6.057759746909141541e-02
6.060073152184486389e-02
-6.385681778192520142e-02
-6.893566250801086426e-02
5.523775890469551086e-02
-3.676600381731987000e-02
1.024277321994304657e-02
1.060332804918289185e-01
2.917792089283466339e-02
2.386224269866943359e-02
1.417525927536189556e-03
7.243251055479049683e-02
-9.629508107900619507e-02
5.931334197521209717e-02
-5.749147757887840271e-02
1.399308070540428162e-02
1.276342570781707764e-02
-1.297496557235717773e-01
-8.881193399429321289e-02
5.013736337423324585e-02
4.019144922494888306e-02
9.742054343223571777e-02
1.804935559630393982e-02
-7.452472299337387085e-02
9.295671246945858002e-03
-4.061445128172636032e-03
-6.010897457599639893e-02
1.007209867238998413e-01
-1.273309588432312012e-01
6.653421558439731598e-03
-9.791344404220581055e-02
4.657172411680221558e-02
4.739589523524045944e-03
5.989085882902145386e-03
-6.512294709682464600e-02
-2.714679017663002014e-02
-1.970482058823108673e-02
1.549006253480911255e-02
-2.151717245578765869e-02
-6.471179891377687454e-03
1.152164340019226074e-01
1.140423398464918137e-02
3.009943291544914246e-02
-2.126741781830787659e-02
-8.206781744956970215e-02
2.694470807909965515e-02
-3.910498321056365967e-02
-5.592802539467811584e-02
-7.108519971370697021e-02
-1.969490386545658112e-02
7.678058743476867676e-02
-2.294360473752021790e-02
-5.367830744944512844e-04
9.698506444692611694e-02
3.138257190585136414e-02
-4.316726699471473694e-02
-4.500656574964523315e-02
5.962907150387763977e-02
4.988295026123523712e-03
5.674622580409049988e-02
-3.494624421000480652e-02
-8.500667661428451538e-02
-2.428996562957763672e-02
-3.348018601536750793e-02
2.261327020823955536e-02
-9.824778884649276733e-02
3.715280815958976746e-02
3.441585600376129150e-02
1.277721580117940903e-02
-5.061893910169601440e-02
5.035540834069252014e-02
-1.042314339429140091e-03
4.235943779349327087e-03
2.206640876829624176e-02
1.595296338200569153e-02
-6.550297141075134277e-02
7.375770807266235352e-02
6.958056986331939697e-02
6.771019101142883301e-02
1.575057767331600189e-02
-4.300225898623466492e-02
7.388451695442199707e-02
6.669791787862777710e-02
-7.371655106544494629e-02
1.931926235556602478e-02
1.453908998519182205e-02
-2.179262228310108185e-02
-5.996648594737052917e-02
4.379671812057495117e-02
8.064404875040054321e-02
7.559226360172033310e-03
7.337096333503723145e-02
-4.429978504776954651e-02
9.840136021375656128e-02
1.500956714153289795e-02
-1.243566162884235382e-02
6.460887193679809570e-02
-3.127876669168472290e-03
-2.843894436955451965e-02
1.576048694550991058e-02
-1.688437722623348236e-02
-1.273917872458696365e-02
4.387515410780906677e-02
-4.106357693672180176e-02
2.524302899837493896e-02
-1.492412760853767395e-02
3.645087033510208130e-02
8.019528351724147797e-03
-6.709305942058563232e-02
-4.180809110403060913e-02
-8.521569520235061646e-02
-4.561483860015869141e-02
-6.250155158340930939e-03
3.092524223029613495e-02
-4.603142663836479187e-02
-2.995589189231395721e-02
1.485096104443073273e-02
-4.647533595561981201e-02
-2.938014827668666840e-02
1.193428412079811096e-02
-4.130561277270317078e-02
2.915201708674430847e-02
6.878013163805007935e-02
-5.542204901576042175e-02
-3.054773993790149689e-02
-5.503796413540840149e-02
5.027998238801956177e-02
-1.080215498805046082e-01
9.680563211441040039e-02
6.990477442741394043e-02
2.043595016002655029e-01
3.262042626738548279e-02
3.513662144541740417e-02
-6.271108239889144897e-02
-3.599834069609642029e-02
-1.967987231910228729e-02
3.646964207291603088e-02
-1.363767832517623901e-01
-1.332394406199455261e-02
-3.107213787734508514e-02
6.120204180479049683e-02
4.282805696129798889e-02
-9.387375786900520325e-03
6.698407232761383057e-03
-2.293141558766365051e-03
-3.470506891608238220e-02
5.958756431937217712e-02
-1.521271318197250366e-01
-3.269411623477935791e-03
-1.724746078252792358e-02
4.435680061578750610e-02
1.885849237442016602e-02
7.587108295410871506e-03
8.272256702184677124e-02
1.215891167521476746e-01
1.324757747352123260e-02
-7.079940289258956909e-02
-4.353942722082138062e-02
-5.472442507743835449e-02
-1.095335185527801514e-01
3.747153794392943382e-03
-1.254174578934907913e-02
1.018633879721164703e-02
1.905409246683120728e-02
-1.185406073927879333e-01
6.465028971433639526e-02
-1.311778128147125244e-01
-5.092182662338018417e-03
3.921937569975852966e-02
3.484028950333595276e-02
-1.119551807641983032e-01
-2.980589307844638824e-02
-1.155288051813840866e-02
5.406795069575309753e-02
-2.139024995267391205e-02
8.394809067249298096e-02
1.702650189399719238e-01
-7.251645624637603760e-02
-5.841958895325660706e-02
-6.878515239804983139e-03
-3.873032331466674805e-02
9.205290675163269043e-02
-5.483476445078849792e-02
1.558269411325454712e-01
