-4.139415547251701355e-02
-4.810232296586036682e-02
1.166679635643959045e-01
-4.774328693747520447e-02
-8.595314621925354004e-02
8.969868719577789307e-02
5.155634880065917969e-02
-1.431476026773452759e-01
9.165731072425842285e-02
7.840233296155929565e-02
-9.015065431594848633e-02
-8.748251199722290039e-02
8.005533367395401001e-02
-1.365481317043304443e-02
-8.684720844030380249e-02
7.789746671915054321e-02
1.523446384817361832e-02
-6.568809598684310913e-02
-8.466801373288035393e-04
6.759550422430038452e-02
7.763090729713439941e-02
2.098273951560258865e-03
-1.464122347533702850e-02
-4.153110831975936890e-02
4.215497151017189026e-02
-2.870544046163558960e-02
3.070482052862644196e-02
-1.044617220759391785e-01
-1.446657627820968628e-01
-1.885906048119068146e-02
-4.116727784276008606e-02
-6.702009588479995728e-02
4.754364956170320511e-03
7.658814638853073120e-02
5.568593740463256836e-03
-7.910356856882572174e-03
-2.640021406114101410e-02
-4.443014785647392273e-02
7.492505945265293121e-03
-1.538524683564901352e-02
1.290295831859111786e-02
-1.548928860574960709e-02
3.511778637766838074e-02
-6.336043775081634521e-02
4.131004586815834045e-02
7.274198345839977264e-03
-2.942271064966917038e-03
2.195391617715358734e-02
-7.740952819585800171e-02
-6.212905794382095337e-02
-4.122800007462501526e-02
1.073049083352088928e-01
-2.672577649354934692e-02
6.333942990750074387e-03
8.054451644420623779e-02
2.953419275581836700e-02
-5.314978957176208496e-02
-2.896038815379142761e-02
1.687665656208992004e-02
4.326799139380455017e-02
2.563684433698654175e-02
7.408433407545089722e-02
3.470086678862571716e-02
-1.201917752623558044e-01
-8.666296489536762238e-03
-3.674352914094924927e-02
-4.275770112872123718e-02
6.430383771657943726e-02
-4.020807147026062012e-02
1.030491590499877930e-01
-8.424870669841766357e-02
-3.405787795782089233e-02
1.089656143449246883e-03
2.356198988854885101e-02
5.013950169086456299e-02
-1.875624619424343109e-02
2.212051302194595337e-02
7.525444496423006058e-03
-5.416139960289001465e-02
3.266829252243041992e-02
-6.730712205171585083e-02
3.914283588528633118e-02
2.698711864650249481e-02
-9.095636010169982910e-02
-3.577890247106552124e-02
-8.755107223987579346e-02
5.130608379840850830e-02
8.998157083988189697e-02
-5.981114879250526428e-02
1.192122697830200195e-02
3.449991717934608459e-02
7.192804478108882904e-03
-1.135531663894653320e-01
1.161329634487628937e-02
-7.903332263231277466e-02
-7.763138972222805023e-03
-8.910607546567916870e-02
3.927009180188179016e-02
-5.335561186075210571e-02
-4.319344460964202881e-02
-6.480555236339569092e-02
-4.501201212406158447e-02
-3.494904376566410065e-03
3.719265013933181763e-02
-3.424484282732009888e-02
-9.860090166330337524e-02
5.273717641830444336e-02
1.664630882441997528e-02
4.934113472700119019e-03
-2.221103524789214134e-03
-2.315021120011806488e-02
5.553884431719779968e-02
-3.963091969490051270e-02
-1.954277791082859039e-02
-6.684917956590652466e-02
-2.328770980238914490e-02
3.144007921218872070e-02
-1.081812679767608643e-01
-1.378865912556648254e-02
1.090706363320350647e-01
1.247127633541822433e-02
-4.498036578297615051e-02
-5.226764827966690063e-02
-3.461194783449172974e-02
7.534343004226684570e-02
5.107239261269569397e-02
1.790193840861320496e-03
-1.196596696972846985e-01
-9.109117835760116577e-02
-1.507825683802366257e-02
1.280968170613050461e-02
-4.419771023094654083e-03
7.462374866008758545e-02
3.983483463525772095e-02
-2.639628760516643524e-02
-9.107302874326705933e-02
1.364029198884963989e-01
-9.714245796203613281e-02
-1.665665954351425171e-02
-7.127007097005844116e-02
-2.019004151225090027e-02
1.117446459829807281e-03
5.207104235887527466e-02
2.613909728825092316e-02
2.456386201083660126e-02
8.258360438048839569e-03
1.813553273677825928e-02
3.597548604011535645e-02
6.572207063436508179e-02
-2.493567392230033875e-02
8.203575015068054199e-02
-1.852855831384658813e-02
6.045684590935707092e-02
-5.474636331200599670e-02
3.729285672307014465e-02
2.872941084206104279e-02
1.220048218965530396e-02
1.056660618633031845e-02
-3.960662707686424255e-02
1.082566604018211365e-01
7.913529127836227417e-02
9.574158466421067715e-04
-3.044535592198371887e-02
-1.378941442817449570e-02
-5.558809638023376465e-02
7.592615205794572830e-03
-3.564342390745878220e-03
-1.122340559959411621e-02
4.622300341725349426e-02
-4.781611263751983643e-02
3.110647015273571014e-02
-6.316344439983367920e-02
9.947084635496139526e-02
5.335119366645812988e-02
-1.277401000261306763e-01
-5.621279589831829071e-03
-2.580840140581130981e-02
1.676072552800178528e-02
1.884881593286991119e-02
-5.603075399994850159e-02
-2.258675731718540192e-02
1.337283290922641754e-02
6.246667727828025818e-02
-9.229128807783126831e-02
-2.700874954462051392e-02
1.771144010126590729e-02
2.375141344964504242e-02
-2.315715700387954712e-02
3.639974445104598999e-02
-8.236318826675415039e-02
-1.015793066471815109e-02
-5.687379464507102966e-02
8.584621548652648926e-02
-1.145004481077194214e-01
9.300073981285095215e-02
6.899736821651458740e-02
1.395723968744277954e-01
6.647082418203353882e-02
1.322154104709625244e-01
-1.746183075010776520e-02
-3.821285068988800049e-02
-2.638783371367026120e-05
1.158333942294120789e-02
-1.641971468925476074e-01
-2.577850595116615295e-03
2.224415168166160583e-02
2.169425040483474731e-02
-3.528670221567153931e-02
-2.794489823281764984e-02
-1.853639446198940277e-02
-3.283662721514701843e-03
-3.156491369009017944e-02
9.522219002246856689e-02
-4.061187058687210083e-02
-1.456159399822354317e-03
4.695441201329231262e-02
6.745341233909130096e-03
5.152805522084236145e-02
4.605249688029289246e-02
7.590585947036743164e-02
6.695961952209472656e-02
-1.436986145563423634e-03
-2.761958912014961243e-02
-2.080043405294418335e-02
-8.024625480175018311e-02
-1.518725901842117310e-01
1.154483035206794739e-01
1.260142493993043900e-02
1.611748826690018177e-03
-1.781364157795906067e-02
-1.701077073812484741e-01
9.379845112562179565e-02
-2.002196758985519409e-01
-4.808754473924636841e-02
4.715110734105110168e-02
1.274733245372772217e-01
-1.823662370443344116e-01
-7.218608260154724121e-02
-3.197244927287101746e-02
-8.064597845077514648e-03
4.523084312677383423e-02
1.450848281383514404e-01
1.171766668558120728e-01
-1.016665920615196228e-01
-5.077221244573593140e-02
-1.208937074989080429e-02
-3.324488177895545959e-02
8.375360071659088135e-02
-2.286567911505699158e-02
6.936229020357131958e-02
