-8.232873678207397461e-02
-5.410097166895866394e-02
9.159957617521286011e-02
-4.798075184226036072e-02
-2.058467268943786621e-02
9.273087233304977417e-02
4.122270643711090088e-02
-1.010757088661193848e-01
8.824769407510757446e-02
3.571118041872978210e-02
-1.071604713797569275e-01
-5.536540597677230835e-02
9.754400700330734253e-02
-3.376060724258422852e-02
1.551992818713188171e-02
2.819737233221530914e-02
4.883231595158576965e-02
-7.698434591293334961e-02
1.302982959896326065e-02
4.211299121379852295e-02
6.456932425498962402e-02
-4.109201487153768539e-03
-8.176494389772415161e-03
-1.371338684111833572e-02
5.018107220530509949e-02
-1.458357740193605423e-02
7.158999796956777573e-03
-4.785481095314025879e-02
-1.741049289703369141e-01
-2.499478124082088470e-02
-5.194696038961410522e-02
-1.105972155928611755e-01
-1.166527997702360153e-02
1.093446686863899231e-01
5.221456754952669144e-03
-2.483245544135570526e-02
-8.653950691223144531e-02
3.477424150332808495e-03
-7.674141786992549896e-03
3.420653194189071655e-02
-1.954227685928344727e-02
-3.190164640545845032e-02
2.307131886482238770e-02
-8.066678047180175781e-02
8.419515937566757202e-02
8.813778311014175415e-02
4.803794249892234802e-02
-1.939559355378150940e-02
-9.267070144414901733e-02
-7.521477341651916504e-02
-5.168632045388221741e-02
1.285495758056640625e-01
-3.040590882301330566e-02
5.057667568325996399e-02
9.236739575862884521e-02
-6.223659031093120575e-03
-5.423324927687644958e-02
6.315719801932573318e-03
3.974784165620803833e-02
2.090227603912353516e-02
3.853110224008560181e-02
-1.788350567221641541e-02
7.447263598442077637e-02
-1.686693876981735229e-01
-1.328323502093553543e-02
-2.567500248551368713e-02
-2.522953040897846222e-02
7.548862695693969727e-02
-4.776534065604209900e-02
-1.979116536676883698e-02
-4.173722583800554276e-03
-1.472272817045450211e-02
-1.058357022702693939e-02
5.817708745598793030e-02
8.411956019699573517e-03
1.495383214205503464e-02
4.440585151314735413e-02
5.788033828139305115e-02
-8.073739707469940186e-02
5.951312556862831116e-02
-8.728676289319992065e-02
3.254135325551033020e-02
2.622122131288051605e-02
-1.296319961547851562e-01
-7.466724514961242676e-02
-2.158127352595329285e-02
4.602250084280967712e-02
9.289882332086563110e-02
-1.545748021453619003e-02
-3.211342915892601013e-02
2.252684347331523895e-02
-2.067369874566793442e-03
-8.080682903528213501e-02
5.102756619453430176e-02
-1.336181014776229858e-01
2.432435378432273865e-02
-1.017932221293449402e-01
1.648286543786525726e-02
5.530552007257938385e-03
-2.069520577788352966e-02
-7.126259803771972656e-02
-3.871686756610870361e-02
-1.401264779269695282e-02
2.395783737301826477e-02
-1.467709150165319443e-02
-5.035298690199851990e-02
7.865894585847854614e-02
-9.386260993778705597e-03
2.939882688224315643e-02
-3.947738558053970337e-03
-5.840465426445007324e-02
2.236051857471466064e-02
-2.684435248374938965e-02
-2.037765085697174072e-02
-7.607840746641159058e-02
-5.138534121215343475e-03
3.267062455415725708e-02
-6.227870658040046692e-02
-3.408427536487579346e-02
9.401963651180267334e-02
3.597412630915641785e-02
-5.441534146666526794e-02
-5.271992832422256470e-02
1.152772456407546997e-02
2.615603990852832794e-02
6.937634944915771484e-02
-3.931087628006935120e-02
-1.003881469368934631e-01
-5.294220894575119019e-02
-2.470593154430389404e-02
2.437445707619190216e-02
-6.599462032318115234e-02
4.329120740294456482e-02
3.138732910156250000e-02
1.482713781297206879e-02
-5.950196087360382080e-02
1.017519533634185791e-01
-3.397901356220245361e-02
7.487122435122728348e-03
-2.620489895343780518e-02
5.168969742953777313e-03
-3.273912519216537476e-02
6.780325621366500854e-02
7.400665432214736938e-02
4.800882562994956970e-02
2.050170674920082092e-02
-7.691158913075923920e-03
6.387167423963546753e-02
4.888187721371650696e-02
-4.598559439182281494e-02
4.003446921706199646e-02
-1.184985507279634476e-02
2.315532788634300232e-02
-5.927655473351478577e-02
2.756589092314243317e-02
7.856415957212448120e-02
2.364334836602210999e-02
5.754053965210914612e-02
-5.154599994421005249e-02
8.635980635881423950e-02
4.673702642321586609e-02
-1.025743875652551651e-02
2.125532180070877075e-02
-1.835086755454540253e-02
-6.441207230091094971e-02
3.604813665151596069e-02
-1.732571795582771301e-02
-2.515088766813278198e-03
3.550858423113822937e-02
-6.588058918714523315e-02
4.742502421140670776e-02
-4.714537039399147034e-02
6.255875527858734131e-02
3.622916340827941895e-02
-9.726993739604949951e-02
-1.825272478163242340e-02
-4.195529222488403320e-02
-2.695674449205398560e-02
7.366610225290060043e-04
1.041562762111425400e-02
-3.080946393311023712e-02
-2.261371351778507233e-02
4.262252524495124817e-02
-5.654546245932579041e-02
-4.264366254210472107e-02
8.289303630590438843e-03
-3.173047304153442383e-02
1.272113528102636337e-02
5.508557334542274475e-02
-7.832285016775131226e-02
-4.968984983861446381e-03
-6.816676259040832520e-02
7.806659489870071411e-02
-1.137954369187355042e-01
1.008458659052848816e-01
6.676616519689559937e-02
1.780108511447906494e-01
5.695066228508949280e-02
9.119667112827301025e-02
3.028170438483357430e-03
-4.486297443509101868e-02
-3.291129693388938904e-02
4.227741062641143799e-02
-1.604810804128646851e-01
1.128893811255693436e-02
-6.272867321968078613e-02
7.477802038192749023e-02
-6.972105242311954498e-03
-1.696029864251613617e-02
-3.029904142022132874e-02
-6.045984569936990738e-03
-4.436761885881423950e-02
8.427541702985763550e-02
-8.942942321300506592e-02
3.043761709704995155e-03
7.809266389813274145e-05
3.219837695360183716e-02
5.841919034719467163e-02
7.676404435187578201e-03
9.471525996923446655e-02
1.049178689718246460e-01
1.383768673986196518e-02
-7.781337946653366089e-02
-4.460699856281280518e-02
-7.418079674243927002e-02
-1.459275186061859131e-01
5.469700694084167480e-02
6.864430382847785950e-03
1.298832893371582031e-02
1.219332683831453323e-02
-2.158514559268951416e-01
9.167420119047164917e-02
-1.952313631772994995e-01
-6.063278391957283020e-02
5.554778128862380981e-02
7.505802065134048462e-02
-1.767834722995758057e-01
-5.717463046312332153e-02
-1.181015837937593460e-02
2.334639802575111389e-02
1.416912302374839783e-02
1.069975793361663818e-01
1.363961249589920044e-01
-1.302691102027893066e-01
-4.162970185279846191e-02
-1.578557677567005157e-02
-2.524943090975284576e-02
8.641329407691955566e-02
-3.330112993717193604e-02
9.999137371778488159e-02
