-6.508444994688034058e-02
-2.051344886422157288e-02
7.137257605791091919e-02
-4.062421992421150208e-02
1.024384610354900360e-02
6.427179276943206787e-02
3.363389894366264343e-02
-7.712990790605545044e-02
7.449378818273544312e-02
4.027273133397102356e-02
-8.473729342222213745e-02
-3.582178056240081787e-02
7.448498904705047607e-02
-4.274363163858652115e-03
2.530248649418354034e-02
2.718231081962585449e-02
3.351751714944839478e-02
-7.130061089992523193e-02
3.270497545599937439e-02
1.456100400537252426e-02
6.030272319912910461e-02
-2.225083485245704651e-02
-5.220536142587661743e-03
-1.547112595289945602e-02
3.341532126069068909e-02
-1.155982818454504013e-02
2.097933180630207062e-02
-3.862740099430084229e-02
-1.364965289831161499e-01
-2.653291821479797363e-02
-4.252893105149269104e-02
-9.923361986875534058e-02
6.572481710463762283e-03
1.000329107046127319e-01
-2.000167593359947205e-02
-4.927350208163261414e-02
-8.565102517604827881e-02
2.421784913167357445e-03
-1.406664401292800903e-02
2.184244990348815918e-02
-2.820081636309623718e-02
-3.227692469954490662e-02
7.788243237882852554e-03
-6.931255757808685303e-02
9.494770318269729614e-02
1.082905083894729614e-01
4.375179111957550049e-02
-1.567179709672927856e-02
-6.667429208755493164e-02
-5.532374978065490723e-02
-4.142183437943458557e-02
1.232257634401321411e-01
-2.857610955834388733e-02
3.733660280704498291e-02
8.050469309091567993e-02
-7.035687449388206005e-04
-4.781051352620124817e-02
1.920150034129619598e-02
5.648306757211685181e-02
1.675045676529407501e-02
4.631004482507705688e-02
-3.076378256082534790e-02
1.094770357012748718e-01
-1.730521470308303833e-01
-1.747522503137588501e-02
-1.226790342479944229e-02
-4.286908730864524841e-02
8.493833243846893311e-02
-6.055190786719322205e-02
-6.681361794471740723e-02
2.279896475374698639e-02
-2.056420035660266876e-02
6.537678651511669159e-03
7.237848639488220215e-02
8.004180155694484711e-03
4.155260324478149414e-02
3.497680649161338806e-02
5.636877939105033875e-02
-7.939576357603073120e-02
7.525505870580673218e-02
-7.969277352094650269e-02
2.890230901539325714e-02
2.452787943184375763e-02
-1.262619048357009888e-01
-8.576044440269470215e-02
2.301950240507721901e-03
4.532863199710845947e-02
1.089741960167884827e-01
1.055087987333536148e-02
-4.473743215203285217e-02
1.915856823325157166e-02
-1.358551811426877975e-02
-9.871036559343338013e-02
5.402268841862678528e-02
-1.097765564918518066e-01
2.268416620790958405e-02
-1.105959489941596985e-01
5.490591377019882202e-02
2.266203053295612335e-03
-1.230882201343774796e-02
-9.421963989734649658e-02
-2.144821360707283020e-02
-1.308131497353315353e-02
3.568471595644950867e-02
-3.190926462411880493e-02
-3.392129391431808472e-02
9.287980198860168457e-02
8.413097821176052094e-03
3.639645129442214966e-02
-1.433056686073541641e-02
-7.660402357578277588e-02
2.243164926767349243e-02
-2.754862047731876373e-02
-3.903575241565704346e-02
-1.102114170789718628e-01
-2.161213755607604980e-02
5.244856700301170349e-02
-5.111824348568916321e-02
-6.241236813366413116e-03
9.171528369188308716e-02
6.283520162105560303e-02
-5.538402497768402100e-02
-2.050952427089214325e-02
1.691563613712787628e-02
7.884296588599681854e-03
7.611865550279617310e-02
-6.890714168548583984e-02
-1.099872142076492310e-01
-3.957366943359375000e-02
-3.188214078545570374e-02
1.372686214745044708e-02
-6.627063453197479248e-02
5.585157126188278198e-02
4.190112277865409851e-02
8.928233757615089417e-03
-4.729373753070831299e-02
9.542452543973922729e-02
-3.708868101239204407e-02
-5.598778836429119110e-03
-2.326804026961326599e-02
-7.319590076804161072e-03
-5.852635949850082397e-02
7.911735028028488159e-02
7.108811289072036743e-02
6.246332079172134399e-02
2.400950528681278229e-02
-2.844220586121082306e-02
6.259348243474960327e-02
6.206820905208587646e-02
-4.958271235227584839e-02
2.588793449103832245e-02
5.174281541258096695e-03
2.027088776230812073e-04
-6.303639709949493408e-02
2.476487122476100922e-02
8.724086731672286987e-02
1.744674518704414368e-02
9.727553278207778931e-02
-5.445753782987594604e-02
9.950925409793853760e-02
2.927708625793457031e-02
-2.545434981584548950e-02
2.210269495844841003e-02
-2.742349915206432343e-02
-4.273438081145286560e-02
1.748128421604633331e-02
-2.547912672162055969e-02
-7.912702858448028564e-03
2.588540129363536835e-02
-4.799417033791542053e-02
2.506791800260543823e-02
-3.451312333345413208e-02
4.593654721975326538e-02
3.555133566260337830e-02
-6.566728651523590088e-02
-2.885045669972896576e-02
-4.629098996520042419e-02
-7.171359844505786896e-03
7.869058288633823395e-03
2.661668509244918823e-02
-3.265322372317314148e-02
-2.385470829904079437e-02
4.266802594065666199e-02
-4.534792527556419373e-02
-4.386449977755546570e-02
2.238412201404571533e-02
-3.285801783204078674e-02
1.745311729609966278e-02
5.585309863090515137e-02
-4.602525755763053894e-02
-9.573216550052165985e-03
-6.275106221437454224e-02
6.220782175660133362e-02
-9.248915314674377441e-02
1.042186319828033447e-01
6.901179999113082886e-02
1.697019636631011963e-01
5.444560572504997253e-02
6.647302955389022827e-02
-1.899371668696403503e-02
-3.562708571553230286e-02
-1.647386141121387482e-02
4.251715168356895447e-02
-1.687337905168533325e-01
9.940434247255325317e-03
-5.703981965780258179e-02
6.782150268554687500e-02
7.591819390654563904e-03
-1.180913485586643219e-02
-2.680319361388683319e-02
-7.670080754905939102e-03
-4.978931695222854614e-02
7.196658104658126831e-02
-9.812442213296890259e-02
4.150361288338899612e-03
-8.527620695531368256e-03
4.327128082513809204e-02
6.769885122776031494e-02
8.235571905970573425e-03
8.080443739891052246e-02
1.197354644536972046e-01
-4.904267378151416779e-03
-7.002832740545272827e-02
-5.785091966390609741e-02
-8.121497184038162231e-02
-1.404203325510025024e-01
3.628350421786308289e-02
1.042090635746717453e-02
1.777174510061740875e-02
1.421324536204338074e-02
-2.429115474224090576e-01
1.022395640611648560e-01
-1.929010599851608276e-01
-5.026481300592422485e-02
5.527198687195777893e-02
6.688668578863143921e-02
-1.932001709938049316e-01
-4.684408009052276611e-02
-2.506542019546031952e-02
4.206413775682449341e-02
-4.260306886862963438e-04
1.097042560577392578e-01
1.470571607351303101e-01
-1.241004765033721924e-01
-5.590520426630973816e-02
-1.428385730832815170e-02
-2.386528067290782928e-02
9.022188186645507812e-02
-3.532414510846138000e-02
1.246950775384902954e-01
