-1.094553992152214050e-01
-6.394233554601669312e-02
1.593753322958946228e-02
-3.919241577386856079e-02
-7.901924848556518555e-02
7.441324740648269653e-02
4.722011089324951172e-02
-1.036232709884643555e-01
1.292941123247146606e-01
6.121666356921195984e-02
-3.534236922860145569e-02
-7.169713824987411499e-02
1.619731634855270386e-01
4.098847880959510803e-02
-1.781481318175792694e-02
2.864901348948478699e-02
1.065370533615350723e-02
-5.305516719818115234e-02
5.160783766768872738e-04
6.235343962907791138e-02
7.670265436172485352e-02
-6.007269490510225296e-03
-4.751155618578195572e-03
-4.672412574291229248e-02
5.622113123536109924e-02
1.202306896448135376e-02
3.511781105771660805e-03
-6.910216063261032104e-02
-1.826628446578979492e-01
-1.824028603732585907e-02
-4.062333330512046814e-02
-8.209495991468429565e-02
-1.149671711027622223e-02
1.510960757732391357e-01
3.312285989522933960e-02
-3.600983321666717529e-02
-1.142289265990257263e-01
-3.794203326106071472e-02
1.145957503467798233e-02
7.135806232690811157e-02
3.869047760963439941e-02
-4.079005122184753418e-02
3.106274455785751343e-02
-6.839820742607116699e-02
1.631938517093658447e-01
4.198912158608436584e-02
6.482125073671340942e-02
3.313257917761802673e-02
-7.281797379255294800e-02
-7.604395598173141479e-02
-8.066666126251220703e-02
9.500054270029067993e-02
-2.561289817094802856e-02
3.250738605856895447e-02
7.788728922605514526e-02
-3.250259160995483398e-02
-5.698822066187858582e-02
-3.455530107021331787e-02
4.634981602430343628e-02
-2.545471489429473877e-02
5.954565107822418213e-02
-1.990741305053234100e-02
6.258790940046310425e-02
-8.512621372938156128e-02
-1.052001956850290298e-02
1.354854740202426910e-02
-4.462643340229988098e-02
-1.320691872388124466e-02
-1.627024821937084198e-02
1.750499568879604340e-02
1.557224546559154987e-03
-1.112124044448137283e-02
-5.944925546646118164e-02
3.935313224792480469e-02
2.865940518677234650e-02
-4.209280014038085938e-02
4.358889535069465637e-03
3.306406736373901367e-02
-6.930019706487655640e-02
4.704893007874488831e-02
-1.283766794949769974e-02
-3.865654347464442253e-03
-3.944654483348131180e-03
-1.311716884374618530e-01
-1.300929486751556396e-02
-2.443872205913066864e-02
5.362430959939956665e-02
5.650506541132926941e-02
-5.813790485262870789e-02
-1.035862951539456844e-03
-3.767680749297142029e-02
3.948258981108665466e-02
-9.667216986417770386e-02
5.505205318331718445e-02
-5.950078740715980530e-02
-6.132079288363456726e-03
-7.607703655958175659e-02
3.356837201863527298e-03
1.793466880917549133e-02
-2.171424031257629395e-02
-5.570135638117790222e-02
-3.363656252622604370e-02
-2.899114973843097687e-02
1.337113324552774429e-02
-1.008218061178922653e-02
-6.062419712543487549e-02
5.971892923116683960e-02
5.438897386193275452e-02
9.591483324766159058e-02
-2.169874124228954315e-02
-4.715158417820930481e-02
7.559778541326522827e-02
-2.309152670204639435e-02
-1.091473177075386047e-02
-6.910136342048645020e-02
1.239884551614522934e-02
-2.759850211441516876e-02
-6.640256196260452271e-02
1.803127676248550415e-02
8.368452638387680054e-02
1.504663191735744476e-02
-4.200671613216400146e-02
1.385809108614921570e-02
-2.541169524192810059e-02
3.862906992435455322e-02
4.322939366102218628e-02
-1.391860004514455795e-02
-5.847600102424621582e-02
-6.151510402560234070e-02
-1.372112310491502285e-04
2.317979000508785248e-02
-8.193281292915344238e-02
-3.747454611584544182e-03
3.891280852258205414e-03
-1.353481877595186234e-02
-1.786680705845355988e-02
5.602299794554710388e-02
-7.022693753242492676e-02
-6.223345175385475159e-02
-1.383695192635059357e-02
-3.928268328309059143e-02
-3.593942523002624512e-02
3.078122623264789581e-02
2.810502611100673676e-02
5.536879599094390869e-02
2.710619010031223297e-02
-1.283339131623506546e-02
-1.738933101296424866e-02
6.078074127435684204e-02
-7.419016212224960327e-02
6.713920086622238159e-02
-2.083946019411087036e-02
-2.732247114181518555e-02
-8.422841131687164307e-02
3.046310693025588989e-02
-3.991942107677459717e-02
-1.654176041483879089e-02
1.109451055526733398e-01
-1.613555289804935455e-02
5.686287954449653625e-02
1.107652578502893448e-02
5.079661309719085693e-02
4.559770226478576660e-02
6.374590843915939331e-02
-6.429798156023025513e-02
3.962720185518264771e-02
-7.188574969768524170e-02
-3.939826413989067078e-02
9.843122214078903198e-03
-1.371926516294479370e-01
4.058726131916046143e-02
-6.733496487140655518e-02
9.698773920536041260e-02
5.228434875607490540e-02
-4.136638343334197998e-02
-4.749648272991180420e-02
6.942227482795715332e-04
-6.702893227338790894e-02
-6.301364628598093987e-04
1.515359990298748016e-02
-4.563654959201812744e-02
-5.664607509970664978e-03
2.769968286156654358e-02
6.719342898577451706e-03
-6.193254515528678894e-02
2.708726562559604645e-02
-6.488361954689025879e-02
-3.641158714890480042e-02
8.466735482215881348e-02
-6.137833371758460999e-02
-5.626025050878524780e-02
-4.432573541998863220e-02
7.689990848302841187e-02
-1.544797122478485107e-01
1.239979192614555359e-01
4.614375159144401550e-02
1.916504055261611938e-01
4.153528437018394470e-02
1.359847486019134521e-01
-7.798781245946884155e-02
-4.082909144926816225e-04
-3.218333050608634949e-02
2.900750190019607544e-02
-1.465640813112258911e-01
4.012010991573333740e-03
1.828720979392528534e-02
6.068896502256393433e-02
-3.483147174119949341e-02
-6.586953997611999512e-02
-2.972663007676601410e-02
7.535642478615045547e-03
-3.955518826842308044e-02
8.183747529983520508e-02
-1.295769065618515015e-01
5.112641304731369019e-02
-8.488023653626441956e-03
7.419712096452713013e-02
1.226652860641479492e-01
7.664974313229322433e-03
7.901854068040847778e-02
1.013065353035926819e-01
-3.318063914775848389e-02
-8.220411092042922974e-02
-6.359031796455383301e-02
-6.130759418010711670e-02
-1.203114539384841919e-01
4.810312017798423767e-02
3.779830783605575562e-02
1.581735536456108093e-02
-5.795973353087902069e-03
-7.555903494358062744e-02
9.704858809709548950e-02
-8.896791189908981323e-02
-2.852028049528598785e-02
4.691061750054359436e-02
9.398309886455535889e-02
-1.309190094470977783e-01
-6.620144098997116089e-02
-3.713271021842956543e-02
5.430811271071434021e-02
-5.694461055099964142e-03
1.057442948222160339e-01
1.614111512899398804e-01
-6.554578989744186401e-02
-1.232503950595855713e-01
1.225956901907920837e-02
-4.360397905111312866e-02
1.157638505101203918e-01
-8.633010089397430420e-03
1.104240640997886658e-01
