-1.059484705328941345e-01
-8.138476312160491943e-02
9.605660289525985718e-02
-9.092209488153457642e-02
4.432978108525276184e-03
1.007904410362243652e-01
3.084050305187702179e-02
-1.431679129600524902e-01
1.229334995150566101e-01
5.055651534348726273e-03
-1.464036107063293457e-01
-6.557600945234298706e-02
1.137949526309967041e-01
-7.767152786254882812e-02
6.468290090560913086e-02
2.829600684344768524e-02
5.699726194143295288e-02
-1.031432226300239563e-01
6.097919493913650513e-02
4.769776947796344757e-03
4.165439307689666748e-02
-3.780360147356987000e-02
-1.522196922451257706e-02
-1.272882241755723953e-02
4.035714641213417053e-02
3.263784572482109070e-03
6.321021821349859238e-03
-1.547903195023536682e-02
-9.118518978357315063e-02
-4.812159575521945953e-03
-4.532515630125999451e-02
-7.214573025703430176e-02
-5.333979055285453796e-02
1.127585619688034058e-01
-1.717325858771800995e-02
-2.268256247043609619e-02
-8.114241063594818115e-02
-2.318901475518941879e-03
3.060236806049942970e-03
3.823441639542579651e-02
-5.061449855566024780e-02
8.236711844801902771e-03
2.827675454318523407e-02
-7.760208845138549805e-02
1.095564365386962891e-01
7.927931100130081177e-02
5.867967754602432251e-02
-3.301128000020980835e-02
-3.646458685398101807e-02
-6.596177071332931519e-02
-4.336846247315406799e-02
7.669806480407714844e-02
-2.467810176312923431e-03
6.250335276126861572e-02
5.809242650866508484e-02
-3.291197645012289286e-04
-8.087742328643798828e-02
2.542099915444850922e-02
3.581712394952774048e-02
3.873642534017562866e-02
5.240521952509880066e-02
-4.672796651721000671e-02
8.282046020030975342e-02
-1.317118257284164429e-01
-2.535494277253746986e-03
-7.153563783504068851e-04
-2.234654314815998077e-02
5.251445993781089783e-02
-2.703958377242088318e-02
-4.950761795043945312e-02
6.132787093520164490e-02
-1.366283558309078217e-02
-3.782824799418449402e-02
4.348511993885040283e-02
1.302392221987247467e-02
5.441736802458763123e-02
1.966726966202259064e-02
5.601524934172630310e-02
-7.976061105728149414e-02
5.099425092339515686e-02
-6.648958474397659302e-02
3.953313454985618591e-02
1.045557763427495956e-02
-1.095212399959564209e-01
-6.659466028213500977e-02
2.246935851871967316e-03
8.899841457605361938e-03
8.203632384538650513e-02
2.141609042882919312e-02
-7.504822313785552979e-02
3.880594298243522644e-02
2.877672016620635986e-02
-6.111556664109230042e-02
5.605533719062805176e-02
-1.181690543889999390e-01
2.057733200490474701e-02
-1.106665059924125671e-01
6.426021456718444824e-03
1.765779405832290649e-02
-2.439159201458096504e-03
-8.131810277700424194e-02
-3.273486718535423279e-02
-2.777107618749141693e-02
-4.953402560204267502e-03
-2.759647928178310394e-02
-1.044085063040256500e-02
7.782050967216491699e-02
-1.759395189583301544e-02
3.839386999607086182e-02
-1.131584285758435726e-03
-5.188379809260368347e-02
-1.653430610895156860e-02
-2.855668426491320133e-04
-3.185978904366493225e-02
-4.724296182394027710e-02
-8.628663490526378155e-04
1.268767751753330231e-02
-3.727881982922554016e-02
-2.256760187447071075e-02
7.689851522445678711e-02
1.392308063805103302e-02
-3.293415904045104980e-02
-4.033681005239486694e-02
4.971153289079666138e-02
-4.908586386591196060e-03
7.214455306529998779e-02
-5.268888548016548157e-02
-6.728734076023101807e-02
-6.294678151607513428e-02
-1.862630806863307953e-02
2.613714337348937988e-02
-8.389898389577865601e-02
4.570863023400306702e-02
-1.102056819945573807e-02
4.464287310838699341e-02
-6.300076097249984741e-02
7.580735534429550171e-02
1.739488565362989902e-03
-2.923491410911083221e-02
-3.641809523105621338e-02
-2.341588400304317474e-02
-6.534636765718460083e-02
4.017062485218048096e-02
9.695347398519515991e-02
5.024558678269386292e-02
2.942397631704807281e-02
-3.711925819516181946e-02
4.300391674041748047e-02
7.038974016904830933e-02
-7.077603787183761597e-02
1.621637493371963501e-02
1.895192265510559082e-02
4.651980102062225342e-02
-9.291004389524459839e-02
1.380069274455308914e-02
6.087905913591384888e-02
5.075828521512448788e-04
6.823098659515380859e-02
-3.909311071038246155e-02
8.776359260082244873e-02
2.449926547706127167e-02
-3.139517083764076233e-02
-1.459780178265646100e-04
-1.555544417351484299e-02
-7.025107741355895996e-02
3.124015405774116516e-02
-5.993923917412757874e-02
4.101173579692840576e-02
2.095085754990577698e-02
-4.328846186399459839e-02
1.114847790449857712e-02
-4.519028216600418091e-02
5.225561559200286865e-02
2.014510892331600189e-02
-3.536396473646163940e-02
-4.246753454208374023e-02
-9.103435091674327850e-03
-6.492692232131958008e-02
-2.177820540964603424e-02
4.315812140703201294e-02
-5.105261504650115967e-02
2.451445721089839935e-02
2.921294607222080231e-02
-9.572066366672515869e-03
-4.600913822650909424e-02
-1.609423942863941193e-02
-5.408981069922447205e-02
1.044626720249652863e-02
5.345737189054489136e-02
-6.576714664697647095e-02
-1.627783104777336121e-02
-5.597965419292449951e-02
9.601839631795883179e-02
-1.269679963588714600e-01
1.098402515053749084e-01
6.096480414271354675e-02
1.925608515739440918e-01
4.307819530367851257e-02
1.118637844920158386e-01
2.023944444954395294e-02
-3.412517532706260681e-02
-5.618456006050109863e-02
4.293395206332206726e-02
-1.746045351028442383e-01
-6.914998404681682587e-03
-1.016867458820343018e-01
9.494742751121520996e-02
-2.783907204866409302e-02
1.144961081445217133e-02
-2.481054700911045074e-02
-2.231273613870143890e-02
-4.011436179280281067e-02
8.595802634954452515e-02
-1.001848801970481873e-01
3.995940554887056351e-03
-4.712753370404243469e-02
6.645171344280242920e-02
6.456351280212402344e-02
-4.630785807967185974e-02
7.480622082948684692e-02
7.597735524177551270e-02
-4.140171688050031662e-03
-1.283918470144271851e-01
-4.207292571663856506e-02
-8.320885896682739258e-02
-1.335818320512771606e-01
6.620370596647262573e-02
3.975208476185798645e-02
-8.883948437869548798e-03
3.570567071437835693e-02
-2.116638422012329102e-01
8.870730549097061157e-02
-1.689350605010986328e-01
-3.554580360651016235e-02
5.413024872541427612e-02
2.777649275958538055e-02
-2.000826597213745117e-01
-4.661994054913520813e-02
-1.727961935102939606e-02
5.006803572177886963e-02
-2.631965838372707367e-02
3.649451211094856262e-02
1.245395913720130920e-01
-1.232563108205795288e-01
-2.475727535784244537e-02
-1.038388255983591080e-02
-1.552792638540267944e-02
5.811876803636550903e-02
-5.737755447626113892e-02
7.845614850521087646e-02
