-4.564782232046127319e-02
-5.144641548395156860e-02
5.454231053590774536e-02
6.735590286552906036e-03
2.571362815797328949e-02
-5.353174731135368347e-02
-5.539500713348388672e-02
-2.773806452751159668e-03
-1.210450660437345505e-03
3.117348812520503998e-02
-5.434271320700645447e-02
2.050414308905601501e-02
1.787940971553325653e-02
4.634943976998329163e-02
6.159401498734951019e-03
3.927170485258102417e-02
-1.861421018838882446e-02
-6.859488785266876221e-02
4.225859791040420532e-02
-2.860684413462877274e-03
1.174907311797142029e-01
-1.610729657113552094e-02
-1.874649152159690857e-02
-4.031804390251636505e-03
2.159011736512184143e-02
-3.011989593505859375e-02
3.550557047128677368e-02
1.649576239287853241e-02
-1.568490564823150635e-01
1.867424696683883667e-02
-5.374842509627342224e-02
-8.998119831085205078e-02
5.063429847359657288e-02
1.123890653252601624e-01
-6.796596944332122803e-02
-8.454172313213348389e-02
-1.138117983937263489e-01
3.833116590976715088e-02
-3.972905874252319336e-02
1.099849026650190353e-02
-3.219800535589456558e-03
-7.743719220161437988e-02
1.236922759562730789e-02
-9.542949497699737549e-02
8.100027590990066528e-02
1.279005408287048340e-01
4.229246824979782104e-02
5.761571228504180908e-02
-1.013908460736274719e-01
-1.913757435977458954e-02
-1.778502576053142548e-02
2.092134356498718262e-01
-4.509434103965759277e-02
7.827918231487274170e-02
9.226713329553604126e-02
-6.587303429841995239e-02
4.927903413772583008e-03
5.061441287398338318e-02
9.043364226818084717e-02
-7.446216791868209839e-02
-2.874176949262619019e-03
-5.103188008069992065e-02
1.290176808834075928e-01
-8.338968455791473389e-02
5.395712330937385559e-02
5.479057505726814270e-02
-9.985578805208206177e-02
6.753918528556823730e-02
1.020465325564146042e-02
-8.435433357954025269e-02
9.624270349740982056e-02
-3.309762105345726013e-02
4.785162955522537231e-02
9.835120290517807007e-02
4.324569553136825562e-02
-9.845163673162460327e-03
-2.077594958245754242e-02
6.830516457557678223e-02
-7.623328268527984619e-02
1.175798773765563965e-01
-6.806669384241104126e-02
-3.239402920007705688e-02
1.877793855965137482e-02
-1.314665228128433228e-01
-1.149625554680824280e-01
3.147479519248008728e-02
3.260180726647377014e-02
1.265156865119934082e-01
5.542856454849243164e-02
-5.371116846799850464e-02
-4.146298859268426895e-03
2.087981812655925751e-02
-9.154736995697021484e-02
1.099082231521606445e-01
-4.620337858796119690e-02
-7.651168853044509888e-02
-1.001842170953750610e-01
9.693023562431335449e-02
2.718379907310009003e-02
-1.523447502404451370e-02
-8.587352186441421509e-02
-1.742516458034515381e-02
-9.114717692136764526e-02
3.652343899011611938e-02
-2.811892144381999969e-02
-3.397201001644134521e-02
7.479061186313629150e-02
2.219876646995544434e-02
4.401294980198144913e-03
-7.234344631433486938e-02
-3.645603731274604797e-02
6.028283014893531799e-02
-4.859037324786186218e-02
-2.301404066383838654e-02
-9.593056142330169678e-02
-9.220872074365615845e-02
6.340463459491729736e-02
2.213380858302116394e-02
3.417320549488067627e-02
8.728352934122085571e-02
4.161048680543899536e-02
-5.106570571660995483e-02
-8.599912375211715698e-02
6.516410410404205322e-02
-3.140670806169509888e-02
7.739543169736862183e-02
-1.991481892764568329e-02
-1.094113588333129883e-01
4.642834141850471497e-02
6.631810683757066727e-03
-9.856964647769927979e-02
2.362524718046188354e-02
1.694269105792045593e-02
1.242967136204242706e-02
3.529066592454910278e-02
-2.480597607791423798e-02
-4.704891890287399292e-02
1.086093857884407043e-01
7.021371740847826004e-03
8.777187019586563110e-02
7.607678323984146118e-02
-3.970558196306228638e-02
7.004097104072570801e-02
3.913309425115585327e-02
1.002023667097091675e-01
-2.268692851066589355e-02
-2.538425847887992859e-02
6.815391033887863159e-02
4.441909864544868469e-02
-2.741192001849412918e-03
-6.662673503160476685e-02
3.420588001608848572e-02
-4.237130656838417053e-02
-6.307157874107360840e-02
3.999367728829383850e-02
1.182661801576614380e-01
-9.362624958157539368e-03
-4.547200631350278854e-03
-4.204212874174118042e-02
9.241766482591629028e-02
1.434651575982570648e-02
-1.733808033168315887e-02
8.841516822576522827e-02
2.523885481059551239e-02
1.259410101920366287e-02
3.494860231876373291e-02
-6.339291483163833618e-02
-3.947664797306060791e-02
3.816243633627891541e-02
-4.901477321982383728e-02
4.903435707092285156e-02
-1.132611930370330811e-01
5.682399868965148926e-02
2.371177822351455688e-02
-3.671192377805709839e-02
-6.998214870691299438e-02
-1.327829062938690186e-01
2.232152037322521210e-02
-3.979886323213577271e-02
5.158363282680511475e-02
-1.360700000077486038e-02
-3.307266160845756531e-02
8.495397865772247314e-02
-3.949359431862831116e-02
-1.477811019867658615e-02
6.419823318719863892e-02
9.942406788468360901e-03
7.681068498641252518e-03
5.825145542621612549e-02
-3.765593469142913818e-02
9.556287899613380432e-03
6.133861374109983444e-03
-1.177047472447156906e-02
-5.501271784305572510e-02
9.742812812328338623e-02
5.593109130859375000e-02
9.205172955989837646e-02
7.850430160760879517e-02
-6.028250977396965027e-02
-5.846505984663963318e-02
-8.173956535756587982e-03
5.585389584302902222e-02
-5.072079133242368698e-03
-8.960701525211334229e-02
-2.698322571814060211e-02
2.725078910589218140e-02
-2.275801263749599457e-02
6.202502921223640442e-02
3.421448916196823120e-02
1.578336581587791443e-02
8.289465308189392090e-02
1.834307052195072174e-02
9.035862050950527191e-03
-6.997758895158767700e-02
5.134399235248565674e-02
-1.038800692185759544e-03
5.466587468981742859e-02
-3.687179461121559143e-02
3.590706363320350647e-02
1.319252047687768936e-02
7.792183011770248413e-02
1.685082912445068359e-03
-4.099058732390403748e-02
-6.030736118555068970e-02
-3.587684407830238342e-02
-1.521727889776229858e-01
-2.671240083873271942e-02
3.206668887287378311e-03
-2.685861894860863686e-03
-1.802184246480464935e-02
-4.349735751748085022e-02
1.999429427087306976e-02
-1.724659651517868042e-02
-2.196075860410928726e-03
-5.251573398709297180e-02
-2.357941679656505585e-02
-1.959064276888966560e-03
9.497788734734058380e-03
3.220909461379051208e-02
3.784875571727752686e-02
-2.910586481448262930e-04
-1.037172786891460419e-02
2.059831023216247559e-01
-5.752404406666755676e-02
-1.302464008331298828e-01
-2.576981112360954285e-02
9.094431065022945404e-03
6.399743258953094482e-02
-8.970684558153152466e-02
1.761342287063598633e-01
