-7.801040261983871460e-02
-5.139389261603355408e-02
6.815531849861145020e-02
-5.816363915801048279e-02
-1.742316037416458130e-02
8.382495492696762085e-02
3.415095061063766479e-02
-7.360294461250305176e-02
1.141212061047554016e-01
3.305329382419586182e-02
-5.369618162512779236e-02
-3.017767146229743958e-02
7.447088509798049927e-02
2.495135925710201263e-02
4.078406840562820435e-02
3.851266950368881226e-02
1.904080994427204132e-02
-8.823467791080474854e-02
1.005623862147331238e-02
7.464394718408584595e-02
3.273726254701614380e-02
1.635004952549934387e-02
-4.835417866706848145e-02
-1.462549716234207153e-02
1.928080990910530090e-02
-1.118330564349889755e-02
8.065926283597946167e-02
-2.861903607845306396e-02
-1.628860384225845337e-01
-2.041394636034965515e-02
-2.541107684373855591e-02
-6.906381249427795410e-02
2.238547615706920624e-02
1.359716355800628662e-01
-2.239802479743957520e-02
-6.183011457324028015e-02
-5.982835590839385986e-02
-4.389339592307806015e-03
1.372199505567550659e-02
2.075116382911801338e-03
-1.361328322673216462e-04
-4.929563030600547791e-02
-1.193115953356027603e-02
-6.104450672864913940e-02
1.396076381206512451e-01
1.267526298761367798e-01
8.314820379018783569e-02
-8.198799565434455872e-03
-7.341565936803817749e-02
-5.364569276571273804e-02
-6.109327077865600586e-02
1.338350325822830200e-01
-3.112614713609218597e-02
8.950168639421463013e-02
1.052351966500282288e-01
-3.923423960804939270e-02
-4.550117254257202148e-02
3.578268736600875854e-02
5.198600515723228455e-02
-4.704565741121768951e-03
5.388905107975006104e-02
-6.069395691156387329e-02
1.261307895183563232e-01
-1.699812114238739014e-01
3.310905769467353821e-03
3.349853307008743286e-02
-5.730247497558593750e-02
6.913989782333374023e-02
-5.371477454900741577e-02
-1.347314845770597458e-02
4.208191484212875366e-02
-6.463937461376190186e-02
-2.435708418488502502e-02
7.628488540649414062e-02
3.632513061165809631e-02
-3.313153237104415894e-02
2.090151654556393623e-03
5.475088953971862793e-02
-1.018829718232154846e-01
7.506508380174636841e-02
-4.252854734659194946e-02
5.032871663570404053e-02
4.609042033553123474e-02
-1.273360401391983032e-01
-9.265645593404769897e-02
7.762534078210592270e-03
1.151524297893047333e-02
8.786449581384658813e-02
-6.048399489372968674e-03
-8.153542131185531616e-02
3.985908813774585724e-03
1.871219649910926819e-02
-7.978446036577224731e-02
1.135827973484992981e-01
-1.092281118035316467e-01
-2.094714157283306122e-02
-9.184210002422332764e-02
2.587651647627353668e-02
1.218892354518175125e-02
-9.601340629160404205e-03
-1.053891777992248535e-01
-4.576276242733001709e-02
-4.272897914052009583e-02
6.329274177551269531e-02
-3.999302536249160767e-02
-1.440131850540637970e-02
8.573968708515167236e-02
2.727699838578701019e-02
4.907881841063499451e-02
-2.934284508228302002e-02
-9.827110171318054199e-02
4.220613464713096619e-02
-3.425713256001472473e-02
-8.111535757780075073e-02
-9.163357317447662354e-02
-2.525264583528041840e-02
3.895212337374687195e-02
-5.441977083683013916e-02
1.297880150377750397e-02
7.049947977066040039e-02
5.193460360169410706e-02
-5.889419838786125183e-02
9.535653516650199890e-03
-1.531251613050699234e-02
2.492441795766353607e-02
8.079051971435546875e-02
-2.723204530775547028e-02
-9.238291531801223755e-02
-1.648025959730148315e-02
-4.524118825793266296e-02
1.030078809708356857e-02
-1.262136995792388916e-01
5.686797574162483215e-02
8.896326646208763123e-03
-9.210625663399696350e-03
-2.585273608565330505e-02
8.389341831207275391e-02
-4.455022141337394714e-02
-4.463565722107887268e-02
1.146686077117919922e-02
-2.137010917067527771e-02
-7.736273109912872314e-02
7.809630781412124634e-02
7.001565396785736084e-02
4.202795028686523438e-02
1.413996145129203796e-02
-1.333803404122591019e-02
9.381793439388275146e-02
3.869570419192314148e-02
8.433527313172817230e-03
2.403708547353744507e-02
-2.065460756421089172e-02
-4.136326536536216736e-02
-9.649656713008880615e-02
-8.035601116716861725e-03
8.355676382780075073e-02
2.123880013823509216e-02
9.396513551473617554e-02
-7.264061272144317627e-02
1.024835929274559021e-01
6.333521753549575806e-02
-3.213691292330622673e-03
4.530167207121849060e-03
3.409662097692489624e-02
-3.394379466772079468e-02
1.856901124119758606e-02
-7.085625827312469482e-02
-5.169851332902908325e-02
3.156615421175956726e-02
-4.786846414208412170e-02
7.492569088935852051e-02
-2.073210850358009338e-02
5.983798950910568237e-02
3.183819353580474854e-02
-5.022048577666282654e-02
-2.346637099981307983e-02
-3.085212409496307373e-02
-3.107171272858977318e-03
7.134757470339536667e-03
4.486114904284477234e-02
7.384507916867733002e-03
1.207527704536914825e-03
1.934910565614700317e-02
-4.973089322447776794e-02
-1.411097124218940735e-02
1.622231490910053253e-02
-2.757802605628967285e-02
-5.463809520006179810e-02
9.388273209333419800e-02
-5.786884948611259460e-02
-7.497633248567581177e-02
-1.819594204425811768e-02
5.476704612374305725e-02
-1.498973667621612549e-01
1.107015460729598999e-01
9.926498681306838989e-02
1.426844745874404907e-01
6.843798607587814331e-02
8.513488620519638062e-02
-8.806359767913818359e-02
1.516998186707496643e-02
-1.976617053151130676e-02
2.207614667713642120e-02
-1.358199119567871094e-01
-2.450789697468280792e-02
-3.861029446125030518e-02
3.275369480252265930e-02
2.110935188829898834e-02
-6.315751932561397552e-03
9.427278302609920502e-03
8.499770425260066986e-03
-3.962765261530876160e-02
4.838622361421585083e-02
-8.480707556009292603e-02
1.572245731949806213e-02
-5.930854473263025284e-03
1.890358328819274902e-02
4.887596517801284790e-02
-7.297097705304622650e-03
5.938607826828956604e-02
9.319189935922622681e-02
1.127690915018320084e-02
-5.513804405927658081e-02
-2.833849051967263222e-03
-5.547107011079788208e-02
-1.070527434349060059e-01
2.823589369654655457e-03
1.580338180065155029e-02
6.710269488394260406e-03
9.452494792640209198e-03
-1.225045323371887207e-01
5.530703812837600708e-02
-1.322228908538818359e-01
-4.779006168246269226e-02
5.007055029273033142e-02
5.400714650750160217e-02
-1.462761014699935913e-01
-5.094704404473304749e-02
-3.332292661070823669e-02
4.640023782849311829e-02
3.093514824286103249e-03
9.951354563236236572e-02
1.590162217617034912e-01
-1.056476905941963196e-01
-8.420407772064208984e-02
-7.037374190986156464e-03
-2.859357558190822601e-02
1.124520301818847656e-01
-2.056106925010681152e-02
1.112137585878372192e-01
