-8.504355698823928833e-02
-7.260745763778686523e-02
7.719696313142776489e-02
-6.264135986566543579e-02
-2.986603416502475739e-02
1.052624657750129700e-01
6.368409097194671631e-02
-1.066265404224395752e-01
1.385325491428375244e-01
4.722421616315841675e-02
-7.712044566869735718e-02
-6.263010948896408081e-02
9.887884557247161865e-02
8.611496741650626063e-05
1.653151214122772217e-02
4.552100598812103271e-02
3.569892421364784241e-02
-1.033190116286277771e-01
1.254852116107940674e-02
6.574038416147232056e-02
5.531046167016029358e-02
2.178307995200157166e-02
-3.773400932550430298e-02
-3.698043897747993469e-02
3.606513887643814087e-02
-2.264214865863323212e-02
5.550317466259002686e-02
-5.945849791169166565e-02
-1.722759306430816650e-01
-1.508623361587524414e-02
-5.374410003423690796e-02
-9.797476977109909058e-02
-5.635072942823171616e-03
1.448917984962463379e-01
-1.897370442748069763e-03
-5.073725432157516479e-02
-7.074345648288726807e-02
-1.796508952975273132e-02
-9.612604975700378418e-03
1.579105108976364136e-02
-1.184162800200283527e-03
-3.037777543067932129e-02
7.871240377426147461e-03
-9.143763035535812378e-02
1.411518007516860962e-01
1.127487495541572571e-01
7.363902032375335693e-02
-2.883877838030457497e-03
-8.475439995527267456e-02
-6.886704266071319580e-02
-6.204332038760185242e-02
1.439059078693389893e-01
-8.800314739346504211e-03
8.667951077222824097e-02
1.236986666917800903e-01
-1.911618374288082123e-02
-6.186125800013542175e-02
9.650989435613155365e-03
4.077720642089843750e-02
-5.635960493236780167e-03
5.105726793408393860e-02
-2.704960480332374573e-02
1.102982535958290100e-01
-1.576630324125289917e-01
-1.865437137894332409e-03
2.321176975965499878e-02
-4.455880448222160339e-02
5.357094481587409973e-02
-3.944551572203636169e-02
1.912444084882736206e-02
2.346027828752994537e-02
-6.189124658703804016e-02
-3.039229661226272583e-02
5.349071323871612549e-02
3.869750723242759705e-02
-1.329874712973833084e-02
1.713929697871208191e-02
3.174087032675743103e-02
-8.873507380485534668e-02
6.367518752813339233e-02
-4.406717047095298767e-02
5.087824165821075439e-02
3.070798702538013458e-02
-1.147878244519233704e-01
-5.413152649998664856e-02
-2.069118991494178772e-02
9.976338595151901245e-03
7.472749799489974976e-02
-1.156342681497335434e-02
-7.124730944633483887e-02
-6.815880187787115574e-04
4.090310260653495789e-02
-7.779263705015182495e-02
8.159888535737991333e-02
-1.040596067905426025e-01
-4.958676174283027649e-03
-1.046022102236747742e-01
1.521038450300693512e-02
-8.487159386277198792e-03
-1.981877721846103668e-02
-8.587039262056350708e-02
-3.572500124573707581e-02
-2.482028678059577942e-02
5.540640279650688171e-02
-3.228885307908058167e-02
-2.535745315253734589e-02
6.455008685588836670e-02
1.975610665977001190e-02
4.947701469063758850e-02
-2.839904511347413063e-03
-7.906460016965866089e-02
3.592232614755630493e-02
-4.985091835260391235e-02
-6.683132052421569824e-02
-8.587454259395599365e-02
-3.113208524882793427e-02
2.204446867108345032e-02
-6.400772929191589355e-02
-2.799782669171690941e-03
7.408002018928527832e-02
2.911995723843574524e-02
-5.832850933074951172e-02
-2.610614523291587830e-03
-3.198923543095588684e-02
3.700190410017967224e-02
7.035300135612487793e-02
-2.624173648655414581e-02
-8.226867020130157471e-02
-4.719902947545051575e-02
-3.475502878427505493e-02
1.442426256835460663e-02
-9.944120049476623535e-02
4.484888911247253418e-02
1.402647700160741806e-02
7.332002278417348862e-03
-4.129182919859886169e-02
8.434632420539855957e-02
-4.468395188450813293e-02
-3.684872761368751526e-02
-4.960171412676572800e-03
-2.245403453707695007e-02
-5.221992731094360352e-02
6.034437194466590881e-02
5.431467294692993164e-02
3.671259433031082153e-02
1.529528945684432983e-02
1.750909606926143169e-03
6.773128360509872437e-02
5.970766767859458923e-02
-1.493764761835336685e-02
4.299772903323173523e-02
-1.050758361816406250e-02
-6.983009167015552521e-03
-9.929928183555603027e-02
5.132259801030158997e-03
6.306827068328857422e-02
1.342751365154981613e-02
6.675764918327331543e-02
-5.249942839145660400e-02
1.031200885772705078e-01
5.293421074748039246e-02
6.515740416944026947e-03
-1.405598595738410950e-02
2.852430380880832672e-02
-5.610825121402740479e-02
1.808658987283706665e-02
-5.537095665931701660e-02
-2.861076220870018005e-02
4.537433013319969177e-02
-5.834269896149635315e-02
5.265118926763534546e-02
-2.925414405763149261e-02
8.042422682046890259e-02
4.185881093144416809e-02
-6.041418388485908508e-02
-2.034434489905834198e-02
-2.749165147542953491e-02
-1.104568410664796829e-02
1.990406308323144913e-03
4.804990254342556000e-03
-1.500572636723518372e-02
1.521263271570205688e-03
1.688600145280361176e-02
-4.717291519045829773e-02
-2.963312529027462006e-02
2.300213789567351341e-03
-2.637910284101963043e-02
-5.475056543946266174e-02
7.138901948928833008e-02
-6.542846560478210449e-02
-6.215840205550193787e-02
-1.657972484827041626e-02
7.403799891471862793e-02
-1.379150599241256714e-01
1.003276556730270386e-01
8.125689625740051270e-02
1.514278352260589600e-01
5.264993757009506226e-02
9.684958308935165405e-02
-5.222380906343460083e-02
-6.907536182552576065e-03
-3.044071048498153687e-02
3.121845051646232605e-02
-1.396097838878631592e-01
-1.923732459545135498e-02
-2.335864864289760590e-02
4.346091672778129578e-02
-4.843508824706077576e-03
-1.063662301748991013e-02
-3.952005412429571152e-03
-6.434262730181217194e-03
-2.252021431922912598e-02
5.075594410300254822e-02
-7.783115655183792114e-02
1.329784095287322998e-02
5.906605161726474762e-03
2.595132775604724884e-02
6.022495776414871216e-02
1.295049209147691727e-02
7.173404842615127563e-02
8.489029109477996826e-02
7.199054583907127380e-03
-6.739570200443267822e-02
-8.840764872729778290e-03
-4.592055454850196838e-02
-1.176493987441062927e-01
3.394741192460060120e-02
1.911374554038047791e-02
5.167775321751832962e-03
1.851412281394004822e-02
-1.223633736371994019e-01
8.018451184034347534e-02
-1.648186445236206055e-01
-3.710987418889999390e-02
6.870740652084350586e-02
8.172321319580078125e-02
-1.710429638624191284e-01
-6.462683528661727905e-02
-4.367588460445404053e-02
3.213113546371459961e-02
2.912256401032209396e-03
1.366435736417770386e-01
1.599786579608917236e-01
-1.083203926682472229e-01
-7.606632262468338013e-02
-3.206532215699553490e-03
-4.040728136897087097e-02
1.212551444768905640e-01
-2.728701010346412659e-02
1.137902811169624329e-01
