-8.902502804994583130e-02
-4.588172212243080139e-02
7.320055365562438965e-02
-1.006680056452751160e-01
2.075107302516698837e-03
1.416832208633422852e-01
7.042758911848068237e-02
-1.768458187580108643e-01
1.360304802656173706e-01
5.430701375007629395e-02
-1.042924448847770691e-01
-8.128919452428817749e-02
1.004407629370689392e-01
-1.966384705156087875e-03
7.071917504072189331e-02
7.201346755027770996e-02
3.549601137638092041e-02
-8.442181348800659180e-02
1.633466966450214386e-02
2.708786912262439728e-02
2.294083312153816223e-02
-3.689708188176155090e-02
-1.975682191550731659e-02
-4.581734538078308105e-02
8.679063059389591217e-03
-1.543702790513634682e-03
6.341583281755447388e-02
-3.755868598818778992e-02
-3.995795920491218567e-02
2.745851501822471619e-02
-1.570471562445163727e-02
-5.267827585339546204e-02
-5.663209408521652222e-02
6.640255451202392578e-02
-3.067831322550773621e-02
-5.739890038967132568e-03
-2.575483173131942749e-02
-1.262702699750661850e-02
1.536173839122056961e-02
-2.010207157582044601e-03
-5.562154948711395264e-02
3.263279795646667480e-02
1.412234921008348465e-02
-6.149833649396896362e-02
1.115431711077690125e-01
4.274089261889457703e-02
3.453362360596656799e-02
7.964596152305603027e-03
-3.410663688555359840e-03
-6.247975304722785950e-02
-1.072024032473564148e-01
3.070244565606117249e-02
-6.900072563439607620e-03
3.027489222586154938e-02
4.518948122859001160e-02
1.008366513997316360e-02
-5.053572729229927063e-02
3.964693099260330200e-02
7.780757732689380646e-03
6.930343806743621826e-02
7.800705730915069580e-02
-6.942763179540634155e-02
1.168943420052528381e-01
-1.305995881557464600e-01
-2.711713314056396484e-02
2.173747780034318566e-04
-5.088618397712707520e-02
8.322884887456893921e-02
-4.267377778887748718e-02
-3.474215418100357056e-02
6.533988565206527710e-02
-2.664034813642501831e-02
-5.378921702504158020e-02
3.488757088780403137e-02
6.921190652064979076e-04
6.789276003837585449e-02
3.329161554574966431e-02
3.129250928759574890e-02
-8.662184327840805054e-02
1.010777354240417480e-01
-5.414264276623725891e-02
5.527220666408538818e-02
2.116931229829788208e-02
-7.644927501678466797e-02
-4.805036634206771851e-02
-3.371229395270347595e-02
-9.267557761631906033e-04
7.299292087554931641e-02
3.261535242199897766e-02
-7.215587794780731201e-02
-1.882181968539953232e-03
2.805635891854763031e-02
-1.010764613747596741e-01
3.066805936396121979e-02
-6.475382298231124878e-02
4.859805572777986526e-03
-1.018613129854202271e-01
2.198774740099906921e-02
-7.395695894956588745e-03
-2.870292216539382935e-02
-1.073915511369705200e-01
2.113305404782295227e-02
-5.201374646276235580e-03
3.434708341956138611e-02
-7.182729244232177734e-02
-6.222305819392204285e-03
4.407227411866188049e-02
-2.769279526546597481e-03
5.866858363151550293e-02
2.234527608379721642e-03
-7.515976577997207642e-02
3.673284663818776608e-04
4.133483394980430603e-03
-6.319028884172439575e-02
-1.361398100852966309e-01
-4.554542899131774902e-02
-1.624981872737407684e-02
-4.759630188345909119e-02
-2.302222186699509621e-03
4.511182010173797607e-02
7.033083587884902954e-02
-4.598453268408775330e-02
7.819213718175888062e-02
-3.389782086014747620e-02
9.240395389497280121e-03
9.453738480806350708e-02
-1.076066419482231140e-01
-7.266482710838317871e-02
-5.267250537872314453e-02
6.035437691025435925e-04
-6.768374238163232803e-03
-6.605527549982070923e-02
4.547417536377906799e-02
1.077737938612699509e-02
2.582180686295032501e-02
-1.683724578469991684e-03
7.847362756729125977e-02
-2.915597707033157349e-02
-5.002388358116149902e-02
-3.589390218257904053e-02
-7.444625347852706909e-02
-7.215669006109237671e-02
3.697967901825904846e-02
6.223048269748687744e-02
4.368518292903900146e-02
4.587267711758613586e-02
-2.073152922093868256e-02
2.634696476161479950e-02
3.709938749670982361e-02
-1.850409246981143951e-02
1.669875346124172211e-02
-3.320843912661075592e-03
1.710789278149604797e-02
-1.327847540378570557e-01
-2.289008349180221558e-02
6.910677999258041382e-02
1.579952426254749298e-02
1.262292712926864624e-01
-5.930673703551292419e-02
7.696739584207534790e-02
1.964270137250423431e-03
-8.298819884657859802e-03
-4.489977657794952393e-02
-7.740602362900972366e-03
-6.039297580718994141e-02
9.381889365613460541e-03
-7.128087431192398071e-02
1.277842558920383453e-02
1.101528294384479523e-02
-5.779241770505905151e-02
2.638020366430282593e-02
-5.084304139018058777e-02
5.110420286655426025e-02
4.606678709387779236e-02
2.108274027705192566e-02
-2.201509289443492889e-02
2.841612324118614197e-02
-3.529351437464356422e-03
-1.300737168639898300e-02
2.342702075839042664e-02
-3.701047226786613464e-02
1.974527351558208466e-02
2.411877177655696869e-02
1.299596298485994339e-02
-6.157983466982841492e-02
1.517601922387257218e-04
-7.119350880384445190e-02
-3.957568109035491943e-02
5.834160372614860535e-02
-3.513755649328231812e-02
-3.773643076419830322e-02
-2.090590819716453552e-02
6.966944038867950439e-02
-7.381876558065414429e-02
8.840835094451904297e-02
6.183480471372604370e-02
8.803236484527587891e-02
4.634985700249671936e-02
8.760815858840942383e-02
1.689646043814718723e-03
-1.439256966114044189e-02
-2.812130935490131378e-02
3.575265407562255859e-02
-1.594711989164352417e-01
1.793225668370723724e-02
-7.248293608427047729e-02
5.568156018853187561e-02
-3.314568847417831421e-02
1.784060522913932800e-02
-2.890860475599765778e-02
-2.404811047017574310e-02
-3.042235970497131348e-02
3.814124688506126404e-02
-3.782271221280097961e-02
2.933760732412338257e-02
-3.393111005425453186e-02
6.867008656263351440e-02
1.215430274605751038e-01
-3.843738464638590813e-03
4.775922000408172607e-02
6.853611767292022705e-02
-5.551746115088462830e-02
-1.025095283985137939e-01
-4.569842293858528137e-02
-7.910939306020736694e-02
-1.209587305784225464e-01
3.967696800827980042e-02
5.311014130711555481e-02
1.255819201469421387e-02
4.299497604370117188e-02
-2.671882808208465576e-01
1.349824070930480957e-01
-1.893201768398284912e-01
-5.756575986742973328e-02
7.967826724052429199e-02
5.959739908576011658e-02
-2.282250374555587769e-01
-5.018550530076026917e-02
-4.507557675242424011e-02
2.926016226410865784e-02
-1.323708985000848770e-02
1.016194671392440796e-01
8.491702377796173096e-02
-1.319845169782638550e-01
-4.840392246842384338e-02
1.906265877187252045e-02
-2.234817110002040863e-02
5.462898313999176025e-02
-1.725491508841514587e-02
3.093873709440231323e-02
