-1.028384566307067871e-01
-5.004919692873954773e-02
1.047190874814987183e-01
-6.771265715360641479e-02
-3.920986875891685486e-02
1.283814013004302979e-01
2.190757356584072113e-02
-1.405052989721298218e-01
1.106915101408958435e-01
5.605099350214004517e-02
-1.320574581623077393e-01
-4.949107393622398376e-02
1.501218080520629883e-01
-2.167013287544250488e-02
-5.284945480525493622e-03
7.368622720241546631e-02
1.100680045783519745e-02
-9.211022406816482544e-02
2.959025651216506958e-02
3.325235471129417419e-02
6.578580290079116821e-02
-2.738800644874572754e-02
5.674694664776325226e-03
-4.670455306768417358e-02
4.780260846018791199e-02
-4.890267737209796906e-03
4.073795303702354431e-02
-1.179378181695938110e-01
-1.564361006021499634e-01
-6.608255207538604736e-02
-5.871646851301193237e-02
-6.101737916469573975e-02
2.001187019050121307e-02
1.159756854176521301e-01
8.976880460977554321e-03
-4.143899306654930115e-02
-5.274520441889762878e-02
-4.048344120383262634e-02
1.865189522504806519e-02
-1.094721490517258644e-03
-2.548653632402420044e-02
-1.843484677374362946e-02
3.369794040918350220e-02
-4.406238347291946411e-02
6.220981851220130920e-02
6.863308697938919067e-02
1.295772846788167953e-02
-2.475872077047824860e-02
-5.832492932677268982e-02
-6.667523831129074097e-02
-3.242698684334754944e-02
7.195493578910827637e-02
-1.620328426361083984e-02
-1.465907413512468338e-02
6.091688200831413269e-02
2.348321862518787384e-02
-6.532040983438491821e-02
6.567375734448432922e-03
4.021571949124336243e-02
5.964606255292892456e-02
4.807250574231147766e-02
1.300031412392854691e-02
5.285364389419555664e-02
-1.402082741260528564e-01
-9.509377181529998779e-03
-3.092655166983604431e-02
-5.673078075051307678e-02
8.102532476186752319e-02
-8.501537144184112549e-02
-2.859300188720226288e-02
-3.162248805165290833e-02
-1.975725963711738586e-02
1.296262349933385849e-02
8.747768402099609375e-02
1.310028042644262314e-02
4.737748205661773682e-02
4.432277381420135498e-02
3.566511347889900208e-02
-6.855431944131851196e-02
3.966423869132995605e-02
-5.181236565113067627e-02
4.320897161960601807e-02
3.289379552006721497e-02
-8.946356922388076782e-02
-6.921702623367309570e-02
1.332972105592489243e-02
6.961987167596817017e-02
1.116950958967208862e-01
-2.876454591751098633e-02
-1.762397121638059616e-03
3.005525842308998108e-02
-4.554966464638710022e-02
-1.042249426245689392e-01
1.463428419083356857e-02
-1.098113507032394409e-01
2.336259745061397552e-02
-7.473630458116531372e-02
5.916513502597808838e-02
-3.301004320383071899e-02
-2.344949170947074890e-02
-8.805490285158157349e-02
-5.257160868495702744e-03
8.972786366939544678e-03
1.671206764876842499e-02
-6.484965234994888306e-02
-5.360778048634529114e-02
7.443711161613464355e-02
-1.167710288427770138e-03
-6.040527019649744034e-03
5.033908411860466003e-03
-4.278397560119628906e-02
1.387624815106391907e-02
6.719801109284162521e-03
-1.614195108413696289e-02
-9.652897715568542480e-02
1.461193989962339401e-02
5.884791538119316101e-02
-6.990027427673339844e-02
-2.616628771647810936e-03
9.558374434709548950e-02
7.133515179157257080e-02
-3.248143196105957031e-02
-1.099635567516088486e-02
-1.953119062818586826e-03
3.363414108753204346e-02
8.089566230773925781e-02
-7.482268661260604858e-02
-7.157406955957412720e-02
-8.162645250558853149e-02
-1.162004377692937851e-02
3.216548636555671692e-02
-4.543126001954078674e-02
6.335895508527755737e-02
5.583306029438972473e-02
-3.409367427229881287e-02
-5.368617922067642212e-02
1.457391232252120972e-01
-7.497485727071762085e-02
-2.294832654297351837e-02
-7.086681574583053589e-02
-8.869505487382411957e-03
-6.249502673745155334e-02
6.058528274297714233e-02
8.414919674396514893e-02
4.474046081304550171e-02
3.461287170648574829e-02
-3.834098950028419495e-02
2.577090635895729065e-02
8.099237829446792603e-02
-7.219325751066207886e-02
6.203008815646171570e-02
-1.115398202091455460e-02
5.026290193200111389e-02
-5.112806335091590881e-02
-2.021482214331626892e-02
5.352310463786125183e-02
6.031308788806200027e-03
1.033422946929931641e-01
-7.875871658325195312e-02
7.983635365962982178e-02
2.834238670766353607e-02
-6.222540512681007385e-03
6.259078509174287319e-04
-2.717727608978748322e-02
-5.649875849485397339e-02
1.534428820013999939e-02
-5.997721105813980103e-03
2.287840936332941055e-03
2.575953025370836258e-03
-4.984628781676292419e-02
6.525766104459762573e-03
-4.876181855797767639e-02
5.188833177089691162e-02
2.064875327050685883e-02
-6.869064271450042725e-02
-3.727345913648605347e-02
-1.888231560587882996e-02
-1.073347311466932297e-02
2.353765256702899933e-02
6.602138746529817581e-03
-5.633666738867759705e-02
2.027445659041404724e-02
5.247676745057106018e-02
-1.207472741953097284e-04
-5.733648687601089478e-02
1.390162203460931778e-02
-1.578685827553272247e-02
4.066495597362518311e-02
5.142565816640853882e-02
-5.643030628561973572e-02
-6.602250970900058746e-03
-4.712055996060371399e-02
7.361668348312377930e-02
-8.693791180849075317e-02
1.160170435905456543e-01
5.138354375958442688e-02
1.444968879222869873e-01
2.684008888900279999e-02
9.623885154724121094e-02
-1.195439603179693222e-02
-4.377503693103790283e-02
-1.148764137178659439e-02
1.648436859250068665e-02
-1.541493982076644897e-01
-2.111722342669963837e-02
-1.004423107951879501e-02
8.346346765756607056e-02
6.074718665331602097e-03
-1.205240935087203979e-02
-3.057659417390823364e-02
-3.174069896340370178e-02
-5.782585963606834412e-02
6.812202930450439453e-02
-5.753707513213157654e-02
-1.882885000668466091e-03
-8.653085096739232540e-04
3.122664429247379303e-02
7.094077020883560181e-02
2.543485537171363831e-02
7.957645505666732788e-02
8.434710651636123657e-02
-1.519800350069999695e-02
-6.580840051174163818e-02
-6.522746384143829346e-02
-1.000357568264007568e-01
-1.267776787281036377e-01
7.628235965967178345e-02
3.750307485461235046e-02
3.239867091178894043e-02
-1.239389274269342422e-02
-2.417838871479034424e-01
7.833278179168701172e-02
-1.850377470254898071e-01
-5.819021165370941162e-02
6.029427051544189453e-02
8.676780015230178833e-02
-1.942764222621917725e-01
-6.225093081593513489e-02
-1.525633316487073898e-02
1.830749213695526123e-02
9.824144653975963593e-03
9.495239704847335815e-02
6.711659580469131470e-02
-1.067031845450401306e-01
-3.941383585333824158e-02
-5.814126692712306976e-03
-1.916084252297878265e-02
2.407120354473590851e-02
1.384630519896745682e-02
8.145664632320404053e-02
