-7.875780761241912842e-02
-7.630825787782669067e-02
7.346447557210922241e-02
-5.938464030623435974e-02
-1.648982055485248566e-02
6.335745006799697876e-02
1.648208498954772949e-02
-6.512185931205749512e-02
8.451788872480392456e-02
1.941624283790588379e-02
-6.784186512231826782e-02
-4.024608433246612549e-02
7.898724824190139771e-02
1.002058666199445724e-02
4.568149521946907043e-02
5.673426389694213867e-02
4.466765001416206360e-02
-9.472101181745529175e-02
9.612642228603363037e-03
6.152161583304405212e-02
5.341215804219245911e-02
1.459302194416522980e-02
-2.872831374406814575e-02
-2.404406294226646423e-02
3.028813004493713379e-02
-2.624835819005966187e-02
6.804256886243820190e-02
-1.797139085829257965e-02
-1.791149377822875977e-01
5.762740969657897949e-03
-3.527589514851570129e-02
-1.058156862854957581e-01
-1.512494590133428574e-02
1.348045468330383301e-01
-6.440844386816024780e-03
-3.808871656656265259e-02
-9.876387566328048706e-02
7.784201763570308685e-03
8.197635412216186523e-03
3.155947476625442505e-02
-1.935711130499839783e-02
-5.970394611358642578e-02
1.582767069339752197e-02
-9.447251260280609131e-02
1.525152921676635742e-01
1.079360991716384888e-01
8.208013325929641724e-02
4.261776339262723923e-03
-9.656242281198501587e-02
-8.546312898397445679e-02
-7.511926442384719849e-02
1.556496769189834595e-01
-3.303980082273483276e-02
9.805513918399810791e-02
1.110267043113708496e-01
-5.212724581360816956e-02
-4.861745238304138184e-02
3.363461419939994812e-02
5.488947406411170959e-02
-1.869977265596389771e-02
4.788015782833099365e-02
-7.149817049503326416e-02
1.150707304477691650e-01
-1.603221744298934937e-01
2.476938534528017044e-03
2.229419723153114319e-02
-3.754215687513351440e-02
4.913606867194175720e-02
6.680916412733495235e-04
-2.252874895930290222e-02
7.041057944297790527e-02
-5.199859663844108582e-02
-4.099095612764358521e-02
5.608265474438667297e-02
3.074003197252750397e-02
-4.284654930233955383e-02
6.543444003909826279e-03
5.560529604554176331e-02
-9.983674436807632446e-02
9.606642276048660278e-02
-6.046618148684501648e-02
3.479534015059471130e-02
3.619470074772834778e-02
-1.505013555288314819e-01
-8.559111505746841431e-02
-1.277705561369657516e-02
9.728019125759601593e-03
1.000742539763450623e-01
2.339992439374327660e-03
-7.678697258234024048e-02
6.013112142682075500e-04
4.808099940419197083e-02
-8.951788395643234253e-02
1.031267791986465454e-01
-1.212574094533920288e-01
-2.790507115423679352e-02
-1.065150424838066101e-01
1.424948871135711670e-02
3.834614530205726624e-02
-7.140889763832092285e-03
-1.073518171906471252e-01
-4.569157212972640991e-02
-6.729065626859664917e-02
6.702613830566406250e-02
-2.245982550084590912e-02
-1.865020580589771271e-02
7.299276441335678101e-02
1.622748747467994690e-02
6.075271219015121460e-02
-2.797567285597324371e-02
-7.436497509479522705e-02
3.683087974786758423e-02
-4.180674999952316284e-02
-4.620223119854927063e-02
-9.090457856655120850e-02
-3.933790698647499084e-02
1.090258546173572540e-02
-4.928631335496902466e-02
-3.786031389608979225e-03
6.967068463563919067e-02
3.764158114790916443e-02
-5.658269673585891724e-02
-1.554255001246929169e-02
-2.042051218450069427e-02
6.461547221988439560e-03
8.792316913604736328e-02
-2.451982721686363220e-02
-9.661681205034255981e-02
-6.642028223723173141e-03
-3.405760228633880615e-02
-1.950336247682571411e-02
-8.573958277702331543e-02
3.604524955153465271e-02
-1.480446662753820419e-02
2.899759076535701752e-02
-3.562052547931671143e-02
4.936755821108818054e-02
2.978495089337229729e-03
-4.182566329836845398e-02
2.150065079331398010e-02
5.130498670041561127e-03
-5.441404134035110474e-02
6.285303086042404175e-02
6.262141466140747070e-02
4.929420724511146545e-02
8.029767312109470367e-03
-9.234541095793247223e-03
7.771626859903335571e-02
4.748068377375602722e-02
2.647053450345993042e-03
1.337752304971218109e-02
-1.094203069806098938e-02
-2.495259419083595276e-02
-1.041520684957504272e-01
-4.187642771285027266e-04
8.790699392557144165e-02
1.095123961567878723e-02
6.473231315612792969e-02
-5.598330870270729065e-02
9.085250645875930786e-02
5.549033731222152710e-02
5.389135330915451050e-03
2.437530085444450378e-02
3.991451486945152283e-02
-3.422725573182106018e-02
4.179299995303153992e-02
-7.240439951419830322e-02
-3.854069486260414124e-02
4.609773680567741394e-02
-6.519978493452072144e-02
7.485828548669815063e-02
-5.803805589675903320e-02
8.013395220041275024e-02
3.265438973903656006e-02
-4.233500733971595764e-02
-3.309259936213493347e-02
-3.502548113465309143e-02
-1.812147349119186401e-02
-1.757039874792098999e-02
3.941214457154273987e-02
-6.851358804851770401e-03
-5.425084382295608521e-03
5.380541831254959106e-02
-3.683841228485107422e-02
-2.230265550315380096e-02
2.233633212745189667e-02
-2.468230575323104858e-02
-5.387300252914428711e-02
8.397277444601058960e-02
-6.339057534933090210e-02
-4.478605464100837708e-02
-9.016235359013080597e-03
5.057013407349586487e-02
-1.344385743141174316e-01
9.531723707914352417e-02
8.007641136646270752e-02
1.197463124990463257e-01
7.783921808004379272e-02
6.598059087991714478e-02
-3.244775533676147461e-02
9.831384755671024323e-03
-1.305179391056299210e-02
3.462141007184982300e-02
-1.249301284551620483e-01
-1.435449346899986267e-02
-3.947668895125389099e-02
3.236082941293716431e-02
3.746682778000831604e-03
1.665949355810880661e-03
-6.983452010899782181e-03
2.455986104905605316e-02
-1.926152221858501434e-02
4.812579974532127380e-02
-7.777041196823120117e-02
3.786209225654602051e-02
-9.692446328699588776e-03
4.336690157651901245e-02
4.959404468536376953e-02
-7.019423879683017731e-03
4.430323094129562378e-02
7.163195312023162842e-02
1.407369691878557205e-02
-5.769804120063781738e-02
-1.912520639598369598e-02
-3.630938008427619934e-02
-1.240354776382446289e-01
1.831005676649510860e-03
2.551978267729282379e-02
7.630063220858573914e-03
1.200540550053119659e-02
-1.224024072289466858e-01
6.342291086912155151e-02
-1.268737912178039551e-01
-5.470198765397071838e-02
2.962504886090755463e-02
4.192389175295829773e-02
-1.380262374877929688e-01
-4.549245536327362061e-02
-2.293462119996547699e-02
4.560244455933570862e-02
-3.914621192961931229e-03
8.457987010478973389e-02
1.916128545999526978e-01
-1.283288300037384033e-01
-9.947770833969116211e-02
-8.700774982571601868e-03
-1.590041071176528931e-02
1.169979795813560486e-01
-4.294218868017196655e-02
1.346768289804458618e-01
