-5.982474982738494873e-02
-2.519294247031211853e-02
3.404759988188743591e-02
-3.738522157073020935e-02
3.405869705602526665e-03
4.799738898873329163e-02
5.309386923909187317e-02
-7.685203105211257935e-02
1.091879233717918396e-01
3.466903045773506165e-02
-7.356601208448410034e-02
-8.630533516407012939e-02
6.659730523824691772e-02
-3.036517277359962463e-02
3.130246698856353760e-02
2.634471282362937927e-02
5.936902388930320740e-02
-7.272478938102722168e-02
2.190790697932243347e-02
2.147591486573219299e-02
2.244899608194828033e-02
-8.786728605628013611e-03
-2.673601172864437103e-02
-7.304713595658540726e-03
1.566344685852527618e-02
-1.643808744847774506e-02
1.396823581308126450e-02
3.910805564373731613e-03
-7.554788887500762939e-02
2.967000938951969147e-02
-2.648399956524372101e-02
-8.105048537254333496e-02
-3.758819401264190674e-02
8.629234880208969116e-02
-1.583604514598846436e-02
-9.462317451834678650e-03
-7.185135781764984131e-02
5.638538859784603119e-03
-1.974399946630001068e-02
3.090479038655757904e-02
-2.716965228319168091e-02
-1.305179856717586517e-02
-6.891594268381595612e-03
-8.885882794857025146e-02
1.403055638074874878e-01
9.914968907833099365e-02
8.081576973199844360e-02
-1.964728347957134247e-02
-4.059941694140434265e-02
-8.740481734275817871e-02
-6.454798579216003418e-02
1.122515425086021423e-01
-8.686495944857597351e-03
1.008801683783531189e-01
8.530671149492263794e-02
-2.288195118308067322e-02
-5.263423547148704529e-02
3.473842516541481018e-02
2.796392142772674561e-02
-1.330702938139438629e-02
6.180257722735404968e-02
-4.946342855691909790e-02
1.031031012535095215e-01
-1.607219576835632324e-01
-1.099435053765773773e-02
1.570533961057662964e-02
-1.097280345857143402e-02
4.450200498104095459e-02
-1.641972921788692474e-02
-3.105217218399047852e-02
5.793812498450279236e-02
-2.642920613288879395e-02
-4.526546970009803772e-02
2.872853539884090424e-02
1.302553247660398483e-02
6.106250919401645660e-03
1.934631168842315674e-02
3.945938870310783386e-02
-4.904903098940849304e-02
6.644371151924133301e-02
-6.244746595621109009e-02
4.888129606842994690e-02
2.091694623231887817e-02
-1.056653112173080444e-01
-4.602620750665664673e-02
-2.762578986585140228e-02
-5.304448422975838184e-04
6.547543406486511230e-02
2.383830212056636810e-02
-8.529437333345413208e-02
3.002328425645828247e-02
5.569053068757057190e-02
-7.583133876323699951e-02
7.049247622489929199e-02
-9.721566736698150635e-02
5.446879658848047256e-03
-9.768099337816238403e-02
1.025324501097202301e-02
-6.670474074780941010e-03
-1.297635398805141449e-02
-7.508675754070281982e-02
-3.365847468376159668e-02
-2.254605293273925781e-02
3.424690663814544678e-02
-1.971059292554855347e-02
-1.694763451814651489e-02
7.313709706068038940e-02
1.588605716824531555e-02
6.885065138339996338e-02
4.503508564084768295e-03
-8.574727922677993774e-02
8.141943253576755524e-03
-3.715057671070098877e-02
-5.823751538991928101e-02
-5.951361358165740967e-02
-3.731359913945198059e-02
1.327918097376823425e-02
-2.808363363146781921e-02
-1.844374835491180420e-02
5.084308981895446777e-02
1.783877424895763397e-02
-4.509531706571578979e-02
-8.257785229943692684e-04
-4.513024818152189255e-03
5.395102314651012421e-03
5.751933157444000244e-02
-3.218945488333702087e-02
-8.942339569330215454e-02
-4.255379363894462585e-02
-3.750021755695343018e-02
2.434526383876800537e-02
-1.034219637513160706e-01
5.983057990670204163e-02
-5.025618156651034951e-05
4.496884346008300781e-02
-5.385565757751464844e-02
7.784467935562133789e-02
-4.834448546171188354e-02
-2.913899533450603485e-02
-7.000755984336137772e-03
-4.751814156770706177e-02
-5.454114079475402832e-02
6.091560423374176025e-02
4.556232318282127380e-02
3.892081603407859802e-02
2.132173255085945129e-02
-7.523268926888704300e-03
7.895530015230178833e-02
5.086123943328857422e-02
-2.804011106491088867e-02
3.978260979056358337e-02
8.182952180504798889e-03
1.237032352946698666e-03
-1.163665726780891418e-01
1.465113554149866104e-02
7.539498060941696167e-02
1.848845183849334717e-02
6.757737696170806885e-02
-3.255084902048110962e-02
1.088752225041389465e-01
4.693783447146415710e-02
-3.780471161007881165e-02
3.269167616963386536e-03
-2.916296711191534996e-03
-5.177731066942214966e-02
9.809104725718498230e-03
-4.700319841504096985e-02
4.858172615058720112e-04
4.105691239237785339e-02
-2.669456787407398224e-02
2.786548435688018799e-02
-1.215554401278495789e-02
3.082031570374965668e-02
6.164931878447532654e-02
-3.803643584251403809e-02
-9.149154648184776306e-03
1.598540320992469788e-02
-2.400764450430870056e-02
2.594135934486985207e-03
3.200493752956390381e-02
-1.804860075935721397e-03
-5.567373707890510559e-03
1.861847471445798874e-03
-4.904525354504585266e-02
-3.452250733971595764e-02
-2.855822071433067322e-02
-4.717075824737548828e-02
-4.523377865552902222e-02
3.747948631644248962e-02
-4.119883477687835693e-02
-4.313921183347702026e-02
-3.616464138031005859e-02
7.518096268177032471e-02
-1.606222689151763916e-01
1.079525798559188843e-01
7.169861346483230591e-02
1.797180324792861938e-01
5.412370711565017700e-02
1.246073096990585327e-01
-1.554595399647951126e-02
-5.763907916843891144e-03
-5.175815895199775696e-02
5.230292305350303650e-02
-1.645830422639846802e-01
-8.288646116852760315e-03
-9.791266918182373047e-02
7.213860750198364258e-02
-1.620369032025337219e-02
5.141417030245065689e-03
-1.344653964042663574e-02
-1.464498229324817657e-02
-2.706772834062576294e-02
7.411613315343856812e-02
-8.970450609922409058e-02
1.270048692822456360e-02
-1.147086266428232193e-02
5.423814803361892700e-02
5.239325016736984253e-02
-2.950250916182994843e-02
8.223814517259597778e-02
9.108005464076995850e-02
-8.128853514790534973e-03
-1.137073785066604614e-01
-1.451441086828708649e-02
-4.919635504484176636e-02
-1.268491148948669434e-01
5.023699998855590820e-02
8.622918277978897095e-03
-1.702082343399524689e-02
5.859426781535148621e-02
-1.752769052982330322e-01
9.274639934301376343e-02
-1.820946931838989258e-01
-2.678371965885162354e-02
7.198818027973175049e-02
8.052175492048263550e-02
-2.142696529626846313e-01
-7.391405105590820312e-02
-4.555973038077354431e-02
7.382556796073913574e-02
-2.156424149870872498e-02
1.024522930383682251e-01
2.063068449497222900e-01
-1.576283276081085205e-01
-9.573987871408462524e-02
-1.055861264467239380e-02
-4.818300157785415649e-02
1.550438702106475830e-01
-6.743256747722625732e-02
1.267002671957015991e-01
