-5.610626563429832458e-02
-5.055689811706542969e-02
5.505476519465446472e-02
-1.582032814621925354e-02
-1.818410865962505341e-02
2.928788401186466217e-02
2.556373551487922668e-02
-5.408348888158798218e-02
9.173120558261871338e-02
4.216068610548973083e-02
-7.131928950548171997e-02
-6.978052854537963867e-02
7.462911307811737061e-02
-2.754854410886764526e-02
-1.091574691236019135e-02
3.853815793991088867e-02
3.741585090756416321e-02
-8.093214780092239380e-02
2.057590335607528687e-02
2.951280958950519562e-02
5.902873352169990540e-02
-4.988522734493017197e-03
-2.601407468318939209e-02
-1.563204452395439148e-02
2.647724375128746033e-02
-3.205572813749313354e-02
2.461120486259460449e-02
-3.132701292634010315e-02
-1.373767703771591187e-01
-1.501079183071851730e-03
-5.768071487545967102e-02
-8.259416371583938599e-02
-8.851351216435432434e-03
1.354553848505020142e-01
-2.253059763461351395e-03
-3.876834362745285034e-02
-9.126964211463928223e-02
-4.526953212916851044e-03
-2.617596089839935303e-02
2.885495312511920929e-02
-8.468140847980976105e-03
-4.469715431332588196e-02
1.836127787828445435e-02
-1.049871072173118591e-01
1.385243088006973267e-01
1.306948810815811157e-01
7.810270786285400391e-02
-6.818361580371856689e-03
-8.913785964250564575e-02
-9.165707230567932129e-02
-4.344033077359199524e-02
1.650932133197784424e-01
-1.169660035520792007e-02
1.055903509259223938e-01
1.232317090034484863e-01
-3.349041193723678589e-02
-6.395388394594192505e-02
1.367290131747722626e-02
5.027610063552856445e-02
-3.363613784313201904e-02
4.457101598381996155e-02
-1.760118454694747925e-02
9.302841126918792725e-02
-1.581137329339981079e-01
8.552865125238895416e-03
2.229243703186511993e-02
-3.353529423475265503e-02
4.134507104754447937e-02
-2.195957861840724945e-02
-6.521437317132949829e-03
3.331092745065689087e-02
-4.640707001090049744e-02
-2.350973337888717651e-02
7.170702517032623291e-02
3.855017945170402527e-02
-1.663184538483619690e-02
1.563836634159088135e-02
3.597979247570037842e-02
-6.216796115040779114e-02
6.448186933994293213e-02
-5.784116312861442566e-02
4.001853242516517639e-02
2.728745155036449432e-02
-1.116419211030006409e-01
-5.597431957721710205e-02
-2.025852352380752563e-02
2.034109085798263550e-02
8.530526608228683472e-02
-1.802650280296802521e-03
-6.390894204378128052e-02
3.259852156043052673e-02
4.727485030889511108e-02
-8.653100579977035522e-02
6.587827950716018677e-02
-1.122479140758514404e-01
-1.480238977819681168e-02
-1.018468141555786133e-01
3.041739761829376221e-02
-2.772069908678531647e-02
-1.710345223546028137e-02
-7.158438861370086670e-02
-4.132910072803497314e-02
-3.408009186387062073e-02
4.097148403525352478e-02
-2.641498297452926636e-02
-4.078649729490280151e-02
7.499113678932189941e-02
1.716117933392524719e-02
4.107463359832763672e-02
5.956487148068845272e-04
-5.905079469084739685e-02
2.729049324989318848e-02
-5.077404901385307312e-02
-4.918130114674568176e-02
-5.680065229535102844e-02
-4.292100667953491211e-02
4.109499230980873108e-02
-3.890654072165489197e-02
-8.199784904718399048e-03
7.882799953222274780e-02
1.509207207709550858e-02
-4.545244202017784119e-02
-4.349630326032638550e-02
-2.038032049313187599e-03
2.452903985977172852e-02
6.096139922738075256e-02
-9.081699885427951813e-03
-9.415182471275329590e-02
-4.648119211196899414e-02
-2.646048180758953094e-02
6.583159323781728745e-03
-7.445287704467773438e-02
5.461072176694869995e-02
1.488537620753049850e-02
2.334713563323020935e-02
-8.045254647731781006e-02
8.506677299737930298e-02
-3.460633382201194763e-02
-2.365962788462638855e-02
1.544362166896462440e-03
2.149093430489301682e-03
-4.682892560958862305e-02
7.098765671253204346e-02
4.805501177906990051e-02
4.222036153078079224e-02
1.024622656404972076e-02
-6.203759461641311646e-03
7.602806389331817627e-02
8.072310686111450195e-02
-3.835683315992355347e-02
5.113302916288375854e-02
7.251010276377201080e-03
8.235254324972629547e-03
-9.415557235479354858e-02
1.359734404832124710e-02
7.649100571870803833e-02
4.400433681439608335e-04
2.795664407312870026e-02
-4.461814090609550476e-02
1.199708208441734314e-01
5.338530987501144409e-02
-2.565591782331466675e-02
2.772887051105499268e-02
1.017962023615837097e-02
-4.669777303934097290e-02
2.028159797191619873e-02
-2.284818701446056366e-02
-6.305957213044166565e-03
6.127925217151641846e-02
-2.881854400038719177e-02
2.697703242301940918e-02
-2.938415296375751495e-02
4.800595715641975403e-02
4.950309917330741882e-02
-6.892362982034683228e-02
-2.649142593145370483e-02
-2.666307985782623291e-02
-1.431759353727102280e-02
-6.554267369210720062e-03
1.606968045234680176e-02
-1.764456741511821747e-02
-2.757505746558308601e-03
2.510895952582359314e-02
-5.985907837748527527e-02
-2.377879992127418518e-02
-1.394720282405614853e-02
-7.539587095379829407e-03
-3.422134742140769958e-02
4.160199314355850220e-02
-5.105949938297271729e-02
-2.425793558359146118e-02
-2.702056057751178741e-02
7.127141952514648438e-02
-1.678912490606307983e-01
1.155041158199310303e-01
7.579333335161209106e-02
1.832510381937026978e-01
4.622623324394226074e-02
1.088371425867080688e-01
-2.101752907037734985e-02
-9.907720610499382019e-03
-1.990661770105361938e-02
3.411309048533439636e-02
-1.514942497014999390e-01
-3.498064726591110229e-02
-3.691609948873519897e-02
5.990939959883689880e-02
7.915232330560684204e-03
6.914355792105197906e-03
-6.445492152124643326e-03
7.299390621483325958e-03
-2.192122302949428558e-02
7.089642435312271118e-02
-8.281350135803222656e-02
1.227963063865900040e-02
9.034510701894760132e-03
4.243908077478408813e-02
1.564551144838333130e-02
6.964266765862703323e-03
8.582583069801330566e-02
7.723039388656616211e-02
1.113449223339557648e-02
-9.027592837810516357e-02
-1.489346567541360855e-02
-5.238382890820503235e-02
-1.428154855966567993e-01
5.797472596168518066e-02
4.300792701542377472e-03
-1.181077957153320312e-02
2.939920686185359955e-02
-1.182051971554756165e-01
7.099600136280059814e-02
-1.613655388355255127e-01
-1.865928061306476593e-02
4.860173165798187256e-02
8.587680011987686157e-02
-1.840240955352783203e-01
-6.368538737297058105e-02
-2.971068955957889557e-02
5.393942818045616150e-02
-1.019181776791810989e-02
9.869267791509628296e-02
2.090003639459609985e-01
-1.379011124372482300e-01
-1.059830337762832642e-01
-2.214770764112472534e-02
-3.988765552639961243e-02
1.360942423343658447e-01
-6.839706003665924072e-02
1.560595035552978516e-01
