-8.915407955646514893e-02
-2.999395877122879028e-02
9.063518792390823364e-02
-8.461723476648330688e-02
-3.980517759919166565e-02
1.388865262269973755e-01
1.648603565990924835e-02
-1.585886329412460327e-01
1.205135360360145569e-01
6.199718266725540161e-02
-1.287218332290649414e-01
-5.293371528387069702e-02
1.497987657785415649e-01
-2.030451782047748566e-02
7.282943930476903915e-03
1.088823452591896057e-01
1.724844053387641907e-02
-7.532851397991180420e-02
2.547525800764560699e-02
4.840088263154029846e-02
4.040371254086494446e-02
-2.354136481881141663e-02
7.067241240292787552e-03
-6.209175661206245422e-02
4.009618982672691345e-02
3.917447756975889206e-03
4.509650915861129761e-02
-9.910001605749130249e-02
-1.532513350248336792e-01
-3.016360662877559662e-02
-3.695658221840858459e-02
-5.860427021980285645e-02
4.994544200599193573e-03
7.935342192649841309e-02
7.742377929389476776e-03
-6.999484263360500336e-03
-4.135600849986076355e-02
-2.676403336226940155e-02
3.990048542618751526e-02
-1.466624380555003881e-04
-2.319584228098392487e-02
-1.724462769925594330e-02
2.868333645164966583e-02
-3.138878196477890015e-02
3.941155225038528442e-02
-1.374054045299999416e-05
1.350068207830190659e-02
-1.241373084485530853e-02
-4.304132983088493347e-02
-6.141274422407150269e-02
-5.245645716786384583e-02
4.412986710667610168e-02
-1.966373994946479797e-02
-3.384875133633613586e-02
3.429747372865676880e-02
3.158256411552429199e-02
-4.783138260245323181e-02
3.565634787082672119e-02
2.337378077208995819e-02
7.989511638879776001e-02
4.958876594901084900e-02
-1.004710141569375992e-02
2.790655940771102905e-02
-1.362060159444808960e-01
-2.300825156271457672e-02
-4.990469291806221008e-02
-4.617705568671226501e-02
6.720216572284698486e-02
-6.261577457189559937e-02
-2.039612457156181335e-02
-4.930622875690460205e-02
9.772243909537792206e-03
4.914266988635063171e-03
5.022408440709114075e-02
-3.695107880048453808e-04
2.824994549155235291e-02
5.088870227336883545e-02
3.339444473385810852e-02
-4.370531439781188965e-02
4.447972774505615234e-02
-5.255590751767158508e-02
4.758034273982048035e-02
3.860652074217796326e-02
-8.486211299896240234e-02
-6.625001132488250732e-02
-1.068041659891605377e-02
7.382944971323013306e-02
9.568078070878982544e-02
-3.764826431870460510e-02
1.935260929167270660e-02
2.299976162612438202e-02
-4.312163963913917542e-02
-1.054991260170936584e-01
3.909411840140819550e-03
-8.718596398830413818e-02
2.055489271879196167e-02
-5.635635554790496826e-02
5.188109353184700012e-02
-5.902532022446393967e-03
-4.039108008146286011e-02
-9.544280171394348145e-02
-1.365622878074645996e-02
3.224805695936083794e-03
2.917683497071266174e-02
-5.096690729260444641e-02
-6.343145668506622314e-02
5.342286452651023865e-02
8.678587153553962708e-03
-2.377995988354086876e-03
3.904691431671380997e-03
-3.781418129801750183e-02
1.783357746899127960e-02
2.244799584150314331e-02
1.064427103847265244e-02
-9.380305558443069458e-02
1.559574156999588013e-02
2.728162147104740143e-02
-5.711339041590690613e-02
-8.557115681469440460e-03
9.033678472042083740e-02
7.121691852807998657e-02
-2.843218296766281128e-02
-5.135931540280580521e-03
-1.331391558051109314e-02
3.027008101344108582e-02
8.901566267013549805e-02
-7.598190754652023315e-02
-6.972508132457733154e-02
-7.204917818307876587e-02
-1.008359156548976898e-02
2.157335542142391205e-02
-3.507113084197044373e-02
6.389389932155609131e-02
4.620924219489097595e-02
-3.040615655481815338e-02
-4.153328761458396912e-02
1.514724493026733398e-01
-7.890337705612182617e-02
-3.060563281178474426e-02
-7.518645375967025757e-02
-2.234745770692825317e-02
-6.178412213921546936e-02
6.287513673305511475e-02
8.508484810590744019e-02
3.714045137166976929e-02
4.327381029725074768e-02
-1.579341664910316467e-02
2.436665631830692291e-02
5.120075866580009460e-02
-4.562259092926979065e-02
4.984420910477638245e-02
-1.517645549029111862e-02
4.779082164168357849e-02
-5.093599855899810791e-02
-1.954722031950950623e-02
4.606349393725395203e-02
2.099717967212200165e-02
1.131176576018333435e-01
-8.098497241735458374e-02
7.197668403387069702e-02
5.592721328139305115e-02
-1.528340158984065056e-03
-1.476413011550903320e-02
-1.800242252647876740e-02
-6.618890911340713501e-02
1.652657054364681244e-02
-4.078082367777824402e-02
-7.528570014983415604e-03
-1.896383054554462433e-02
-7.735577970743179321e-02
3.262525051832199097e-02
-8.526745438575744629e-02
5.778007954359054565e-02
5.152004584670066833e-02
-7.600078731775283813e-02
-2.137274481356143951e-02
1.168126612901687622e-02
-1.321093644946813583e-03
3.154108300805091858e-02
1.910399645566940308e-02
-3.661684691905975342e-02
1.826964505016803741e-02
5.709482356905937195e-02
9.925969876348972321e-03
-7.506190240383148193e-02
1.570500060915946960e-02
-2.987434715032577515e-02
3.173515573143959045e-02
6.539542973041534424e-02
-6.972870230674743652e-02
-1.663736626505851746e-02
-4.870107397437095642e-02
8.052074909210205078e-02
-8.982804417610168457e-02
1.256638765335083008e-01
5.375811085104942322e-02
1.217518746852874756e-01
4.929307103157043457e-02
1.135182902216911316e-01
-2.820707857608795166e-03
-3.204806149005889893e-02
-2.875650674104690552e-02
1.533401384949684143e-02
-1.555622220039367676e-01
-1.330312341451644897e-02
-3.744519501924514771e-02
8.187090605497360229e-02
-1.601605303585529327e-02
-1.962258107960224152e-02
-4.124527052044868469e-02
-3.054784983396530151e-02
-6.173991039395332336e-02
7.476639002561569214e-02
-2.617418952286243439e-02
1.576913706958293915e-02
3.617567417677491903e-04
2.321158908307552338e-02
8.587135374546051025e-02
1.325616240501403809e-02
8.238270878791809082e-02
7.961992919445037842e-02
-2.151397429406642914e-02
-7.699626684188842773e-02
-6.970103830099105835e-02
-1.144568622112274170e-01
-1.438025236129760742e-01
8.874562382698059082e-02
5.228030309081077576e-02
1.760651357471942902e-02
-1.545569207519292831e-02
-2.720251083374023438e-01
8.125231415033340454e-02
-1.850359290838241577e-01
-7.285180687904357910e-02
5.535673350095748901e-02
8.982454240322113037e-02
-1.917121559381484985e-01
-9.011663496494293213e-02
-1.575362309813499451e-02
1.395285781472921371e-02
2.058846503496170044e-02
7.925057411193847656e-02
6.349615752696990967e-02
-1.387957334518432617e-01
-5.293610692024230957e-02
-1.265558321028947830e-02
-2.271127700805664062e-02
2.257411740720272064e-02
3.373432904481887817e-02
5.490131676197052002e-02
