-1.219518408179283142e-01
-4.796910658478736877e-02
6.129820272326469421e-02
-4.929846897721290588e-02
1.559230126440525055e-02
7.155545055866241455e-02
1.893779076635837555e-02
-1.277300268411636353e-01
1.085714548826217651e-01
4.413465037941932678e-02
-1.194687113165855408e-01
-5.746202915906906128e-02
8.428430557250976562e-02
-1.664706273004412651e-03
4.144445061683654785e-02
1.482236944139003754e-02
4.808893054723739624e-02
-8.308716118335723877e-02
3.472435474395751953e-02
5.216648429632186890e-02
6.083576008677482605e-02
-1.120285317301750183e-02
-1.815009862184524536e-02
9.462895803153514862e-03
1.853574626147747040e-02
4.451229702681303024e-03
1.475766301155090332e-02
1.960343652172014117e-04
-1.220693141222000122e-01
1.854623109102249146e-02
-2.246643975377082825e-02
-9.845419973134994507e-02
2.854868071153759956e-03
6.232504919171333313e-02
-4.416117817163467407e-02
-3.789116814732551575e-02
-8.826185762882232666e-02
3.683925420045852661e-02
-3.790986258536577225e-03
2.637400478124618530e-02
-4.361872002482414246e-02
-3.793722391128540039e-02
5.376759916543960571e-03
-6.828080117702484131e-02
1.028973758220672607e-01
9.195934236049652100e-02
6.420543789863586426e-02
3.854729002341628075e-03
-5.229914188385009766e-02
-5.131646618247032166e-02
-6.308898329734802246e-02
1.297599524259567261e-01
-5.211528390645980835e-02
7.813704758882522583e-02
4.784175008535385132e-02
-3.060702979564666748e-02
-1.462032645940780640e-02
4.032927006483078003e-02
5.400772392749786377e-02
-7.318900432437658310e-03
4.723895341157913208e-02
-5.266013741493225098e-02
1.133762672543525696e-01
-1.433008462190628052e-01
-1.776078715920448303e-03
4.850558936595916748e-03
-3.834963962435722351e-02
8.800951391458511353e-02
-1.556116528809070587e-02
-7.280455529689788818e-02
6.225930526852607727e-02
-2.230364643037319183e-02
-2.116727270185947418e-02
4.092037305235862732e-02
2.577389962971210480e-02
3.837647382169961929e-03
5.442234687507152557e-03
6.821381300687789917e-02
-8.217284828424453735e-02
8.791124820709228516e-02
-9.849627315998077393e-02
1.124138943850994110e-02
2.705567330121994019e-02
-1.360847949981689453e-01
-9.504757821559906006e-02
-2.797808498144149780e-03
1.559508498758077621e-02
9.884967654943466187e-02
3.004596009850502014e-02
-5.989392101764678955e-02
3.648990020155906677e-02
2.526109293103218079e-02
-7.959355413913726807e-02
8.899088948965072632e-02
-8.661334216594696045e-02
-1.735014840960502625e-02
-9.586115181446075439e-02
3.736976906657218933e-02
3.237124532461166382e-02
3.939979709684848785e-03
-9.673092514276504517e-02
-3.058221191167831421e-02
-5.811037495732307434e-02
1.371619664132595062e-02
-2.405619807541370392e-02
-2.867794595658779144e-02
8.756888657808303833e-02
7.550668669864535332e-04
5.047811567783355713e-02
-3.769043460488319397e-02
-9.254512935876846313e-02
2.357263304293155670e-02
-2.457736432552337646e-02
-4.494696110486984253e-02
-8.519341051578521729e-02
-3.654279559850692749e-02
3.660058230161666870e-02
-4.231791570782661438e-02
1.163811795413494110e-02
7.779335975646972656e-02
4.414248093962669373e-02
-5.468456819653511047e-02
-2.669916860759258270e-02
3.261516243219375610e-02
-9.778626263141632080e-03
6.648525595664978027e-02
-3.339586406946182251e-02
-1.195406466722488403e-01
-6.532719358801841736e-03
-3.595846146345138550e-02
-1.547459047287702560e-03
-6.758606433868408203e-02
5.527577549219131470e-02
6.061225198209285736e-03
3.555577993392944336e-02
-2.828445099294185638e-02
5.319756641983985901e-02
-1.208959985524415970e-02
-1.223694626241922379e-02
5.273170769214630127e-03
-1.231568865478038788e-02
-5.012993142008781433e-02
4.972873628139495850e-02
5.518279224634170532e-02
8.635084331035614014e-02
1.700593042187392712e-03
-2.278344519436359406e-02
8.315468579530715942e-02
3.616204857826232910e-02
-3.613806143403053284e-02
1.608690060675144196e-02
2.718127565458416939e-03
-1.295898295938968658e-02
-9.668599069118499756e-02
3.332052379846572876e-02
9.154592454433441162e-02
2.514709904789924622e-02
6.029887869954109192e-02
-3.159640729427337646e-02
1.024229004979133606e-01
3.262838348746299744e-02
-2.915653958916664124e-02
3.017934039235115051e-02
-7.071785163134336472e-03
-2.993462048470973969e-02
2.593462727963924408e-02
-5.854876711964607239e-02
-1.774999871850013733e-02
2.445221133530139923e-02
-6.187016144394874573e-02
4.535305500030517578e-02
-4.441501572728157043e-02
4.849591106176376343e-02
4.035300388932228088e-02
-5.327512696385383606e-02
-2.425356395542621613e-02
-4.231713339686393738e-02
-1.951452344655990601e-02
-7.198821753263473511e-03
5.804159492254257202e-02
2.137912204489111900e-03
-9.273549541831016541e-03
3.930101543664932251e-02
-4.609150812029838562e-02
-3.431060165166854858e-02
3.129417076706886292e-02
-3.558970987796783447e-02
-5.632757209241390228e-03
5.106537044048309326e-02
-5.742335692048072815e-02
-1.966413296759128571e-02
-5.110229924321174622e-02
5.963373184204101562e-02
-1.194116920232772827e-01
1.170327886939048767e-01
6.350693851709365845e-02
1.884623616933822632e-01
7.856908440589904785e-02
7.345126569271087646e-02
-3.337102383375167847e-02
-1.114268787205219269e-02
-2.639693021774291992e-02
4.215200245380401611e-02
-1.560015678405761719e-01
1.147989090532064438e-02
-8.029474318027496338e-02
4.429035633802413940e-02
7.979520596563816071e-03
5.198255181312561035e-03
-1.945676095783710480e-02
2.307241223752498627e-02
-2.621724829077720642e-02
7.991097122430801392e-02
-9.531486779451370239e-02
1.813200302422046661e-02
-1.523426733911037445e-02
5.728924274444580078e-02
3.762163966894149780e-02
-3.718393296003341675e-02
6.263636052608489990e-02
1.079604625701904297e-01
-2.729227067902684212e-03
-9.063383191823959351e-02
-5.245852842926979065e-02
-7.901003956794738770e-02
-1.621891260147094727e-01
5.036903917789459229e-02
1.085414271801710129e-02
5.750329233705997467e-03
2.131594717502593994e-02
-1.939678937196731567e-01
7.417700439691543579e-02
-1.418819129467010498e-01
-5.270500108599662781e-02
4.421013873070478439e-03
2.681992389261722565e-02
-1.362725794315338135e-01
-2.995382994413375854e-02
-1.614112406969070435e-02
7.129281014204025269e-02
-1.480496767908334732e-02
5.727801471948623657e-02
1.996257752180099487e-01
-1.306858062744140625e-01
-9.294272214174270630e-02
-2.239559032022953033e-02
-5.259811412543058395e-03
1.231251433491706848e-01
-7.177437096834182739e-02
1.448539942502975464e-01
