-9.535967558622360229e-02
-7.147512584924697876e-02
9.099344164133071899e-02
-6.162960454821586609e-02
-6.806701421737670898e-02
7.681152224540710449e-02
1.719486527144908905e-02
-1.161245182156562805e-01
8.420881628990173340e-02
3.510794043540954590e-02
-1.027935519814491272e-01
-4.949757084250450134e-02
1.411578059196472168e-01
1.434943755157291889e-03
3.876781323924660683e-03
3.989857435226440430e-02
3.094193339347839355e-02
-8.106312900781631470e-02
3.054269030690193176e-02
3.738580644130706787e-02
8.502314984798431396e-02
-2.698401547968387604e-02
4.272300284355878830e-03
-3.259590640664100647e-02
7.326644659042358398e-02
-3.071222454309463501e-03
1.859102025628089905e-02
-8.048130571842193604e-02
-1.753973811864852905e-01
-4.288908094167709351e-02
-3.751374408602714539e-02
-9.676649421453475952e-02
-1.886105723679065704e-02
1.267215758562088013e-01
1.582977734506130219e-02
-3.698601573705673218e-02
-1.135695725679397583e-01
-2.942692674696445465e-02
3.352114558219909668e-02
4.910242184996604919e-02
-9.614302776753902435e-03
-3.234004601836204529e-02
3.976621851325035095e-02
-7.223506271839141846e-02
1.342247873544692993e-01
4.052503034472465515e-02
2.328696660697460175e-02
3.545096842572093010e-03
-8.715897798538208008e-02
-8.228997141122817993e-02
-5.954440683126449585e-02
9.480553865432739258e-02
-3.764945268630981445e-02
1.562621816992759705e-02
6.587293744087219238e-02
-3.992083482444286346e-03
-6.393427401781082153e-02
-1.768639124929904938e-02
5.087547376751899719e-02
3.036416321992874146e-02
6.012186780571937561e-02
-3.651374718174338341e-03
7.513204962015151978e-02
-1.171644851565361023e-01
-6.862645968794822693e-03
-2.155902422964572906e-02
-4.981878772377967834e-02
4.008501023054122925e-02
-2.950030006468296051e-02
-1.464131940156221390e-02
-3.875929105561226606e-04
-4.498834721744060516e-03
-3.124745562672615051e-02
4.621917009353637695e-02
1.804548874497413635e-02
3.276476869359612465e-03
1.487940922379493713e-02
5.326637625694274902e-02
-8.749573677778244019e-02
5.197393894195556641e-02
-5.888267606496810913e-02
4.542462062090635300e-03
5.361157935112714767e-03
-1.523737758398056030e-01
-6.146233156323432922e-02
-1.598831824958324432e-02
6.510196626186370850e-02
1.148378178477287292e-01
-3.803540021181106567e-02
-6.472310982644557953e-03
2.848971169441938400e-03
2.275704464409500360e-04
-1.114889234304428101e-01
5.406552925705909729e-02
-1.104018986225128174e-01
1.247888058423995972e-02
-1.020362675189971924e-01
2.706806175410747528e-02
2.532970346510410309e-02
-1.090561598539352417e-02
-7.744502276182174683e-02
-3.967206925153732300e-02
-2.931805513799190521e-02
1.328334957361221313e-02
-2.618672326207160950e-02
-5.331290140748023987e-02
8.206260949373245239e-02
1.023269724100828171e-02
5.627003684639930725e-02
-3.302323818206787109e-02
-3.659994900226593018e-02
3.963775187730789185e-02
-1.424174010753631592e-02
-7.915642345324158669e-04
-9.025456011295318604e-02
1.506588794291019440e-02
4.596590064465999603e-03
-8.876589685678482056e-02
-1.795672578737139702e-03
1.012436449527740479e-01
3.877491876482963562e-02
-3.953267633914947510e-02
-2.758359909057617188e-02
3.098137211054563522e-03
1.329955179244279861e-02
6.501277536153793335e-02
-4.932673275470733643e-02
-9.341455996036529541e-02
-7.398477941751480103e-02
-1.700655184686183929e-02
2.482109330594539642e-02
-4.646448418498039246e-02
2.997875772416591644e-02
7.486626505851745605e-03
-7.746183779090642929e-03
-5.193001031875610352e-02
8.184149116277694702e-02
-5.260780453681945801e-02
-5.231102555990219116e-02
-5.726023390889167786e-02
-1.675094291567802429e-02
-3.023729473352432251e-02
4.111773893237113953e-02
7.313054800033569336e-02
6.037943065166473389e-02
1.839658990502357483e-02
-4.471025615930557251e-02
-1.287651062011718750e-02
7.076799869537353516e-02
-7.453055679798126221e-02
5.320525541901588440e-02
-1.088853087276220322e-02
2.165192179381847382e-02
-7.056241482496261597e-02
3.446216881275177002e-02
1.408752426505088806e-02
-1.074906904250383377e-02
1.090464964509010315e-01
-4.150062054395675659e-02
6.146579235792160034e-02
1.597542315721511841e-02
2.109312266111373901e-02
3.003187105059623718e-02
1.564268767833709717e-02
-6.513589620590209961e-02
5.176145210862159729e-02
-5.622603371739387512e-02
-2.062740735709667206e-02
4.088551271706819534e-03
-1.010460034012794495e-01
3.640089184045791626e-02
-8.673888444900512695e-02
1.121534779667854309e-01
3.068319708108901978e-02
-6.324988603591918945e-02
-5.365092307329177856e-02
-1.844271458685398102e-02
-5.454464629292488098e-02
8.620961452834308147e-04
6.820514798164367676e-03
-6.198747828602790833e-02
1.476452406495809555e-02
8.019115030765533447e-02
-8.708314038813114166e-03
-5.700815469026565552e-02
4.787490889430046082e-02
-4.609438776969909668e-02
4.992786329239606857e-03
7.227612286806106567e-02
-6.841495633125305176e-02
-1.493244897574186325e-02
-5.680373683571815491e-02
7.486124336719512939e-02
-9.659814089536666870e-02
1.000888943672180176e-01
5.080148577690124512e-02
1.552420109510421753e-01
5.656027048826217651e-02
1.023386120796203613e-01
-1.992476731538772583e-02
-3.589096292853355408e-02
-5.214543081820011139e-03
3.038764744997024536e-02
-1.531039923429489136e-01
2.154844813048839569e-02
-3.557187039405107498e-03
5.621089786291122437e-02
-3.268817812204360962e-02
-3.733425214886665344e-02
-3.862519934773445129e-02
-5.919467657804489136e-03
-5.358197540044784546e-02
9.048032015562057495e-02
-1.053298562765121460e-01
3.264732658863067627e-02
-2.240743488073348999e-02
6.931594759225845337e-02
1.059779152274131775e-01
1.040284149348735809e-02
5.321205779910087585e-02
8.659992367029190063e-02
-2.287377789616584778e-02
-5.164254829287528992e-02
-7.354892045259475708e-02
-7.619459182024002075e-02
-1.363449841737747192e-01
6.074827909469604492e-02
4.658582061529159546e-02
2.678525075316429138e-02
-2.182027697563171387e-02
-1.979850530624389648e-01
1.077226772904396057e-01
-1.451638787984848022e-01
-6.007870286703109741e-02
3.783260658383369446e-02
6.524711847305297852e-02
-1.656852513551712036e-01
-5.001423135399818420e-02
-2.612347714602947235e-02
3.603922575712203979e-02
3.678049892187118530e-03
8.288665115833282471e-02
1.320019215345382690e-01
-8.848331123590469360e-02
-7.241271436214447021e-02
1.240364555269479752e-02
-1.432582270354032516e-02
6.574726104736328125e-02
-2.320321649312973022e-02
9.423288702964782715e-02
