3.771015256643295288e-02
2.139947004616260529e-02
-6.674920767545700073e-02
3.069491684436798096e-02
1.160003915429115295e-01
-4.520855098962783813e-02
7.158337626606225967e-03
1.331199407577514648e-01
6.867270171642303467e-02
-2.236281521618366241e-02
7.819469273090362549e-02
-2.063350053504109383e-03
-2.445308677852153778e-02
-1.610228791832923889e-02
1.444400846958160400e-02
1.394965127110481262e-02
-5.011599510908126831e-03
-3.467860072851181030e-02
3.693326935172080994e-02
-2.591125667095184326e-02
-1.468456164002418518e-02
6.541648507118225098e-02
-1.561740040779113770e-02
-4.064572975039482117e-02
-1.699911244213581085e-02
-1.204711617901921272e-03
1.906159147620201111e-02
5.123521760106086731e-02
-6.059484928846359253e-02
4.062734544277191162e-02
-7.638295739889144897e-02
-4.007966071367263794e-02
3.514783456921577454e-02
1.406049579381942749e-01
-8.987733162939548492e-04
-6.997410953044891357e-02
-4.089792445302009583e-02
4.671569913625717163e-03
-1.049429699778556824e-01
4.487335309386253357e-02
3.003182075917720795e-02
-3.683160990476608276e-02
-3.749388828873634338e-02
-7.182312756776809692e-02
4.965849593281745911e-02
1.717806309461593628e-01
1.481286883354187012e-01
-3.071094118058681488e-02
8.473122492432594299e-03
1.030362583696842194e-02
4.359903559088706970e-02
1.380732953548431396e-01
6.213500350713729858e-02
9.959559887647628784e-02
1.147333383560180664e-01
-4.542830213904380798e-02
-4.733067378401756287e-02
5.320838093757629395e-02
4.937198385596275330e-02
-1.132374033331871033e-01
-2.726617828011512756e-02
-8.548311144113540649e-02
6.061984971165657043e-02
-1.130494773387908936e-01
1.248532999306917191e-02
9.220372140407562256e-02
4.176528658717870712e-03
-2.846131473779678345e-02
-3.569457679986953735e-03
-6.174516677856445312e-02
7.171193510293960571e-02
-5.849462747573852539e-02
4.520255699753761292e-02
5.372950062155723572e-02
1.909834519028663635e-02
-7.980365306138992310e-03
5.189931471250019968e-05
-5.560200195759534836e-03
8.027004078030586243e-03
1.099507696926593781e-02
2.574042417109012604e-02
6.779877096414566040e-02
3.325420618057250977e-02
-8.647245354950428009e-03
-1.542832888662815094e-02
8.114727586507797241e-02
-5.553197488188743591e-02
-2.274833992123603821e-02
3.964644670486450195e-02
-1.081270724534988403e-01
-6.360525730997323990e-03
6.813157349824905396e-02
4.056735336780548096e-02
6.038689240813255310e-02
-4.473086819052696228e-02
-1.508529949933290482e-02
-3.406129404902458191e-02
2.848374284803867340e-02
-1.468944363296031952e-02
-1.111921202391386032e-02
-6.806807965040206909e-02
-2.042610011994838715e-02
-9.778320789337158203e-03
7.585631310939788818e-02
3.246600739657878876e-03
5.004755035042762756e-02
3.969090804457664490e-02
5.974623188376426697e-02
7.227233611047267914e-03
4.394290223717689514e-02
-1.007821559906005859e-01
-1.292689703404903412e-02
-5.749500915408134460e-02
-7.516640424728393555e-02
2.809748426079750061e-02
-4.121568426489830017e-02
6.853759288787841797e-02
8.470571786165237427e-02
4.563818685710430145e-03
2.447069063782691956e-02
-1.450725551694631577e-02
-1.710695028305053711e-02
-2.735645323991775513e-02
1.513305958360433578e-02
-8.150002686306834221e-04
3.681148961186408997e-02
2.600371651351451874e-02
2.903099916875362396e-02
5.126577615737915039e-02
-2.639199607074260712e-02
-7.961494848132133484e-03
-1.334620714187622070e-01
2.443143725395202637e-02
2.740659937262535095e-02
4.782902449369430542e-02
-1.725060492753982544e-02
9.865347528830170631e-04
4.297854006290435791e-02
-2.861858811229467392e-03
8.119293302297592163e-02
2.795259468257427216e-02
-1.071796342730522156e-01
4.996221885085105896e-02
4.442525096237659454e-03
2.216408215463161469e-02
2.049057558178901672e-02
3.213329985737800598e-02
1.230967864394187927e-01
5.537216365337371826e-02
-2.282802388072013855e-02
-2.238321490585803986e-02
5.380390211939811707e-02
-5.814394354820251465e-02
-3.299954161047935486e-02
-4.788053408265113831e-02
6.870023161172866821e-02
-1.199055914185009897e-04
-6.441897712647914886e-03
-1.708740368485450745e-02
1.034783795475959778e-01
8.205757290124893188e-02
-2.947783842682838440e-02
1.172652840614318848e-02
4.666313901543617249e-02
-4.825710318982601166e-03
-3.418637812137603760e-02
-4.280833154916763306e-02
-8.942767977714538574e-03
6.276070326566696167e-02
1.804756186902523041e-02
-7.330830674618482590e-03
4.533747583627700806e-02
-2.631122246384620667e-02
1.949450746178627014e-02
-2.023883908987045288e-02
-1.335306558758020401e-02
-4.276867210865020752e-02
-1.477738283574581146e-02
1.673248037695884705e-02
7.714049518108367920e-02
3.383984044194221497e-02
-2.652585320174694061e-02
-8.028633147478103638e-02
6.922538392245769501e-03
-2.372141741216182709e-02
-7.929696887731552124e-02
-1.820493675768375397e-02
-1.250850688666105270e-02
5.946800857782363892e-02
-2.496211603283882141e-02
-1.022304445505142212e-01
3.111069835722446442e-02
4.058330506086349487e-02
-1.705864071846008301e-01
1.218140199780464172e-01
5.537078529596328735e-02
1.943699568510055542e-01
3.320652176626026630e-04
3.902416303753852844e-02
-8.270771056413650513e-02
4.488024488091468811e-02
-9.291096031665802002e-02
2.724097482860088348e-02
-6.800376623868942261e-02
-1.268776357173919678e-01
-7.105664163827896118e-02
9.990995377302169800e-02
5.145251750946044922e-02
2.250562421977519989e-02
2.165840752422809601e-02
-1.592499390244483948e-02
2.632774226367473602e-02
-1.303314790129661560e-02
-8.750449866056442261e-02
-6.688703782856464386e-03
1.236790046095848083e-02
-2.012323215603828430e-02
-4.753877967596054077e-02
-2.720359340310096741e-02
1.252674907445907593e-01
7.569163292646408081e-02
5.656921491026878357e-02
-1.180359348654747009e-01
1.534787658601999283e-02
8.930442854762077332e-03
-4.046173393726348877e-02
-1.856278814375400543e-02
-1.075673662126064301e-02
-2.918486110866069794e-02
7.110638171434402466e-02
5.321227014064788818e-02
-3.576792404055595398e-02
-7.713498175144195557e-02
5.236449465155601501e-02
7.532211393117904663e-02
6.134871765971183777e-02
-8.705446869134902954e-02
-9.336407482624053955e-02
-2.111945487558841705e-02
9.395169466733932495e-02
-5.849917978048324585e-02
1.128225401043891907e-01
2.228356152772903442e-01
-1.308061778545379639e-01
-1.121206209063529968e-01
-4.547085240483283997e-02
-6.721950322389602661e-02
1.675909310579299927e-01
-1.114900689572095871e-02
2.283605933189392090e-01
