-5.222846195101737976e-02
-4.616371914744377136e-02
3.163766115903854370e-02
-3.120513260364532471e-02
4.066915065050125122e-02
7.147701084613800049e-02
5.484851077198982239e-02
-1.904919929802417755e-02
1.147520318627357483e-01
1.666942238807678223e-02
-3.540242090821266174e-02
-1.640833541750907898e-02
7.302450388669967651e-02
-2.378692291676998138e-02
6.384557485580444336e-02
1.560120028443634510e-03
2.700639329850673676e-02
-7.571138441562652588e-02
2.078061364591121674e-02
1.724405772984027863e-02
3.954649344086647034e-02
1.257406827062368393e-02
-2.958109602332115173e-02
-2.942407317459583282e-02
2.449124865233898163e-02
-9.268740192055702209e-03
2.245360426604747772e-02
-4.399893805384635925e-03
-1.640739887952804565e-01
-1.930976659059524536e-02
-7.162334024906158447e-02
-9.912809729576110840e-02
-5.216168239712715149e-03
1.703401952981948853e-01
-2.523461123928427696e-03
-6.131580844521522522e-02
-8.379098027944564819e-02
1.121671777218580246e-02
-5.224394798278808594e-02
4.848324507474899292e-02
2.047128044068813324e-03
-2.832737565040588379e-02
-7.381068076938390732e-03
-9.226252138614654541e-02
1.333878189325332642e-01
1.662754863500595093e-01
1.065685600042343140e-01
-2.643604390323162079e-02
-8.351271599531173706e-02
-4.042544215917587280e-02
-3.137054666876792908e-02
1.445350646972656250e-01
1.352052576839923859e-02
9.106037020683288574e-02
1.322794705629348755e-01
-3.249665722250938416e-02
-6.051595881581306458e-02
2.739717066287994385e-02
5.326258391141891479e-02
-3.603066504001617432e-02
2.728191576898097992e-02
-7.196849584579467773e-02
1.145203411579132080e-01
-1.724100708961486816e-01
-9.458124637603759766e-03
3.696152195334434509e-02
-2.766141109168529510e-02
3.194776549935340881e-02
-5.577245354652404785e-02
-5.261628702282905579e-02
4.998859390616416931e-02
-3.987693414092063904e-02
-2.132393606007099152e-02
8.023633807897567749e-02
6.620568688958883286e-03
1.074088178575038910e-02
1.957529410719871521e-02
6.087264046072959900e-02
-7.582366466522216797e-02
5.756454542279243469e-02
-3.389758616685867310e-02
5.646954849362373352e-02
2.547149173915386200e-02
-1.091447621583938599e-01
-6.417760252952575684e-02
3.386350348591804504e-02
5.312872584909200668e-03
3.892539069056510925e-02
1.322021521627902985e-02
-9.329532831907272339e-02
-1.612390764057636261e-02
2.798201143741607666e-02
-3.294380009174346924e-02
8.049680292606353760e-02
-1.220116615295410156e-01
2.206967584788799286e-02
-1.054935678839683533e-01
1.012176368385553360e-02
1.354270987212657928e-02
-5.430444143712520599e-03
-7.084902375936508179e-02
-2.856435626745223999e-02
-3.833231981843709946e-03
6.095406413078308105e-02
-6.958620622754096985e-03
2.018111757934093475e-02
6.981840729713439941e-02
1.596460863947868347e-02
4.946448653936386108e-02
1.272573322057723999e-02
-9.684755653142929077e-02
1.623719930648803711e-02
-4.462644457817077637e-02
-6.552031636238098145e-02
-8.320286870002746582e-02
-1.759593747556209564e-02
3.543246537446975708e-02
-1.055588945746421814e-02
-1.546267420053482056e-02
6.548871099948883057e-02
3.792424127459526062e-02
-6.357406079769134521e-02
-5.625511053949594498e-03
8.628907613456249237e-03
1.939029619097709656e-02
8.150977641344070435e-02
-4.636074230074882507e-02
-4.417995736002922058e-02
-1.506952848285436630e-02
-3.315637633204460144e-02
3.040036372840404510e-02
-1.502387672662734985e-01
3.472076356410980225e-02
2.681549824774265289e-02
3.069348260760307312e-02
-2.517235465347766876e-02
8.172970265150070190e-02
-4.646455403417348862e-03
-1.167847216129302979e-02
3.019848838448524475e-02
-4.787547804880887270e-04
-8.289057761430740356e-02
7.818635553121566772e-02
9.020278602838516235e-02
3.632153198122978210e-02
4.120049998164176941e-02
5.051476415246725082e-03
9.192202240228652954e-02
3.555671125650405884e-02
-4.266900196671485901e-02
7.503004744648933411e-03
1.485753152519464493e-02
-2.869786322116851807e-02
-8.390074968338012695e-02
1.158385071903467178e-02
8.342233300209045410e-02
2.960966527462005615e-02
1.069929525256156921e-01
-6.441469490528106689e-02
1.006770953536033630e-01
5.000155419111251831e-02
2.805522410199046135e-03
2.215171605348587036e-02
2.076741307973861694e-02
-6.012650951743125916e-02
2.083967626094818115e-02
-5.410753935575485229e-02
-2.311546728014945984e-02
3.480698540806770325e-02
-5.647173523902893066e-02
6.039331480860710144e-02
-1.645257696509361267e-02
3.609642013907432556e-02
4.115146771073341370e-02
-5.188059434294700623e-02
-1.775994524359703064e-02
-4.106415435671806335e-02
-3.027585148811340332e-02
-5.461673252284526825e-03
4.409404471516609192e-02
-3.380415588617324829e-02
-4.052680730819702148e-02
-2.055362612009048462e-02
-1.402096450328826904e-02
-4.375309497117996216e-02
-2.814243175089359283e-02
-6.334865093231201172e-02
-1.635364443063735962e-02
9.518582373857498169e-02
-7.238652557134628296e-02
-8.092058449983596802e-02
-3.114534169435501099e-02
6.993121653795242310e-02
-1.287253648042678833e-01
1.016862168908119202e-01
8.904522657394409180e-02
1.759718805551528931e-01
2.851747162640094757e-02
6.950709968805313110e-02
-5.287974700331687927e-02
-1.625067926943302155e-02
-7.581660151481628418e-02
3.269078582525253296e-02
-1.279916167259216309e-01
-2.654019929468631744e-02
-7.909797877073287964e-02
8.447570353746414185e-02
2.014832012355327606e-02
-6.962458603084087372e-03
-8.472419343888759613e-03
-1.780007220804691315e-02
-3.229026123881340027e-02
4.300127923488616943e-02
-1.132448166608810425e-01
1.158703118562698364e-02
-1.594220288097858429e-02
2.773876674473285675e-02
4.691657423973083496e-02
-4.543046816252171993e-04
1.052046567201614380e-01
1.134143024682998657e-01
2.969909645617008209e-02
-1.126573532819747925e-01
-1.740771532058715820e-02
-4.098123684525489807e-02
-9.345762431621551514e-02
-4.928213078528642654e-03
2.538834698498249054e-03
-1.686213421635329723e-03
4.576380550861358643e-02
-1.079402565956115723e-01
7.137700170278549194e-02
-1.410343647003173828e-01
-7.746037095785140991e-03
7.948934286832809448e-02
5.974512547254562378e-02
-1.411554664373397827e-01
-6.296752393245697021e-02
-3.427388891577720642e-02
3.580723330378532410e-02
-1.322361081838607788e-02
1.069691181182861328e-01
1.487413495779037476e-01
-1.089940443634986877e-01
-5.059644207358360291e-02
-1.941346004605293274e-02
-5.145556107163429260e-02
1.045098006725311279e-01
-2.616544440388679504e-02
1.180201917886734009e-01
