-1.082839593291282654e-01
-6.549940258264541626e-02
5.372064560651779175e-02
-5.946282669901847839e-02
-2.357378136366605759e-03
7.492315024137496948e-02
4.631957039237022400e-02
-1.221657767891883850e-01
1.244375035166740417e-01
4.274683445692062378e-02
-1.022000983357429504e-01
-8.137609809637069702e-02
9.823223203420639038e-02
-9.310902096331119537e-03
3.542793169617652893e-02
2.600111253559589386e-02
5.607323721051216125e-02
-9.478854387998580933e-02
3.860318660736083984e-02
3.385884687304496765e-02
6.522116810083389282e-02
-1.538298837840557098e-02
-1.949623972177505493e-02
-1.729542575776576996e-02
2.976177260279655457e-02
-9.887695312500000000e-03
1.844229921698570251e-02
-7.859605364501476288e-03
-1.082283705472946167e-01
3.106985799968242645e-02
-4.389145225286483765e-02
-9.772729128599166870e-02
-2.948311157524585724e-02
1.051202341914176941e-01
-2.809104323387145996e-02
-3.263173997402191162e-02
-9.984783083200454712e-02
3.201147308573126793e-03
-1.130024716258049011e-02
4.219190776348114014e-02
-2.942299842834472656e-02
-2.217598818242549896e-02
1.420935243368148804e-02
-1.018941327929496765e-01
1.558121889829635620e-01
9.646669030189514160e-02
7.668809592723846436e-02
3.989480901509523392e-03
-5.143522471189498901e-02
-8.040054887533187866e-02
-7.401570677757263184e-02
1.301968842744827271e-01
-2.643734589219093323e-02
9.334472566843032837e-02
7.895978540182113647e-02
-3.138322755694389343e-02
-4.740140214562416077e-02
2.489870786666870117e-02
5.188130587339401245e-02
-1.134154479950666428e-02
6.010919064283370972e-02
-5.178909376263618469e-02
1.272299587726593018e-01
-1.419867873191833496e-01
-2.125559876731131226e-05
2.171299420297145844e-02
-4.131228849291801453e-02
5.490861088037490845e-02
-4.753105342388153076e-03
-4.608780145645141602e-02
8.234758675098419189e-02
-2.885417640209197998e-02
-4.851181432604789734e-02
3.551350906491279602e-02
3.117895312607288361e-02
1.366335805505514145e-02
2.336591482162475586e-03
4.893321916460990906e-02
-8.033869415521621704e-02
9.054715186357498169e-02
-6.988371163606643677e-02
2.322773821651935577e-02
1.521553751081228256e-02
-1.307615041732788086e-01
-5.965721234679222107e-02
-2.096861600875854492e-02
1.008908730000257492e-02
9.298227727413177490e-02
2.593876793980598450e-02
-8.022243529558181763e-02
1.757002808153629303e-02
6.002377346158027649e-02
-9.849240630865097046e-02
8.179172873497009277e-02
-8.919189125299453735e-02
-1.220615394413471222e-02
-1.048742309212684631e-01
2.444601058959960938e-02
1.328715588897466660e-02
-9.026966989040374756e-03
-9.320384263992309570e-02
-2.259497903287410736e-02
-4.393164813518524170e-02
2.309524826705455780e-02
-2.805085666477680206e-02
-2.362331561744213104e-02
8.233523368835449219e-02
1.828179508447647095e-02
7.311930507421493530e-02
-1.807584613561630249e-02
-7.889778167009353638e-02
2.048554457724094391e-02
-3.144550323486328125e-02
-4.850204288959503174e-02
-7.599778473377227783e-02
-4.427888616919517517e-02
8.449520915746688843e-03
-3.448572754859924316e-02
-1.913152402266860008e-03
7.081040740013122559e-02
2.058709785342216492e-02
-3.933993354439735413e-02
-6.396657787263393402e-03
1.380390673875808716e-02
-6.380592472851276398e-03
6.231210380792617798e-02
-3.924837708473205566e-02
-1.015665158629417419e-01
-3.320963680744171143e-02
-2.393548004329204559e-02
-8.775962516665458679e-03
-7.439088076353073120e-02
3.973110392689704895e-02
-8.275633677840232849e-03
4.890011250972747803e-02
-4.029519855976104736e-02
3.625663742423057556e-02
-1.273113768547773361e-02
-3.500365465879440308e-02
-1.797316595911979675e-03
-3.773173317313194275e-02
-5.202945694327354431e-02
4.645945876836776733e-02
4.118973016738891602e-02
6.698711961507797241e-02
1.473594363778829575e-02
-2.529581077396869659e-02
5.667065083980560303e-02
6.066657975316047668e-02
-3.865800052881240845e-02
2.679298259317874908e-02
9.669453836977481842e-03
-6.476260721683502197e-03
-1.206430047750473022e-01
2.971264533698558807e-02
6.267412006855010986e-02
4.916831385344266891e-03
6.720732897520065308e-02
-1.949318312108516693e-02
9.887482970952987671e-02
2.433629706501960754e-02
-1.847260445356369019e-02
1.601526513695716858e-02
1.066113077104091644e-02
-4.004539921879768372e-02
1.900551654398441315e-02
-6.493002921342849731e-02
-4.362198989838361740e-03
3.795695304870605469e-02
-5.816086381673812866e-02
2.530646882951259613e-02
-4.394840076565742493e-02
5.760776624083518982e-02
4.582758620381355286e-02
-2.426349371671676636e-02
-3.466061130166053772e-02
-1.119744870811700821e-02
-3.765350952744483948e-02
-1.224364619702100754e-02
3.452919051051139832e-02
-1.779260858893394470e-02
-7.609169115312397480e-04
2.658999897539615631e-02
-3.799909353256225586e-02
-4.224357008934020996e-02
9.107899852097034454e-03
-5.130816251039505005e-02
-2.901230007410049438e-02
5.007430538535118103e-02
-4.366234689950942993e-02
-3.334875777363777161e-02
-3.701472282409667969e-02
6.806940585374832153e-02
-1.298559457063674927e-01
1.002887412905693054e-01
5.676722154021263123e-02
1.701316982507705688e-01
6.307532638311386108e-02
8.826389908790588379e-02
-2.075011655688285828e-02
-6.378892343491315842e-03
-2.563423290848731995e-02
5.375546216964721680e-02
-1.590920388698577881e-01
6.247310666367411613e-04
-6.334336102008819580e-02
5.222271755337715149e-02
-1.960961520671844482e-02
-2.548617310822010040e-03
-1.341659855097532272e-02
6.476796232163906097e-03
-1.193603314459323883e-02
6.574466079473495483e-02
-1.062387079000473022e-01
2.451279386878013611e-02
-2.243541367352008820e-02
7.193061709403991699e-02
6.356878578662872314e-02
-2.342607453465461731e-02
5.930939689278602600e-02
8.910187333822250366e-02
-2.464985661208629608e-02
-9.698791801929473877e-02
-4.352311044931411743e-02
-5.451129376888275146e-02
-1.408651620149612427e-01
3.909943625330924988e-02
1.982756145298480988e-02
-3.381473245099186897e-03
3.880989924073219299e-02
-1.590348035097122192e-01
9.308890998363494873e-02
-1.458448469638824463e-01
-2.415743470191955566e-02
3.972270339727401733e-02
4.363701492547988892e-02
-1.643212586641311646e-01
-4.278148710727691650e-02
-3.215855732560157776e-02
6.741935014724731445e-02
-2.220029942691326141e-02
7.586295157670974731e-02
1.948910951614379883e-01
-1.238333508372306824e-01
-9.408028423786163330e-02
4.249998892191797495e-04
-3.225339576601982117e-02
1.255879998207092285e-01
-7.021757215261459351e-02
1.344687938690185547e-01
