-6.969024240970611572e-02
1.026325020939111710e-02
2.858378365635871887e-02
-4.796517640352249146e-02
-1.128418277949094772e-02
7.347270101308822632e-02
4.876099526882171631e-02
-1.324822157621383667e-01
8.395769447088241577e-02
7.406944036483764648e-02
-6.889135390520095825e-02
-8.394834399223327637e-02
6.890723854303359985e-02
2.849058061838150024e-02
3.230056166648864746e-02
8.162755519151687622e-02
4.132506996393203735e-02
-4.281762987375259399e-02
-1.657224632799625397e-02
5.445337668061256409e-02
8.193209767341613770e-03
-2.815824188292026520e-02
-1.299929339438676834e-02
-2.032877691090106964e-02
-1.004714798182249069e-02
-1.213136874139308929e-02
5.210415646433830261e-02
-1.387222204357385635e-02
-4.633834585547447205e-02
5.386698618531227112e-02
1.592481322586536407e-02
-5.634830892086029053e-02
-2.549378387629985809e-02
2.057287469506263733e-02
-2.743096277117729187e-02
1.682707108557224274e-02
-4.884846508502960205e-02
1.424989476799964905e-02
1.470350380986928940e-02
-4.679301753640174866e-03
-5.711885914206504822e-02
-1.477676350623369217e-02
-1.976883504539728165e-03
-5.454671755433082581e-02
1.154938712716102600e-01
4.747487977147102356e-02
5.098875612020492554e-02
1.589381881058216095e-02
-2.902404032647609711e-02
-9.649577736854553223e-02
-1.257443428039550781e-01
8.227850496768951416e-02
-4.218164831399917603e-02
5.464854836463928223e-02
5.147737637162208557e-02
-2.277567051351070404e-02
-1.475864555686712265e-02
6.213986128568649292e-02
1.158608216792345047e-02
3.604768216609954834e-02
8.290906995534896851e-02
-7.028697431087493896e-02
1.067362055182456970e-01
-1.630274355411529541e-01
-3.286578506231307983e-02
-1.566539332270622253e-02
-4.236084222793579102e-02
9.569940716028213501e-02
-2.785926125943660736e-02
-4.949760437011718750e-02
5.935751274228096008e-02
-1.501897815614938736e-02
-4.169859737157821655e-02
4.774025082588195801e-02
-3.032172331586480141e-03
7.134704850614070892e-03
4.517890885472297668e-02
3.766007721424102783e-02
-6.320693343877792358e-02
1.252688616514205933e-01
-8.196583390235900879e-02
4.149775952100753784e-02
3.967246413230895996e-02
-8.794210851192474365e-02
-6.751865893602371216e-02
-5.391316860914230347e-02
3.671972453594207764e-02
9.279178828001022339e-02
2.712870202958583832e-02
-4.583589360117912292e-02
1.738913729786872864e-02
2.011550962924957275e-02
-1.360292285680770874e-01
4.547176510095596313e-02
-6.707998365163803101e-02
-1.391511783003807068e-02
-7.104237377643585205e-02
4.236106202006340027e-02
-1.250412221997976303e-02
-3.837056457996368408e-02
-1.061182469129562378e-01
6.551340688019990921e-03
-2.648103237152099609e-02
4.454559460282325745e-02
-6.305917352437973022e-02
-4.550533369183540344e-02
5.600406229496002197e-02
1.685944758355617523e-02
6.527028977870941162e-02
-6.464148871600627899e-03
-8.342740684747695923e-02
2.351402305066585541e-02
-4.541608504951000214e-03
-4.545831680297851562e-02
-1.360969096422195435e-01
-6.711552292108535767e-02
-3.685347503051161766e-03
-4.371357709169387817e-02
1.523470971733331680e-03
4.422621801495552063e-02
8.677892386913299561e-02
-5.079014226794242859e-02
7.328453660011291504e-02
-5.423050746321678162e-02
1.531376875936985016e-02
8.686111122369766235e-02
-8.121100068092346191e-02
-1.151532977819442749e-01
-3.062723577022552490e-02
-1.817508414387702942e-02
-1.535646617412567139e-02
-5.457144230604171753e-02
6.171758100390434265e-02
2.067879028618335724e-02
1.212031394243240356e-02
-1.704625971615314484e-02
9.551085531711578369e-02
-6.704814732074737549e-02
-3.137106820940971375e-02
-1.001275144517421722e-02
-6.839904189109802246e-02
-5.628116428852081299e-02
6.460288166999816895e-02
2.824220433831214905e-02
4.457655176520347595e-02
3.277328610420227051e-02
-1.172794867306947708e-02
6.572818011045455933e-02
2.671096287667751312e-02
9.002134203910827637e-03
3.220650181174278259e-02
-2.415515482425689697e-02
-1.194298267364501953e-02
-1.209543943405151367e-01
-2.281159721314907074e-02
9.487084299325942993e-02
3.480825945734977722e-02
1.076144725084304810e-01
-6.628178805112838745e-02
8.643038570880889893e-02
2.503923512995243073e-02
-3.234526887536048889e-02
-5.501878913491964340e-03
-1.062507275491952896e-02
-3.984464332461357117e-02
4.115463700145483017e-03
-4.585792124271392822e-02
-1.720934174954891205e-02
2.087957412004470825e-02
-5.851429700851440430e-02
4.833779484033584595e-02
-5.149059742689132690e-02
2.464248612523078918e-02
8.218896389007568359e-02
-8.671465329825878143e-03
1.511118025518953800e-03
4.302940145134925842e-02
2.548407576978206635e-02
5.785053130239248276e-03
3.233859315514564514e-02
1.481443084776401520e-02
-6.603983696550130844e-03
4.064673557877540588e-02
-2.632000856101512909e-02
-5.303777009248733521e-02
7.135310210287570953e-03
-5.358019843697547913e-02
-5.144948512315750122e-02
3.688362240791320801e-02
-1.835537888109683990e-02
-8.746776729822158813e-03
-2.430120296776294708e-02
3.638907149434089661e-02
-1.031212210655212402e-01
1.025425642728805542e-01
5.833791941404342651e-02
8.101102709770202637e-02
6.893520802259445190e-02
9.083405882120132446e-02
-5.003656842745840549e-04
5.930428393185138702e-03
-3.498003585264086723e-03
4.149400815367698669e-02
-1.551487743854522705e-01
2.392015606164932251e-02
-7.556705921888351440e-02
3.995474427938461304e-02
-1.038279756903648376e-02
1.719983667135238647e-02
-2.791842073202133179e-02
2.169952727854251862e-03
-3.775267302989959717e-02
5.010537803173065186e-02
-1.519420836120843887e-02
3.338376432657241821e-02
-3.788514295592904091e-03
5.530998855829238892e-02
8.811327815055847168e-02
-1.379208406433463097e-04
4.839983582496643066e-02
7.801170647144317627e-02
-5.374475196003913879e-02
-8.299253135919570923e-02
-3.832945227622985840e-02
-8.160506188869476318e-02
-1.427102386951446533e-01
3.773593902587890625e-02
2.470312826335430145e-02
9.864720050245523453e-04
4.067515581846237183e-02
-2.645274698734283447e-01
1.133421137928962708e-01
-1.810605823993682861e-01
-7.475411146879196167e-02
5.444580316543579102e-02
8.498165756464004517e-02
-2.103643268346786499e-01
-5.939878523349761963e-02
-2.460658177733421326e-02
5.410666391253471375e-02
-1.088220975361764431e-03
9.601722657680511475e-02
1.473218649625778198e-01
-1.712362170219421387e-01
-1.137564331293106079e-01
4.342215601354837418e-03
-2.219161577522754669e-02
1.038711369037628174e-01
-2.796317636966705322e-02
6.730712950229644775e-02
