-4.670326411724090576e-02
-3.094866499304771423e-02
3.604831174015998840e-02
-6.622713059186935425e-02
-7.029778324067592621e-03
9.652949869632720947e-02
5.663485080003738403e-02
-7.075496762990951538e-02
1.107616648077964783e-01
3.043264336884021759e-02
-1.289315801113843918e-02
-4.881331324577331543e-02
1.189002171158790588e-01
2.385180629789829254e-02
3.224473819136619568e-02
5.539999902248382568e-02
1.473658066242933273e-02
-5.288102477788925171e-02
2.060121111571788788e-02
6.628399249166250229e-03
4.127143323421478271e-02
-1.781116612255573273e-02
1.559815928339958191e-02
-7.302728295326232910e-02
4.975233227014541626e-02
8.079044520854949951e-03
2.637842670083045959e-02
-6.210110336542129517e-02
-1.460023969411849976e-01
-1.099757477641105652e-02
-5.869325250387191772e-02
-8.952003717422485352e-02
-3.648194298148155212e-02
1.402406692504882812e-01
1.670788601040840149e-02
-3.042947873473167419e-02
-7.674161344766616821e-02
-4.042479768395423889e-02
-1.564899645745754242e-02
7.212740182876586914e-02
1.738655194640159607e-02
-3.572414629161357880e-03
1.865960285067558289e-02
-5.532532930374145508e-02
1.055027768015861511e-01
2.862662263214588165e-02
6.451888382434844971e-02
8.328835479915142059e-03
-3.070731088519096375e-02
-4.544780030846595764e-02
-5.841068178415298462e-02
5.207353457808494568e-02
6.055992096662521362e-03
-1.524096354842185974e-02
6.942956894636154175e-02
5.834880750626325607e-03
-7.014244049787521362e-02
2.434081863611936569e-03
4.462254419922828674e-02
1.235303375869989395e-02
2.820147201418876648e-02
-5.769884213805198669e-02
6.367284059524536133e-02
-1.130526214838027954e-01
-4.056312143802642822e-02
1.041523553431034088e-02
-3.019208274781703949e-02
-5.079053808003664017e-03
-3.756873682141304016e-02
-1.419029012322425842e-02
1.084774360060691833e-02
9.360014460980892181e-03
-2.646601758897304535e-02
2.766205929219722748e-02
-5.947218276560306549e-03
2.031346410512924194e-02
3.045106120407581329e-02
4.139653220772743225e-02
-5.948199704289436340e-02
4.710670188069343567e-02
-1.224738266319036484e-02
4.206901788711547852e-02
-2.389039611443877220e-03
-1.024565547704696655e-01
-2.307742647826671600e-02
-1.058970228768885136e-03
3.115503117442131042e-02
4.020930826663970947e-02
-2.617403306066989899e-02
-3.631249442696571350e-02
-5.414240062236785889e-02
1.144792884588241577e-02
-6.970337778329849243e-02
2.169235236942768097e-02
-7.497728615999221802e-02
2.748684026300907135e-02
-9.373871982097625732e-02
9.596231393516063690e-03
3.127279877662658691e-02
-3.975708037614822388e-02
-8.922319859266281128e-02
-1.161558460444211960e-02
7.522245403379201889e-03
5.323387682437896729e-02
-1.989116705954074860e-02
-1.640784367918968201e-02
5.114842951297760010e-02
4.647486656904220581e-02
7.307361066341400146e-02
6.433341186493635178e-03
-6.060623005032539368e-02
4.019057750701904297e-02
-4.129428882151842117e-03
-1.212645228952169418e-02
-9.047188609838485718e-02
1.499529648572206497e-02
-2.324869669973850250e-02
-3.455010801553726196e-02
-4.134758375585079193e-03
7.678129523992538452e-02
4.011207073926925659e-02
-3.829585760831832886e-02
3.926612436771392822e-02
-2.328060567378997803e-02
1.868785545229911804e-02
8.753235638141632080e-02
-6.368444114923477173e-02
-3.088864125311374664e-02
-4.749928042292594910e-02
2.043640939518809319e-03
1.632438786327838898e-02
-1.014707237482070923e-01
1.734341494739055634e-02
2.173945866525173187e-02
1.428194809705018997e-02
-2.699344884604215622e-03
7.697550952434539795e-02
-3.855371847748756409e-02
-5.193638801574707031e-02
-2.454218827188014984e-02
-5.216117948293685913e-02
-7.410487532615661621e-02
4.349935054779052734e-02
4.868251085281372070e-02
4.210527986288070679e-02
6.888411194086074829e-02
-1.896752219181507826e-04
-7.692691404372453690e-03
3.477714955806732178e-02
-7.241129875183105469e-02
1.967803947627544403e-02
1.249597221612930298e-02
-1.772157661616802216e-02
-7.402488589286804199e-02
8.980460697785019875e-04
7.101562805473804474e-03
3.513481933623552322e-03
1.515116542577743530e-01
-3.610177338123321533e-02
5.832990631461143494e-02
3.318155184388160706e-02
4.696901142597198486e-02
6.337921135127544403e-03
3.816124796867370605e-02
-7.665336877107620239e-02
1.287346519529819489e-02
-8.859208226203918457e-02
-1.568575017154216766e-02
5.638866685330867767e-03
-1.223372742533683777e-01
3.614462912082672119e-02
-6.584181636571884155e-02
8.332674205303192139e-02
5.832780152559280396e-02
-4.150397703051567078e-02
-3.122993744909763336e-02
5.225835368037223816e-03
-6.533413380384445190e-02
5.908472463488578796e-03
2.882530912756919861e-02
-6.643451750278472900e-02
-1.272130012512207031e-02
1.602001115679740906e-02
5.140397697687149048e-02
-9.618434309959411621e-02
-1.694897003471851349e-02
-1.041307970881462097e-01
-6.903285160660743713e-03
1.186516582965850830e-01
-7.794496417045593262e-02
-9.319420158863067627e-02
-4.574847593903541565e-02
9.258278459310531616e-02
-1.227857545018196106e-01
1.195765957236289978e-01
6.560035794973373413e-02
1.805337518453598022e-01
3.802581131458282471e-02
1.165171340107917786e-01
-5.248122289776802063e-02
-1.566225849092006683e-02
-7.897617667913436890e-02
3.270963579416275024e-02
-1.702691167593002319e-01
-2.746213460341095924e-03
-5.073960125446319580e-02
1.023451015353202820e-01
-4.202816635370254517e-02
-4.117364436388015747e-02
-3.249460086226463318e-02
-3.100720606744289398e-02
-5.120322108268737793e-02
6.370368599891662598e-02
-1.310443133115768433e-01
4.597954824566841125e-02
-2.617395855486392975e-02
6.830263137817382812e-02
1.538920253515243530e-01
-1.046458492055535316e-03
1.059704273939132690e-01
1.215584948658943176e-01
-2.060965634882450104e-02
-1.099771037697792053e-01
-7.323504239320755005e-02
-5.955939367413520813e-02
-8.773159980773925781e-02
1.856834068894386292e-02
4.406287521123886108e-02
1.855179108679294586e-02
2.701751701533794403e-02
-1.694502234458923340e-01
1.159330084919929504e-01
-1.502298265695571899e-01
-4.103869199752807617e-02
9.252901375293731689e-02
9.202014654874801636e-02
-1.737289428710937500e-01
-9.339664131402969360e-02
-5.259392783045768738e-02
3.865034878253936768e-02
-1.787007600069046021e-02
1.427761763334274292e-01
1.397514194250106812e-01
-1.068505719304084778e-01
-8.267307281494140625e-02
6.695671472698450089e-03
-6.061073020100593567e-02
9.147221595048904419e-02
2.978756465017795563e-02
1.028119400143623352e-01
