-1.041333749890327454e-01
-5.837011337280273438e-02
1.075313687324523926e-01
-8.273530006408691406e-02
-4.094399511814117432e-02
1.182037740945816040e-01
2.396766468882560730e-02
-1.741671115159988403e-01
9.694849699735641479e-02
4.848419129848480225e-02
-1.469335108995437622e-01
-7.433900237083435059e-02
1.377887874841690063e-01
-3.028566949069499969e-02
1.774469576776027679e-02
7.327424734830856323e-02
3.617040812969207764e-02
-8.780659735202789307e-02
2.941176667809486389e-02
3.000031225383281708e-02
5.602331459522247314e-02
-4.720443487167358398e-02
1.017422974109649658e-02
-3.417776897549629211e-02
4.903708025813102722e-02
-3.494734643027186394e-03
3.178036957979202271e-02
-8.743689954280853271e-02
-9.875492006540298462e-02
-2.129317633807659149e-02
-3.048883937299251556e-02
-6.460804492235183716e-02
-3.141429647803306580e-02
7.376282662153244019e-02
1.418290543369948864e-03
-8.661282248795032501e-03
-6.514678150415420532e-02
-2.427675575017929077e-02
3.266964480280876160e-02
1.500357780605554581e-02
-5.658450722694396973e-02
2.999826567247509956e-03
4.341492056846618652e-02
-5.832146853208541870e-02
8.847648650407791138e-02
2.667874842882156372e-02
9.217046201229095459e-03
-9.314945898950099945e-03
-4.799539968371391296e-02
-9.042877703905105591e-02
-7.286646962165832520e-02
5.217358469963073730e-02
-2.976484782993793488e-02
2.156026894226670265e-03
4.198622331023216248e-02
1.481252443045377731e-02
-5.727643147110939026e-02
1.691496558487415314e-02
2.004219964146614075e-02
7.813506573438644409e-02
6.685055792331695557e-02
-7.355073001235723495e-03
6.192781776189804077e-02
-1.271018385887145996e-01
-1.918186806142330170e-02
-3.838443756103515625e-02
-4.676289483904838562e-02
8.131320774555206299e-02
-4.474063962697982788e-02
-3.255208209156990051e-02
7.889709435403347015e-03
-1.159264706075191498e-03
-2.099283970892429352e-02
5.271159484982490540e-02
4.939016071148216724e-04
5.076293647289276123e-02
4.419712722301483154e-02
4.102915897965431213e-02
-7.030450552701950073e-02
6.444280594587326050e-02
-7.472157478332519531e-02
3.496133163571357727e-02
2.138216607272624969e-02
-9.921812266111373901e-02
-6.567722558975219727e-02
-2.215756662189960480e-02
5.396400019526481628e-02
1.133155450224876404e-01
-8.090162649750709534e-03
-1.413505524396896362e-02
3.193049877882003784e-02
-1.596191152930259705e-02
-1.137174367904663086e-01
1.454301923513412476e-02
-1.054402887821197510e-01
1.653436571359634399e-02
-8.447374403476715088e-02
3.903901204466819763e-02
-8.988420478999614716e-03
-2.401793561875820160e-02
-9.028757363557815552e-02
-3.002141835168004036e-03
-8.100337348878383636e-03
7.685172371566295624e-03
-6.413948535919189453e-02
-4.756392911076545715e-02
6.599300354719161987e-02
-1.682637073099613190e-02
2.596729062497615814e-02
-4.316190257668495178e-03
-4.036151990294456482e-02
3.296600189059972763e-04
1.256025023758411407e-02
-9.300559759140014648e-03
-1.060789301991462708e-01
-3.285216633230447769e-03
1.369785796850919724e-02
-7.768362015485763550e-02
-1.007070485502481461e-02
8.381510525941848755e-02
6.550473719835281372e-02
-2.991918288171291351e-02
6.805483717471361160e-03
-6.185988429933786392e-03
1.358122657984495163e-02
8.267849683761596680e-02
-8.621031045913696289e-02
-8.680064976215362549e-02
-8.530206233263015747e-02
-8.426776155829429626e-03
2.272818423807621002e-02
-3.044941648840904236e-02
5.595396086573600769e-02
2.551109902560710907e-02
1.871071071946062148e-05
-5.410575121641159058e-02
1.177847832441329956e-01
-5.768762528896331787e-02
-4.030196368694305420e-02
-7.642093300819396973e-02
-3.303626179695129395e-02
-4.712226986885070801e-02
3.626065328717231750e-02
7.434659451246261597e-02
5.109598487615585327e-02
3.162853792309761047e-02
-4.661413654685020447e-02
5.582063924521207809e-03
6.702058762311935425e-02
-6.833866238594055176e-02
5.314155295491218567e-02
-1.168142817914485931e-02
6.107306107878684998e-02
-8.725661784410476685e-02
-9.655216708779335022e-03
5.452629923820495605e-02
3.510984359309077263e-03
1.025883704423904419e-01
-6.350669264793395996e-02
6.803423166275024414e-02
1.412177365273237228e-02
-8.748086169362068176e-03
-9.313913062214851379e-03
-2.347792126238346100e-02
-6.764920800924301147e-02
3.019165806472301483e-02
-3.393952921032905579e-02
1.610884629189968109e-02
2.016536891460418701e-03
-6.651766598224639893e-02
1.497387513518333435e-02
-7.703637331724166870e-02
7.346700131893157959e-02
3.579032421112060547e-02
-4.134321212768554688e-02
-3.648971766233444214e-02
1.569531485438346863e-02
-2.846725471317768097e-02
4.226846620440483093e-03
8.955101482570171356e-03
-5.551322177052497864e-02
3.586530312895774841e-02
7.217486202716827393e-02
1.104690879583358765e-02
-6.658700853586196899e-02
1.828672923147678375e-02
-4.492210596799850464e-02
1.802225224673748016e-02
4.400570690631866455e-02
-5.647156387567520142e-02
1.074068434536457062e-02
-4.698320850729942322e-02
7.025751471519470215e-02
-7.468142360448837280e-02
1.021346673369407654e-01
4.159501940011978149e-02
1.215263158082962036e-01
4.629675671458244324e-02
1.026225984096527100e-01
2.666159719228744507e-02
-4.001719132065773010e-02
-8.902536705136299133e-03
2.743987925350666046e-02
-1.578240245580673218e-01
1.460977178066968918e-02
-4.193951934576034546e-02
7.187281548976898193e-02
-2.855954319238662720e-02
4.855914041399955750e-03
-4.403658583760261536e-02
-2.803142368793487549e-02
-5.099676921963691711e-02
7.557610422372817993e-02
-4.679168388247489929e-02
1.693858206272125244e-02
-2.133650518953800201e-02
6.477837264537811279e-02
9.400296211242675781e-02
4.578839056193828583e-03
5.757159739732742310e-02
6.450729072093963623e-02
-3.672678768634796143e-02
-8.040908724069595337e-02
-6.791307777166366577e-02
-9.602902829647064209e-02
-1.398905962705612183e-01
8.308900147676467896e-02
5.162141099572181702e-02
2.513659745454788208e-02
1.453407225199043751e-03
-2.803672254085540771e-01
1.072363108396530151e-01
-1.874895840883255005e-01
-7.381143420934677124e-02
4.862628877162933350e-02
6.730785965919494629e-02
-2.093502730131149292e-01
-5.191428586840629578e-02
-1.645653881132602692e-02
2.665589191019535065e-02
-2.451341832056641579e-03
7.132516801357269287e-02
8.222464472055435181e-02
-1.296723037958145142e-01
-5.074916034936904907e-02
8.305010385811328888e-03
-4.680479876697063446e-03
2.752624638378620148e-02
-1.793888211250305176e-02
5.143436789512634277e-02
