-1.195833608508110046e-01
-3.288146480917930603e-02
6.014782562851905823e-02
-1.915634982287883759e-02
-4.118357226252555847e-02
4.301018640398979187e-02
-2.962540276348590851e-02
-1.040582656860351562e-01
3.222299367189407349e-02
4.086988791823387146e-02
-1.498303413391113281e-01
-7.296758890151977539e-02
1.208975389599800110e-01
-3.871012106537818909e-02
-1.892670616507530212e-02
6.173559278249740601e-02
4.363991320133209229e-02
-5.382653325796127319e-02
-4.927467554807662964e-03
5.515679717063903809e-02
5.794587358832359314e-02
-2.325549162924289703e-02
3.613509237766265869e-02
1.197391003370285034e-02
4.962208494544029236e-02
-1.381751149892807007e-02
-1.272096950560808182e-02
-5.483098328113555908e-02
-9.244288504123687744e-02
-7.368349004536867142e-03
-2.176390402019023895e-02
-4.859886318445205688e-02
1.965700089931488037e-02
3.775035217404365540e-02
3.392991051077842712e-02
1.697092317044734955e-02
-9.799388796091079712e-02
8.913684636354446411e-03
3.045742213726043701e-02
2.572434954345226288e-02
-6.801061332225799561e-02
-5.348806828260421753e-02
5.189146101474761963e-02
-5.564717575907707214e-02
7.566240429878234863e-02
6.156807020306587219e-02
2.946642972528934479e-02
-3.423668444156646729e-02
-9.086695313453674316e-02
-1.575430184602737427e-01
-6.714376062154769897e-02
1.146131008863449097e-01
-7.447230815887451172e-02
4.436633363366127014e-02
4.856364056468009949e-02
-3.972641751170158386e-02
-2.541330456733703613e-02
4.044309630990028381e-02
1.485300716012716293e-02
4.327252507209777832e-02
6.708230823278427124e-02
1.802366110496222973e-03
1.703188568353652954e-02
-1.429664492607116699e-01
-6.171043962240219116e-03
-5.757638812065124512e-02
-2.962525561451911926e-02
8.979462087154388428e-02
-1.543356943875551224e-02
-6.845518946647644043e-02
9.805482812225818634e-03
1.249594707041978836e-02
1.884933211840689182e-03
8.821830898523330688e-02
-1.754655316472053528e-02
-5.717793479561805725e-03
6.797091662883758545e-02
4.139413684606552124e-02
-3.392019867897033691e-02
6.665354222059249878e-02
-1.014685481786727905e-01
1.830357685685157776e-02
4.566641151905059814e-02
-9.685566276311874390e-02
-8.991941809654235840e-02
-3.460922976955771446e-03
9.356441348791122437e-02
1.428569108247756958e-01
-9.419851936399936676e-03
2.073597535490989685e-02
7.215151935815811157e-02
-3.565379232168197632e-02
-1.081606820225715637e-01
3.123777918517589569e-02
-1.485467106103897095e-01
-2.636950230225920677e-03
-3.175569232553243637e-03
4.446117207407951355e-02
-9.300428442656993866e-03
-1.679423823952674866e-02
-6.553685665130615234e-02
-5.643060430884361267e-03
-3.075117059051990509e-02
-1.543541159480810165e-02
-6.124128028750419617e-02
-7.319137454032897949e-02
8.123458176851272583e-02
-3.943228721618652344e-02
-4.114796407520771027e-03
3.794872667640447617e-03
-4.290897771716117859e-02
-1.685660146176815033e-02
1.306037325412034988e-02
2.533315494656562805e-02
-6.992553919553756714e-02
-9.685746394097805023e-03
4.877665638923645020e-02
-5.872500687837600708e-02
-2.649993263185024261e-02
7.895132154226303101e-02
7.107172161340713501e-02
-5.124721676111221313e-03
-2.699554711580276489e-02
2.954343333840370178e-03
8.729821071028709412e-03
5.863273888826370239e-02
-5.494483560323715210e-02
-9.402168542146682739e-02
-6.391610950231552124e-02
-2.705030515789985657e-02
3.563679009675979614e-02
-7.724692113697528839e-03
5.232676118612289429e-02
3.491356223821640015e-02
-1.071922108530998230e-02
-8.623731136322021484e-02
1.223032847046852112e-01
-6.486918777227401733e-02
-1.024792157113552094e-02
-4.377479851245880127e-02
2.569446153938770294e-02
-3.613333776593208313e-02
3.803205862641334534e-02
5.582625418901443481e-02
5.247199162840843201e-02
-1.325258403085172176e-03
-6.333843618631362915e-02
5.371266975998878479e-02
7.528702914714813232e-02
-7.160918414592742920e-02
9.190650284290313721e-02
-5.182661116123199463e-02
7.125533372163772583e-02
-6.845352053642272949e-02
-3.858542814850807190e-02
8.982588350772857666e-02
1.406422629952430725e-02
4.416819661855697632e-02
-8.071871846914291382e-02
5.607974529266357422e-02
2.236204221844673157e-02
-3.203296661376953125e-02
5.403914675116539001e-02
-3.044694289565086365e-02
-3.377956897020339966e-02
4.170494154095649719e-02
3.248030692338943481e-02
1.117947883903980255e-02
1.346875913441181183e-02
-4.869488626718521118e-02
2.117707580327987671e-02
-7.691971212625503540e-02
2.972124330699443817e-02
2.359447814524173737e-02
-6.253607571125030518e-02
-2.650997601449489594e-02
2.582295425236225128e-02
-2.889989502727985382e-02
1.331374049186706543e-02
1.900512166321277618e-02
-1.266695559024810791e-02
3.245461732149124146e-02
8.869944512844085693e-02
-2.617107471451163292e-03
-4.972507432103157043e-02
2.577999234199523926e-02
-1.168842799961566925e-02
4.721888527274131775e-02
-1.619618153199553490e-03
-4.757596924901008606e-02
8.861273527145385742e-02
-2.980682626366615295e-02
1.954203844070434570e-02
-9.289507567882537842e-02
1.148545444011688232e-01
5.381364375352859497e-03
1.074310466647148132e-01
4.702570289373397827e-02
7.604961842298507690e-02
6.008027121424674988e-02
-2.970576100051403046e-02
2.090525999665260315e-02
3.435033932328224182e-02
-9.403337538242340088e-02
1.129168867919361219e-05
-3.525677695870399475e-02
7.624413818120956421e-02
2.699840627610683441e-02
2.422903105616569519e-02
-4.251269251108169556e-02
-2.399244718253612518e-02
-4.201299324631690979e-02
7.001359760761260986e-02
-7.541835773736238480e-03
1.063222810626029968e-02
7.112443912774324417e-03
4.465214535593986511e-02
1.456233207136392593e-03
1.879934803582727909e-03
6.251274049282073975e-02
3.089949302375316620e-02
-1.775738410651683807e-02
-6.849589198827743530e-02
-5.474932864308357239e-02
-8.738032728433609009e-02
-1.620182394981384277e-01
9.200142323970794678e-02
2.744315005838871002e-02
2.543925680220127106e-02
-7.772565819323062897e-03
-2.673100531101226807e-01
3.887731581926345825e-02
-1.813381016254425049e-01
-8.972884714603424072e-02
3.653834573924541473e-03
7.410631328821182251e-02
-1.699735820293426514e-01
-7.126428931951522827e-02
3.606916964054107666e-02
6.749769300222396851e-02
-1.437217369675636292e-02
4.143622517585754395e-02
1.414902806282043457e-01
-2.019776552915573120e-01
-1.199231073260307312e-01
-5.253955256193876266e-03
5.058692768216133118e-03
6.042311340570449829e-02
-4.100967198610305786e-02
1.115817353129386902e-01
