-9.596507996320724487e-02
-4.681615903973579407e-02
1.843737997114658356e-02
-2.533587999641895294e-02
1.516985939815640450e-03
3.038476034998893738e-02
9.122439660131931305e-03
-5.527386069297790527e-02
1.046888157725334167e-01
4.150112718343734741e-02
-7.427628338336944580e-02
-5.867495387792587280e-02
9.899435937404632568e-02
9.406812489032745361e-03
3.008394036442041397e-03
4.139204323291778564e-02
3.316797316074371338e-02
-8.526323735713958740e-02
2.670722454786300659e-02
4.482527822256088257e-02
6.937047839164733887e-02
7.990779355168342590e-03
-3.039939561858773232e-03
-2.654942683875560760e-02
2.893896959722042084e-02
-1.341929193586111069e-02
2.313202805817127228e-02
-1.750316843390464783e-02
-1.301538795232772827e-01
1.906412467360496521e-02
-5.117321759462356567e-02
-8.619315177202224731e-02
1.960744895040988922e-02
1.178852021694183350e-01
-2.648072084411978722e-03
-4.182808846235275269e-02
-1.104325130581855774e-01
-3.034791443496942520e-03
-1.518970169126987457e-02
4.489923641085624695e-02
-1.671358384191989899e-02
-5.985257402062416077e-02
1.433998811990022659e-02
-9.442130476236343384e-02
1.554903537034988403e-01
1.177408993244171143e-01
8.829616755247116089e-02
-8.608281495980918407e-04
-6.993819028139114380e-02
-9.286531805992126465e-02
-4.602444916963577271e-02
1.574363410472869873e-01
-2.847133390605449677e-02
8.795273303985595703e-02
8.808544278144836426e-02
-5.058233812451362610e-02
-3.673532977700233459e-02
3.291635215282440186e-02
6.307300925254821777e-02
-4.573366418480873108e-02
4.891651496291160583e-02
-3.818477690219879150e-02
1.030545011162757874e-01
-1.416588723659515381e-01
3.843451384454965591e-03
2.715561166405677795e-02
-3.930800408124923706e-02
3.095757029950618744e-02
6.875102873891592026e-03
-5.927116423845291138e-02
6.710197776556015015e-02
-3.405062481760978699e-02
-2.737727761268615723e-02
5.688338726758956909e-02
3.173664212226867676e-02
-2.738292887806892395e-02
-3.921926952898502350e-03
3.879108652472496033e-02
-5.147985741496086121e-02
7.601024955511093140e-02
-5.061401426792144775e-02
2.409294433891773224e-02
3.127124533057212830e-02
-1.268377304077148438e-01
-6.542841345071792603e-02
1.568875461816787720e-02
2.686802484095096588e-02
1.013588830828666687e-01
1.199466641992330551e-02
-5.960190668702125549e-02
2.158896066248416901e-02
4.760313034057617188e-02
-9.392583370208740234e-02
8.588093519210815430e-02
-9.979012608528137207e-02
-2.791982144117355347e-02
-6.590326875448226929e-02
5.003891512751579285e-02
8.656287565827369690e-03
2.102231606841087341e-03
-9.989986568689346313e-02
-2.424558624625205994e-02
-5.007178336381912231e-02
4.645136371254920959e-02
-3.161078691482543945e-02
-1.867706328630447388e-02
8.482986688613891602e-02
3.320595622062683105e-02
5.484908446669578552e-02
-1.195360068231821060e-02
-9.119892120361328125e-02
2.371491678059101105e-02
-4.225049912929534912e-02
-3.460028022527694702e-02
-7.653315365314483643e-02
-4.494296386837959290e-02
4.073648527264595032e-02
-2.526320330798625946e-02
1.447775308042764664e-02
7.040910422801971436e-02
3.447078540921211243e-02
-3.073777258396148682e-02
-3.750188974663615227e-03
-1.442093169316649437e-03
-5.216018296778202057e-03
6.192062422633171082e-02
-2.397538721561431885e-02
-8.873416483402252197e-02
-1.330814696848392487e-02
-3.805213794112205505e-02
7.959614740684628487e-04
-7.794824987649917603e-02
5.350816994905471802e-02
6.847594399005174637e-03
2.622415497899055481e-02
-4.810225218534469604e-02
5.808122083544731140e-02
-3.290646895766258240e-02
-4.726494103670120239e-02
7.069425657391548157e-03
-8.855809457600116730e-03
-6.639189273118972778e-02
4.770845547318458557e-02
3.399199247360229492e-02
6.476633995771408081e-02
5.380162037909030914e-03
-3.161529824137687683e-02
7.309050112962722778e-02
7.438722252845764160e-02
-5.133511126041412354e-02
4.974454641342163086e-02
2.318462356925010681e-03
-1.280819438397884369e-02
-1.101360321044921875e-01
2.573831239715218544e-03
6.371423602104187012e-02
5.514347460120916367e-03
7.485984265804290771e-02
-4.177406057715415955e-02
1.027813181281089783e-01
4.526355117559432983e-02
-1.172020193189382553e-02
4.433260113000869751e-02
2.892073057591915131e-02
-1.442149095237255096e-02
1.609054021537303925e-02
-4.396124184131622314e-02
-3.216924518346786499e-02
3.280860185623168945e-02
-4.480614885687828064e-02
2.550739981234073639e-02
-4.264781251549720764e-02
4.639517143368721008e-02
4.133676365017890930e-02
-3.158298879861831665e-02
-3.733998537063598633e-02
-7.644196972250938416e-03
-2.378327958285808563e-02
7.027054671198129654e-03
4.006492346525192261e-02
-4.389179870486259460e-03
4.947246634401381016e-04
3.052369691431522369e-02
-1.725455746054649353e-02
-3.788073360919952393e-02
1.584205590188503265e-02
-2.609886787831783295e-02
-1.750973612070083618e-02
5.053417757153511047e-02
-4.064552113413810730e-02
-3.456079959869384766e-02
-8.747483603656291962e-03
4.154954850673675537e-02
-1.426502764225006104e-01
1.173236072063446045e-01
4.683901742100715637e-02
1.603364497423171997e-01
5.602985620498657227e-02
7.769557088613510132e-02
-4.040630161762237549e-02
1.181060541421175003e-02
-1.641386933624744415e-02
4.013485461473464966e-02
-1.182301789522171021e-01
-3.413562104105949402e-02
-2.865842171013355255e-02
5.300442501902580261e-02
1.503380388021469116e-02
-3.776753786951303482e-03
-9.878747165203094482e-03
9.072849643416702747e-04
-8.214889094233512878e-03
5.573308840394020081e-02
-9.184163063764572144e-02
3.329443559050559998e-02
-3.051901469007134438e-03
5.414317175745964050e-02
2.695127949118614197e-02
-1.404804550111293793e-02
6.318817287683486938e-02
7.410497963428497314e-02
-1.275965571403503418e-02
-8.019199967384338379e-02
-4.279629513621330261e-02
-4.373911395668983459e-02
-1.338134407997131348e-01
4.077931866049766541e-02
1.896294765174388885e-02
2.900441642850637436e-03
2.439364232122898102e-02
-1.260676383972167969e-01
5.687323585152626038e-02
-1.312358379364013672e-01
-2.125663496553897858e-02
2.194978296756744385e-02
7.220196723937988281e-02
-1.501802802085876465e-01
-7.257112860679626465e-02
-2.553219906985759735e-02
9.504663199186325073e-02
-3.129309043288230896e-02
9.197597205638885498e-02
2.477882802486419678e-01
-1.557731181383132935e-01
-1.550951153039932251e-01
-1.319345831871032715e-02
-3.847218677401542664e-02
1.583204120397567749e-01
-5.779260024428367615e-02
2.033597379922866821e-01
