-6.906473636627197266e-02
-4.808118939399719238e-02
-1.440602168440818787e-02
-2.620416693389415741e-02
-2.644913271069526672e-02
5.000825971364974976e-02
7.517748326063156128e-02
-4.128551855683326721e-02
1.442502140998840332e-01
3.093151934444904327e-02
8.158296346664428711e-03
-4.471720755100250244e-02
1.125520244240760803e-01
1.099140383303165436e-02
1.627856492996215820e-02
2.179731091018766165e-04
2.705683931708335876e-02
-5.350495874881744385e-02
4.751803353428840637e-03
3.713743016123771667e-02
3.462881222367286682e-02
1.582811400294303894e-02
-3.099188208580017090e-02
-4.665211960673332214e-02
1.868183165788650513e-02
-3.596244496293365955e-04
4.968903027474880219e-03
-2.177182585000991821e-02
-1.662338078022003174e-01
-1.883793994784355164e-02
-5.286892876029014587e-02
-8.510681241750717163e-02
-2.125939354300498962e-02
1.780363321304321289e-01
2.635274268686771393e-02
-4.728868976235389709e-02
-1.020638793706893921e-01
-2.154186554253101349e-02
-3.419825434684753418e-02
6.809694319963455200e-02
3.700525313615798950e-02
-3.340896219015121460e-02
-2.673842245712876320e-04
-7.659064233303070068e-02
1.892106682062149048e-01
1.139671206474304199e-01
1.102991849184036255e-01
3.815724048763513565e-03
-6.900857388973236084e-02
-4.862501472234725952e-02
-4.257457330822944641e-02
1.243445351719856262e-01
2.455815672874450684e-02
7.965294271707534790e-02
1.105415225028991699e-01
-3.353040665388107300e-02
-7.663642615079879761e-02
-2.529745548963546753e-02
6.100516393780708313e-02
-6.907036155462265015e-02
3.806097060441970825e-02
-3.941871225833892822e-02
8.704169094562530518e-02
-1.120107993483543396e-01
-1.753468438982963562e-02
4.366894066333770752e-02
-8.088691160082817078e-03
-4.632294923067092896e-02
-1.886086165904998779e-02
1.383481267839670181e-02
3.238491714000701904e-02
-4.418907687067985535e-02
-7.619419693946838379e-02
3.882701694965362549e-02
3.830989822745323181e-02
-4.948258027434349060e-02
-1.574137248098850250e-02
3.336491808295249939e-02
-6.292126327753067017e-02
3.182945400476455688e-02
1.120657380670309067e-02
2.728854678571224213e-02
-4.567431751638650894e-03
-1.064483597874641418e-01
-4.344058688730001450e-04
-9.571721893735229969e-04
1.296482142060995102e-02
4.430712200701236725e-03
-2.986275590956211090e-02
-5.907254293560981750e-02
-3.683174401521682739e-02
7.284801453351974487e-02
-4.850208014249801636e-02
7.192204892635345459e-02
-7.016355544328689575e-02
1.228605490177869797e-02
-9.996997565031051636e-02
-1.225714106112718582e-02
1.055457722395658493e-02
9.925883496180176735e-04
-4.691383987665176392e-02
-4.786213859915733337e-02
-2.319293655455112457e-02
4.548240080475807190e-02
1.650688983500003815e-02
-5.483621731400489807e-03
4.992342367768287659e-02
6.225274875760078430e-02
9.924425184726715088e-02
9.066354483366012573e-03
-6.437359005212783813e-02
5.892521888017654419e-02
-4.952853545546531677e-02
-4.668653756380081177e-02
-4.706467688083648682e-02
2.565484610386192799e-04
-1.702939718961715698e-02
-3.781254217028617859e-02
1.208534743636846542e-02
5.312050506472587585e-02
-3.465754212811589241e-03
-5.940240994095802307e-02
2.091200277209281921e-02
-3.157623484730720520e-02
4.038546234369277954e-02
4.308338090777397156e-02
8.855423890054225922e-03
-2.920940704643726349e-02
-3.406126424670219421e-02
-2.656811475753784180e-02
3.592824935913085938e-02
-1.471757143735885620e-01
1.667582429945468903e-02
-1.186508592218160629e-02
1.037778332829475403e-02
-2.336353994905948639e-02
6.931777298450469971e-02
-5.792001634836196899e-02
-5.125390365719795227e-02
1.758963055908679962e-02
-4.639380797743797302e-02
-5.234240368008613586e-02
4.870754480361938477e-02
4.195260256528854370e-02
1.943413726985454559e-02
4.402290284633636475e-02
1.847824081778526306e-02
2.582712098956108093e-02
5.571917071938514709e-02
-5.635361000895500183e-02
4.371519759297370911e-02
1.328846067190170288e-02
-4.885812848806381226e-02
-8.312041312456130981e-02
2.924518845975399017e-02
-2.330096065998077393e-02
5.644073244184255600e-04
1.099252626299858093e-01
-1.713263988494873047e-02
8.646797388792037964e-02
2.830122224986553192e-02
2.917330712080001831e-02
3.288567811250686646e-02
6.082623451948165894e-02
-5.887180194258689880e-02
1.392371114343404770e-02
-6.410077959299087524e-02
-3.573395684361457825e-02
3.422830998897552490e-02
-8.099583536386489868e-02
4.063233360648155212e-02
-9.230051073245704174e-04
5.308189988136291504e-02
5.918583273887634277e-02
-3.490465506911277771e-02
-1.722411438822746277e-02
-1.364405732601881027e-03
-5.530879274010658264e-02
-1.084579154849052429e-02
2.151164039969444275e-02
-3.680084645748138428e-02
-3.383757546544075012e-02
-2.773179113864898682e-02
-1.074207387864589691e-02
-3.296364843845367432e-02
-2.983864396810531616e-02
-5.496809631586074829e-02
-6.740411370992660522e-02
8.176808059215545654e-02
-4.880664125084877014e-02
-1.044817864894866943e-01
-2.937821298837661743e-02
8.936966210603713989e-02
-1.781023591756820679e-01
9.723313152790069580e-02
7.473674416542053223e-02
1.966371834278106689e-01
1.151684019714593887e-02
1.369272917509078979e-01
-7.791934162378311157e-02
1.028504315763711929e-02
-7.930147647857666016e-02
3.502138331532478333e-02
-1.330856680870056152e-01
-2.173793502151966095e-02
-2.306236885488033295e-02
6.956519931554794312e-02
-2.025148458778858185e-02
-5.276486277580261230e-02
-5.809970665723085403e-03
-1.906814402900636196e-03
-3.615412488579750061e-02
7.187624275684356689e-02
-1.336830705404281616e-01
2.952859550714492798e-02
-1.261299848556518555e-02
4.709137603640556335e-02
9.249264001846313477e-02
-1.137874182313680649e-02
8.486257493495941162e-02
9.785383939743041992e-02
6.309810560196638107e-03
-9.542585909366607666e-02
-1.189438998699188232e-02
-3.440716862678527832e-02
-7.039181888103485107e-02
1.932734996080398560e-02
1.316999085247516632e-02
-1.570075936615467072e-02
4.061373695731163025e-02
-7.126703392714262009e-03
9.089435636997222900e-02
-9.097103774547576904e-02
6.886715535074472427e-03
7.428293675184249878e-02
9.861185401678085327e-02
-1.477039307355880737e-01
-7.793673872947692871e-02
-6.848544627428054810e-02
6.363394856452941895e-02
-2.436981163918972015e-02
1.275747418403625488e-01
1.939024925231933594e-01
-6.637269258499145508e-02
-9.777028113603591919e-02
-1.282360032200813293e-02
-6.759173423051834106e-02
1.611236184835433960e-01
-2.153017185628414154e-02
1.340131908655166626e-01
