-6.691908091306686401e-02
-5.651909112930297852e-02
1.236210986971855164e-01
-8.824902027845382690e-02
-4.045568406581878662e-02
1.085654348134994507e-01
7.005638442933559418e-03
-1.540448963642120361e-01
9.516553580760955811e-02
4.995047301054000854e-02
-1.310146152973175049e-01
-6.744793057441711426e-02
1.239868476986885071e-01
-3.780812025070190430e-02
7.333246176131069660e-04
1.130195856094360352e-01
2.431214600801467896e-02
-9.068878740072250366e-02
4.223185777664184570e-02
2.144160307943820953e-02
5.732442438602447510e-02
-4.934548959136009216e-02
3.163348417729139328e-03
-5.660809949040412903e-02
4.310580343008041382e-02
-1.428669411689043045e-02
5.351162329316139221e-02
-9.692724794149398804e-02
-1.277547925710678101e-01
-2.205753512680530548e-02
-4.802157729864120483e-02
-6.030229851603507996e-02
-3.185254707932472229e-02
9.402542561292648315e-02
-1.975864870473742485e-03
-1.161196269094944000e-02
-4.945510253310203552e-02
-3.617595508694648743e-02
2.971380017697811127e-02
1.934129279106855392e-03
-3.404528275132179260e-02
-7.879287004470825195e-03
4.977591335773468018e-02
-5.895331501960754395e-02
5.766002088785171509e-02
6.327934563159942627e-03
4.990822169929742813e-03
-1.583509147167205811e-03
-4.920958727598190308e-02
-7.700784504413604736e-02
-5.153533816337585449e-02
5.509457737207412720e-02
-1.676804758608341217e-02
-1.372272614389657974e-02
5.527879297733306885e-02
2.847600542008876801e-02
-7.324675470590591431e-02
2.142953872680664062e-02
2.624946460127830505e-02
7.821586728096008301e-02
4.807944968342781067e-02
-2.449086634442210197e-03
3.935280069708824158e-02
-1.275282651185989380e-01
-1.461802888661623001e-02
-3.401231393218040466e-02
-4.768214374780654907e-02
6.153742223978042603e-02
-4.015425592660903931e-02
-1.040902570821344852e-03
-2.022763900458812714e-02
-7.656101137399673462e-03
-4.195461515337228775e-03
5.198053270578384399e-02
1.621987298130989075e-02
3.936005011200904846e-02
4.245428368449211121e-02
2.766705490648746490e-02
-5.805479362607002258e-02
5.648134276270866394e-02
-6.023652479052543640e-02
4.708534106612205505e-02
2.667410857975482941e-02
-9.556483477354049683e-02
-6.316293776035308838e-02
-3.619910776615142822e-02
4.909522086381912231e-02
1.117905527353286743e-01
-2.696568332612514496e-02
-4.319468513131141663e-03
3.132971376180648804e-02
-1.416518073529005051e-02
-1.193726882338523865e-01
-3.548792796209454536e-03
-9.279054403305053711e-02
9.105465374886989594e-03
-9.841985255479812622e-02
4.893827438354492188e-02
-1.418508868664503098e-02
-4.005393013358116150e-02
-1.011147499084472656e-01
-1.878224499523639679e-02
-1.467875577509403229e-02
3.111020103096961975e-02
-5.802325531840324402e-02
-7.026803493499755859e-02
5.546168237924575806e-02
2.329741837456822395e-03
6.624080240726470947e-03
-1.043855911120772362e-03
-1.362316217273473740e-02
1.418406888842582703e-02
1.036562304943799973e-02
-1.534118018753360957e-05
-8.976424485445022583e-02
-4.419844131916761398e-03
1.926735602319240570e-02
-6.731235980987548828e-02
-9.715337306261062622e-03
9.771697968244552612e-02
4.829375445842742920e-02
-2.680464647710323334e-02
-2.724152803421020508e-02
-1.447112183086574078e-03
2.460012398660182953e-02
9.416811913251876831e-02
-6.620645523071289062e-02
-8.536753803491592407e-02
-8.390278369188308716e-02
4.397888260427862406e-04
-1.880124676972627640e-03
-1.035926397889852524e-02
6.094856187701225281e-02
2.337011322379112244e-02
-5.092518404126167297e-03
-7.365873456001281738e-02
1.313870847225189209e-01
-4.356996342539787292e-02
-4.418170079588890076e-02
-7.625076174736022949e-02
-1.049801800400018692e-02
-5.794902145862579346e-02
5.799915641546249390e-02
8.193930983543395996e-02
4.341028630733489990e-02
3.664330765604972839e-02
-2.248949371278285980e-02
1.149985007941722870e-02
8.093030005693435669e-02
-5.204735323786735535e-02
4.360996559262275696e-02
3.281407756730914116e-03
6.631197035312652588e-02
-7.082645595073699951e-02
-1.091987453401088715e-02
5.117631703615188599e-02
-6.617447361350059509e-03
7.756863534450531006e-02
-6.323809921741485596e-02
9.009987860918045044e-02
4.870314151048660278e-02
-1.035852916538715363e-02
-1.901063509285449982e-02
-1.952249370515346527e-02
-6.557039171457290649e-02
2.223580889403820038e-02
-4.390454292297363281e-02
2.387629076838493347e-02
1.007435191422700882e-02
-5.677223950624465942e-02
9.950091131031513214e-03
-9.241894632577896118e-02
7.516966760158538818e-02
4.068032652139663696e-02
-6.399135291576385498e-02
-4.293720051646232605e-02
-2.438352443277835846e-03
-9.991765022277832031e-03
2.559769898653030396e-03
8.713154122233390808e-03
-6.135776638984680176e-02
3.799550607800483704e-02
7.918712496757507324e-02
-2.186598721891641617e-03
-5.999629199504852295e-02
1.222609914839267731e-02
-1.373983174562454224e-02
1.234567910432815552e-02
5.890063941478729248e-02
-6.657687574625015259e-02
3.431157674640417099e-03
-4.608762636780738831e-02
8.826273679733276367e-02
-9.892413765192031860e-02
1.179057359695434570e-01
6.226424127817153931e-02
1.265658438205718994e-01
5.590965971350669861e-02
1.165212616324424744e-01
2.258831262588500977e-02
-3.427354618906974792e-02
-1.045581232756376266e-02
1.612213067710399628e-02
-1.786816418170928955e-01
-1.508348621428012848e-02
-2.983981743454933167e-02
7.296328991651535034e-02
-3.119894303381443024e-02
9.213089360855519772e-04
-3.630376979708671570e-02
-1.772687770426273346e-02
-5.089380964636802673e-02
7.965470105409622192e-02
-4.109955579042434692e-02
2.083016186952590942e-02
-4.617518745362758636e-03
5.105934292078018188e-02
8.139365911483764648e-02
1.293332502245903015e-02
6.962396204471588135e-02
6.129364669322967529e-02
-1.703261584043502808e-02
-8.171663433313369751e-02
-5.965193361043930054e-02
-9.962598979473114014e-02
-1.531414687633514404e-01
8.985514938831329346e-02
5.665273219347000122e-02
9.522425010800361633e-03
-1.067599654197692871e-02
-2.492693513631820679e-01
9.297686070203781128e-02
-1.869221478700637817e-01
-5.882273986935615540e-02
4.652468115091323853e-02
7.246913015842437744e-02
-2.113536149263381958e-01
-6.643346697092056274e-02
-2.603928558528423309e-02
1.108869723975658417e-02
8.505945093929767609e-03
7.099103182554244995e-02
9.148260951042175293e-02
-1.341052651405334473e-01
-5.091572180390357971e-02
-1.388794835656881332e-02
-1.265780534595251083e-02
2.799483574926853180e-02
-1.130114123225212097e-02
7.149502635002136230e-02
