-3.696110844612121582e-02
-5.349164083600044250e-02
7.769050449132919312e-02
-3.662554547190666199e-02
6.329050660133361816e-02
1.850541681051254272e-02
2.061793021857738495e-02
7.852820679545402527e-03
3.223314508795738220e-02
-2.080907672643661499e-02
-2.496279962360858917e-02
9.396911598742008209e-03
-6.690804846584796906e-03
-1.167287211865186691e-02
3.315800428390502930e-02
-8.549247868359088898e-03
3.286239132285118103e-02
-7.534351944923400879e-02
5.222514271736145020e-02
4.860057961195707321e-03
7.725554704666137695e-02
3.171601146459579468e-02
-1.626983471214771271e-02
-1.430828240700066090e-03
3.504006564617156982e-02
-1.835571788251399994e-02
1.572196185588836670e-02
3.157394379377365112e-02
-1.657250672578811646e-01
5.455333739519119263e-03
-8.087277412414550781e-02
-1.149885132908821106e-01
2.713287808001041412e-02
1.504327803850173950e-01
-4.142965748906135559e-02
-8.836276829242706299e-02
-1.049943491816520691e-01
1.867966540157794952e-02
-7.123099267482757568e-02
4.365169629454612732e-02
-7.816026918590068817e-04
-5.113971605896949768e-02
-5.534651223570108414e-03
-9.514342248439788818e-02
7.253655791282653809e-02
1.681205779314041138e-01
1.008296310901641846e-01
-1.537875924259424210e-02
-7.898591458797454834e-02
-6.343187298625707626e-03
4.440841265022754669e-03
2.155427336692810059e-01
-2.037309482693672180e-02
9.558109939098358154e-02
1.298684477806091309e-01
-4.185320436954498291e-02
-5.233636870980262756e-02
2.423371374607086182e-02
8.923676609992980957e-02
-4.548849537968635559e-02
-2.008395828306674957e-02
-6.024976447224617004e-02
1.316845417022705078e-01
-1.599220484495162964e-01
1.872149668633937836e-02
4.250395670533180237e-02
-4.819753393530845642e-02
6.998880952596664429e-02
-1.902914047241210938e-02
-5.542911589145660400e-02
8.729197829961776733e-02
-5.679551139473915100e-02
4.378357529640197754e-02
7.489284127950668335e-02
3.865842893719673157e-02
5.202388390898704529e-03
-2.943023573607206345e-03
6.297855824232101440e-02
-1.062593385577201843e-01
7.836540788412094116e-02
-7.266686856746673584e-02
2.594293281435966492e-02
2.641098760068416595e-02
-1.320058405399322510e-01
-1.054253056645393372e-01
3.534080088138580322e-02
7.884251885116100311e-03
9.349693357944488525e-02
3.361131623387336731e-02
-1.020389199256896973e-01
2.732795663177967072e-03
2.558240294456481934e-02
-4.654676839709281921e-02
1.211481392383575439e-01
-1.217114403843879700e-01
-9.754676371812820435e-03
-1.106936931610107422e-01
3.869802504777908325e-02
4.170966520905494690e-02
-6.495526991784572601e-03
-9.756994247436523438e-02
-4.875440895557403564e-02
-5.053221061825752258e-02
4.778671637177467346e-02
3.423281479626893997e-03
-3.170187817886471748e-03
1.092336699366569519e-01
2.625044062733650208e-02
1.365983393043279648e-02
-2.524746209383010864e-02
-8.063412457704544067e-02
2.288178727030754089e-02
-5.130835250020027161e-02
-5.723783001303672791e-02
-3.629081323742866516e-02
-4.032643139362335205e-02
6.873106211423873901e-02
-2.070662099868059158e-03
-1.774843782186508179e-02
1.088857054710388184e-01
2.660872414708137512e-03
-4.229443520307540894e-02
-9.576913714408874512e-02
6.888546049594879150e-02
1.725691952742636204e-03
6.875155866146087646e-02
-6.546919466927647591e-04
-8.922265470027923584e-02
2.261124923825263977e-02
-4.040550068020820618e-02
-3.061155974864959717e-02
-8.091394603252410889e-02
2.140804193913936615e-02
1.090021803975105286e-02
4.753672704100608826e-02
-5.155214294791221619e-02
-1.389035023748874664e-02
8.028993010520935059e-02
3.002922795712947845e-02
5.977499112486839294e-02
4.373732954263687134e-02
-6.256408989429473877e-02
6.945903599262237549e-02
4.774634167551994324e-02
6.512199342250823975e-02
9.004514664411544800e-03
-9.522767737507820129e-03
1.179043725132942200e-01
5.436336621642112732e-02
-1.643770001828670502e-02
-4.563720896840095520e-02
2.882949262857437134e-02
-3.815826773643493652e-02
-2.766469307243824005e-02
4.194089025259017944e-02
1.044835075736045837e-01
1.402160245925188065e-02
-3.477399935945868492e-03
-1.721043512225151062e-02
1.034306511282920837e-01
6.448376923799514771e-02
-1.840018481016159058e-02
3.322018682956695557e-02
9.833529591560363770e-03
-1.582654565572738647e-02
8.854945190250873566e-03
-5.566699430346488953e-02
-8.105167187750339508e-03
7.746074348688125610e-02
-4.535703361034393311e-02
4.585462808609008789e-02
-3.363668173551559448e-02
6.128000095486640930e-02
-3.109645098447799683e-03
-8.185473084449768066e-02
-3.640247881412506104e-02
-1.244914308190345764e-01
-4.232465848326683044e-02
-1.352228317409753799e-02
4.535360634326934814e-02
-7.692127488553524017e-03
-4.011341556906700134e-02
3.053678944706916809e-02
-7.412640750408172607e-02
-2.017953246831893921e-02
8.969193324446678162e-03
-2.548614330589771271e-02
2.071559615433216095e-02
8.767832070589065552e-02
-7.601135224103927612e-02
-3.855405002832412720e-02
-4.407255351543426514e-02
4.077227413654327393e-02
-9.516055136919021606e-02
8.010472357273101807e-02
7.218353450298309326e-02
1.829089373350143433e-01
7.068555057048797607e-02
-1.565762422978878021e-02
-5.191038548946380615e-02
-1.322973333299160004e-02
-3.134566172957420349e-02
4.556245729327201843e-02
-1.306302696466445923e-01
-3.361568227410316467e-02
-5.258748680353164673e-02
4.511699825525283813e-02
2.949909120798110962e-02
1.503992592915892601e-03
1.744508929550647736e-02
2.291483245790004730e-02
1.712297089397907257e-03
3.344214707612991333e-02
-1.411370486021041870e-01
-1.325884833931922913e-02
-4.338688682764768600e-03
5.646447185426950455e-03
-9.080236777663230896e-03
-6.126407533884048462e-03
7.426217943429946899e-02
1.130677759647369385e-01
5.380219593644142151e-02
-5.116174742579460144e-02
-2.206702902913093567e-02
-2.841904386878013611e-02
-1.013049706816673279e-01
-3.673184663057327271e-02
-1.515625044703483582e-02
-6.192229688167572021e-03
1.774116605520248413e-02
-5.933255329728126526e-02
1.561803277581930161e-02
-1.088902503252029419e-01
-2.424694364890456200e-03
2.708995155990123749e-02
-1.018933393061161041e-02
-4.536676779389381409e-02
-1.428915467113256454e-02
1.608635112643241882e-02
3.876151889562606812e-02
-1.286905258893966675e-02
7.471697032451629639e-02
1.689734756946563721e-01
-7.410001754760742188e-02
-2.628624066710472107e-02
-2.074506506323814392e-02
-2.353844419121742249e-02
8.633498102426528931e-02
-4.760754480957984924e-02
1.573750823736190796e-01
