-4.137906245887279510e-03
-3.281802311539649963e-02
-3.052831161767244339e-03
6.911787204444408417e-03
3.941026329994201660e-02
-3.823064267635345459e-03
4.390496760606765747e-02
3.767202422022819519e-02
5.520556122064590454e-02
2.489998191595077515e-02
2.918213605880737305e-02
-1.943077309988439083e-03
6.554411724209785461e-03
1.428469363600015640e-02
4.468973726034164429e-02
1.626418903470039368e-02
3.336133807897567749e-02
-4.837385192513465881e-02
-2.055273763835430145e-02
3.332638740539550781e-02
3.708486631512641907e-02
2.477407269179821014e-02
-4.645168781280517578e-02
-2.658981084823608398e-02
-1.223704591393470764e-02
-3.936382755637168884e-02
4.143021255731582642e-02
4.004158079624176025e-02
-1.684231460094451904e-01
2.546457573771476746e-02
-5.099171772599220276e-02
-1.125323548913002014e-01
-9.547638706862926483e-03
1.470948755741119385e-01
-7.559112273156642914e-03
-4.271221905946731567e-02
-1.015392392873764038e-01
4.075870662927627563e-02
-6.972658634185791016e-02
3.947607427835464478e-02
7.177733350545167923e-03
-6.785567849874496460e-02
-1.228290982544422150e-02
-1.167954728007316589e-01
1.590819805860519409e-01
1.751126050949096680e-01
1.176582425832748413e-01
1.919748820364475250e-02
-1.239835545420646667e-01
-5.053297057747840881e-02
-5.488257855176925659e-02
2.035493701696395874e-01
3.638158086687326431e-03
1.339900195598602295e-01
1.656590849161148071e-01
-7.644257694482803345e-02
-2.924482524394989014e-02
3.194777294993400574e-02
5.915067344903945923e-02
-9.414883702993392944e-02
1.168104540556669235e-02
-8.738993108272552490e-02
1.280869692564010620e-01
-1.684687584638595581e-01
-9.033729322254657745e-03
5.105301365256309509e-02
-1.514499820768833160e-02
1.384839229285717010e-02
-1.343590207397937775e-03
-3.539992496371269226e-02
8.360408991575241089e-02
-6.066028773784637451e-02
-4.338206350803375244e-02
7.582822442054748535e-02
2.086605876684188843e-02
-5.623562261462211609e-02
3.993025515228509903e-03
5.607641115784645081e-02
-7.176292687654495239e-02
1.083106622099876404e-01
-3.804089874029159546e-02
3.604796901345252991e-02
2.976780757308006287e-02
-1.220316663384437561e-01
-6.093929708003997803e-02
-1.025411766022443771e-02
-5.528725683689117432e-03
3.097347356379032135e-02
2.609859406948089600e-02
-9.554641693830490112e-02
-3.467693179845809937e-02
7.378664612770080566e-02
-5.962302908301353455e-02
8.862852305173873901e-02
-9.416107833385467529e-02
-1.711644418537616730e-02
-1.188364252448081970e-01
1.345043070614337921e-02
1.821153983473777771e-02
-3.958202432841062546e-03
-6.931094080209732056e-02
-3.677419573068618774e-02
-4.558609426021575928e-02
1.057242751121520996e-01
1.768385618925094604e-02
7.395902648568153381e-03
4.203962907195091248e-02
3.854835405945777893e-02
7.549694180488586426e-02
-1.093726488761603832e-03
-7.676868140697479248e-02
5.340014398097991943e-02
-8.042370527982711792e-02
-5.976303294301033020e-02
-1.022901311516761780e-01
-7.559601217508316040e-02
1.115632709115743637e-02
-4.018831241410225630e-04
-6.141687277704477310e-03
4.486049339175224304e-02
3.172461315989494324e-02
-8.509122580289840698e-02
-6.947599351406097412e-03
-2.771550789475440979e-02
2.003320865333080292e-02
8.159709721803665161e-02
-8.497749455273151398e-03
-7.625430077314376831e-02
3.952153772115707397e-02
-3.230642527341842651e-02
-3.268470615148544312e-02
-1.113638430833816528e-01
2.229200489819049835e-02
3.082542214542627335e-03
5.107498914003372192e-02
-2.322827279567718506e-02
3.926736488938331604e-02
3.256117925047874451e-02
1.231464557349681854e-03
9.275189787149429321e-02
2.597413212060928345e-02
-4.850758984684944153e-02
9.274219721555709839e-02
4.686548933386802673e-02
2.385981939733028412e-02
2.586035989224910736e-02
4.183654114603996277e-02
1.157048568129539490e-01
1.812886819243431091e-02
2.190151810646057129e-02
-1.968640089035034180e-02
1.334005221724510193e-02
-7.348542660474777222e-02
-8.970706909894943237e-02
2.525578066706657410e-02
1.000887900590896606e-01
3.449684754014015198e-02
5.779035016894340515e-02
-5.274429172277450562e-02
1.074324995279312134e-01
5.772590637207031250e-02
1.613294734852388501e-04
5.184249207377433777e-02
3.955448418855667114e-02
-2.403335273265838623e-02
2.630085125565528870e-02
-4.555141925811767578e-02
-4.882995411753654480e-02
6.855665147304534912e-02
-4.157469421625137329e-02
8.908724039793014526e-02
-2.173441648483276367e-02
2.293903939425945282e-02
6.666237860918045044e-02
-3.868565708398818970e-02
-3.923286218196153641e-03
-5.412058532238006592e-02
2.340800315141677856e-02
-3.364489227533340454e-02
3.505793586373329163e-02
6.812388892285525799e-05
-8.551238477230072021e-02
-2.475077053532004356e-03
-5.906353518366813660e-02
-4.946233239024877548e-03
-1.758925616741180420e-02
-2.041570469737052917e-02
-7.554113119840621948e-02
7.622688263654708862e-02
-4.411713778972625732e-02
-5.901352688670158386e-02
-1.981830690056085587e-03
2.396213449537754059e-02
-1.198163628578186035e-01
6.083618849515914917e-02
9.084892272949218750e-02
9.373079240322113037e-02
5.052157491445541382e-02
2.169319801032543182e-02
-3.632365912199020386e-02
1.550299674272537231e-02
-3.344960138201713562e-02
2.692273072898387909e-02
-9.189856052398681641e-02
-1.485102530568838120e-02
-4.860037565231323242e-02
1.886794343590736389e-02
2.897977083921432495e-02
-9.611991117708384991e-04
3.267861902713775635e-03
4.602945968508720398e-02
-3.385752439498901367e-03
1.892818883061408997e-02
-7.252795249223709106e-02
3.924414888024330139e-02
1.145465299487113953e-02
1.948065869510173798e-02
1.604803279042243958e-02
2.199853025376796722e-02
6.249693781137466431e-02
8.533390611410140991e-02
3.924578800797462463e-02
-7.138191163539886475e-02
1.138996239751577377e-02
-3.120276844128966331e-03
-9.070239961147308350e-02
-4.837153851985931396e-02
-2.393839135766029358e-02
-2.166671864688396454e-02
4.649773612618446350e-02
-3.791021183133125305e-03
6.050143763422966003e-02
-7.746022194623947144e-02
1.401172135956585407e-03
3.367643058300018311e-02
5.425849184393882751e-02
-8.793915808200836182e-02
-3.367890790104866028e-02
-2.824760414659976959e-02
2.215081267058849335e-02
2.466123318299651146e-03
9.486561268568038940e-02
1.990832239389419556e-01
-1.004513651132583618e-01
-8.986106514930725098e-02
-4.140533506870269775e-02
-3.950123488903045654e-02
1.416568309068679810e-01
-6.237617507576942444e-02
1.360566616058349609e-01
