-1.158052012324333191e-01
-6.715225428342819214e-02
6.474475562572479248e-02
-6.018931791186332703e-02
-2.161538787186145782e-02
7.359777390956878662e-02
-3.410425968468189240e-03
-1.053344160318374634e-01
1.085781529545783997e-01
4.006164893507957458e-02
-1.317391246557235718e-01
-4.309166222810745239e-02
1.477181464433670044e-01
-4.048306867480278015e-02
2.819421328604221344e-02
4.107856005430221558e-02
5.940598435699939728e-03
-8.275414258241653442e-02
5.425491183996200562e-02
2.658498706296086311e-03
7.939080893993377686e-02
-4.273246973752975464e-02
-5.260981153696775436e-03
-2.082512900233268738e-02
4.536068066954612732e-02
-1.797902630642056465e-03
4.625392612069845200e-04
-4.741797223687171936e-02
-1.482032239437103271e-01
-4.649245366454124451e-02
-4.643690213561058044e-02
-6.521877646446228027e-02
-6.055735284462571144e-04
1.509096026420593262e-01
-4.361344035714864731e-03
-4.826354235410690308e-02
-9.265393018722534180e-02
-1.203958224505186081e-02
9.833360090851783752e-03
3.337831422686576843e-02
-1.998848468065261841e-02
-3.365401551127433777e-02
4.200117290019989014e-02
-6.583990156650543213e-02
1.266166716814041138e-01
9.768904000520706177e-02
4.140320047736167908e-02
-1.360866893082857132e-02
-6.731433421373367310e-02
-7.070593535900115967e-02
-3.815110027790069580e-02
9.529335796833038330e-02
-1.384305581450462341e-02
3.986803442239761353e-02
6.205997988581657410e-02
-9.385477751493453979e-03
-6.786141544580459595e-02
1.482651010155677795e-02
4.749817401170730591e-02
1.490508019924163818e-02
6.612227112054824829e-02
-2.357144653797149658e-02
7.868169993162155151e-02
-1.162399649620056152e-01
3.227885579690337181e-03
-6.899492815136909485e-03
-5.235954374074935913e-02
3.414745628833770752e-02
-4.657282680273056030e-02
-5.992803350090980530e-02
2.365957945585250854e-02
-1.422068011015653610e-02
-1.960622891783714294e-02
8.750863373279571533e-02
1.754248328506946564e-02
3.562485799193382263e-02
1.708287931978702545e-02
4.938183352351188660e-02
-6.299337744712829590e-02
4.452192783355712891e-02
-4.172897338867187500e-02
1.464196015149354935e-02
1.119592227041721344e-02
-1.242169514298439026e-01
-6.554522365331649780e-02
2.495029941201210022e-02
5.481772497296333313e-02
1.060203388333320618e-01
-9.348763152956962585e-03
-2.786231786012649536e-02
2.603649720549583435e-02
-4.617032827809453011e-04
-8.733358234167098999e-02
5.959236621856689453e-02
-1.044177561998367310e-01
9.793996810913085938e-03
-9.320667386054992676e-02
4.505245015025138855e-02
6.615546066313982010e-03
-6.971454131416976452e-04
-7.239906489849090576e-02
-2.225514128804206848e-02
-2.662786282598972321e-02
-3.884296631440520287e-03
-2.969850972294807434e-02
-3.287689387798309326e-02
8.542183041572570801e-02
5.030683241784572601e-03
3.369378671050071716e-02
-1.124460902065038681e-02
-5.086883530020713806e-02
2.461105398833751678e-02
-1.393302436918020248e-02
-2.066732570528984070e-02
-9.005977958440780640e-02
1.956835389137268066e-03
3.951998054981231689e-02
-4.345715418457984924e-02
1.023982837796211243e-02
9.430111944675445557e-02
4.228895902633666992e-02
-4.479823261499404907e-02
-3.049193322658538818e-02
3.733741492033004761e-02
1.533204969018697739e-02
6.893239915370941162e-02
-7.196886837482452393e-02
-6.875067204236984253e-02
-7.650700956583023071e-02
-8.240705356001853943e-03
3.546206280589103699e-02
-7.746593654155731201e-02
3.839651495218276978e-02
2.170694619417190552e-02
1.751628471538424492e-03
-5.580047890543937683e-02
9.661980718374252319e-02
-3.194343671202659607e-02
-4.022458195686340332e-02
-2.820209972560405731e-02
2.402535872533917427e-03
-7.375374436378479004e-02
5.724997073411941528e-02
1.136388406157493591e-01
6.474976986646652222e-02
1.968602277338504791e-02
-4.803321883082389832e-02
3.553038462996482849e-02
9.309860318899154663e-02
-9.390149265527725220e-02
4.263301193714141846e-02
4.739863332360982895e-03
3.401101380586624146e-02
-8.824962377548217773e-02
1.873593963682651520e-02
4.030706733465194702e-02
-1.054020132869482040e-02
1.134081929922103882e-01
-6.276829540729522705e-02
9.649345278739929199e-02
1.516662724316120148e-02
-9.131785482168197632e-03
3.351349011063575745e-02
5.567837972193956375e-03
-6.336828321218490601e-02
4.200787842273712158e-02
-5.673945322632789612e-02
-5.572102381847798824e-04
-2.951440401375293732e-03
-7.640159875154495239e-02
1.947610639035701752e-02
-7.362134754657745361e-02
6.218822672963142395e-02
2.482723072171211243e-02
-3.303375095129013062e-02
-6.276081502437591553e-02
-2.516948059201240540e-02
-4.881403222680091858e-02
-1.032833382487297058e-02
4.152101278305053711e-02
-6.610150635242462158e-02
1.405271235853433609e-02
3.822260349988937378e-02
7.745022419840097427e-03
-5.295714363455772400e-02
2.382856421172618866e-02
-3.594936430454254150e-02
1.910576783120632172e-02
6.507004797458648682e-02
-5.931239202618598938e-02
-1.169840991497039795e-02
-4.958138987421989441e-02
8.279010653495788574e-02
-1.238636970520019531e-01
1.389313042163848877e-01
6.016211584210395813e-02
1.918855458498001099e-01
3.287975862622261047e-02
1.090646833181381226e-01
-2.695395052433013916e-02
-2.788547240197658539e-02
-2.847936004400253296e-02
2.376107312738895416e-02
-1.577737927436828613e-01
-2.484808489680290222e-02
-3.280775994062423706e-02
8.868054300546646118e-02
4.422330297529697418e-03
-1.889023557305335999e-02
-2.796797454357147217e-02
-1.880920119583606720e-02
-4.868637770414352417e-02
8.453713357448577881e-02
-1.033339872956275940e-01
1.835525408387184143e-02
-2.980818413197994232e-02
7.548097521066665649e-02
5.956742540001869202e-02
-1.262521091848611832e-02
7.470383495092391968e-02
8.914250135421752930e-02
-1.521082315593957901e-02
-1.182495653629302979e-01
-6.206843256950378418e-02
-9.361673146486282349e-02
-1.513403207063674927e-01
6.868957728147506714e-02
4.253073409199714661e-02
7.843019440770149231e-03
-9.583820938132703304e-04
-1.830634176731109619e-01
8.276915550231933594e-02
-1.364427208900451660e-01
-1.772614009678363800e-02
3.844576328992843628e-02
5.044985935091972351e-02
-1.780158430337905884e-01
-5.170993506908416748e-02
-1.534725073724985123e-02
5.303392186760902405e-02
-1.073495205491781235e-02
3.506284579634666443e-02
1.141702681779861450e-01
-1.034319847822189331e-01
-6.974998116493225098e-02
-1.435826811939477921e-02
-2.525698952376842499e-02
5.002706497907638550e-02
-4.152113571763038635e-02
9.922809898853302002e-02
