-9.452923387289047241e-02
-4.132626205682754517e-02
1.745654828846454620e-02
-1.189673878252506256e-02
3.192378906533122063e-03
4.603778198361396790e-02
5.572902411222457886e-02
-4.908328130841255188e-02
1.316779553890228271e-01
3.025519102811813354e-02
-8.111926168203353882e-02
-5.743500217795372009e-02
7.977403700351715088e-02
-2.308517321944236755e-02
1.923134364187717438e-02
-3.501659259200096130e-02
4.649018123745918274e-02
-7.298805564641952515e-02
4.312918521463871002e-03
4.695365205407142639e-02
5.404242500662803650e-02
1.010346133261919022e-02
-2.906261011958122253e-02
2.085747569799423218e-02
2.508447878062725067e-02
-1.135901641100645065e-02
-2.131715975701808929e-02
2.003464661538600922e-02
-1.129132881760597229e-01
-1.222885213792324066e-03
-4.961451515555381775e-02
-7.679218053817749023e-02
2.165104262530803680e-02
1.116308718919754028e-01
-1.081733126193284988e-02
-3.028254769742488861e-02
-8.948809653520584106e-02
9.089980274438858032e-03
-3.520444780588150024e-02
4.279962927103042603e-02
5.783663131296634674e-03
-4.212497919797897339e-02
-1.649350300431251526e-02
-7.893932610750198364e-02
1.539135426282882690e-01
1.509024202823638916e-01
9.293513000011444092e-02
-3.411312401294708252e-02
-8.071238547563552856e-02
-7.516898959875106812e-02
-2.177933603525161743e-02
1.445295661687850952e-01
-2.166757360100746155e-02
1.108535453677177429e-01
9.165604412555694580e-02
-4.259843379259109497e-02
-3.566183149814605713e-02
1.216211635619401932e-02
5.405263975262641907e-02
-6.197098642587661743e-02
3.903398290276527405e-02
-2.015369012951850891e-02
1.007668972015380859e-01
-1.445875167846679688e-01
2.405186649411916733e-03
3.138924390077590942e-02
-9.585820138454437256e-03
2.689988911151885986e-02
-2.574452012777328491e-02
-3.230928629636764526e-02
4.462881758809089661e-02
-2.333837002515792847e-02
-5.284956842660903931e-02
4.319974035024642944e-02
2.529240399599075317e-02
-2.907254174351692200e-02
-1.217254810035228729e-02
6.502470374107360840e-02
-5.064927786588668823e-02
3.879658505320549011e-02
-4.810544848442077637e-02
2.969256043434143066e-02
2.064017020165920258e-02
-1.286447644233703613e-01
-5.574056133627891541e-02
1.601480692625045776e-02
1.436438038945198059e-02
6.020919233560562134e-02
1.316606812179088593e-02
-8.324613422155380249e-02
2.752878516912460327e-02
3.712765127420425415e-02
-4.702039808034896851e-02
1.055659949779510498e-01
-1.220880597829818726e-01
5.690419115126132965e-03
-6.902436167001724243e-02
5.599541589617729187e-03
3.296352224424481392e-03
2.453057281672954559e-02
-4.896858334541320801e-02
-4.552152007818222046e-02
-1.790156215429306030e-02
2.454323507845401764e-02
2.303612651303410530e-03
2.976066316477954388e-04
9.422267228364944458e-02
1.700276881456375122e-02
6.168249249458312988e-02
-4.223665688186883926e-03
-1.071885749697685242e-01
2.305324934422969818e-02
-4.868393018841743469e-02
-5.122270062565803528e-02
-4.719331488013267517e-02
-2.116173133254051208e-02
4.670286551117897034e-02
-2.318174391984939575e-02
-1.321167033165693283e-02
5.528665333986282349e-02
3.135759849101305008e-03
-4.646827280521392822e-02
-1.635405980050563812e-02
3.182990103960037231e-02
5.429587326943874359e-03
3.588195890188217163e-02
1.038902322761714458e-03
-8.993675559759140015e-02
-2.044528536498546600e-02
-5.831935256719589233e-02
6.154401972889900208e-02
-1.352728456258773804e-01
6.897390633821487427e-02
3.885578829795122147e-03
2.931011840701103210e-02
-5.365432426333427429e-02
8.508528769016265869e-02
-5.744192004203796387e-02
-1.360791362822055817e-02
1.769184321165084839e-02
-3.037657029926776886e-02
-4.945623129606246948e-02
6.390491127967834473e-02
5.132834240794181824e-02
3.985290229320526123e-02
9.829974733293056488e-03
-1.810731552541255951e-02
1.090655922889709473e-01
3.116781450808048248e-02
-5.410660058259963989e-02
5.979839339852333069e-02
-4.939681384712457657e-03
-1.304892636835575104e-02
-1.091758087277412415e-01
4.837967082858085632e-02
6.694426387548446655e-02
4.178030788898468018e-02
7.742405682802200317e-02
-4.040389508008956909e-02
1.027629449963569641e-01
5.151297524571418762e-02
-2.406513318419456482e-02
5.969265103340148926e-02
-1.010373700410127640e-03
-2.052752487361431122e-02
1.364780962467193604e-02
-7.770752068608999252e-03
-2.325302548706531525e-02
3.515354171395301819e-02
-6.134957540780305862e-03
4.295226559042930603e-02
1.775525882840156555e-02
-6.624871748499572277e-04
4.025574773550033569e-02
-6.324696540832519531e-02
-6.129252724349498749e-03
-1.067334320396184921e-02
-3.270664066076278687e-02
5.642212461680173874e-03
2.312500588595867157e-02
-3.551449859514832497e-03
-3.699884936213493347e-02
-2.516840584576129913e-02
-7.155648618936538696e-02
-1.103063672780990601e-02
-1.840313896536827087e-02
-4.053688794374465942e-02
-1.944622769951820374e-02
4.110000655055046082e-02
-5.792544037103652954e-02
-5.236291512846946716e-02
-5.026778206229209900e-02
5.571184307336807251e-02
-1.592789441347122192e-01
9.281454235315322876e-02
6.430332362651824951e-02
1.988342106342315674e-01
4.484493657946586609e-02
1.031005084514617920e-01
-5.493944138288497925e-02
-1.549759227782487869e-02
-5.552829056978225708e-02
4.286834970116615295e-02
-1.264051496982574463e-01
-3.415619954466819763e-03
-7.748556882143020630e-02
5.147894844412803650e-02
2.016386017203330994e-02
-2.286444045603275299e-02
9.165757335722446442e-03
-1.396960299462080002e-02
-2.727873623371124268e-02
8.359661698341369629e-02
-1.353611350059509277e-01
1.037592161446809769e-02
-6.401462946087121964e-03
4.010824859142303467e-02
1.517644524574279785e-02
-3.499851003289222717e-02
8.053620904684066772e-02
1.017268449068069458e-01
7.805838249623775482e-03
-9.452299773693084717e-02
-8.532256819307804108e-03
-3.236776962876319885e-02
-9.735369682312011719e-02
3.397200629115104675e-02
-2.684051170945167542e-02
-1.929648779332637787e-02
5.100163444876670837e-02
-9.909731894731521606e-02
6.659930944442749023e-02
-1.374530792236328125e-01
-2.642889274284243584e-03
3.682770207524299622e-02
7.513899356126785278e-02
-1.469238847494125366e-01
-6.822071224451065063e-02
-3.028796240687370300e-02
8.001638948917388916e-02
-1.713945157825946808e-02
9.143608063459396362e-02
2.301766127347946167e-01
-1.178622469305992126e-01
-9.103089570999145508e-02
-2.047831565141677856e-02
-6.397388130426406860e-02
1.697802096605300903e-01
-7.711070775985717773e-02
1.527628451585769653e-01
