-8.063393086194992065e-02
-2.649708464741706848e-02
2.485783211886882782e-02
-4.145066440105438232e-02
2.348301745951175690e-02
6.139417365193367004e-02
5.363107845187187195e-02
-7.920862734317779541e-02
9.765010327100753784e-02
2.090370841324329376e-02
-7.122846692800521851e-02
-5.496646091341972351e-02
5.305485054850578308e-02
-2.127879858016967773e-02
7.570406049489974976e-02
2.048018388450145721e-03
6.920308619737625122e-02
-6.350395828485488892e-02
3.905798774212598801e-03
5.754119157791137695e-02
2.198983216658234596e-03
2.005673944950103760e-02
-3.470008075237274170e-02
1.059742737561464310e-02
6.035776343196630478e-03
-6.447891937568783760e-04
1.400283351540565491e-02
3.457557410001754761e-02
-1.043317466974258423e-01
3.293490409851074219e-02
7.772601209580898285e-03
-1.097989007830619812e-01
-3.276708349585533142e-02
5.742864310741424561e-02
-1.650407724082469940e-02
-7.442711386829614639e-03
-7.514836639165878296e-02
5.038133263587951660e-02
-1.269135437905788422e-02
3.411377221345901489e-02
-5.084751918911933899e-02
-2.497689239680767059e-02
-2.232202887535095215e-02
-7.590387761592864990e-02
1.336293518543243408e-01
1.076722815632820129e-01
9.559938311576843262e-02
-1.898430101573467255e-02
-5.526562780141830444e-02
-6.566987931728363037e-02
-8.376829326152801514e-02
1.196783185005187988e-01
-2.429329417645931244e-02
1.175810173153877258e-01
7.428516447544097900e-02
-4.283141344785690308e-02
-1.685723662376403809e-02
5.322824791073799133e-02
1.754300668835639954e-02
-1.540228817611932755e-02
5.963543429970741272e-02
-8.399919420480728149e-02
1.139456406235694885e-01
-1.762275695800781250e-01
-2.509373612701892853e-02
1.187790185213088989e-03
6.352602504193782806e-03
6.626179814338684082e-02
-1.249226927757263184e-02
-6.205635145306587219e-02
7.097108662128448486e-02
-2.939748950302600861e-02
-4.981657862663269043e-02
2.085192501544952393e-02
-3.666458185762166977e-03
-1.702467352151870728e-02
2.101667039096355438e-02
6.319439411163330078e-02
-6.466142088174819946e-02
7.763652503490447998e-02
-8.756943792104721069e-02
4.176286235451698303e-02
3.288106620311737061e-02
-1.220013722777366638e-01
-7.415121048688888550e-02
-1.677834801375865936e-02
-9.728200733661651611e-03
4.943824186921119690e-02
3.401520475745201111e-02
-9.036567807197570801e-02
2.343991398811340332e-02
5.168002098798751831e-02
-4.607390984892845154e-02
1.002606004476547241e-01
-1.072380468249320984e-01
9.772115387022495270e-03
-9.549953788518905640e-02
-7.596739567816257477e-03
3.884999081492424011e-02
6.493244320154190063e-03
-7.791386544704437256e-02
-4.322419315576553345e-02
-3.998778387904167175e-02
4.262229055166244507e-02
3.862596116960048676e-03
8.401546627283096313e-03
6.744294613599777222e-02
-3.850068897008895874e-03
8.010258525609970093e-02
-8.645651862025260925e-03
-1.178244054317474365e-01
5.965573713183403015e-03
-4.522424936294555664e-02
-6.567927449941635132e-02
-8.063086867332458496e-02
-3.300122916698455811e-02
5.648697726428508759e-03
-4.021338745951652527e-02
-1.707614958286285400e-02
3.551073744893074036e-02
4.228954762220382690e-02
-7.566325366497039795e-02
9.807735681533813477e-03
-1.567457616329193115e-02
1.722307526506483555e-03
6.203305348753929138e-02
-3.395100682973861694e-02
-9.266689419746398926e-02
-2.646987093612551689e-03
-5.730282887816429138e-02
3.247802704572677612e-02
-1.369468122720718384e-01
5.280555412173271179e-02
-4.428879357874393463e-03
5.258088931441307068e-02
-1.773819141089916229e-02
7.035104185342788696e-02
-3.462193533778190613e-02
-1.235726289451122284e-02
1.709640771150588989e-02
-3.631652891635894775e-02
-4.618642851710319519e-02
5.427743867039680481e-02
6.246470659971237183e-02
4.310044273734092712e-02
1.037993840873241425e-02
5.172761622816324234e-03
1.095892786979675293e-01
5.146994255483150482e-03
-1.808328786864876747e-03
1.157495658844709396e-02
-7.883583195507526398e-03
-2.795284986495971680e-02
-1.070123687386512756e-01
1.721587777137756348e-02
9.995462000370025635e-02
4.834017530083656311e-02
8.503132313489913940e-02
-4.280777275562286377e-02
9.416224807500839233e-02
5.292769521474838257e-02
-3.019367903470993042e-02
9.349437896162271500e-04
5.821401719003915787e-03
-5.270406231284141541e-02
2.916287630796432495e-02
-6.794685125350952148e-02
-3.386464342474937439e-02
2.733413316309452057e-02
-5.352517589926719666e-02
8.006581664085388184e-02
-9.897449985146522522e-03
4.114926606416702271e-02
6.121990457177162170e-02
-4.081626608967781067e-02
1.103573665022850037e-02
3.815801814198493958e-03
-1.864091306924819946e-02
6.877647829242050648e-04
5.712787061929702759e-02
3.063014335930347443e-02
-2.858434058725833893e-02
-1.338638539891690016e-04
-4.808828234672546387e-02
-2.569277025759220123e-02
-8.739382028579711914e-03
-6.024640053510665894e-02
-5.413025245070457458e-02
5.319578945636749268e-02
-5.438603460788726807e-02
-5.197006836533546448e-02
-3.629041090607643127e-02
5.460535734891891479e-02
-1.317288279533386230e-01
9.209568798542022705e-02
7.629181444644927979e-02
1.554037779569625854e-01
6.888671219348907471e-02
9.369648247957229614e-02
-2.071166411042213440e-02
4.228778183460235596e-03
-6.741410493850708008e-02
5.286876484751701355e-02
-1.282323598861694336e-01
1.877017691731452942e-02
-1.325204521417617798e-01
5.817411094903945923e-02
-6.706948392093181610e-03
5.488012917339801788e-03
-2.450244314968585968e-02
-1.727050868794322014e-03
-2.972062118351459503e-02
6.703463196754455566e-02
-7.449539750814437866e-02
1.040557492524385452e-02
-1.852177269756793976e-02
3.470748662948608398e-02
4.973973333835601807e-02
-4.904476925730705261e-02
6.948083639144897461e-02
1.005734652280807495e-01
1.650556363165378571e-02
-1.009256616234779358e-01
-3.114579012617468834e-03
-4.254911467432975769e-02
-1.163650229573249817e-01
2.077256329357624054e-02
6.602829671464860439e-04
-5.080958362668752670e-03
5.551460012793540955e-02
-1.754031628370285034e-01
7.800305634737014771e-02
-1.566169857978820801e-01
-5.508938059210777283e-02
5.391403287649154663e-02
5.104713886976242065e-02
-1.628596782684326172e-01
-4.990864172577857971e-02
-3.128607943654060364e-02
6.867654621601104736e-02
-1.041491795331239700e-02
8.769713342189788818e-02
1.834526360034942627e-01
-1.518913358449935913e-01
-7.503512501716613770e-02
-1.753823272883892059e-02
-1.900926791131496429e-02
1.517961621284484863e-01
-6.125661358237266541e-02
9.907232969999313354e-02
