-9.973835945129394531e-02
-4.583436995744705200e-02
5.961760878562927246e-02
-4.312266036868095398e-02
-2.071393094956874847e-02
8.337716013193130493e-02
2.931869775056838989e-02
-1.222303286194801331e-01
1.297015845775604248e-01
6.480217725038528442e-02
-1.163450777530670166e-01
-6.610698252916336060e-02
1.220253780484199524e-01
-3.132022917270660400e-02
-2.668161317706108093e-02
5.622617155313491821e-02
1.640676893293857574e-02
-8.406937867403030396e-02
2.543981187045574188e-02
4.945351555943489075e-02
6.817846745252609253e-02
-5.331512074917554855e-03
-8.597739040851593018e-03
-3.555486723780632019e-02
2.740480192005634308e-02
-8.140997029840946198e-03
1.241002045571804047e-02
-6.187963858246803284e-02
-1.434452980756759644e-01
-2.013948373496532440e-02
-5.353238806128501892e-02
-6.928949803113937378e-02
2.813921868801116943e-02
1.133438721299171448e-01
1.792260794900357723e-03
-3.475316986441612244e-02
-6.887505203485488892e-02
-1.752143912017345428e-02
-1.187933608889579773e-02
1.203824207186698914e-02
-1.813122630119323730e-02
-3.670883923768997192e-02
2.613057568669319153e-02
-7.074539363384246826e-02
9.315061569213867188e-02
9.726872295141220093e-02
5.345483124256134033e-02
-7.898006588220596313e-03
-6.745076924562454224e-02
-6.860537081956863403e-02
-2.862683124840259552e-02
1.268577873706817627e-01
-1.223517488688230515e-02
4.277298226952552795e-02
7.745555043220520020e-02
-4.068690352141857147e-03
-5.079288035631179810e-02
1.290178019553422928e-02
4.406125470995903015e-02
3.234184812754392624e-03
4.168493300676345825e-02
1.446263305842876434e-02
6.558496505022048950e-02
-1.461919397115707397e-01
-8.714512921869754791e-03
-1.254545059055089951e-02
-3.767139837145805359e-02
5.443734303116798401e-02
-4.479611665010452271e-02
-1.927158050239086151e-02
-1.003165636211633682e-02
-3.189656138420104980e-02
-5.679215304553508759e-03
7.024686038494110107e-02
3.470556065440177917e-02
6.882504560053348541e-03
1.835718750953674316e-02
3.089992143213748932e-02
-4.528884962201118469e-02
4.509291425347328186e-02
-5.678838491439819336e-02
3.806957602500915527e-02
3.563184663653373718e-02
-9.732759743928909302e-02
-5.971902236342430115e-02
-2.754963934421539307e-03
4.980578646063804626e-02
9.185001254081726074e-02
-1.537751685827970505e-02
-2.339039370417594910e-02
4.402567073702812195e-02
9.084252640604972839e-03
-9.458415955305099487e-02
4.002837836742401123e-02
-1.000038906931877136e-01
-3.318127128295600414e-04
-7.609602063894271851e-02
6.011728197336196899e-02
-3.506992012262344360e-02
-1.023371238261461258e-02
-8.562392741441726685e-02
-2.615749277174472809e-02
-1.578220911324024200e-02
2.988587692379951477e-02
-3.602554649114608765e-02
-4.888108000159263611e-02
7.573497295379638672e-02
1.808647625148296356e-02
1.746377348899841309e-02
9.200580418109893799e-03
-7.001482695341110229e-02
2.648244053125381470e-02
-3.295914083719253540e-02
-2.820546925067901611e-02
-7.898509502410888672e-02
-2.493900619447231293e-02
6.160228699445724487e-02
-5.452824011445045471e-02
5.416835192590951920e-03
9.297241270542144775e-02
3.922872245311737061e-02
-4.623999074101448059e-02
-2.781123854219913483e-02
3.356317523866891861e-03
3.753399848937988281e-02
6.222726032137870789e-02
-3.057854622602462769e-02
-9.346684068441390991e-02
-5.881255120038986206e-02
-2.668383903801441193e-02
2.849192358553409576e-02
-6.786753237247467041e-02
7.804101705551147461e-02
4.339225962758064270e-02
-4.538723267614841461e-03
-7.289376854896545410e-02
1.335291117429733276e-01
-7.218332588672637939e-02
-1.962318643927574158e-02
-3.658185899257659912e-02
-8.995574899017810822e-03
-5.692556872963905334e-02
6.092098355293273926e-02
5.916617438197135925e-02
4.768317937850952148e-02
1.710078679025173187e-02
-1.534927356988191605e-02
7.401979714632034302e-02
8.397325873374938965e-02
-6.868647038936614990e-02
6.710110604763031006e-02
-1.202241051942110062e-03
3.532229363918304443e-02
-7.775421440601348877e-02
1.019537355750799179e-02
5.636010318994522095e-02
1.494137290865182877e-02
6.787358224391937256e-02
-6.150758638978004456e-02
1.190267205238342285e-01
5.927752330899238586e-02
-2.468450181186199188e-02
1.325746905058622360e-02
-1.118955481797456741e-02
-4.105168208479881287e-02
9.042710997164249420e-03
-1.053545810282230377e-02
-9.488522075116634369e-03
2.647129632532596588e-02
-3.470483422279357910e-02
1.443080324679613113e-02
-3.556030988693237305e-02
4.055331647396087646e-02
4.533838480710983276e-02
-7.648368924856185913e-02
-2.438170276582241058e-02
-1.763420738279819489e-02
-2.246324205771088600e-03
1.587065681815147400e-02
1.213123090565204620e-02
-2.052651718258857727e-02
-1.089813769795000553e-03
2.396826632320880890e-02
-4.136743023991584778e-02
-3.645269572734832764e-02
2.329449634999036789e-03
-1.988919451832771301e-03
9.770047850906848907e-03
3.895568475127220154e-02
-5.660912021994590759e-02
-1.445751544088125229e-02
-4.614887386560440063e-02
7.131098955869674683e-02
-1.387304663658142090e-01
1.284020096063613892e-01
5.771787092089653015e-02
1.859136074781417847e-01
4.129811748862266541e-02
1.163121089339256287e-01
-2.260704711079597473e-02
-1.989438943564891815e-02
-2.659221366047859192e-02
2.464172430336475372e-02
-1.537429243326187134e-01
-3.392230719327926636e-02
-2.845699153840541840e-02
7.017830014228820801e-02
6.162375211715698242e-03
-1.517372112721204758e-02
-2.057399600744247437e-02
-1.406877487897872925e-02
-3.290474787354469299e-02
8.555871993303298950e-02
-7.108238339424133301e-02
1.140631968155503273e-03
1.253157015889883041e-02
2.792772278189659119e-02
3.167781978845596313e-02
2.296861493960022926e-03
9.260468184947967529e-02
8.412145078182220459e-02
-5.207187961786985397e-03
-9.033388644456863403e-02
-4.036736115813255310e-02
-8.824209123849868774e-02
-1.500071585178375244e-01
9.188555181026458740e-02
1.295815315097570419e-02
-1.246338506462052464e-04
1.261244714260101318e-02
-1.787134855985641479e-01
7.310241460800170898e-02
-1.771670281887054443e-01
-2.649975754320621490e-02
4.220665246248245239e-02
1.061468124389648438e-01
-1.955019980669021606e-01
-7.611703872680664062e-02
-1.833502762019634247e-02
5.247904360294342041e-02
2.263717353343963623e-03
1.032706499099731445e-01
1.630880534648895264e-01
-1.384598016738891602e-01
-8.835393190383911133e-02
-3.192052617669105530e-02
-3.598152473568916321e-02
1.053618714213371277e-01
-3.714640066027641296e-02
1.395784169435501099e-01
