-1.045641154050827026e-01
-2.380467392504215240e-02
3.644254803657531738e-02
-2.789601869881153107e-02
-1.381369493901729584e-02
7.646480202674865723e-02
5.481516942381858826e-02
-1.303014755249023438e-01
1.214890480041503906e-01
7.862354069948196411e-02
-8.426722139120101929e-02
-6.425056606531143188e-02
8.689738065004348755e-02
4.728624597191810608e-03
-2.614595368504524231e-02
2.424238622188568115e-02
1.670602522790431976e-02
-5.657292902469635010e-02
1.280106516787782311e-04
7.389413565397262573e-02
6.231585517525672913e-02
1.004613656550645828e-02
-1.878274977207183838e-02
-1.438792981207370758e-02
1.229703798890113831e-02
1.141228829510509968e-03
4.979123827069997787e-03
-3.485896438360214233e-02
-1.151331067085266113e-01
5.660405848175287247e-03
-3.169285878539085388e-02
-6.577367335557937622e-02
4.053937271237373352e-02
8.255258202552795410e-02
-1.595720835030078888e-02
-3.855028375983238220e-02
-6.644463539123535156e-02
5.445251241326332092e-03
-2.555637806653976440e-02
4.409026820212602615e-03
-1.806242763996124268e-02
-3.095856122672557831e-02
2.553814556449651718e-03
-6.827770173549652100e-02
9.715376794338226318e-02
1.098201051354408264e-01
6.346649676561355591e-02
8.738175965845584869e-03
-6.667937338352203369e-02
-5.243340507149696350e-02
-6.188293918967247009e-02
1.545655578374862671e-01
-3.424755483865737915e-02
6.942787766456604004e-02
8.663424849510192871e-02
-2.176631800830364227e-02
-2.354974858462810516e-02
1.570560410618782043e-02
3.533544763922691345e-02
-4.560913424938917160e-03
4.879701137542724609e-02
3.290441818535327911e-04
1.007068976759910583e-01
-1.555665284395217896e-01
-9.212382137775421143e-03
-9.728995501063764095e-04
-5.708067491650581360e-02
9.361054003238677979e-02
-5.226138979196548462e-02
-2.422918193042278290e-02
1.066757179796695709e-02
-4.792340099811553955e-02
-7.921708747744560242e-03
7.902482151985168457e-02
3.349911421537399292e-02
-6.532956380397081375e-03
1.905473694205284119e-02
3.649393096566200256e-02
-7.325382530689239502e-02
7.653389126062393188e-02
-7.969859242439270020e-02
2.749507501721382141e-02
4.013744741678237915e-02
-1.005543619394302368e-01
-7.280533015727996826e-02
-1.097544096410274506e-02
5.038381367921829224e-02
8.687067031860351562e-02
-2.595569938421249390e-03
-3.184670209884643555e-02
3.319793939590454102e-02
1.841388083994388580e-02
-9.960325062274932861e-02
7.433386892080307007e-02
-8.859866112470626831e-02
-8.944757282733917236e-03
-6.934338063001632690e-02
5.915988609194755554e-02
-3.438465297222137451e-02
-1.721832714974880219e-02
-8.069782704114913940e-02
-2.075709402561187744e-02
-1.798042468726634979e-02
2.185192890465259552e-02
-4.133400321006774902e-02
-5.004750192165374756e-02
8.016601204872131348e-02
2.133694104850292206e-02
3.167589753866195679e-02
-3.094378393143415451e-03
-9.848826378583908081e-02
3.859897702932357788e-02
-4.032808542251586914e-02
-5.945084244012832642e-02
-1.018427014350891113e-01
-4.632530361413955688e-02
5.700261145830154419e-02
-6.584720313549041748e-02
1.596121303737163544e-02
9.445348381996154785e-02
5.688658356666564941e-02
-5.961696431040763855e-02
-1.110676559619605541e-03
-8.073244243860244751e-03
5.034937709569931030e-02
5.749411880970001221e-02
-3.293500095605850220e-02
-1.088363528251647949e-01
-4.308170080184936523e-02
-3.747045621275901794e-02
2.743313647806644440e-02
-7.850971817970275879e-02
6.399794667959213257e-02
5.042241141200065613e-02
-1.168949436396360397e-02
-4.819651693105697632e-02
1.088522002100944519e-01
-7.682047784328460693e-02
-6.005957722663879395e-03
-8.009531535208225250e-03
-2.815712802112102509e-02
-4.929746687412261963e-02
5.204589292407035828e-02
4.044677317142486572e-02
5.826031416654586792e-02
1.495735440403223038e-02
-1.096878852695226669e-02
9.079676866531372070e-02
5.822208523750305176e-02
-4.544629156589508057e-02
6.069102138280868530e-02
-2.141162380576133728e-02
1.408964395523071289e-03
-8.618289232254028320e-02
1.798377186059951782e-02
6.429373472929000854e-02
3.511514887213706970e-02
6.948931515216827393e-02
-5.618831142783164978e-02
1.180439591407775879e-01
4.455726221203804016e-02
-2.443590387701988220e-02
9.739215485751628876e-03
-2.452035434544086456e-03
-4.575660079717636108e-02
5.272897426038980484e-03
-2.414304390549659729e-02
-2.931563928723335266e-02
3.356084600090980530e-02
-6.612313538789749146e-02
4.586834833025932312e-02
-3.705532476305961609e-02
5.031807348132133484e-02
5.913875997066497803e-02
-7.166452705860137939e-02
-8.282648399472236633e-03
-2.124066837131977081e-02
6.502730306237936020e-03
1.783222518861293793e-02
1.395154464989900589e-02
7.443107198923826218e-03
-1.585373654961585999e-02
1.776254177093505859e-02
-5.637406185269355774e-02
-4.127868637442588806e-02
1.930046267807483673e-02
-2.370346896350383759e-02
-1.062793657183647156e-02
3.784481808543205261e-02
-5.820177495479583740e-02
-2.063135243952274323e-02
-4.435066506266593933e-02
5.301003158092498779e-02
-1.238136887550354004e-01
1.231433898210525513e-01
5.929770320653915405e-02
1.845165491104125977e-01
5.235676094889640808e-02
9.331595152616500854e-02
-5.158592388033866882e-02
-1.127203088253736496e-02
-2.338691242039203644e-02
2.928432822227478027e-02
-1.495229452848434448e-01
-6.979526020586490631e-03
-2.795104309916496277e-02
4.760456830263137817e-02
1.668595708906650543e-02
-1.270946394652128220e-02
-2.011129073798656464e-02
-3.334526205435395241e-03
-2.687257900834083557e-02
7.287196815013885498e-02
-6.393881142139434814e-02
-1.830476103350520134e-03
1.855076663196086884e-02
1.881520263850688934e-02
3.487955406308174133e-02
1.325682736933231354e-02
9.034872055053710938e-02
1.013734117150306702e-01
-1.326058339327573776e-02
-8.328682929277420044e-02
-3.642351180315017700e-02
-9.565600752830505371e-02
-1.623098999261856079e-01
7.756830006837844849e-02
1.475823344662785530e-03
-1.142288325354456902e-03
1.774371601641178131e-02
-1.731406450271606445e-01
8.028540015220642090e-02
-1.714765131473541260e-01
-3.506568074226379395e-02
3.794968873262405396e-02
9.903681278228759766e-02
-1.581180840730667114e-01
-6.261060386896133423e-02
-1.176856085658073425e-02
5.920391902327537537e-02
2.987005747854709625e-03
1.216103881597518921e-01
1.676696538925170898e-01
-1.331820040941238403e-01
-9.958785027265548706e-02
-1.720613613724708557e-02
-3.393713384866714478e-02
1.272426098585128784e-01
-4.209681972861289978e-02
1.220006421208381653e-01
