-8.838645368814468384e-02
-8.387037366628646851e-02
1.093308031558990479e-01
-8.000216633081436157e-02
1.425096672028303146e-02
1.141307428479194641e-01
2.716365829110145569e-02
-1.155486255884170532e-01
1.000250130891799927e-01
1.050390675663948059e-02
-1.263842284679412842e-01
-6.385113298892974854e-02
1.103153228759765625e-01
-6.184613704681396484e-02
6.166229769587516785e-02
4.949184134602546692e-02
6.001963838934898376e-02
-1.033821478486061096e-01
4.432500898838043213e-02
9.375105611979961395e-03
5.591291561722755432e-02
-2.777919545769691467e-02
5.371025763452053070e-04
-3.106478229165077209e-02
5.430043488740921021e-02
-9.792015887796878815e-03
2.387847006320953369e-02
-4.275654628872871399e-02
-1.395093351602554321e-01
-3.209522226825356483e-03
-7.352419197559356689e-02
-1.041498258709907532e-01
-5.653148517012596130e-02
1.249884068965911865e-01
-5.889048916287720203e-04
-2.512554824352264404e-02
-8.812089264392852783e-02
-1.035081688314676285e-03
-1.080944668501615524e-02
5.124514177441596985e-02
-4.358905926346778870e-02
-6.438741460442543030e-03
3.957954421639442444e-02
-9.777953475713729858e-02
8.673708885908126831e-02
7.895477116107940674e-02
6.042600423097610474e-02
-2.566535212099552155e-02
-6.310968101024627686e-02
-8.006720244884490967e-02
-5.704377591609954834e-02
9.470438212156295776e-02
-1.183581631630659103e-02
5.118900164961814880e-02
9.012164920568466187e-02
-8.011572994291782379e-03
-7.493740320205688477e-02
2.830674871802330017e-02
3.534847870469093323e-02
3.781467676162719727e-02
3.771412745118141174e-02
-6.060030311346054077e-02
7.313828170299530029e-02
-1.546084731817245483e-01
-9.987793862819671631e-03
-5.394921638071537018e-03
-2.568351849913597107e-02
6.524124741554260254e-02
-2.980499900877475739e-02
-5.186330899596214294e-02
4.681162536144256592e-02
-9.042912162840366364e-03
-1.770689524710178375e-02
5.532494559884071350e-02
-2.508056815713644028e-03
5.447541922330856323e-02
5.081528425216674805e-02
5.677032470703125000e-02
-8.280430734157562256e-02
7.068670541048049927e-02
-7.655224204063415527e-02
4.865249991416931152e-02
2.101888135075569153e-02
-1.149949356913566589e-01
-7.071583718061447144e-02
-6.082464475184679031e-03
1.273711398243904114e-02
8.754107356071472168e-02
9.625009261071681976e-03
-6.263529509305953979e-02
1.579991169273853302e-02
1.502038910984992981e-02
-6.775965541601181030e-02
3.240482881665229797e-02
-1.330121904611587524e-01
2.405815385282039642e-02
-1.124880015850067139e-01
5.102667957544326782e-03
2.149476297199726105e-02
-2.713914401829242706e-02
-8.995848894119262695e-02
-1.863289251923561096e-02
-1.713483221828937531e-02
2.281262539327144623e-02
-3.184881433844566345e-02
-2.540757879614830017e-02
6.722937524318695068e-02
-2.051476575434207916e-02
2.954102866351604462e-02
6.433286238461732864e-03
-4.685387387871742249e-02
-1.287724450230598450e-02
-1.465274952352046967e-03
-1.967930980026721954e-02
-6.605672091245651245e-02
-2.671853872016072273e-03
1.032303273677825928e-02
-3.211258724331855774e-02
-3.947852179408073425e-02
8.465467393398284912e-02
2.952538989484310150e-02
-3.265082836151123047e-02
-4.358476772904396057e-02
2.968032285571098328e-02
-3.587638959288597107e-03
9.087458252906799316e-02
-6.345669925212860107e-02
-6.456320732831954956e-02
-4.948191717267036438e-02
-5.112424958497285843e-03
1.709056668914854527e-03
-6.304609030485153198e-02
2.477526664733886719e-02
1.039274595677852631e-02
5.113528296351432800e-02
-5.252171680331230164e-02
6.942190229892730713e-02
2.509271353483200073e-02
-1.252269558608531952e-02
-2.428838238120079041e-02
8.007723838090896606e-03
-6.223141774535179138e-02
5.214953050017356873e-02
8.616376668214797974e-02
5.515827611088752747e-02
3.716898709535598755e-02
-2.031251788139343262e-02
4.460569471120834351e-02
5.773814767599105835e-02
-5.908658355474472046e-02
1.124866306781768799e-02
1.096679829061031342e-02
3.773482516407966614e-02
-8.042909950017929077e-02
-4.282053560018539429e-03
8.660145103931427002e-02
3.214661264792084694e-03
5.807475745677947998e-02
-4.405123740434646606e-02
7.658810168504714966e-02
3.498199954628944397e-02
-8.304773829877376556e-03
6.061331834644079208e-03
-1.172676682472229004e-02
-7.439532130956649780e-02
3.926621004939079285e-02
-5.046422407031059265e-02
3.602970018982887268e-02
3.522706776857376099e-02
-6.651531159877777100e-02
2.586793340742588043e-02
-6.465968489646911621e-02
6.142280623316764832e-02
2.397594228386878967e-02
-5.364119634032249451e-02
-4.218536615371704102e-02
-2.870207279920578003e-02
-5.654010176658630371e-02
-1.899036951363086700e-02
3.901028633117675781e-02
-5.742867290973663330e-02
6.874897517263889313e-03
4.338360577821731567e-02
2.002127468585968018e-03
-6.522823870182037354e-02
-1.397728268057107925e-02
-5.852074548602104187e-02
2.141899056732654572e-02
6.927578896284103394e-02
-7.923082262277603149e-02
-8.617145940661430359e-03
-5.042556673288345337e-02
8.751974254846572876e-02
-1.077480390667915344e-01
1.063040792942047119e-01
5.805793032050132751e-02
1.717933416366577148e-01
4.973580315709114075e-02
8.088819682598114014e-02
3.252726048231124878e-02
-3.809189423918724060e-02
-4.898836091160774231e-02
4.468295723199844360e-02
-1.641898900270462036e-01
-7.272002287209033966e-03
-9.313875436782836914e-02
1.027244627475738525e-01
-2.118294499814510345e-02
1.351152826100587845e-02
-3.473599627614021301e-02
-1.495129428803920746e-02
-3.138491138815879822e-02
6.159483641386032104e-02
-9.145382791757583618e-02
1.521449256688356400e-02
-2.793115004897117615e-02
6.048116832971572876e-02
6.877955049276351929e-02
-1.247149333357810974e-02
9.509065747261047363e-02
8.593063801527023315e-02
1.034916285425424576e-02
-1.195994392037391663e-01
-5.407087877392768860e-02
-6.493609398603439331e-02
-1.341275572776794434e-01
3.932566195726394653e-02
3.478091955184936523e-02
1.224794704467058182e-02
2.823791839182376862e-02
-2.117763310670852661e-01
7.900774478912353516e-02
-1.755045056343078613e-01
-5.019405111670494080e-02
5.825042352080345154e-02
2.902814932167530060e-02
-1.730845868587493896e-01
-4.639351740479469299e-02
-9.828844107687473297e-03
2.194266393780708313e-02
-1.628057844936847687e-02
6.464873254299163818e-02
1.157437264919281006e-01
-1.382746100425720215e-01
-2.824398130178451538e-02
-9.213510900735855103e-03
-1.450325455516576767e-02
4.750685766339302063e-02
-3.332061693072319031e-02
9.230679273605346680e-02
