-6.365883350372314453e-02
-1.482359692454338074e-02
-2.385927736759185791e-02
-2.009720727801322937e-02
7.917285710573196411e-02
5.235604569315910339e-02
5.643305554986000061e-02
-5.461380258202552795e-02
1.247750073671340942e-01
3.936181589961051941e-02
-5.665122717618942261e-02
-1.850842847488820553e-03
3.387596458196640015e-02
-3.422223031520843506e-02
6.616812199354171753e-02
2.587761264294385910e-03
3.671050444245338440e-02
-7.504519075155258179e-02
9.194439277052879333e-03
7.232230901718139648e-02
-4.233059007674455643e-03
5.367089062929153442e-02
-4.075188934803009033e-02
-2.224931865930557251e-02
-2.455214224755764008e-02
-1.109912700485438108e-04
1.927448995411396027e-02
4.013976827263832092e-02
-9.758870303630828857e-02
4.023249447345733643e-02
-1.225697621703147888e-02
-1.030827984213829041e-01
2.460247837007045746e-02
6.011532619595527649e-02
-1.896165311336517334e-02
-3.237330168485641479e-02
-6.183407083153724670e-02
6.634347885847091675e-02
-6.741929799318313599e-02
1.466597337275743484e-02
-6.496394425630569458e-02
-2.460468187928199768e-02
-4.102855175733566284e-02
-8.971297740936279297e-02
1.370569467544555664e-01
1.660801172256469727e-01
1.242420449852943420e-01
-1.770967245101928711e-02
-7.950123399496078491e-02
-2.494333498179912567e-02
-3.691504150629043579e-02
1.689119637012481689e-01
1.524396054446697235e-02
1.352050453424453735e-01
1.057706847786903381e-01
-5.523485690355300903e-02
2.427918091416358948e-02
9.031328558921813965e-02
1.689214073121547699e-02
-5.305263027548789978e-02
2.435605600476264954e-02
-5.746526643633842468e-02
1.256844252347946167e-01
-1.793011724948883057e-01
-3.050677478313446045e-02
2.038374729454517365e-02
-1.449186354875564575e-03
5.253742635250091553e-02
-1.523350924253463745e-02
-9.249755740165710449e-02
7.526590675115585327e-02
-4.981455951929092407e-02
-2.586687356233596802e-02
4.261095076799392700e-02
-3.974429564550518990e-04
-2.883521653711795807e-02
-4.926024470478296280e-03
5.356077849864959717e-02
-1.556183956563472748e-02
6.485776603221893311e-02
-6.366556137800216675e-02
6.873408704996109009e-02
5.736188963055610657e-02
-7.039308547973632812e-02
-8.399998396635055542e-02
3.772998601198196411e-02
-1.064745802432298660e-02
8.342599496245384216e-03
6.552515923976898193e-02
-1.074192523956298828e-01
2.416888996958732605e-02
5.599755421280860901e-02
-1.126317214220762253e-02
1.017999649047851562e-01
-9.662992507219314575e-02
2.682512626051902771e-03
-5.644819140434265137e-02
4.317127540707588196e-02
1.235872693359851837e-02
2.997183613479137421e-02
-7.656641304492950439e-02
-2.049509994685649872e-02
-1.708579808473587036e-02
9.760056436061859131e-02
3.239508019760251045e-03
7.365276664495468140e-02
4.125841334462165833e-02
5.464215762913227081e-03
4.774342477321624756e-02
2.672540582716464996e-02
-1.587027460336685181e-01
-1.510767824947834015e-02
-7.832088321447372437e-02
-7.966189086437225342e-02
-1.183524727821350098e-01
-7.228449732065200806e-02
4.852195829153060913e-02
-1.320391520857810974e-02
1.368679571896791458e-02
1.931881718337535858e-02
7.603621482849121094e-02
-8.605590462684631348e-02
4.813104867935180664e-02
-3.344947844743728638e-02
1.406671199947595596e-02
7.452613115310668945e-02
-4.236275330185890198e-02
-5.651392042636871338e-02
3.122419305145740509e-02
-9.117782115936279297e-02
5.138086900115013123e-02
-1.783343404531478882e-01
9.895092248916625977e-02
2.999837324023246765e-02
5.284564569592475891e-02
-1.379625685513019562e-02
1.145809516310691833e-01
-4.538274183869361877e-02
-1.227124128490686417e-02
3.990442305803298950e-02
-2.781449817121028900e-02
-6.933784484863281250e-02
4.693669080734252930e-02
6.624731421470642090e-02
2.383161336183547974e-02
1.628922298550605774e-02
1.966326683759689331e-02
1.656384617090225220e-01
-1.324356067925691605e-02
-5.940219853073358536e-03
-5.056300433352589607e-04
1.531986054033041000e-02
-2.859777398407459259e-02
-1.172561049461364746e-01
7.838041521608829498e-03
1.236010640859603882e-01
8.843537420034408569e-02
1.183839812874794006e-01
-8.710343390703201294e-02
1.231669932603836060e-01
9.419672191143035889e-02
-3.212887421250343323e-02
-2.604002505540847778e-02
1.715655438601970673e-02
-3.464997187256813049e-02
-1.114104990847408772e-03
-6.656988710165023804e-02
-7.698773592710494995e-02
7.791458629071712494e-03
-2.320285886526107788e-02
9.948817640542984009e-02
-4.392414819449186325e-03
2.161967195570468903e-02
9.348942339420318604e-02
-3.589272871613502502e-02
4.184625670313835144e-02
2.468964643776416779e-02
3.337477147579193115e-02
2.707018889486789703e-02
5.060840025544166565e-02
5.069029331207275391e-02
-4.242167994379997253e-02
-4.126202315092086792e-02
-9.479318745434284210e-03
-2.494326978921890259e-02
-3.140034154057502747e-02
-5.190183594822883606e-02
-4.896714165806770325e-02
5.417235568165779114e-02
-5.785753950476646423e-02
-9.318265318870544434e-02
1.687061227858066559e-02
1.377931679598987103e-03
-6.776584684848785400e-02
5.938937142491340637e-02
6.735996901988983154e-02
6.961175799369812012e-02
4.181037098169326782e-02
3.055680356919765472e-02
-3.546129167079925537e-02
2.328727394342422485e-02
-8.301953971385955811e-02
1.654141955077648163e-02
-3.232699632644653320e-02
-1.816426403820514679e-02
-1.172060221433639526e-01
2.592132054269313812e-02
3.145057708024978638e-02
3.057252056896686554e-02
-9.602319449186325073e-03
-2.654040046036243439e-02
2.571507822722196579e-03
1.942505687475204468e-02
-1.085001695901155472e-02
-6.636934704147279263e-04
1.423820154741406441e-03
-1.829137466847896576e-02
-2.342960424721240997e-02
-3.232625126838684082e-02
5.581448972225189209e-02
6.605291366577148438e-02
3.466800227761268616e-02
-9.239172190427780151e-02
3.010256960988044739e-02
-1.537071634083986282e-02
-6.836396455764770508e-02
7.863315753638744354e-03
-2.148684859275817871e-02
-2.165156230330467224e-02
6.828954070806503296e-02
-7.431136816740036011e-02
2.739379368722438812e-02
-9.247950464487075806e-02
9.114994318224489689e-04
3.134055808186531067e-02
5.256564915180206299e-02
-7.367524504661560059e-02
-5.423507466912269592e-02
-2.435180358588695526e-02
5.398488417267799377e-02
-9.152190759778022766e-03
6.924003362655639648e-02
1.544961780309677124e-01
-1.380142718553543091e-01
-7.857455313205718994e-02
-4.409330710768699646e-02
-2.829480357468128204e-02
1.348470002412796021e-01
-5.748477578163146973e-02
9.770514070987701416e-02
