-1.084696575999259949e-01
-4.958045482635498047e-02
6.978740543127059937e-02
-3.655315563082695007e-02
-2.651187963783740997e-02
7.763867080211639404e-02
2.455890737473964691e-02
-1.057443767786026001e-01
1.111639812588691711e-01
5.122897773981094360e-02
-1.121132448315620422e-01
-5.632698535919189453e-02
1.037360206246376038e-01
-1.921897195279598236e-02
-1.140926405787467957e-02
2.608661167323589325e-02
2.272869087755680084e-02
-7.738444209098815918e-02
1.978599466383457184e-02
5.345049127936363220e-02
6.861124932765960693e-02
1.555766357341781259e-04
-1.836086809635162354e-02
-2.781309187412261963e-03
3.296884894371032715e-02
-8.930896408855915070e-03
1.120202429592609406e-02
-4.949719086289405823e-02
-1.525670439004898071e-01
-3.287497162818908691e-02
-4.641819372773170471e-02
-7.155258208513259888e-02
3.174616396427154541e-02
1.172995343804359436e-01
-7.096352986991405487e-03
-4.945441335439682007e-02
-7.593786716461181641e-02
-3.729738760739564896e-03
-3.757849568501114845e-03
1.097877789288759232e-02
-1.101475488394498825e-02
-4.665854573249816895e-02
1.796820573508739471e-02
-6.507220864295959473e-02
9.116438776254653931e-02
1.161412894725799561e-01
5.247907713055610657e-02
-1.492013409733772278e-02
-7.704968005418777466e-02
-6.363568454980850220e-02
-3.725877776741981506e-02
1.413998752832412720e-01
-3.150315210223197937e-02
6.634099781513214111e-02
8.566007018089294434e-02
-1.302064582705497742e-02
-5.089750513434410095e-02
6.586708128452301025e-03
4.835294187068939209e-02
-1.059884438291192055e-03
4.983599111437797546e-02
-1.662305206991732121e-03
8.197059482336044312e-02
-1.497826129198074341e-01
8.021517656743526459e-03
-1.507266191765666008e-03
-4.808669164776802063e-02
7.964845746755599976e-02
-5.490025505423545837e-02
-2.195509336888790131e-02
5.842527025379240513e-04
-4.361607506871223450e-02
-2.278400352224707603e-03
8.618918061256408691e-02
3.713559359312057495e-02
1.309055718593299389e-03
2.438510395586490631e-02
4.148465394973754883e-02
-8.185990154743194580e-02
5.144657939672470093e-02
-7.127396017313003540e-02
2.296478860080242157e-02
3.371905162930488586e-02
-1.165589094161987305e-01
-7.731331139802932739e-02
5.388361867517232895e-03
4.703584685921669006e-02
1.041535511612892151e-01
-1.715183258056640625e-02
-3.170784190297126770e-02
4.323166236281394958e-02
4.093535710126161575e-03
-8.400168269872665405e-02
7.490520924329757690e-02
-1.136967241764068604e-01
-1.399924629367887974e-03
-8.110386133193969727e-02
4.233129695057868958e-02
-2.163148485124111176e-02
-1.034207921475172043e-02
-7.459451258182525635e-02
-3.804041072726249695e-02
-2.728666178882122040e-02
6.328563205897808075e-03
-3.392737358808517456e-02
-5.488124117255210876e-02
8.893151581287384033e-02
5.570685490965843201e-03
1.541687641292810440e-02
-9.940230287611484528e-03
-7.148667424917221069e-02
3.215281665325164795e-02
-3.279342129826545715e-02
-4.446801170706748962e-02
-6.851980835199356079e-02
-1.612829789519309998e-02
6.601116806268692017e-02
-6.189569458365440369e-02
4.092141520231962204e-03
9.761536866426467896e-02
3.650954365730285645e-02
-4.926927015185356140e-02
-4.872672632336616516e-02
1.853725686669349670e-02
3.590951487421989441e-02
5.490437895059585571e-02
-2.449832484126091003e-02
-9.948771446943283081e-02
-5.482236668467521667e-02
-3.057437203824520111e-02
3.022089414298534393e-02
-6.985468417406082153e-02
5.224748328328132629e-02
3.656426444649696350e-02
-1.332576386630535126e-02
-6.308946013450622559e-02
1.019371300935745239e-01
-5.372058972716331482e-02
-7.241931743919849396e-03
-1.644875295460224152e-02
4.935028497129678726e-03
-5.000160261988639832e-02
6.142946332693099976e-02
6.876505911350250244e-02
5.800973996520042419e-02
3.483901266008615494e-03
-2.357084304094314575e-02
7.800983637571334839e-02
7.923782616853713989e-02
-5.468467250466346741e-02
6.024346500635147095e-02
-1.740184426307678223e-02
1.529631298035383224e-02
-6.606693565845489502e-02
1.313838455826044083e-02
6.717515736818313599e-02
1.247980538755655289e-02
4.510705173015594482e-02
-5.488675832748413086e-02
1.061253920197486877e-01
4.019803553819656372e-02
-2.543151937425136566e-02
2.700630202889442444e-02
-4.878548439592123032e-03
-4.775315523147583008e-02
2.398535795509815216e-02
-1.385957561433315277e-02
-1.054661907255649567e-02
3.523017466068267822e-02
-5.103668943047523499e-02
2.984742820262908936e-02
-3.030031919479370117e-02
5.007734894752502441e-02
2.517823874950408936e-02
-8.184396475553512573e-02
-3.050640225410461426e-02
-4.702478647232055664e-02
-1.423164829611778259e-02
7.322496268898248672e-03
2.028058655560016632e-02
-1.304331701248884201e-02
-1.416485290974378586e-03
2.873772382736206055e-02
-5.936751514673233032e-02
-2.822796069085597992e-02
2.102334797382354736e-02
-3.562878584489226341e-03
6.932396441698074341e-03
3.992700949311256409e-02
-6.076879054307937622e-02
-7.144400384277105331e-03
-5.004749074578285217e-02
7.348739355802536011e-02
-1.436861902475357056e-01
1.302339732646942139e-01
6.450863927602767944e-02
2.081868797540664673e-01
4.585352912545204163e-02
1.011083424091339111e-01
-3.929831460118293762e-02
-2.299509756267070770e-02
-1.767153851687908173e-02
3.144217655062675476e-02
-1.566970199346542358e-01
-2.230418659746646881e-02
-2.712650783360004425e-02
6.606610119342803955e-02
2.264203131198883057e-02
-1.396509911864995956e-02
-1.561314146965742111e-02
-1.630835002288222313e-03
-3.757946938276290894e-02
8.167555928230285645e-02
-8.453200012445449829e-02
-5.760277621448040009e-03
6.667504552751779556e-03
2.663694135844707489e-02
2.567086741328239441e-02
2.467811806127429008e-03
9.043946117162704468e-02
9.615096449851989746e-02
6.703946273773908615e-03
-8.031582087278366089e-02
-3.889023140072822571e-02
-9.073725342750549316e-02
-1.593766361474990845e-01
7.620728015899658203e-02
8.499461226165294647e-03
5.276398267596960068e-03
3.300465410575270653e-03
-1.742616444826126099e-01
6.681048870086669922e-02
-1.735975593328475952e-01
-4.160752519965171814e-02
3.735549375414848328e-02
7.882475852966308594e-02
-1.704030185937881470e-01
-5.615870654582977295e-02
-7.999721914529800415e-03
5.439048260450363159e-02
3.354822052642703056e-03
9.588880836963653564e-02
1.592373251914978027e-01
-1.222061738371849060e-01
-7.738780230283737183e-02
-2.102988213300704956e-02
-2.698835916817188263e-02
1.067351251840591431e-01
-4.073641821742057800e-02
1.359565407037734985e-01
