-3.678383305668830872e-02
-6.320146471261978149e-02
1.031011641025543213e-01
-3.346415236592292786e-02
3.543039038777351379e-02
7.814625278115272522e-03
-3.565667197108268738e-02
1.618169620633125305e-02
1.247720792889595032e-02
-1.151931099593639374e-02
-4.539015516638755798e-02
2.908331528306007385e-02
4.579691216349601746e-02
1.192748360335826874e-02
2.844126895070075989e-02
2.457246556878089905e-02
3.116888983640819788e-04
-9.103309363126754761e-02
8.487435430288314819e-02
-3.819521889090538025e-02
1.082502007484436035e-01
-2.580299228429794312e-02
2.416663803160190582e-03
-2.380188740789890289e-02
5.777666717767715454e-02
-2.345675230026245117e-02
4.569305479526519775e-02
-3.892540931701660156e-02
-1.949667483568191528e-01
-5.705863237380981445e-02
-1.035978198051452637e-01
-9.649079293012619019e-02
3.242106735706329346e-02
1.869760900735855103e-01
-3.899310901761054993e-02
-1.209162697196006775e-01
-1.174373626708984375e-01
-1.330159604549407959e-02
-3.339145332574844360e-02
4.085812345147132874e-02
9.942315518856048584e-03
-6.222062185406684875e-02
2.755820378661155701e-02
-8.051510155200958252e-02
7.153511047363281250e-02
1.464545875787734985e-01
5.060363188385963440e-02
-8.413726463913917542e-03
-8.113266527652740479e-02
-1.540528982877731323e-02
2.166957035660743713e-02
1.725600361824035645e-01
-2.334747835993766785e-02
3.344960138201713562e-02
1.091952174901962280e-01
-1.932205073535442352e-02
-7.491372525691986084e-02
1.144047267735004425e-02
1.171765476465225220e-01
-2.056116051971912384e-02
-6.972087547183036804e-03
-4.881786555051803589e-02
1.183179318904876709e-01
-1.254693865776062012e-01
3.298281133174896240e-02
4.409629106521606445e-02
-8.793224394321441650e-02
5.797533318400382996e-02
-4.683967679738998413e-02
-8.184374868869781494e-02
6.542995572090148926e-02
-3.946962952613830566e-02
6.306196004152297974e-02
1.169509887695312500e-01
3.963458165526390076e-02
4.390218481421470642e-02
2.513196785002946854e-03
6.331525743007659912e-02
-1.120767593383789062e-01
7.347086071968078613e-02
-4.556925967335700989e-02
5.302138160914182663e-03
1.179933361709117889e-02
-1.338235586881637573e-01
-1.096535846590995789e-01
6.446685642004013062e-02
3.937601298093795776e-02
1.338999867439270020e-01
1.539323665201663971e-02
-6.107806414365768433e-02
-8.533529005944728851e-03
-2.210977114737033844e-02
-7.630112022161483765e-02
8.055372536182403564e-02
-1.071817725896835327e-01
-1.225265394896268845e-02
-1.187266781926155090e-01
7.526797056198120117e-02
3.262528777122497559e-02
-1.713294722139835358e-02
-1.017567589879035950e-01
-2.717842161655426025e-02
-4.846848174929618835e-02
3.255457431077957153e-02
-3.297405317425727844e-02
-2.295805513858795166e-02
1.087428182363510132e-01
2.317343279719352722e-02
-6.862373556941747665e-03
-4.457939416170120239e-02
-2.504468150436878204e-02
3.019142709672451019e-02
-1.837512291967868805e-02
-2.710243128240108490e-02
-5.821428820490837097e-02
-1.398659404367208481e-02
7.955570518970489502e-02
1.022102733259089291e-04
9.121220558881759644e-03
1.202672794461250305e-01
3.021827898919582367e-02
-1.794916205108165741e-02
-9.822447597980499268e-02
8.512602746486663818e-02
-2.267176844179630280e-02
8.435915410518646240e-02
-4.014485329389572144e-02
-7.192528247833251953e-02
-1.306437770836055279e-03
-4.521861672401428223e-03
-5.526593700051307678e-02
-2.163282781839370728e-02
6.605127826333045959e-03
2.245374023914337158e-02
1.318568456918001175e-02
-4.973891377449035645e-02
-9.688774123787879944e-03
8.775106072425842285e-02
-2.396120224148035049e-03
2.747682668268680573e-02
7.218977063894271851e-02
-7.899963110685348511e-02
8.074544370174407959e-02
7.429046928882598877e-02
8.386222273111343384e-02
1.561667770147323608e-02
-4.916954785585403442e-02
3.626681864261627197e-02
9.327562898397445679e-02
-5.148683860898017883e-02
-4.024341702461242676e-02
4.237224906682968140e-02
-2.571265213191509247e-02
-1.109479367733001709e-02
2.115365862846374512e-02
8.517128229141235352e-02
-3.553930670022964478e-02
3.053895197808742523e-02
-3.268370032310485840e-02
8.311030268669128418e-02
1.648407801985740662e-02
-3.431704593822360039e-03
6.247691437602043152e-02
9.332546032965183258e-03
-1.384995318949222565e-02
2.124602533876895905e-02
-5.245296284556388855e-02
4.230771213769912720e-03
4.720055311918258667e-02
-5.090005323290824890e-02
3.062715521082282066e-03
-6.671918928623199463e-02
6.798246502876281738e-02
-2.358686923980712891e-02
-6.071687489748001099e-02
-8.533240109682083130e-02
-1.403249800205230713e-01
-4.337891936302185059e-02
-2.154467813670635223e-02
5.125394836068153381e-02
-7.048973441123962402e-02
-6.597520317882299423e-03
7.358297705650329590e-02
-1.632215641438961029e-02
-3.607861325144767761e-02
3.879326209425926208e-02
-1.122695580124855042e-02
5.740277469158172607e-02
9.620404988527297974e-02
-4.939066618680953979e-02
-1.300811674445867538e-02
-3.452495485544204712e-02
4.657272249460220337e-02
-7.213095575571060181e-02
9.736756980419158936e-02
6.767541170120239258e-02
1.639751046895980835e-01
4.684536531567573547e-02
-2.726329676806926727e-02
-4.958472773432731628e-02
-2.997348457574844360e-02
2.023956738412380219e-02
2.282535471022129059e-02
-1.372148543596267700e-01
-4.589115828275680542e-02
1.079533901065587997e-02
5.409586802124977112e-02
4.363346472382545471e-02
5.451522767543792725e-03
1.107460167258977890e-02
2.917683869600296021e-02
-2.350922487676143646e-02
2.648647315800189972e-02
-1.402584463357925415e-01
9.863968938589096069e-03
-2.117828652262687683e-02
4.446556046605110168e-02
1.432990096509456635e-02
2.564804628491401672e-02
5.726629868149757385e-02
1.032771095633506775e-01
2.773932740092277527e-02
-3.581373393535614014e-02
-7.066895812749862671e-02
-5.020776018500328064e-02
-1.096827536821365356e-01
-3.292583301663398743e-02
1.894105039536952972e-02
2.122895047068595886e-02
-2.324424311518669128e-02
-9.162147343158721924e-02
2.655249275267124176e-02
-8.521533757448196411e-02
-7.476412691175937653e-03
1.374027971178293228e-02
-2.594485692679882050e-02
-5.950804054737091064e-02
-3.049259306862950325e-03
4.537809640169143677e-03
2.576692402362823486e-02
-2.082592435181140900e-02
3.848234936594963074e-02
1.369213312864303589e-01
-4.361266642808914185e-02
-4.313599690794944763e-02
-1.064746174961328506e-02
-8.685003966093063354e-03
2.348521910607814789e-02
-2.696522325277328491e-02
1.773843318223953247e-01
