-1.228178367018699646e-01
-6.801468133926391602e-02
8.525413274765014648e-02
-6.128025427460670471e-02
-4.519009217619895935e-02
1.000875309109687805e-01
3.223210945725440979e-02
-1.495994478464126587e-01
1.151967719197273254e-01
5.258674174547195435e-02
-1.278569847345352173e-01
-7.072583585977554321e-02
1.380139589309692383e-01
-1.234820112586021423e-02
1.010814588516950607e-02
3.904376924037933350e-02
3.208901733160018921e-02
-8.887512981891632080e-02
2.186910435557365417e-02
4.729925096035003662e-02
7.276646047830581665e-02
-2.766332402825355530e-02
-6.206247489899396896e-03
-1.808113418519496918e-02
4.992026835680007935e-02
-4.608041606843471527e-03
2.026140317320823669e-02
-6.880580633878707886e-02
-1.322842538356781006e-01
-2.327173203229904175e-02
-4.291794821619987488e-02
-7.179949432611465454e-02
-6.570716854184865952e-03
1.121083721518516541e-01
-1.830169931054115295e-03
-3.440217673778533936e-02
-9.091271460056304932e-02
-1.693510822951793671e-02
1.441721245646476746e-02
2.638716250658035278e-02
-2.895832061767578125e-02
-1.996224559843540192e-02
3.181368112564086914e-02
-7.377963513135910034e-02
1.286636143922805786e-01
8.062627166509628296e-02
4.116914793848991394e-02
-6.269207224249839783e-03
-7.465741038322448730e-02
-9.075081348419189453e-02
-7.141757756471633911e-02
1.092883124947547913e-01
-3.703322634100914001e-02
4.958875104784965515e-02
7.559744268655776978e-02
-1.522299554198980331e-02
-5.588943511247634888e-02
8.234522305428981781e-03
4.011934250593185425e-02
2.984454482793807983e-02
6.667646765708923340e-02
-1.272319350391626358e-02
8.909943699836730957e-02
-1.345093697309494019e-01
-7.896888419054448605e-04
-7.085425779223442078e-03
-5.951803922653198242e-02
7.465612888336181641e-02
-4.600538313388824463e-02
-2.865990251302719116e-02
2.517669089138507843e-02
-2.113861590623855591e-02
-2.921359054744243622e-02
7.357029616832733154e-02
1.905488781630992889e-02
1.815302856266498566e-02
2.711216360330581665e-02
5.086797103285789490e-02
-8.835901319980621338e-02
6.959359347820281982e-02
-6.869839876890182495e-02
2.347129210829734802e-02
2.118754945695400238e-02
-1.212515160441398621e-01
-7.096402347087860107e-02
-7.970121689140796661e-03
5.378578975796699524e-02
1.110319793224334717e-01
-9.245263412594795227e-03
-3.176644816994667053e-02
2.319046854972839355e-02
3.575770184397697449e-03
-1.065720990300178528e-01
6.061903014779090881e-02
-1.136231347918510437e-01
1.267653773538768291e-03
-8.411052823066711426e-02
3.375115990638732910e-02
-7.762556895613670349e-03
-1.689832657575607300e-02
-7.863257825374603271e-02
-1.777965575456619263e-02
-2.251751348376274109e-02
3.138723084703087807e-03
-5.343387648463249207e-02
-4.711369797587394714e-02
8.245427906513214111e-02
-2.440326847136020660e-03
4.031902551651000977e-02
-1.502900477498769760e-02
-5.821340158581733704e-02
2.136488072574138641e-02
-7.951525971293449402e-03
-3.046293742954730988e-02
-9.455456584692001343e-02
-1.142242550849914551e-02
2.446712739765644073e-02
-7.143606245517730713e-02
-6.953647243790328503e-04
9.121929854154586792e-02
5.111622437834739685e-02
-3.798371553421020508e-02
-5.642357282340526581e-03
5.076877772808074951e-03
2.120816148817539215e-02
7.042664289474487305e-02
-5.854970216751098633e-02
-9.134257584810256958e-02
-7.317572087049484253e-02
-1.829384267330169678e-02
2.726221084594726562e-02
-6.087730452418327332e-02
4.434648901224136353e-02
2.142689749598503113e-02
-2.991853514686226845e-03
-5.232959985733032227e-02
9.544858336448669434e-02
-5.390712991356849670e-02
-3.666163235902786255e-02
-3.754953294992446899e-02
-2.544241212308406830e-02
-4.920572414994239807e-02
4.387056455016136169e-02
6.824614107608795166e-02
6.035795435309410095e-02
2.159026265144348145e-02
-4.481240734457969666e-02
2.917049825191497803e-02
6.982103735208511353e-02
-6.715697050094604492e-02
5.892798677086830139e-02
-1.771329343318939209e-02
2.839477360248565674e-02
-9.695966541767120361e-02
7.068160921335220337e-03
5.191926658153533936e-02
4.633529111742973328e-03
9.136888384819030762e-02
-5.815692991018295288e-02
8.065257966518402100e-02
1.339600887149572372e-02
-4.147874191403388977e-03
1.984699070453643799e-02
2.967120381072163582e-04
-6.239280104637145996e-02
3.339733183383941650e-02
-3.800051286816596985e-02
-3.559432458132505417e-03
1.752772927284240723e-02
-7.674226909875869751e-02
3.141552582383155823e-02
-6.488664448261260986e-02
7.262001186609268188e-02
3.570548072457313538e-02
-4.988327994942665100e-02
-4.033966735005378723e-02
-7.137833628803491592e-03
-3.847979381680488586e-02
-1.554449700051918626e-04
1.523534301668405533e-02
-4.410256445407867432e-02
2.028332836925983429e-02
5.344678089022636414e-02
-1.256728917360305786e-02
-5.526830628514289856e-02
2.174480631947517395e-02
-4.639191552996635437e-02
6.551348487846553326e-04
5.205728858709335327e-02
-6.181592866778373718e-02
-7.425136864185333252e-03
-4.336370900273323059e-02
6.720576435327529907e-02
-1.121906042098999023e-01
1.144894286990165710e-01
5.170590803027153015e-02
1.619237065315246582e-01
4.753072187304496765e-02
1.011360138654708862e-01
-1.783439144492149353e-02
-3.062698245048522949e-02
-1.002692338079214096e-02
3.001325577497482300e-02
-1.549003422260284424e-01
5.987575743347406387e-03
-2.582931518554687500e-02
6.269620358943939209e-02
-6.198323331773281097e-03
-4.853422287851572037e-03
-2.613828890025615692e-02
-1.251222286373376846e-02
-4.350283369421958923e-02
7.577276974916458130e-02
-8.053942769765853882e-02
1.886312477290630341e-02
-1.589399203658103943e-02
6.315024942159652710e-02
7.210562378168106079e-02
5.876754410564899445e-03
6.658547371625900269e-02
8.203746378421783447e-02
-2.742664143443107605e-02
-8.401311933994293213e-02
-5.704162269830703735e-02
-8.713900297880172729e-02
-1.464538425207138062e-01
6.780414283275604248e-02
3.432139009237289429e-02
1.653249561786651611e-02
4.560043569654226303e-03
-2.073561847209930420e-01
9.361051023006439209e-02
-1.618954241275787354e-01
-5.458332970738410950e-02
4.168618470430374146e-02
6.554820388555526733e-02
-1.761061251163482666e-01
-5.154080688953399658e-02
-1.464003417640924454e-02
4.522437602281570435e-02
-7.959975861012935638e-03
7.816834747791290283e-02
1.323315501213073730e-01
-1.151880100369453430e-01
-7.991139590740203857e-02
8.113822899758815765e-03
-1.959272101521492004e-02
6.997301429510116577e-02
-3.623623773455619812e-02
8.985981345176696777e-02
