-2.638112939894199371e-02
-6.071648001670837402e-02
4.730480536818504333e-02
-3.575799241662025452e-02
3.371138125658035278e-02
4.209166020154953003e-02
4.496508836746215820e-02
-5.671184044331312180e-03
8.529119193553924561e-02
9.524060413241386414e-03
-1.021482143551111221e-02
-5.621551070362329483e-03
4.071445390582084656e-02
-1.268077734857797623e-02
5.633201822638511658e-02
1.957957632839679718e-02
2.659331448376178741e-02
-8.337198942899703979e-02
2.318397909402847290e-02
1.698229648172855377e-02
4.658481851220130920e-02
8.189113810658454895e-03
-4.284814372658729553e-02
-3.493683785200119019e-02
1.501625776290893555e-02
-2.859229966998100281e-02
5.421567335724830627e-02
7.521765772253274918e-03
-1.673910170793533325e-01
-4.666047170758247375e-03
-7.468127459287643433e-02
-9.533729404211044312e-02
-1.114306692034006119e-02
1.884789019823074341e-01
-1.734215393662452698e-02
-6.842025369405746460e-02
-9.345576167106628418e-02
6.046297959983348846e-03
-5.412780493497848511e-02
4.092695564031600952e-02
2.831104444339871407e-03
-4.009459540247917175e-02
-2.989126835018396378e-03
-1.099274158477783203e-01
1.614298224449157715e-01
1.776999980211257935e-01
1.163612529635429382e-01
-6.871367804706096649e-03
-1.003104448318481445e-01
-4.453499615192413330e-02
-3.568291291594505310e-02
1.816773563623428345e-01
1.124905794858932495e-02
1.145740672945976257e-01
1.578395962715148926e-01
-5.092114955186843872e-02
-6.834077090024948120e-02
3.000907972455024719e-02
7.107742130756378174e-02
-4.753893241286277771e-02
1.717009022831916809e-02
-7.634375244379043579e-02
1.401165574789047241e-01
-1.740636825561523438e-01
2.914794604294002056e-04
5.592731758952140808e-02
-4.306776076555252075e-02
2.552163973450660706e-02
-3.347842395305633545e-02
-3.049911372363567352e-02
8.434832096099853516e-02
-6.207833811640739441e-02
-2.788748219609260559e-02
8.908299356698989868e-02
3.110163658857345581e-02
-1.423960924148559570e-02
-4.181937780231237411e-03
6.030537933111190796e-02
-9.320643544197082520e-02
8.566447347402572632e-02
-2.953020669519901276e-02
5.728834122419357300e-02
2.806855179369449615e-02
-1.161612272262573242e-01
-7.493490725755691528e-02
1.702722534537315369e-02
1.058750902302563190e-03
5.269537866115570068e-02
2.037243917584419250e-02
-1.140033975243568420e-01
-2.071361243724822998e-02
4.993747547268867493e-02
-5.978376045823097229e-02
9.644492715597152710e-02
-1.205387115478515625e-01
-7.303914055228233337e-03
-1.226972639560699463e-01
2.030509524047374725e-02
1.284830085933208466e-02
-8.843706920742988586e-03
-8.759464323520660400e-02
-3.687005862593650818e-02
-3.103124536573886871e-02
8.612716943025588989e-02
-1.073514670133590698e-02
1.921803317964076996e-02
7.325971871614456177e-02
3.356441110372543335e-02
5.488666146993637085e-02
-2.252738195238634944e-04
-7.800365984439849854e-02
3.026923909783363342e-02
-5.352963507175445557e-02
-7.137440890073776245e-02
-8.275508880615234375e-02
-4.721791297197341919e-02
2.947355993092060089e-02
-7.272030692547559738e-03
-8.455538190901279449e-03
7.030783593654632568e-02
2.739854529500007629e-02
-5.883780866861343384e-02
-1.140532828867435455e-02
3.897728398442268372e-03
1.886039599776268005e-02
9.294031560420989990e-02
-2.715726010501384735e-02
-6.247837468981742859e-02
-4.064739623572677374e-04
-3.229722008109092712e-02
-1.084581669420003891e-02
-1.336811184883117676e-01
3.770949319005012512e-02
3.995118662714958191e-03
3.834832087159156799e-02
-4.256029054522514343e-02
5.432666465640068054e-02
2.564502134919166565e-02
-1.981370151042938232e-02
4.917734116315841675e-02
4.555465187877416611e-03
-7.953795790672302246e-02
8.649717271327972412e-02
7.383938133716583252e-02
2.744935639202594757e-02
4.042014852166175842e-02
6.948044057935476303e-03
9.648553282022476196e-02
4.364397376775741577e-02
-1.091563329100608826e-02
-1.507839001715183258e-02
2.363183535635471344e-02
-4.302929714322090149e-02
-9.158037602901458740e-02
1.627161726355552673e-02
9.052931517362594604e-02
1.772633008658885956e-02
7.924646139144897461e-02
-6.047904491424560547e-02
1.111662238836288452e-01
6.128181144595146179e-02
1.445769215933978558e-03
2.342891506850719452e-02
3.666079416871070862e-02
-4.201507195830345154e-02
1.514988020062446594e-02
-6.647704541683197021e-02
-2.727162092924118042e-02
5.951982364058494568e-02
-4.163513332605361938e-02
6.708361208438873291e-02
-2.711782231926918030e-02
4.707552865147590637e-02
4.305933043360710144e-02
-4.295775666832923889e-02
-2.274807542562484741e-02
-4.983975365757942200e-02
-1.993850059807300568e-02
-2.209144830703735352e-02
3.893701359629631042e-02
-3.066648356616497040e-02
-3.712865710258483887e-02
6.431721849367022514e-04
-3.404480591416358948e-02
-2.325614169239997864e-02
-2.752325870096683502e-02
-4.478031024336814880e-02
-4.380031302571296692e-02
1.033683642745018005e-01
-6.251541525125503540e-02
-8.217401802539825439e-02
-1.439144182950258255e-02
5.168945342302322388e-02
-1.279277652502059937e-01
7.705280184745788574e-02
9.960073232650756836e-02
1.306938678026199341e-01
4.284588992595672607e-02
4.401227459311485291e-02
-5.007741227746009827e-02
2.626265864819288254e-03
-4.476381465792655945e-02
2.657828666269779205e-02
-1.223814859986305237e-01
-3.757631406188011169e-02
-5.409238860011100769e-02
4.684643819928169250e-02
1.734521612524986267e-02
5.825598258525133133e-03
1.298700086772441864e-02
1.049880310893058777e-02
-1.765949837863445282e-02
2.915604785084724426e-02
-1.053743585944175720e-01
1.791599951684474945e-02
-1.364900451153516769e-02
2.528204396367073059e-02
2.987246587872505188e-02
9.233019314706325531e-03
7.193556427955627441e-02
8.765397965908050537e-02
3.184017911553382874e-02
-8.281076699495315552e-02
1.966639421880245209e-03
-2.392337098717689514e-02
-8.096176385879516602e-02
-3.350611403584480286e-02
-1.759446575306355953e-03
-1.550002302974462509e-02
4.130815714597702026e-02
-4.671265184879302979e-02
6.138259172439575195e-02
-1.056315824389457703e-01
5.505000241100788116e-03
6.084869801998138428e-02
4.077037796378135681e-02
-1.144607514142990112e-01
-4.111915081739425659e-02
-3.114343620836734772e-02
2.408799529075622559e-02
-1.078311912715435028e-02
8.580035716295242310e-02
1.595650464296340942e-01
-8.919353783130645752e-02
-5.662304535508155823e-02
-1.949622482061386108e-02
-4.569400101900100708e-02
9.506168216466903687e-02
-4.191992059350013733e-02
1.171823143959045410e-01
