-1.068683788180351257e-01
-2.867084182798862457e-02
2.443397231400012970e-02
-1.918888464570045471e-02
5.855416879057884216e-03
3.678722679615020752e-02
2.626201882958412170e-02
-1.063758283853530884e-01
1.166190057992935181e-01
6.822400540113449097e-02
-9.803558140993118286e-02
-6.560589373111724854e-02
9.225726127624511719e-02
4.381923470646142960e-03
-1.237173378467559814e-02
1.422313321381807327e-02
3.150558099150657654e-02
-7.295352220535278320e-02
4.305550083518028259e-02
3.796769306063652039e-02
8.163166046142578125e-02
-8.767274208366870880e-03
-8.115784265100955963e-03
-1.026783138513565063e-02
2.520566433668136597e-02
8.390084258280694485e-04
-1.418200135231018066e-02
-1.260635070502758026e-02
-1.217871457338333130e-01
2.382735162973403931e-02
-4.755874350666999817e-02
-9.446265548467636108e-02
2.674039639532566071e-02
7.986203581094741821e-02
-3.526018559932708740e-02
-4.588052257895469666e-02
-1.032031029462814331e-01
1.619876734912395477e-02
-3.238755092024803162e-02
3.425820171833038330e-02
-1.453750301152467728e-02
-4.027317464351654053e-02
3.464903449639678001e-03
-8.523847907781600952e-02
1.110011488199234009e-01
9.585974365472793579e-02
6.850973516702651978e-02
1.359966117888689041e-02
-5.718300864100456238e-02
-5.421785265207290649e-02
-3.995904326438903809e-02
1.594387441873550415e-01
-3.716909885406494141e-02
7.385081052780151367e-02
6.514399498701095581e-02
-2.758630365133285522e-02
-1.603154093027114868e-02
2.988155372440814972e-02
6.302271783351898193e-02
-3.579208254814147949e-02
3.824548795819282532e-02
-1.402597781270742416e-02
1.053104326128959656e-01
-1.324309557676315308e-01
5.533116403967142105e-03
1.410777680575847626e-02
-5.140778422355651855e-02
6.137386709451675415e-02
-1.502110622823238373e-02
-6.251124292612075806e-02
4.089098051190376282e-02
-1.498829387128353119e-02
-4.315337166190147400e-03
4.738696292042732239e-02
3.446008637547492981e-02
1.625561621040105820e-03
-1.215110765770077705e-03
5.058412998914718628e-02
-4.713804647326469421e-02
7.352017611265182495e-02
-8.072019368410110474e-02
3.758314065635204315e-03
1.955691538751125336e-02
-1.203555762767791748e-01
-7.144290208816528320e-02
2.930881746578961611e-04
4.176975041627883911e-02
9.358398616313934326e-02
2.168563939630985260e-02
-4.188559576869010925e-02
3.288260847330093384e-02
3.317675739526748657e-02
-9.412615001201629639e-02
7.926186919212341309e-02
-6.726955622434616089e-02
-1.780029200017452240e-02
-7.789512723684310913e-02
6.612735241651535034e-02
-1.697970204986631870e-03
-1.074138563126325607e-02
-7.994756102561950684e-02
-2.628103271126747131e-02
-4.075751453638076782e-02
1.160958316177129745e-02
-2.246117591857910156e-02
-4.603942856192588806e-02
8.848223835229873657e-02
2.943180687725543976e-02
4.455027729272842407e-02
-2.315268106758594513e-02
-8.420037478208541870e-02
3.509237244725227356e-02
-3.850772976875305176e-02
-3.190247714519500732e-02
-7.114153355360031128e-02
-4.599323496222496033e-02
4.935527220368385315e-02
-2.572934329509735107e-02
1.860078983008861542e-02
8.980700373649597168e-02
3.068407066166400909e-02
-4.088541492819786072e-02
-3.582198545336723328e-02
3.610747680068016052e-02
8.815543842501938343e-04
4.878765717148780823e-02
-2.116756327450275421e-02
-1.115610897541046143e-01
-2.297547273337841034e-02
-3.221210092306137085e-02
9.140130132436752319e-04
-5.419328808784484863e-02
5.805312469601631165e-02
2.574158832430839539e-02
2.627427503466606140e-02
-4.710304364562034607e-02
5.711021274328231812e-02
-3.700651228427886963e-02
-1.165423449128866196e-02
1.784991240128874779e-03
-1.877993717789649963e-02
-4.610832035541534424e-02
5.124102905392646790e-02
2.937963418662548065e-02
8.477310836315155029e-02
4.973134025931358337e-03
-2.068015001714229584e-02
7.077508419752120972e-02
5.897244811058044434e-02
-5.989386513829231262e-02
3.541209921240806580e-02
1.591407321393489838e-02
-8.718690834939479828e-03
-9.021946042776107788e-02
4.836428537964820862e-02
6.152219697833061218e-02
1.725186035037040710e-02
5.606861412525177002e-02
-2.119691669940948486e-02
1.147179156541824341e-01
3.656271472573280334e-02
-3.075214102864265442e-02
3.909689933061599731e-02
-1.573014538735151291e-03
-2.901954576373100281e-02
5.204517859965562820e-03
-4.576321691274642944e-02
-2.242916449904441833e-02
2.337013930082321167e-02
-6.141709536314010620e-02
2.084371633827686310e-02
-5.188289657235145569e-02
4.440300911664962769e-02
6.324315071105957031e-02
-6.546201556921005249e-02
-2.608068287372589111e-02
-3.137966617941856384e-02
-1.606355234980583191e-02
1.103798020631074905e-02
3.707414120435714722e-02
-6.019799620844423771e-04
-1.696494035422801971e-02
2.595942467451095581e-02
-4.787321761250495911e-02
-4.702296480536460876e-02
2.102230302989482880e-02
-3.229963779449462891e-02
6.236902903765439987e-03
3.506297618150711060e-02
-4.833609238266944885e-02
-2.268350310623645782e-02
-4.669430479407310486e-02
5.519334971904754639e-02
-1.287235915660858154e-01
1.271307617425918579e-01
5.001398921012878418e-02
2.061014175415039062e-01
6.315589696168899536e-02
8.113576471805572510e-02
-4.892054945230484009e-02
-1.411458197981119156e-02
-2.409195341169834137e-02
3.897766023874282837e-02
-1.543077826499938965e-01
-7.900985889136791229e-03
-4.441568255424499512e-02
4.920812323689460754e-02
8.683109655976295471e-03
-8.893887512385845184e-03
-1.417838502675294876e-02
1.206353306770324707e-02
-1.416244916617870331e-02
7.947793602943420410e-02
-1.017977893352508545e-01
1.737755164504051208e-02
1.868863590061664581e-03
5.316045135259628296e-02
2.358195185661315918e-02
-1.271208282560110092e-02
8.067611604928970337e-02
1.120219528675079346e-01
-1.836221292614936829e-02
-9.584446251392364502e-02
-6.084872037172317505e-02
-7.623362541198730469e-02
-1.688131541013717651e-01
6.972634047269821167e-02
1.409990829415619373e-03
-8.501207455992698669e-03
2.387325093150138855e-02
-1.547522246837615967e-01
7.298573106527328491e-02
-1.367927342653274536e-01
-1.493675354868173599e-02
1.301461644470691681e-02
6.460820138454437256e-02
-1.302882432937622070e-01
-5.940984189510345459e-02
-2.011777088046073914e-02
8.586449921131134033e-02
-1.704756729304790497e-02
7.758099585771560669e-02
2.348634749650955200e-01
-1.321097165346145630e-01
-1.334377825260162354e-01
-2.318838797509670258e-02
-3.653196245431900024e-02
1.521414667367935181e-01
-7.697942852973937988e-02
1.840312182903289795e-01
