-1.189897805452346802e-01
-7.037635892629623413e-02
-4.410754889249801636e-02
-2.674680575728416443e-02
7.502018474042415619e-03
5.077138170599937439e-02
5.220802128314971924e-02
-8.968659490346908569e-02
1.441726237535476685e-01
2.001787722110748291e-02
-5.501263588666915894e-02
-1.300369668751955032e-02
1.140793561935424805e-01
-3.588968515396118164e-02
1.845492422580718994e-02
-2.637429162859916687e-02
2.001804485917091370e-02
-6.897047162055969238e-02
-2.948021283373236656e-03
8.606437593698501587e-02
2.771510370075702667e-02
5.544961616396903992e-02
-6.711199413985013962e-03
-3.299419209361076355e-02
1.905851624906063080e-02
2.631748653948307037e-02
-2.677868120372295380e-02
-1.709348289296030998e-03
-7.471588253974914551e-02
1.697437278926372528e-02
-2.336634509265422821e-02
-6.361337006092071533e-02
2.198173664510250092e-02
1.068977713584899902e-01
4.220940917730331421e-02
-2.852328494191169739e-02
-1.178003326058387756e-01
1.780933327972888947e-02
-5.548172444105148315e-02
7.193385809659957886e-02
-5.130863189697265625e-02
-6.727346219122409821e-03
-2.155746100470423698e-03
-8.687663078308105469e-02
2.109379470348358154e-01
1.344982683658599854e-01
1.245423331856727600e-01
-1.124241575598716736e-02
-1.003054082393646240e-01
-5.239080637693405151e-02
-3.797083348035812378e-02
1.593253016471862793e-01
2.002778463065624237e-02
1.180448904633522034e-01
1.031736284494400024e-01
-7.296201586723327637e-02
-2.529770601540803909e-03
2.376028150320053101e-02
1.948240585625171661e-02
-7.184799015522003174e-02
2.656362205743789673e-02
1.692314515821635723e-03
8.384333550930023193e-02
-8.580324798822402954e-02
-2.373571135103702545e-02
3.751727193593978882e-02
-1.242483220994472504e-02
-1.383706741034984589e-02
2.190007269382476807e-02
-5.064731836318969727e-02
8.084967732429504395e-02
-5.234977230429649353e-02
-8.176214247941970825e-02
4.147377982735633850e-02
1.754815690219402313e-02
-8.280862122774124146e-02
-4.584978148341178894e-02
4.748989641666412354e-02
-3.761411458253860474e-02
2.427763678133487701e-02
-2.292050421237945557e-02
4.159333929419517517e-02
2.704825066030025482e-02
-8.308093994855880737e-02
-4.406442120671272278e-02
7.092748582363128662e-02
1.923740096390247345e-02
1.012741937302052975e-03
2.272625081241130829e-02
-8.097182959318161011e-02
6.931929849088191986e-03
8.510673046112060547e-02
-4.181184340268373489e-03
1.189046353101730347e-01
-1.205218061804771423e-01
-6.989846006035804749e-03
-1.152126397937536240e-02
1.520260889083147049e-02
1.972109824419021606e-02
6.052387505769729614e-02
-4.250822961330413818e-02
-2.484772354364395142e-02
-1.657083258032798767e-02
5.213309824466705322e-02
-3.982089459896087646e-03
9.442108869552612305e-02
3.703702986240386963e-02
1.125308778136968613e-02
7.387869060039520264e-02
3.310412168502807617e-02
-1.404629498720169067e-01
-1.534764748066663742e-02
-6.661574542522430420e-02
-4.953006282448768616e-02
-1.029757112264633179e-01
-2.789214625954627991e-02
1.051493640989065170e-02
-6.743416190147399902e-02
4.264793172478675842e-02
4.192111268639564514e-02
5.630369856953620911e-02
-5.542897060513496399e-02
7.806021720170974731e-02
-5.006213486194610596e-02
3.429348766803741455e-02
5.806622654199600220e-02
-2.493590861558914185e-02
3.453557845205068588e-03
-2.094333432614803314e-02
-9.676390886306762695e-02
1.205887496471405029e-01
-1.989118307828903198e-01
7.436762005090713501e-02
1.888006459921598434e-03
2.387030050158500671e-02
-2.734982036054134369e-02
1.126046776771545410e-01
-8.658886700868606567e-02
-8.060458302497863770e-02
1.298277918249368668e-02
-6.121135875582695007e-02
-5.267183482646942139e-02
-4.296317696571350098e-02
5.725565925240516663e-02
1.998730190098285675e-02
3.031552769243717194e-02
-2.735387906432151794e-02
8.312787115573883057e-02
1.498248800635337830e-02
-1.057674661278724670e-01
6.506804376840591431e-02
-6.652452517300844193e-03
1.057915575802326202e-02
-1.441360265016555786e-01
2.936274278908967972e-03
1.124111842364072800e-02
6.733589619398117065e-02
1.592639684677124023e-01
-7.718137651681900024e-02
7.908325642347335815e-02
5.799771100282669067e-02
3.193482011556625366e-02
3.247201442718505859e-03
8.153632283210754395e-02
-6.792914122343063354e-02
3.018596209585666656e-02
-8.846645057201385498e-02
-8.626957982778549194e-02
-1.020417548716068268e-02
-9.654741734266281128e-02
9.921783208847045898e-02
-5.143356323242187500e-02
9.789817780256271362e-02
8.390002697706222534e-02
-1.310538034886121750e-02
1.535042002797126770e-02
8.463618904352188110e-02
-6.322032213211059570e-02
2.059823460876941681e-02
2.100791782140731812e-02
-5.728475749492645264e-03
1.656074263155460358e-02
-1.881588995456695557e-02
9.449943155050277710e-02
-6.802719086408615112e-02
-2.358254417777061462e-02
-1.011420637369155884e-01
-4.313319921493530273e-02
6.679460406303405762e-02
-9.889846295118331909e-02
-1.199216395616531372e-01
4.377572610974311829e-02
4.409485496580600739e-03
-7.122152298688888550e-02
5.968084558844566345e-02
1.733554527163505554e-02
9.047631174325942993e-02
6.088581401854753494e-03
7.172460108995437622e-02
-4.986844956874847412e-02
2.368940040469169617e-02
-9.938575327396392822e-02
-3.014887217432260513e-03
9.652056731283664703e-03
-1.604647748172283173e-02
-3.501811623573303223e-02
3.046212345361709595e-02
5.895230453461408615e-03
1.070781983435153961e-02
-2.286017686128616333e-02
-5.798660591244697571e-02
3.215561155229806900e-03
4.168796539306640625e-02
-3.812601044774055481e-02
2.414732240140438080e-02
-1.977998763322830200e-02
2.071833238005638123e-02
1.001926604658365250e-02
-3.736644610762596130e-02
3.468245267868041992e-02
1.505732536315917969e-02
7.682573981583118439e-03
-9.732504934072494507e-02
3.810865804553031921e-03
-1.625324599444866180e-02
-3.347142040729522705e-02
5.018380284309387207e-02
1.890844665467739105e-02
-1.560797449201345444e-02
4.478231444954872131e-02
3.111679479479789734e-02
2.215976454317569733e-02
-1.742042973637580872e-02
1.272737979888916016e-02
2.630063565447926521e-03
6.056683138012886047e-02
-1.777955889701843262e-02
-6.733819842338562012e-02
-1.374346017837524414e-02
7.563163340091705322e-02
-4.762683808803558350e-02
5.116948857903480530e-02
1.502898037433624268e-01
-8.780210465192794800e-02
-1.144856736063957214e-01
-6.065867841243743896e-03
-3.202460706233978271e-02
1.142608597874641418e-01
-3.959399461746215820e-02
7.464708387851715088e-02
