-1.019236072897911072e-01
-4.477136209607124329e-02
1.009486094117164612e-01
-6.640598177909851074e-02
-1.702385582029819489e-02
1.064828410744667053e-01
1.563159003853797913e-02
-1.457445323467254639e-01
1.149613037705421448e-01
4.183335974812507629e-02
-1.334589272737503052e-01
-6.665161997079849243e-02
1.110340505838394165e-01
-1.692298427224159241e-02
2.534469217061996460e-02
5.226160213351249695e-02
3.800567239522933960e-02
-8.542483299970626831e-02
2.845928072929382324e-02
5.277270451188087463e-02
4.135209321975708008e-02
-2.247384190559387207e-02
-6.838840898126363754e-03
-1.053074095398187637e-02
3.758704289793968201e-02
3.938485868275165558e-03
3.790726885199546814e-02
-6.672381609678268433e-02
-1.113706827163696289e-01
-1.820129528641700745e-02
-2.638773061335086823e-02
-6.324806809425354004e-02
-5.925068631768226624e-03
6.659843027591705322e-02
-9.554990567266941071e-03
-3.080857731401920319e-02
-5.720666795969009399e-02
-1.853530411608517170e-03
2.825711481273174286e-02
8.246843703091144562e-03
-4.269550740718841553e-02
-1.569005846977233887e-02
2.148657292127609253e-02
-4.756096377968788147e-02
7.236095517873764038e-02
5.178834497928619385e-02
3.071098029613494873e-02
-1.740150153636932373e-02
-4.707229882478713989e-02
-7.073144614696502686e-02
-5.843540653586387634e-02
7.582019269466400146e-02
-4.343496263027191162e-02
3.038508817553520203e-02
5.023134499788284302e-02
3.600957104936242104e-03
-4.406396299600601196e-02
2.985223010182380676e-02
2.752393670380115509e-02
5.398834124207496643e-02
5.994565412402153015e-02
-2.368434891104698181e-02
6.377176195383071899e-02
-1.420074105262756348e-01
-7.115046493709087372e-03
-1.763265021145343781e-02
-4.512031376361846924e-02
9.474807977676391602e-02
-5.096468329429626465e-02
-3.568108007311820984e-02
-7.921145297586917877e-04
-1.576044037938117981e-02
-6.052778102457523346e-03
5.318860709667205811e-02
8.428359404206275940e-03
2.504571899771690369e-02
4.440526291728019714e-02
4.664142057299613953e-02
-7.484228163957595825e-02
5.665524676442146301e-02
-8.150438964366912842e-02
4.091362282633781433e-02
3.290963545441627502e-02
-1.067734509706497192e-01
-8.359855413436889648e-02
-7.613591384142637253e-03
2.892392873764038086e-02
1.037946790456771851e-01
-8.336173370480537415e-03
-2.506904676556587219e-02
3.975591808557510376e-02
-1.691787131130695343e-02
-7.950377464294433594e-02
4.204555973410606384e-02
-1.063238382339477539e-01
6.889764219522476196e-03
-8.111051470041275024e-02
3.203698247671127319e-02
3.384409705176949501e-03
-1.775583066046237946e-02
-9.330180287361145020e-02
-2.435490675270557404e-02
-2.367622032761573792e-02
1.313746534287929535e-02
-5.925889313220977783e-02
-4.691535979509353638e-02
7.289702445268630981e-02
-1.822024397552013397e-02
1.820465736091136932e-02
-1.807312108576297760e-02
-6.701073795557022095e-02
3.435451304540038109e-03
4.325025714933872223e-03
-3.568194061517715454e-02
-8.754274994134902954e-02
-1.220008358359336853e-03
3.540647774934768677e-02
-7.455617189407348633e-02
-5.177186103537678719e-04
8.856839686632156372e-02
6.160056218504905701e-02
-3.916346654295921326e-02
-1.504237577319145203e-02
6.824146956205368042e-03
1.285560801625251770e-02
7.814773172140121460e-02
-5.629700794816017151e-02
-9.240399301052093506e-02
-5.948084965348243713e-02
-2.876077592372894287e-02
3.183087706565856934e-02
-5.449489504098892212e-02
6.132096797227859497e-02
2.674997970461845398e-02
-6.088590715080499649e-03
-4.858976230025291443e-02
1.183525621891021729e-01
-5.662183463573455811e-02
-3.801329806447029114e-02
-5.043817684054374695e-02
-1.279403641819953918e-02
-6.041478738188743591e-02
4.843487590551376343e-02
7.691042125225067139e-02
6.400045752525329590e-02
1.667175255715847015e-02
-3.471783548593521118e-02
4.171396419405937195e-02
5.655668675899505615e-02
-5.418116599321365356e-02
5.502339825034141541e-02
-1.547850109636783600e-02
3.327149897813796997e-02
-8.006457239389419556e-02
-1.502149179577827454e-02
7.851715385913848877e-02
1.300776097923517227e-02
7.949776202440261841e-02
-6.466575711965560913e-02
8.641961961984634399e-02
3.526134788990020752e-02
-1.713326387107372284e-02
-3.420556895434856415e-03
-1.893959939479827881e-02
-6.005519628524780273e-02
3.090598806738853455e-02
-3.933952748775482178e-02
5.737456958740949631e-03
1.312339957803487778e-02
-6.093423441052436829e-02
3.145979717373847961e-02
-5.540345236659049988e-02
6.381754577159881592e-02
3.044498339295387268e-02
-6.954047828912734985e-02
-3.005281649529933929e-02
-1.354101300239562988e-02
-1.963550038635730743e-02
1.055097021162509918e-02
3.456911817193031311e-02
-2.717967517673969269e-02
3.611359745264053345e-02
5.797328427433967590e-02
-1.201441325247287750e-02
-5.355545133352279663e-02
2.265689708292484283e-02
-3.156338259577751160e-02
7.040884345769882202e-03
5.409703776240348816e-02
-6.955283135175704956e-02
-4.278733860701322556e-03
-4.605212062597274780e-02
7.899371534585952759e-02
-1.145900040864944458e-01
1.300428807735443115e-01
6.387548148632049561e-02
1.718693077564239502e-01
6.037227436900138855e-02
1.083048880100250244e-01
-1.270902901887893677e-02
-2.718032896518707275e-02
-2.172353677451610565e-02
2.686469070613384247e-02
-1.607623547315597534e-01
3.692789236083626747e-03
-5.818410590291023254e-02
6.984078139066696167e-02
-7.739835382380988449e-06
1.154856663197278976e-02
-3.483036532998085022e-02
-1.571649871766567230e-02
-5.557287484407424927e-02
8.017571270465850830e-02
-5.644216760993003845e-02
1.332176476716995239e-02
-9.220706298947334290e-03
4.538499563932418823e-02
6.048678606748580933e-02
-1.059842761605978012e-02
8.069697767496109009e-02
8.506891876459121704e-02
-4.754261113703250885e-03
-8.515272289514541626e-02
-5.090791359543800354e-02
-1.021306961774826050e-01
-1.580055356025695801e-01
8.603665977716445923e-02
4.373255372047424316e-02
2.180262282490730286e-02
-2.181234071031212807e-03
-2.595818638801574707e-01
7.694595307111740112e-02
-1.921521425247192383e-01
-8.399657905101776123e-02
3.631183505058288574e-02
5.669071897864341736e-02
-1.977346986532211304e-01
-6.022065505385398865e-02
-2.153781987726688385e-02
4.499467462301254272e-02
-1.199847832322120667e-02
8.447495102882385254e-02
1.346427649259567261e-01
-1.485062241554260254e-01
-7.144519686698913574e-02
-8.575361222028732300e-03
-1.392905134707689285e-03
7.210835069417953491e-02
-2.515742927789688110e-02
9.947875887155532837e-02
