-7.039894163608551025e-02
-2.586651779711246490e-02
1.281614601612091064e-02
-1.013186387717723846e-02
4.973576962947845459e-02
4.934487864375114441e-02
4.570523649454116821e-02
-5.408439785242080688e-02
1.081146821379661560e-01
3.976980224251747131e-02
-7.160627096891403198e-02
-6.080816686153411865e-02
6.594490259885787964e-02
-1.868587173521518707e-02
4.987528547644615173e-02
-8.126912871375679970e-04
3.372423350811004639e-02
-6.460253894329071045e-02
1.378740463405847549e-02
1.378471311181783676e-02
4.574820771813392639e-02
-3.281408222392201424e-03
-1.606833562254905701e-02
-5.107421893626451492e-03
2.622157335281372070e-02
-1.581315533258020878e-03
-1.084759738296270370e-02
2.134242281317710876e-02
-9.347201883792877197e-02
4.038419201970100403e-02
-5.507429689168930054e-02
-9.449472278356552124e-02
-1.114116795361042023e-02
9.616366028785705566e-02
-2.357346750795841217e-02
-2.987453900277614594e-02
-8.014801889657974243e-02
3.386471793055534363e-02
-5.688504502177238464e-02
4.837919771671295166e-02
-1.852294802665710449e-02
-1.256020739674568176e-02
-9.703990072011947632e-03
-1.020590662956237793e-01
9.954795241355895996e-02
1.294253021478652954e-01
9.255815297365188599e-02
-5.175272002816200256e-03
-5.527631193399429321e-02
-6.124615296721458435e-02
-5.962673574686050415e-02
1.308345496654510498e-01
-1.271840743720531464e-02
9.836548566818237305e-02
9.516827017068862915e-02
-4.214063659310340881e-02
-2.035413682460784912e-02
5.509964749217033386e-02
2.809377200901508331e-02
-3.425302356481552124e-02
3.737135231494903564e-02
-7.748211920261383057e-02
1.065491959452629089e-01
-1.534101963043212891e-01
-4.937680205330252647e-04
3.197310119867324829e-02
-3.401801735162734985e-02
6.578858941793441772e-02
-3.333147242665290833e-02
-8.236026018857955933e-02
6.712344288825988770e-02
-2.973786089569330215e-03
-8.204775862395763397e-03
5.995810031890869141e-02
-1.363406982272863388e-02
3.906626999378204346e-02
3.867341950535774231e-02
6.311942636966705322e-02
-4.497873410582542419e-02
8.039298653602600098e-02
-7.275786995887756348e-02
3.457396849989891052e-02
2.316215261816978455e-02
-9.403546899557113647e-02
-6.377400457859039307e-02
1.323848962783813477e-02
2.706011990085244179e-03
4.884856939315795898e-02
4.865249246358871460e-02
-8.461928367614746094e-02
2.215808955952525139e-03
3.450464829802513123e-02
-4.224254190921783447e-02
6.996543705463409424e-02
-9.279777854681015015e-02
4.484497476369142532e-03
-8.187595754861831665e-02
2.076424099504947662e-02
8.648719522170722485e-04
-2.871629409492015839e-02
-6.406474858522415161e-02
-4.640681203454732895e-03
-8.012800477445125580e-03
2.448579855263233185e-02
-2.389258146286010742e-02
-5.698006600141525269e-03
6.531075388193130493e-02
-3.400873858481645584e-03
4.678035899996757507e-02
4.068558569997549057e-03
-1.036209762096405029e-01
2.523487666621804237e-03
-3.458795323967933655e-02
-5.155042931437492371e-02
-7.775171101093292236e-02
-4.901788011193275452e-02
2.927071787416934967e-02
1.790482923388481140e-02
-2.349935285747051239e-02
5.296246707439422607e-02
3.879456222057342529e-02
-5.246529355645179749e-02
-1.091066561639308929e-02
3.199657797813415527e-02
-9.789883159101009369e-03
6.711021810770034790e-02
-5.225785449147224426e-02
-6.840633600950241089e-02
-6.708710454404354095e-03
-9.722929447889328003e-03
7.642552722245454788e-03
-9.877873957157135010e-02
3.159314393997192383e-02
3.582928329706192017e-02
5.911841243505477905e-02
-1.538454554975032806e-02
4.334703460335731506e-02
1.345520839095115662e-02
1.027940772473812103e-02
3.653765469789505005e-02
-8.597876876592636108e-03
-6.414758414030075073e-02
6.076087430119514465e-02
5.072499066591262817e-02
6.771259009838104248e-02
2.214682102203369141e-02
-3.220908809453248978e-03
9.133071452379226685e-02
1.446386147290468216e-02
-4.465658962726593018e-02
1.422121771611273289e-03
1.077385433018207550e-02
-1.534613966941833496e-02
-1.086964830756187439e-01
1.130140293389558792e-02
1.121173128485679626e-01
3.201102092862129211e-02
6.598719209432601929e-02
-4.809657484292984009e-02
9.072796255350112915e-02
3.069501742720603943e-02
-2.468103170394897461e-02
3.495874628424644470e-02
-6.879118154756724834e-04
-5.478114634752273560e-02
2.047461271286010742e-02
-4.409133642911911011e-02
-4.222207702696323395e-03
2.943729795515537262e-02
-5.331750959157943726e-02
4.501227289438247681e-02
-3.745903074741363525e-02
1.431690156459808350e-02
5.920464545488357544e-02
-4.106501489877700806e-02
-1.789780892431735992e-02
-2.491958253085613251e-02
-2.181062102317810059e-02
-6.090397480875253677e-03
5.312934517860412598e-02
-4.451608285307884216e-03
-3.983925655484199524e-02
-1.686552725732326508e-02
-1.950622349977493286e-02
-5.832296237349510193e-02
-2.541723102331161499e-02
-7.937242835760116577e-02
3.286298306193202734e-04
5.190670862793922424e-02
-5.956020951271057129e-02
-3.424461930990219116e-02
-3.380043804645538330e-02
5.079339072108268738e-02
-1.281727552413940430e-01
1.254120469093322754e-01
6.076392158865928650e-02
1.925138086080551147e-01
4.747630283236503601e-02
6.341735273599624634e-02
-2.926456928253173828e-02
-2.352673001587390900e-02
-6.000169366598129272e-02
4.086463898420333862e-02
-1.385152786970138550e-01
-5.809657741338014603e-03
-1.104557588696479797e-01
8.524372428655624390e-02
1.749465987086296082e-02
1.973024196922779083e-02
-1.834182813763618469e-02
-7.525573018938302994e-03
-9.895540773868560791e-03
4.099136963486671448e-02
-9.571377187967300415e-02
2.529869973659515381e-02
-1.571001112461090088e-02
5.428920313715934753e-02
3.230073675513267517e-02
-8.432776667177677155e-03
1.169537976384162903e-01
1.186551526188850403e-01
-5.886218044906854630e-03
-1.492366343736648560e-01
-4.364450275897979736e-02
-4.710829257965087891e-02
-1.418397724628448486e-01
2.202466502785682678e-02
-5.321352742612361908e-03
-4.858151543885469437e-03
6.389924138784408569e-02
-1.795147508382797241e-01
8.187654614448547363e-02
-1.619854569435119629e-01
-2.205809950828552246e-02
6.304885447025299072e-02
6.481467932462692261e-02
-1.568917334079742432e-01
-7.166302204132080078e-02
-1.056205201894044876e-02
6.797635555267333984e-02
-2.143345214426517487e-02
9.742403030395507812e-02
2.107767611742019653e-01
-1.661304533481597900e-01
-1.097889542579650879e-01
-1.548771560192108154e-02
-4.698342457413673401e-02
1.395501494407653809e-01
-6.698519736528396606e-02
1.457757949829101562e-01
