-9.712304174900054932e-02
-6.534941494464874268e-02
9.835663437843322754e-02
-6.611218303442001343e-02
-4.108659923076629639e-02
8.120995014905929565e-02
-4.413995891809463501e-03
-1.349881291389465332e-01
9.409383684396743774e-02
4.428285732865333557e-02
-1.459935009479522705e-01
-4.675048217177391052e-02
1.497525274753570557e-01
-2.659014053642749786e-02
1.345110218971967697e-02
7.569728046655654907e-02
2.262150868773460388e-02
-9.709434956312179565e-02
4.633605852723121643e-02
1.450152602046728134e-02
7.805092632770538330e-02
-5.138141289353370667e-02
5.820478312671184540e-03
-4.287934303283691406e-02
5.098028853535652161e-02
-9.469680488109588623e-03
3.130411356687545776e-02
-8.264925330877304077e-02
-1.479198187589645386e-01
-4.008395224809646606e-02
-4.382204636931419373e-02
-7.798449695110321045e-02
-1.133660320192575455e-02
1.132180020213127136e-01
-1.004581106826663017e-03
-3.046157024800777435e-02
-9.450713545083999634e-02
-2.185355685651302338e-02
3.045891597867012024e-02
2.395729720592498779e-02
-3.984283283352851868e-02
-2.639722079038619995e-02
4.567850753664970398e-02
-6.854989379644393921e-02
1.135817021131515503e-01
5.295246839523315430e-02
1.373535487800836563e-02
-3.670457517728209496e-03
-7.268685102462768555e-02
-8.137499541044235229e-02
-4.108527675271034241e-02
8.181407302618026733e-02
-2.016120590269565582e-02
3.226625034585595131e-03
4.808670282363891602e-02
7.759350817650556564e-03
-6.008047610521316528e-02
1.472139451652765274e-02
5.383584275841712952e-02
3.978225588798522949e-02
5.633346736431121826e-02
-3.401132766157388687e-03
7.046497613191604614e-02
-1.215762421488761902e-01
-4.992729518562555313e-03
-2.610631100833415985e-02
-5.157256498932838440e-02
5.126198381185531616e-02
-3.805372118949890137e-02
-5.044282972812652588e-02
8.735512383282184601e-03
1.426478411303833127e-04
-1.812847331166267395e-02
6.486196815967559814e-02
1.650462113320827484e-02
3.457098454236984253e-02
1.803150027990341187e-02
5.488935858011245728e-02
-6.473306566476821899e-02
5.828171968460083008e-02
-5.962345749139785767e-02
1.946168392896652222e-02
1.619058288633823395e-02
-1.248004436492919922e-01
-7.382909953594207764e-02
2.398969139903783798e-03
6.439964473247528076e-02
1.244907230138778687e-01
-8.651500567793846130e-03
-1.266328897327184677e-02
2.999590337276458740e-02
-1.288982015103101730e-02
-1.170331761240959167e-01
2.813201211392879486e-02
-1.049017310142517090e-01
5.428598262369632721e-03
-1.011857688426971436e-01
6.079680100083351135e-02
1.460769417462870479e-04
-7.256295997649431229e-03
-9.263284504413604736e-02
-1.788903400301933289e-02
-2.584263682365417480e-02
2.027879096567630768e-02
-4.736814275383949280e-02
-4.154274240136146545e-02
7.407405972480773926e-02
-1.605852739885449409e-03
2.566094696521759033e-02
-1.860846579074859619e-02
-3.144098445773124695e-02
1.843183115124702454e-02
-2.189494902268052101e-03
4.957077559083700180e-03
-1.070498153567314148e-01
-4.999588709324598312e-03
3.113926015794277191e-02
-6.227970495820045471e-02
4.302109126001596451e-03
9.158549457788467407e-02
6.073265522718429565e-02
-3.887169435620307922e-02
-2.385917119681835175e-02
1.318647060543298721e-02
-1.052455278113484383e-03
8.546602725982666016e-02
-7.474244385957717896e-02
-9.157379716634750366e-02
-6.889490783214569092e-02
-8.314119651913642883e-03
9.969570674002170563e-03
-2.945936098694801331e-02
6.554751098155975342e-02
2.086181566119194031e-02
8.224218036048114300e-04
-6.260191649198532104e-02
1.157115772366523743e-01
-4.276011139154434204e-02
-4.735790938138961792e-02
-6.225867196917533875e-02
-8.402484469115734100e-03
-5.020813643932342529e-02
5.702009424567222595e-02
9.139990061521530151e-02
5.790772661566734314e-02
2.545895613729953766e-02
-4.899505898356437683e-02
4.869048018008470535e-03
7.977686077356338501e-02
-7.965017110109329224e-02
4.103188961744308472e-02
1.110865455120801926e-02
4.992637410759925842e-02
-8.178576827049255371e-02
1.168814022094011307e-02
5.292640253901481628e-02
-5.884478799998760223e-03
1.117122918367385864e-01
-7.028482109308242798e-02
8.221399784088134766e-02
1.858774013817310333e-02
-9.198453277349472046e-03
2.842567674815654755e-02
-1.425206009298563004e-02
-5.223508179187774658e-02
3.896982595324516296e-02
-3.675206750631332397e-02
-3.331782761961221695e-03
-4.092469345778226852e-03
-5.502843856811523438e-02
1.391102746129035950e-02
-8.674506098031997681e-02
6.967912614345550537e-02
3.710725903511047363e-02
-4.990160092711448669e-02
-5.318968743085861206e-02
-1.255864836275577545e-02
-2.160021476447582245e-02
-2.855817088857293129e-03
1.828687824308872223e-02
-6.862216442823410034e-02
2.081167697906494141e-02
8.035746961832046509e-02
7.920879870653152466e-03
-5.606831610202789307e-02
2.874223142862319946e-02
-2.494127303361892700e-02
2.662009187042713165e-02
5.428727343678474426e-02
-5.255803093314170837e-02
3.597824252210557461e-04
-4.488108307123184204e-02
7.078506797552108765e-02
-8.739630877971649170e-02
1.103903651237487793e-01
5.135798454284667969e-02
1.318410784006118774e-01
4.453384131193161011e-02
9.574957191944122314e-02
1.041004247963428497e-02
-4.134316369891166687e-02
8.997385739348828793e-04
1.691128127276897430e-02
-1.542829871177673340e-01
-2.600957406684756279e-03
-2.105656825006008148e-02
6.400166451930999756e-02
-1.330081000924110413e-02
-4.785949829965829849e-03
-3.683656081557273865e-02
-8.904911577701568604e-03
-5.314173921942710876e-02
8.541486412286758423e-02
-6.796737015247344971e-02
3.006888553500175476e-02
-2.510070614516735077e-02
7.155739516019821167e-02
7.736523449420928955e-02
7.446862291544675827e-03
4.955865442752838135e-02
7.047852128744125366e-02
-2.971055172383785248e-02
-7.467828691005706787e-02
-7.845217734575271606e-02
-9.460943192243576050e-02
-1.456198394298553467e-01
7.730463892221450806e-02
4.928364232182502747e-02
1.910489238798618317e-02
-8.880989626049995422e-03
-2.416812181472778320e-01
1.021242514252662659e-01
-1.559771150350570679e-01
-5.350881442427635193e-02
2.869515493512153625e-02
6.553215533494949341e-02
-1.985468417406082153e-01
-5.217160657048225403e-02
-1.894149556756019592e-02
3.107033856213092804e-02
7.878306205384433270e-04
4.688821360468864441e-02
1.201415657997131348e-01
-1.112305149435997009e-01
-7.002898305654525757e-02
-8.593836799263954163e-03
-7.031844463199377060e-03
3.414127975702285767e-02
-3.054053895175457001e-02
9.688282012939453125e-02
