-3.033948317170143127e-02
-2.356760948896408081e-02
-2.608813717961311340e-02
6.294230464845895767e-03
2.212138101458549500e-02
1.567453145980834961e-02
7.250213623046875000e-02
-1.249948050826787949e-02
9.820544719696044922e-02
2.943544648587703705e-02
1.351922377943992615e-02
-7.144504040479660034e-02
2.397931925952434540e-02
3.129952400922775269e-02
2.200204506516456604e-02
-1.338970847427845001e-02
3.002566099166870117e-02
-4.416039958596229553e-02
-2.405420690774917603e-02
4.575921222567558289e-02
2.695840597152709961e-02
4.595489427447319031e-02
-2.893424592912197113e-02
-1.455208752304315567e-02
2.726198174059391022e-02
-5.937594687566161156e-04
4.106670618057250977e-03
3.710295632481575012e-02
-7.054235041141510010e-02
7.878247648477554321e-02
-2.926787361502647400e-02
-9.581658989191055298e-02
-2.313845790922641754e-02
8.999561518430709839e-02
-5.295818671584129333e-03
-2.164902538061141968e-02
-7.422396540641784668e-02
1.939310133457183838e-02
-6.056489050388336182e-02
6.042870506644248962e-02
1.597633212804794312e-02
-8.661887608468532562e-03
-2.961895242333412170e-02
-1.143362969160079956e-01
1.261071711778640747e-01
1.016015410423278809e-01
1.084424704313278198e-01
2.731604129076004028e-02
-4.759641364216804504e-02
-5.253127589821815491e-02
-8.310586959123611450e-02
1.334794014692306519e-01
-5.718979518860578537e-03
1.234408915042877197e-01
1.146040707826614380e-01
-6.358933448791503906e-02
-9.085437282919883728e-03
3.016875311732292175e-02
7.572533097118139267e-03
-7.335494458675384521e-02
3.318200632929801941e-02
-8.033235371112823486e-02
1.118644401431083679e-01
-1.220399141311645508e-01
1.957021595444530249e-04
6.499765813350677490e-02
-2.366254851222038269e-02
3.400117903947830200e-02
7.792734540998935699e-03
-1.767111383378505707e-02
7.551288604736328125e-02
-2.789118140935897827e-02
-3.410072997212409973e-02
1.425086427479982376e-02
-9.464531322009861469e-04
-1.922616735100746155e-02
1.469467207789421082e-02
3.947815671563148499e-02
-5.042774602770805359e-02
7.707940787076950073e-02
-4.988855496048927307e-02
2.920017205178737640e-02
1.752373389899730682e-02
-9.524287283420562744e-02
-2.614395134150981903e-02
-1.580419763922691345e-02
-3.455650061368942261e-02
1.166303642094135284e-02
3.436377272009849548e-02
-1.018316596746444702e-01
-3.576978668570518494e-02
9.596630185842514038e-02
-2.616070397198200226e-02
9.759013354778289795e-02
-6.512691825628280640e-02
-1.932042837142944336e-02
-7.561500370502471924e-02
-1.291191764175891876e-02
6.713501643389463425e-03
-3.450281545519828796e-02
-5.663733929395675659e-02
-2.223572321236133575e-02
-1.769742928445339203e-02
4.975844919681549072e-02
-8.093724027276039124e-03
6.616575177758932114e-03
4.028840735554695129e-02
2.409612759947776794e-02
8.814232796430587769e-02
-3.154077101498842239e-03
-1.208774968981742859e-01
2.572143636643886566e-02
-7.081367075443267822e-02
-7.395972311496734619e-02
-6.089680269360542297e-02
-6.454417109489440918e-02
-1.325550954788923264e-02
1.006209175102412701e-03
-1.488400530070066452e-02
2.836029231548309326e-02
1.032875012606382370e-02
-6.011613085865974426e-02
1.637633889913558960e-02
-2.094421908259391785e-02
8.668961236253380775e-04
4.310499504208564758e-02
-5.954252555966377258e-03
-5.641990154981613159e-02
1.498513948172330856e-02
-1.489315740764141083e-02
-8.639698498882353306e-04
-1.156208068132400513e-01
5.847916472703218460e-03
1.079715974628925323e-02
6.440699845552444458e-02
1.229102723300457001e-02
-1.448063272982835770e-02
8.175699040293693542e-03
-1.594723388552665710e-02
5.867854505777359009e-02
-3.727712854743003845e-02
-3.513315692543983459e-02
2.349037863314151764e-02
-9.489729069173336029e-03
5.344245582818984985e-02
5.542724858969449997e-03
2.276401594281196594e-02
7.713656127452850342e-02
-9.571419097483158112e-03
-7.672494743019342422e-03
2.171266591176390648e-03
-4.804914817214012146e-03
-5.535117536783218384e-02
-1.234510317444801331e-01
1.035573333501815796e-02
7.123055309057235718e-02
2.706292271614074707e-02
4.187574237585067749e-02
-1.701478660106658936e-02
7.029356807470321655e-02
4.165578633546829224e-02
6.237572524696588516e-03
1.578440144658088684e-02
5.834050476551055908e-02
-5.381745472550392151e-02
2.290323190391063690e-02
-7.633133977651596069e-02
-4.224255681037902832e-02
4.719207808375358582e-02
-7.203537970781326294e-02
7.033524662256240845e-02
-2.717969566583633423e-02
5.956235900521278381e-02
6.827472895383834839e-02
-2.578691393136978149e-02
-8.447119034826755524e-03
-6.096665281802415848e-03
-2.352553047239780426e-02
-3.204032545909285545e-03
3.185402601957321167e-02
3.477025404572486877e-02
-4.028530046343803406e-02
-3.321988135576248169e-02
-2.713177725672721863e-02
-4.658636450767517090e-02
-2.254691533744335175e-02
-9.081922471523284912e-02
-6.822584569454193115e-02
5.948709696531295776e-02
-5.981225892901420593e-02
-8.109242469072341919e-02
1.016624504700303078e-03
3.577051684260368347e-02
-1.475773006677627563e-01
1.058983802795410156e-01
5.612274259328842163e-02
1.748800724744796753e-01
6.024840846657752991e-02
6.909967213869094849e-02
-7.098358124494552612e-02
1.069417316466569901e-02
-6.225086003541946411e-02
4.008806496858596802e-02
-1.069325357675552368e-01
1.366304932162165642e-03
-7.948307693004608154e-02
4.945003613829612732e-02
-1.000226475298404694e-02
4.452399443835020065e-03
-1.089028082787990570e-02
4.576255567371845245e-03
2.063874155282974243e-02
1.943049393594264984e-02
-9.733628481626510620e-02
4.433132335543632507e-02
-4.806477110832929611e-03
4.265398532152175903e-02
5.585937574505805969e-02
-3.374970750883221626e-03
1.028643846511840820e-01
1.035511046648025513e-01
-9.006695821881294250e-03
-1.188963949680328369e-01
-1.681979186832904816e-02
3.434333717450499535e-03
-1.081302613019943237e-01
-2.061576582491397858e-03
-8.007667958736419678e-03
-8.046841248869895935e-03
7.050866633653640747e-02
-7.887214422225952148e-02
8.345295488834381104e-02
-1.293571740388870239e-01
-2.076100558042526245e-02
7.540226727724075317e-02
8.998619765043258667e-02
-1.290756314992904663e-01
-8.365637809038162231e-02
-2.713659219443798065e-02
8.199851214885711670e-02
-2.029969543218612671e-02
1.612156629562377930e-01
2.671332061290740967e-01
-1.530366539955139160e-01
-1.534077078104019165e-01
6.967164110392332077e-03
-5.935401841998100281e-02
2.144429832696914673e-01
-6.331273168325424194e-02
1.614898741245269775e-01
