-2.106331288814544678e-02
3.531243279576301575e-02
-4.730301722884178162e-02
2.191151306033134460e-02
7.863926887512207031e-02
-2.190703712403774261e-02
4.868341237306594849e-02
-1.059366390109062195e-03
4.159934446215629578e-02
1.611879840493202209e-02
-5.887770093977451324e-03
-4.901360347867012024e-02
-2.091716229915618896e-02
-1.257835328578948975e-02
2.465126290917396545e-02
8.177811978384852409e-04
7.115440815687179565e-02
-1.581111736595630646e-02
-1.869482919573783875e-02
3.933141008019447327e-02
-1.207664329558610916e-02
5.646339058876037598e-02
-3.985136281698942184e-03
-3.076026041526347399e-04
-1.832328550517559052e-02
-1.693300670012831688e-03
-2.639464475214481354e-02
7.938626408576965332e-02
-4.200280830264091492e-02
1.007168740034103394e-01
-5.755966412834823132e-04
-1.136458665132522583e-01
-9.037984535098075867e-03
-1.825885265134274960e-03
-7.986009120941162109e-03
1.562378834933042526e-02
-8.126237243413925171e-02
7.394704967737197876e-02
-7.845871895551681519e-02
4.656586423516273499e-02
-5.601856485009193420e-02
-2.720741741359233856e-02
-3.892520070075988770e-02
-9.228169173002243042e-02
6.891996413469314575e-02
1.084075570106506348e-01
1.147638782858848572e-01
-5.790542811155319214e-03
-3.712315857410430908e-02
-4.902731254696846008e-02
-5.897896736860275269e-02
1.661611348390579224e-01
-8.691770955920219421e-03
1.196296140551567078e-01
7.831729948520660400e-02
-5.579550564289093018e-02
2.017647027969360352e-02
6.905557215213775635e-02
1.322528254240751266e-02
-6.795571744441986084e-02
1.134905777871608734e-02
-7.818593084812164307e-02
8.752440661191940308e-02
-1.689349561929702759e-01
-3.087328746914863586e-02
5.436933599412441254e-03
3.064527362585067749e-02
6.457591801881790161e-02
2.819435298442840576e-02
-9.208635240793228149e-02
8.332337439060211182e-02
-2.017106488347053528e-02
-7.371724583208560944e-03
8.651893585920333862e-03
-1.718933880329132080e-02
-2.390879951417446136e-02
3.290398791432380676e-02
4.157901182770729065e-02
-1.817561686038970947e-02
8.916297554969787598e-02
-1.049105525016784668e-01
3.465584665536880493e-02
3.955943882465362549e-02
-7.648695260286331177e-02
-5.807160213589668274e-02
-9.663148783147335052e-03
-1.166965998709201813e-02
2.184266224503517151e-02
6.781361252069473267e-02
-8.031518757343292236e-02
2.577653899788856506e-02
7.631639391183853149e-02
-2.799226902425289154e-02
7.537727057933807373e-02
-8.136107772588729858e-02
6.894984981045126915e-04
-5.619776993989944458e-02
2.049501985311508179e-02
1.542582362890243530e-02
-8.395030163228511810e-03
-7.115910202264785767e-02
-2.470090985298156738e-02
-3.249718248844146729e-02
5.744427442550659180e-02
1.769445277750492096e-02
1.143552921712398529e-02
4.222728312015533447e-02
8.120152167975902557e-03
5.530543252825737000e-02
2.117948606610298157e-02
-1.249985098838806152e-01
-1.036831364035606384e-02
-6.531928479671478271e-02
-4.382736608386039734e-02
-5.497687682509422302e-02
-7.762123644351959229e-02
2.164216898381710052e-02
8.651005104184150696e-03
-2.597165480256080627e-02
2.297418378293514252e-02
3.808358684182167053e-02
-6.589323282241821289e-02
-8.716408163309097290e-03
-2.195223607122898102e-02
-7.706938311457633972e-03
4.554436355829238892e-02
-6.711681373417377472e-03
-7.959377020597457886e-02
5.014839395880699158e-02
-5.455699190497398376e-02
-3.004387719556689262e-03
-9.306020289659500122e-02
4.948165267705917358e-02
2.120290137827396393e-02
8.180561661720275879e-02
-1.615812070667743683e-02
3.240257129073143005e-02
-1.453990000300109386e-03
3.591173142194747925e-02
5.517572909593582153e-02
-1.525063347071409225e-02
-2.589350938796997070e-02
3.446699306368827820e-02
-7.877942174673080444e-03
4.098684713244438171e-02
7.966266945004463196e-03
3.498428687453269958e-02
1.358777433633804321e-01
-6.360529456287622452e-03
2.794460626319050789e-03
-1.045282185077667236e-02
1.143364794552326202e-02
-3.596886619925498962e-02
-7.265131175518035889e-02
3.359906142577528954e-03
1.186640784144401550e-01
6.471318751573562622e-02
1.537450496107339859e-02
-2.157397195696830750e-02
9.215326607227325439e-02
6.357851624488830566e-02
-5.515007674694061279e-02
1.720678620040416718e-02
-4.704107996076345444e-03
-2.816339954733848572e-02
1.653760438784956932e-03
-2.793122082948684692e-02
-2.907594293355941772e-02
5.364818125963211060e-02
-3.196266293525695801e-02
5.995069816708564758e-02
-3.605119418352842331e-03
5.253756884485483170e-03
8.314459025859832764e-02
-5.053582414984703064e-02
3.718531504273414612e-02
1.358974725008010864e-03
1.088876277208328247e-02
1.189296133816242218e-02
5.055320635437965393e-02
7.490838319063186646e-02
-6.869019567966461182e-02
-1.328370720148086548e-02
-4.880305379629135132e-02
-3.650803118944168091e-02
-3.513748198747634888e-02
-4.913704842329025269e-02
-2.704276703298091888e-02
6.612170021981000900e-03
-3.698793053627014160e-02
-2.749496884644031525e-02
-1.264853496104478836e-02
1.485957019031047821e-02
-1.106473058462142944e-01
8.314415067434310913e-02
3.667669370770454407e-02
1.465197950601577759e-01
5.976552516222000122e-02
4.051417857408523560e-02
1.310703065246343613e-02
1.055682916194200516e-02
-7.312607020139694214e-02
6.036327406764030457e-02
-9.057158231735229492e-02
4.482113290578126907e-03
-1.389968246221542358e-01
6.369657069444656372e-02
9.653146378695964813e-03
2.630764804780483246e-02
-3.142440319061279297e-02
7.111943792551755905e-03
1.296949572861194611e-02
3.803402557969093323e-02
-3.571406006813049316e-02
6.365853361785411835e-03
1.216862443834543228e-02
2.450621686875820160e-03
9.345990838482975960e-05
-3.256356343626976013e-02
9.298477321863174438e-02
9.139543026685714722e-02
2.167125977575778961e-02
-1.028171777725219727e-01
-1.176477223634719849e-02
-2.405226603150367737e-02
-1.196421608328819275e-01
2.202513627707958221e-02
-2.801185287535190582e-02
-2.075521089136600494e-02
8.611432462930679321e-02
-1.489068120718002319e-01
5.250108242034912109e-02
-1.593811661005020142e-01
-4.241266101598739624e-02
4.391426593065261841e-02
8.296354860067367554e-02
-1.307770460844039917e-01
-7.749600708484649658e-02
-2.065769396722316742e-03
9.582253545522689819e-02
-2.533994801342487335e-02
1.267766505479812622e-01
2.622570693492889404e-01
-2.078071087598800659e-01
-1.264707297086715698e-01
-3.753459453582763672e-02
-2.958931587636470795e-02
2.113641798496246338e-01
-6.945184618234634399e-02
1.762633323669433594e-01
