-9.006735682487487793e-02
-2.897968050092458725e-03
2.314235083758831024e-02
-4.406941309571266174e-02
-2.196262031793594360e-02
5.644468963146209717e-02
4.406227171421051025e-02
-1.185569688677787781e-01
9.097318351268768311e-02
5.665097385644912720e-02
-8.161641657352447510e-02
-8.747997134923934937e-02
8.114840835332870483e-02
1.516877487301826477e-02
5.405845493078231812e-02
5.330530926585197449e-02
5.933078750967979431e-02
-5.477900430560112000e-02
-4.624963738024234772e-03
4.648394137620925903e-02
2.894314471632242203e-03
-4.003896936774253845e-02
-2.591057680547237396e-02
8.059649728238582611e-03
-4.281260538846254349e-03
-1.736243627965450287e-02
4.122256487607955933e-02
1.046538446098566055e-02
-4.973549395799636841e-02
4.717038571834564209e-02
1.290854159742593765e-02
-5.179462581872940063e-02
-3.315264359116554260e-02
4.531290382146835327e-02
-3.251657634973526001e-02
1.011046674102544785e-02
-7.730041444301605225e-02
1.715930551290512085e-02
2.357280813157558441e-02
9.943053126335144043e-03
-5.243195220828056335e-02
-2.670396491885185242e-02
-9.156962856650352478e-03
-6.239204481244087219e-02
1.674764603376388550e-01
8.284484595060348511e-02
7.449988275766372681e-02
-6.036689504981040955e-03
-3.891173005104064941e-02
-1.220703199505805969e-01
-1.225509122014045715e-01
9.715225547552108765e-02
-4.631760343909263611e-02
9.921285510063171387e-02
6.013284623622894287e-02
-4.435058310627937317e-02
-2.858647704124450684e-02
6.645618379116058350e-02
2.943450026214122772e-02
1.472701225429773331e-02
9.776715189218521118e-02
-8.653762191534042358e-02
1.219463199377059937e-01
-1.664919555187225342e-01
-1.396454963833093643e-02
3.145758528262376785e-03
-3.939092531800270081e-02
7.906463742256164551e-02
-2.472089044749736786e-02
-6.301426142454147339e-02
9.399748593568801880e-02
-8.988619782030582428e-03
-6.293704360723495483e-02
5.716620385646820068e-02
2.343398053199052811e-03
-2.356680110096931458e-03
3.411765769124031067e-02
5.442265793681144714e-02
-6.768423318862915039e-02
1.211370676755905151e-01
-7.240121066570281982e-02
3.362339362502098083e-02
3.147419169545173645e-02
-1.016656830906867981e-01
-7.076530903577804565e-02
-4.167084768414497375e-02
3.739428892731666565e-02
9.779900312423706055e-02
3.512978181242942810e-02
-6.990983337163925171e-02
2.617661096155643463e-02
2.738270722329616547e-02
-1.313239485025405884e-01
7.745755463838577271e-02
-8.448956161737442017e-02
-1.491820625960826874e-02
-6.771056354045867920e-02
2.322050184011459351e-02
-4.039867315441370010e-03
-2.815313637256622314e-02
-8.944214880466461182e-02
-8.446235209703445435e-03
-4.099663719534873962e-02
2.231958322227001190e-02
-5.427565425634384155e-02
-4.033898562192916870e-02
7.708110660314559937e-02
1.725182682275772095e-02
8.105695992708206177e-02
-1.621200330555438995e-02
-7.571450620889663696e-02
1.869211345911026001e-02
3.491100389510393143e-03
-4.630992561578750610e-02
-9.658341109752655029e-02
-5.669521167874336243e-02
-7.890819571912288666e-03
-2.181328833103179932e-02
-7.142945192754268646e-03
3.354912996292114258e-02
6.147344410419464111e-02
-3.657236322760581970e-02
5.887221172451972961e-02
-2.468191459774971008e-02
-3.408733289688825607e-03
7.190978527069091797e-02
-6.422031670808792114e-02
-1.139847636222839355e-01
-3.492253646254539490e-02
-2.493845485150814056e-02
-7.058781106024980545e-03
-7.794014364480972290e-02
5.443323776125907898e-02
-6.804709322750568390e-03
2.132833562791347504e-02
-3.004829585552215576e-02
7.267653197050094604e-02
-5.965255945920944214e-02
-3.478951752185821533e-02
6.119719240814447403e-03
-7.310640811920166016e-02
-5.896809697151184082e-02
7.830388098955154419e-02
3.291396051645278931e-02
4.023751989006996155e-02
2.745493501424789429e-02
-3.196923434734344482e-02
6.819806993007659912e-02
3.361133858561515808e-02
9.380235336720943451e-03
3.183308988809585571e-02
-2.161674760282039642e-02
-2.557676658034324646e-02
-1.292933821678161621e-01
-1.334174163639545441e-02
9.442786872386932373e-02
2.311983518302440643e-02
9.897018969058990479e-02
-5.778531730175018311e-02
7.858909666538238525e-02
1.257837284356355667e-02
-4.665268957614898682e-02
2.334521897137165070e-02
-7.580735255032777786e-03
-3.414338082075119019e-02
8.336134254932403564e-03
-4.308499768376350403e-02
-7.768598850816488266e-03
2.586092799901962280e-02
-3.898878023028373718e-02
4.141445457935333252e-02
-2.869461104273796082e-02
-1.568530453369021416e-03
7.394373416900634766e-02
2.035451121628284454e-03
-6.257256492972373962e-03
5.102050304412841797e-02
-3.129038261249661446e-03
-2.114580478519201279e-03
4.749521985650062561e-02
1.593031547963619232e-02
-3.373368876054883003e-03
2.817408740520477295e-02
-4.285246506333351135e-02
-3.692563623189926147e-02
-8.025506511330604553e-03
-6.228907778859138489e-02
-5.799118056893348694e-02
2.996719442307949066e-02
-2.407625550404191017e-03
-6.210134830325841904e-03
-2.919102460145950317e-02
3.561204671859741211e-02
-1.370435804128646851e-01
9.786900132894515991e-02
6.004584953188896179e-02
9.776692837476730347e-02
6.287755817174911499e-02
1.001014485955238342e-01
-3.263918915763497353e-03
1.053477544337511063e-02
7.987915887497365475e-04
5.275664851069450378e-02
-1.555574536323547363e-01
2.016420476138591766e-02
-9.165542572736740112e-02
4.291584342718124390e-02
-3.979784902185201645e-03
1.919198222458362579e-02
-7.900349795818328857e-03
7.330199237912893295e-03
-4.367762058973312378e-02
5.647964775562286377e-02
-4.676109179854393005e-02
3.058509901165962219e-02
-2.346737682819366455e-02
7.056836783885955811e-02
7.061082869768142700e-02
-2.382623404264450073e-02
3.759576380252838135e-02
7.576730102300643921e-02
-5.479098856449127197e-02
-8.981981128454208374e-02
-2.415907569229602814e-02
-6.820112466812133789e-02
-1.249211877584457397e-01
1.705102063715457916e-02
1.438010018318891525e-02
-1.353378780186176300e-02
5.149423331022262573e-02
-2.237850576639175415e-01
9.782415628433227539e-02
-1.507109403610229492e-01
-5.978509411215782166e-02
5.221308395266532898e-02
5.856289342045783997e-02
-2.019331455230712891e-01
-4.893859103322029114e-02
-1.987779513001441956e-02
7.219402492046356201e-02
-1.437974069267511368e-02
4.846737161278724670e-02
1.634018719196319580e-01
-1.531123369932174683e-01
-1.156869009137153625e-01
1.125114597380161285e-02
-2.881083637475967407e-02
1.072703450918197632e-01
-5.000068992376327515e-02
6.951577961444854736e-02
