-1.492755860090255737e-01
-2.599263750016689301e-02
2.099924162030220032e-02
-4.002510756254196167e-02
5.036226008087396622e-03
9.836255759000778198e-02
4.275193065404891968e-02
-1.134435757994651794e-01
1.410054117441177368e-01
5.956065282225608826e-02
-1.081977635622024536e-01
-4.665300250053405762e-02
1.351566463708877563e-01
8.360017091035842896e-03
3.203148394823074341e-02
1.821959950029850006e-02
3.467506170272827148e-02
-8.437775820493698120e-02
1.895836368203163147e-02
5.573798343539237976e-02
4.786476865410804749e-02
3.114078892394900322e-03
-1.039896905422210693e-02
-1.543566491454839706e-02
1.302658207714557648e-02
4.337149672210216522e-03
1.700108870863914490e-02
-4.038719087839126587e-02
-1.356178820133209229e-01
-2.328032627701759338e-02
-4.431700333952903748e-02
-7.496549934148788452e-02
4.602264985442161560e-02
1.017144396901130676e-01
-1.210331823676824570e-02
-5.176489800214767456e-02
-8.453027158975601196e-02
4.155645146965980530e-03
-1.233644410967826843e-02
1.320894993841648102e-02
-3.554139286279678345e-02
-4.122835397720336914e-02
-1.108376588672399521e-02
-5.545694753527641296e-02
1.337185353040695190e-01
1.472357660531997681e-01
7.910268008708953857e-02
-3.341495618224143982e-02
-5.363715812563896179e-02
-7.237538695335388184e-02
-4.976075142621994019e-02
1.334409117698669434e-01
-2.713079936802387238e-02
6.960838288068771362e-02
6.941685080528259277e-02
-3.033631108701229095e-02
-2.858027815818786621e-02
4.185077920556068420e-02
6.032476946711540222e-02
-1.306360960006713867e-02
6.243125721812248230e-02
-3.869651630520820618e-02
1.136066764593124390e-01
-1.671051234006881714e-01
-3.889264073222875595e-03
8.595197461545467377e-03
-4.916948452591896057e-02
8.314280211925506592e-02
-6.491423398256301880e-02
-9.908521920442581177e-02
5.226207524538040161e-02
-3.763079643249511719e-02
-1.759584061801433563e-02
9.377455711364746094e-02
1.484006829559803009e-02
1.178165804594755173e-02
2.018507756292819977e-02
5.400420352816581726e-02
-6.986619532108306885e-02
7.242199778556823730e-02
-5.912021920084953308e-02
3.175054118037223816e-02
3.964968025684356689e-02
-1.044573932886123657e-01
-8.252964168787002563e-02
4.787826538085937500e-02
5.394111573696136475e-02
9.583266824483871460e-02
1.904764957726001740e-02
-5.119162425398826599e-02
3.017600998282432556e-02
-4.485193174332380295e-03
-9.048582613468170166e-02
8.881286531686782837e-02
-1.059449166059494019e-01
9.666740894317626953e-03
-5.151161551475524902e-02
5.709801241755485535e-02
-1.194807421416044235e-02
4.235006403177976608e-03
-8.811449259519577026e-02
-2.596010221168398857e-03
-1.719656772911548615e-02
1.553443260490894318e-02
-4.868155345320701599e-02
-1.597292721271514893e-02
9.350592643022537231e-02
1.739257387816905975e-02
3.446202352643013000e-02
-2.809555735439062119e-04
-1.048708260059356689e-01
1.295446697622537613e-02
-1.198702771216630936e-02
-5.229327455163002014e-02
-9.548340737819671631e-02
-1.609540358185768127e-02
6.452148407697677612e-02
-3.148483112454414368e-02
1.494501810520887375e-02
6.245645880699157715e-02
7.764733582735061646e-02
-4.129035398364067078e-02
3.105104528367519379e-02
9.898095158860087395e-04
1.136225461959838867e-02
6.483057886362075806e-02
-6.190168112516403198e-02
-7.459031045436859131e-02
-2.777932956814765930e-02
-4.735679179430007935e-02
3.667309135198593140e-02
-1.095998734235763550e-01
6.115610525012016296e-02
3.677482530474662781e-02
-8.629538118839263916e-03
-1.974708028137683868e-02
1.033277064561843872e-01
-7.445503771305084229e-02
-1.517656445503234863e-02
-3.850442357361316681e-03
-3.317976742982864380e-02
-7.926280051469802856e-02
6.182047724723815918e-02
6.240621954202651978e-02
5.739961564540863037e-02
2.721949294209480286e-02
-4.153123125433921814e-02
8.359260112047195435e-02
5.864516273140907288e-02
-5.232469737529754639e-02
5.209521576762199402e-02
-1.254505105316638947e-02
-1.761333830654621124e-02
-8.694238215684890747e-02
-1.600667275488376617e-02
7.511427253484725952e-02
3.390567749738693237e-02
1.249148771166801453e-01
-6.632556021213531494e-02
9.117946028709411621e-02
1.524041313678026199e-02
-2.801767364144325256e-02
3.191334009170532227e-02
-1.052621286362409592e-02
-2.743328362703323364e-02
-5.470631876960396767e-04
-1.871745660901069641e-02
-2.979950048029422760e-02
7.043152581900358200e-03
-4.500943794846534729e-02
2.677623927593231201e-02
-4.383731633424758911e-03
2.956521930173039436e-03
3.815772756934165955e-02
-2.944037877023220062e-02
-1.544132642447948456e-02
-1.684764283709228039e-03
-1.222921907901763916e-02
2.798149175941944122e-02
4.884308949112892151e-02
-2.809688216075301170e-03
-1.446134410798549652e-02
4.695848096162080765e-03
-1.189264561980962753e-02
-4.545785114169120789e-02
5.410066340118646622e-03
-4.074058681726455688e-02
1.058680843561887741e-02
3.642849996685981750e-02
-2.691055275499820709e-02
-3.581453487277030945e-02
-2.617117203772068024e-02
4.085278883576393127e-02
-1.113810166716575623e-01
1.118440702557563782e-01
4.671147838234901428e-02
1.579111665487289429e-01
2.649046294391155243e-02
7.094129920005798340e-02
-4.968807101249694824e-02
-7.279196288436651230e-03
-3.107728995382785797e-02
4.164752364158630371e-02
-1.241965368390083313e-01
-1.988531276583671570e-02
-4.816696047782897949e-02
7.346096634864807129e-02
4.146763309836387634e-02
-7.034929469227790833e-03
-1.117931585758924484e-02
-2.044280245900154114e-02
-3.782501071691513062e-02
5.056493356823921204e-02
-7.778514176607131958e-02
-4.516876069828867912e-04
-1.023426558822393417e-02
3.269882127642631531e-02
3.922013193368911743e-02
-1.163366902619600296e-02
6.939734518527984619e-02
1.035258993506431580e-01
-1.889967732131481171e-02
-8.330487459897994995e-02
-4.767691344022750854e-02
-7.673237472772598267e-02
-1.148571595549583435e-01
3.356628865003585815e-02
8.734120987355709076e-03
1.525339204818010330e-02
2.939884178340435028e-02
-1.802333742380142212e-01
5.498722940683364868e-02
-1.438877433538436890e-01
-3.575335070490837097e-02
4.634551703929901123e-02
6.695563346147537231e-02
-1.483637690544128418e-01
-6.018829718232154846e-02
-1.841096580028533936e-02
8.387880772352218628e-02
-2.295832522213459015e-02
8.489260822534561157e-02
1.559582799673080444e-01
-1.265147030353546143e-01
-9.908135980367660522e-02
-7.641742005944252014e-03
-3.619512170553207397e-02
1.135096997022628784e-01
-2.033513970673084259e-02
1.441639214754104614e-01
