-9.886229038238525391e-02
-4.941316321492195129e-02
8.983251452445983887e-02
-4.340994358062744141e-02
-4.370210692286491394e-02
8.467184007167816162e-02
1.706736162304878235e-02
-1.034372225403785706e-01
9.511829912662506104e-02
4.633362218737602234e-02
-1.208650022745132446e-01
-5.606352165341377258e-02
1.368144005537033081e-01
-2.979506738483905792e-02
-1.610215567052364349e-02
2.581000514328479767e-02
1.282445620745420456e-02
-7.883230596780776978e-02
4.113927483558654785e-02
1.246584765613079071e-02
8.348276466131210327e-02
-3.695479035377502441e-02
6.847788579761981964e-03
-1.505956612527370453e-02
6.063607707619667053e-02
-5.847886670380830765e-03
1.298382412642240524e-03
-9.115047752857208252e-02
-1.375857144594192505e-01
-6.774710118770599365e-02
-6.073594093322753906e-02
-5.760482326149940491e-02
1.859901286661624908e-02
1.276164352893829346e-01
4.229030571877956390e-03
-4.682573303580284119e-02
-7.081616669893264771e-02
-4.032845050096511841e-02
7.504972163587808609e-03
2.229603379964828491e-02
-8.012196049094200134e-03
-2.094475366175174713e-02
2.930137142539024353e-02
-5.296441912651062012e-02
9.519945830106735229e-02
8.563297986984252930e-02
2.019659988582134247e-02
-3.230220824480056763e-02
-6.460690498352050781e-02
-7.665599882602691650e-02
-1.946782320737838745e-02
8.598881959915161133e-02
-2.712400630116462708e-02
1.217401400208473206e-02
6.408601999282836914e-02
1.101455744355916977e-02
-6.939183175563812256e-02
-9.379804134368896484e-03
4.662924259901046753e-02
3.331919014453887939e-02
5.240930244326591492e-02
2.760275080800056458e-02
6.323064863681793213e-02
-1.287237256765365601e-01
2.050475217401981354e-03
-1.667839288711547852e-02
-5.607119947671890259e-02
6.102424114942550659e-02
-7.666152715682983398e-02
-2.614510431885719299e-02
-2.251270040869712830e-02
-1.257701218128204346e-02
1.176472986117005348e-03
8.259579539299011230e-02
1.806396991014480591e-02
3.544658049941062927e-02
2.315611392259597778e-02
4.552154615521430969e-02
-6.274600327014923096e-02
2.177662774920463562e-02
-5.238728597760200500e-02
2.887964621186256409e-02
1.590958982706069946e-02
-1.127118244767189026e-01
-6.312111765146255493e-02
1.815778389573097229e-02
6.981537491083145142e-02
1.150460690259933472e-01
-3.185895830392837524e-02
-1.387912314385175705e-02
3.886288776993751526e-02
-3.314807638525962830e-02
-9.694115072488784790e-02
4.355299472808837891e-02
-1.217161864042282104e-01
2.510164864361286163e-02
-7.642314583063125610e-02
4.746622219681739807e-02
-2.545589394867420197e-02
-1.000500936061143875e-02
-6.382955610752105713e-02
-2.085488289594650269e-02
8.184424601495265961e-03
-6.334431003779172897e-03
-4.800562560558319092e-02
-5.064512044191360474e-02
1.004483625292778015e-01
3.847726155072450638e-03
1.170912105590105057e-02
-5.288356449455022812e-03
-4.969775676727294922e-02
1.898671500384807587e-02
-4.530446138232946396e-03
-2.310520596802234650e-02
-7.234441488981246948e-02
2.488422766327857971e-02
6.295660883188247681e-02
-6.991907954216003418e-02
-3.841124707832932472e-03
1.039564609527587891e-01
4.366255179047584534e-02
-2.425081655383110046e-02
-2.886720001697540283e-02
2.795720286667346954e-02
2.836971543729305267e-02
5.852544307708740234e-02
-5.824343860149383545e-02
-7.905326038599014282e-02
-9.605614840984344482e-02
-2.225204557180404663e-02
6.090690568089485168e-02
-6.774035841226577759e-02
6.088501960039138794e-02
4.243176802992820740e-02
-2.520284429192543030e-02
-7.279849052429199219e-02
1.293846517801284790e-01
-8.559450507164001465e-02
-3.005359135568141937e-02
-6.702816486358642578e-02
-1.769264414906501770e-02
-5.708081647753715515e-02
5.596095696091651917e-02
8.723397552967071533e-02
5.269539356231689453e-02
2.599338442087173462e-02
-5.456386879086494446e-02
2.521559037268161774e-02
8.539453893899917603e-02
-9.921278059482574463e-02
7.895466685295104980e-02
-7.679908070713281631e-03
4.811197891831398010e-02
-6.551386415958404541e-02
1.636075973510742188e-02
3.610983490943908691e-02
3.941725299227982759e-04
1.062567234039306641e-01
-5.684385821223258972e-02
8.783011138439178467e-02
2.472803555428981781e-02
-6.139758974313735962e-03
2.351943217217922211e-02
-2.003045007586479187e-02
-5.929536372423171997e-02
1.992954686284065247e-02
-1.158931385725736618e-02
2.820150402840226889e-04
5.050122272223234177e-03
-5.346127599477767944e-02
6.262292619794607162e-03
-4.584205150604248047e-02
5.981716141104698181e-02
2.018858492374420166e-02
-7.400137931108474731e-02
-4.389339685440063477e-02
-1.627455279231071472e-02
-4.802553728222846985e-02
2.302485331892967224e-02
6.609532516449689865e-03
-6.545574963092803955e-02
2.325446903705596924e-02
4.303038492798805237e-02
-1.310545019805431366e-02
-5.569792166352272034e-02
1.429447624832391739e-02
-3.236986696720123291e-02
4.023394361138343811e-02
5.201730132102966309e-02
-6.621651351451873779e-02
-1.658116281032562256e-02
-6.440771371126174927e-02
8.155925571918487549e-02
-1.108215600252151489e-01
1.195525005459785461e-01
5.432089045643806458e-02
1.933848112821578979e-01
2.798344381153583527e-02
1.173649132251739502e-01
-3.530661389231681824e-02
-4.689131677150726318e-02
-2.228262461721897125e-02
2.438897639513015747e-02
-1.625609397888183594e-01
-1.648774556815624237e-02
-1.510514598339796066e-02
8.715561032295227051e-02
3.708226140588521957e-03
-2.418265305459499359e-02
-2.270775288343429565e-02
-4.021426662802696228e-02
-5.961061641573905945e-02
9.043356776237487793e-02
-1.101853027939796448e-01
-4.217235371470451355e-03
-9.188496507704257965e-03
5.315899848937988281e-02
5.974971130490303040e-02
1.004710886627435684e-02
8.451881259679794312e-02
9.717547148466110229e-02
-1.329655293375253677e-02
-7.921682298183441162e-02
-6.036106124520301819e-02
-8.847577124834060669e-02
-1.265686303377151489e-01
8.212181925773620605e-02
2.573298662900924683e-02
2.235376834869384766e-02
-7.475582417100667953e-03
-2.050006240606307983e-01
7.881487160921096802e-02
-1.718714535236358643e-01
-3.087244927883148193e-02
5.439170077443122864e-02
7.839159667491912842e-02
-1.771647483110427856e-01
-5.950184538960456848e-02
-2.369445003569126129e-02
4.186193272471427917e-02
-2.749995328485965729e-03
8.043117821216583252e-02
1.039835438132286072e-01
-9.533500671386718750e-02
-5.285311490297317505e-02
2.542075701057910919e-03
-3.631247952580451965e-02
5.278656259179115295e-02
-2.023463882505893707e-02
9.746002405881881714e-02
