-8.712769299745559692e-02
-5.157385766506195068e-02
8.995570987462997437e-02
-3.643232956528663635e-02
-7.358627859503030777e-03
5.100370943546295166e-02
-1.354057574644684792e-03
-7.883481681346893311e-02
7.014060765504837036e-02
3.896794468164443970e-02
-1.173031255602836609e-01
-3.058961965143680573e-02
9.374533593654632568e-02
-2.542584575712680817e-02
1.620750501751899719e-02
4.152048751711845398e-02
1.404605992138385773e-02
-8.324657380580902100e-02
3.540678322315216064e-02
1.620499789714813232e-02
7.927781343460083008e-02
-3.374547511339187622e-02
-1.514733862131834030e-02
-3.491670358926057816e-03
3.439058363437652588e-02
-2.169354818761348724e-02
2.394171617925167084e-02
-3.757343068718910217e-02
-1.575896441936492920e-01
-3.919237852096557617e-02
-5.474993959069252014e-02
-7.166214287281036377e-02
2.401990443468093872e-02
1.339534819126129150e-01
-2.271737344563007355e-02
-5.696543678641319275e-02
-8.928632736206054688e-02
1.738074584864079952e-03
-4.210199695080518723e-03
9.543302468955516815e-03
-2.431049384176731110e-02
-5.164542049169540405e-02
2.662000805139541626e-02
-7.423599809408187866e-02
9.731924533843994141e-02
1.378741860389709473e-01
4.599406197667121887e-02
-1.543116290122270584e-02
-9.079496562480926514e-02
-7.312936335802078247e-02
-3.169502690434455872e-02
1.481046229600906372e-01
-3.233739733695983887e-02
6.126220151782035828e-02
9.227432310581207275e-02
-2.211614698171615601e-02
-5.712736770510673523e-02
2.711679041385650635e-02
6.286782771348953247e-02
8.125975728034973145e-03
4.672734066843986511e-02
-2.590526454150676727e-02
9.893665462732315063e-02
-1.602462232112884521e-01
1.323894318193197250e-02
-2.001505577936768532e-03
-6.293823570013046265e-02
8.299618959426879883e-02
-6.200074031949043274e-02
-6.046509370207786560e-02
3.147145360708236694e-02
-2.707103267312049866e-02
1.466981507837772369e-02
1.153253838419914246e-01
2.309357188642024994e-02
3.198240324854850769e-02
3.091341443359851837e-02
6.003550440073013306e-02
-8.128424733877182007e-02
7.541404664516448975e-02
-7.041662931442260742e-02
2.172007411718368530e-02
3.130980581045150757e-02
-1.203738600015640259e-01
-1.003253161907196045e-01
1.444797776639461517e-02
5.705111846327781677e-02
1.272004544734954834e-01
7.588909007608890533e-03
-4.009039327502250671e-02
3.658468276262283325e-02
-2.073688991367816925e-02
-1.012874469161033630e-01
6.514135748147964478e-02
-1.211012676358222961e-01
-4.242091905325651169e-03
-9.890036284923553467e-02
6.266475468873977661e-02
-1.324432529509067535e-02
-1.447378937155008316e-02
-8.440791815519332886e-02
-2.438252605497837067e-02
-3.334319591522216797e-02
1.641946285963058472e-02
-4.330845922231674194e-02
-4.963369667530059814e-02
9.900268912315368652e-02
-2.563865389674901962e-03
7.920715026557445526e-03
-2.024302259087562561e-02
-5.057067051529884338e-02
2.566761523485183716e-02
-1.870417408645153046e-02
-3.256079554557800293e-02
-8.876064419746398926e-02
-2.978413179516792297e-02
7.075741887092590332e-02
-3.188097476959228516e-02
-6.416535004973411560e-03
9.836782515048980713e-02
5.095517262816429138e-02
-4.724062234163284302e-02
-5.537037178874015808e-02
4.377777129411697388e-02
1.294216234236955643e-02
7.702492922544479370e-02
-5.376106128096580505e-02
-1.072940677404403687e-01
-4.510594904422760010e-02
-1.337774936109781265e-02
-2.196656307205557823e-03
-5.018937215209007263e-02
5.251161381602287292e-02
3.684397414326667786e-02
2.009308227570727468e-04
-7.115836441516876221e-02
9.278948605060577393e-02
-8.717917837202548981e-03
-8.770153508521616459e-04
-3.528647124767303467e-03
2.946399897336959839e-02
-6.633263081312179565e-02
9.296546131372451782e-02
9.035573154687881470e-02
6.178965419530868530e-02
1.079672295600175858e-02
-4.147218167781829834e-02
7.471371442079544067e-02
8.289050310850143433e-02
-4.966924712061882019e-02
2.229490503668785095e-02
4.802837211173027754e-04
1.719240471720695496e-02
-6.495361775159835815e-02
1.225820556282997131e-02
1.023919060826301575e-01
6.231754668988287449e-04
5.921200662851333618e-02
-7.541991025209426880e-02
1.060678437352180481e-01
2.779882028698921204e-02
-3.516849502921104431e-02
4.879268631339073181e-02
-2.266871742904186249e-02
-3.439038246870040894e-02
2.877021580934524536e-02
-1.077843271195888519e-02
4.259117413312196732e-03
3.372647613286972046e-02
-3.022214956581592560e-02
2.405704557895660400e-02
-5.084773898124694824e-02
2.960756234824657440e-02
1.755565218627452850e-02
-6.493142247200012207e-02
-4.978176951408386230e-02
-6.637240201234817505e-02
-7.754474878311157227e-03
-1.128681376576423645e-02
3.361362963914871216e-02
-3.933456540107727051e-02
-9.650256484746932983e-03
5.236074700951576233e-02
-5.257236212491989136e-02
-2.493064850568771362e-02
2.153971977531909943e-02
-5.050740204751491547e-03
2.572623826563358307e-02
5.055960640311241150e-02
-4.653431102633476257e-02
2.002856507897377014e-02
-5.265476182103157043e-02
5.294382944703102112e-02
-1.162157803773880005e-01
1.219840571284294128e-01
7.166993618011474609e-02
1.661709845066070557e-01
4.878535121679306030e-02
6.118087098002433777e-02
-1.571178995072841644e-02
-3.375945985317230225e-02
9.700460359454154968e-03
2.455104514956474304e-02
-1.586807221174240112e-01
-2.207900770008563995e-02
-3.319125995039939880e-02
6.265021860599517822e-02
3.483204171061515808e-02
6.330285686999559402e-03
-9.772027842700481415e-03
8.793388493359088898e-03
-4.580383747816085815e-02
6.860377639532089233e-02
-8.702955394983291626e-02
4.199035465717315674e-03
-9.174369275569915771e-03
4.507066681981086731e-02
1.919690519571304321e-02
1.378897670656442642e-02
7.412079721689224243e-02
9.462849050760269165e-02
3.597466638893820345e-05
-8.050743490457534790e-02
-4.609900712966918945e-02
-8.951256424188613892e-02
-1.562842130661010742e-01
3.979301452636718750e-02
1.175685506314039230e-02
6.920436397194862366e-03
1.031684689223766327e-03
-1.977764517068862915e-01
6.776180118322372437e-02
-1.587740629911422729e-01
-3.493788465857505798e-02
3.048957139253616333e-02
4.838066175580024719e-02
-1.717680543661117554e-01
-3.489479050040245056e-02
7.009757682681083679e-03
3.608977794647216797e-02
2.968851942569017410e-03
4.871673882007598877e-02
1.340849548578262329e-01
-1.123833581805229187e-01
-6.161938607692718506e-02
-2.152751944959163666e-02
-1.389493327587842941e-02
5.029181763529777527e-02
-5.100839957594871521e-02
1.172430217266082764e-01
