-1.044675782322883606e-01
-6.785115599632263184e-02
8.188245445489883423e-02
-6.579782068729400635e-02
-2.429776266217231750e-02
1.010024920105934143e-01
2.960517257452011108e-02
-1.127243712544441223e-01
8.581595867872238159e-02
3.076166659593582153e-02
-1.034501194953918457e-01
-4.846465587615966797e-02
1.188837438821792603e-01
-2.302895113825798035e-02
3.232876583933830261e-02
3.493987396359443665e-02
3.200788050889968872e-02
-7.320562005043029785e-02
1.523480564355850220e-02
4.914729669690132141e-02
6.825145334005355835e-02
-2.857403364032506943e-03
2.412541070953011513e-03
-1.914992183446884155e-02
6.253058463335037231e-02
3.719739615917205811e-04
7.567239925265312195e-03
-4.915611073374748230e-02
-1.673076152801513672e-01
-2.001026272773742676e-02
-3.710549324750900269e-02
-1.019107773900032043e-01
-1.384231820702552795e-02
1.200973764061927795e-01
1.401822920888662338e-02
-2.854773774743080139e-02
-9.752433001995086670e-02
7.871465641073882580e-04
2.628309652209281921e-03
4.847696051001548767e-02
-2.739625424146652222e-02
-2.770376950502395630e-02
3.219328075647354126e-02
-7.658255100250244141e-02
1.068838238716125488e-01
7.561125606298446655e-02
5.490552261471748352e-02
-1.014069188386201859e-02
-9.052995592355728149e-02
-7.958014309406280518e-02
-7.612930983304977417e-02
1.174537241458892822e-01
-3.788765519857406616e-02
4.736315086483955383e-02
8.921360224485397339e-02
-2.335936948657035828e-02
-4.875010251998901367e-02
1.533304061740636826e-02
2.363780885934829712e-02
3.152030333876609802e-02
5.428167805075645447e-02
-3.748512640595436096e-02
7.741009443998336792e-02
-1.499006599187850952e-01
-1.662018150091171265e-02
-2.190252393484115601e-02
-4.161655902862548828e-02
6.918946653604507446e-02
-3.714782372117042542e-02
-3.548549488186836243e-02
1.876591145992279053e-02
-1.314685307443141937e-02
-1.459168549627065659e-02
6.429024040699005127e-02
-4.234470427036285400e-03
8.784010075032711029e-03
4.363344609737396240e-02
5.675448104739189148e-02
-8.576227724552154541e-02
6.528544425964355469e-02
-7.745845615863800049e-02
2.849276177585124969e-02
2.555031701922416687e-02
-1.366987973451614380e-01
-7.940187305212020874e-02
-4.943528212606906891e-03
5.152047425508499146e-02
9.807714074850082397e-02
-1.725886762142181396e-02
-3.059792146086692810e-02
4.947044886648654938e-03
1.736054400680586696e-04
-8.050837367773056030e-02
6.967024505138397217e-02
-1.340603828430175781e-01
1.759563013911247253e-02
-8.537071198225021362e-02
1.408488489687442780e-02
3.189374506473541260e-02
-1.870891079306602478e-02
-7.873076945543289185e-02
-2.912900410592556000e-02
-1.956031285226345062e-02
1.923298835754394531e-02
-2.374002151191234589e-02
-3.479164466261863708e-02
7.992865890264511108e-02
-7.392127066850662231e-03
4.430454224348068237e-02
-9.592865593731403351e-03
-7.586281001567840576e-02
2.028289809823036194e-02
-2.022722736001014709e-02
-2.298826165497303009e-02
-1.018893644213676453e-01
1.585300080478191376e-03
1.432196237146854401e-02
-7.212152332067489624e-02
-1.811107434332370758e-02
9.857531636953353882e-02
5.367799848318099976e-02
-5.346668139100074768e-02
-1.855102181434631348e-02
1.080880057998001575e-03
2.872997336089611053e-02
7.891947031021118164e-02
-6.523982435464859009e-02
-8.007789403200149536e-02
-6.084666773676872253e-02
-2.610702626407146454e-02
3.996586799621582031e-02
-8.839669078588485718e-02
2.476931177079677582e-02
2.732669003307819366e-02
9.925778023898601532e-03
-4.085547104477882385e-02
8.854957669973373413e-02
-3.101512603461742401e-02
-2.255873009562492371e-02
-2.161686681210994720e-02
-3.006235696375370026e-03
-5.121588334441184998e-02
4.248514026403427124e-02
8.767376840114593506e-02
6.058506295084953308e-02
2.181516028940677643e-02
-2.839928679168224335e-02
5.284167826175689697e-02
4.847333580255508423e-02
-6.311554461717605591e-02
3.807420283555984497e-02
-2.695801854133605957e-02
2.167874574661254883e-02
-8.078441023826599121e-02
1.265339646488428116e-02
6.202591210603713989e-02
2.031714655458927155e-02
1.010555177927017212e-01
-6.184424832463264465e-02
7.294479757547378540e-02
3.928644582629203796e-02
1.548329461365938187e-02
1.276734471321105957e-02
1.572322472929954529e-02
-8.007722347974777222e-02
5.193134024739265442e-02
-6.498179584741592407e-02
-1.887494325637817383e-02
1.358988694846630096e-02
-1.186995133757591248e-01
7.007382810115814209e-02
-8.715128898620605469e-02
1.024976894259452820e-01
3.523422032594680786e-02
-6.664433330297470093e-02
-3.498907759785652161e-02
-2.124535292387008667e-02
-5.587467923760414124e-02
1.524390419945120811e-03
2.668629214167594910e-02
-3.785248100757598877e-02
1.620522234588861465e-03
5.307152867317199707e-02
-2.535483508836477995e-04
-6.877601891756057739e-02
2.776681631803512573e-02
-6.813776493072509766e-02
6.912122946232557297e-03
8.410276472568511963e-02
-9.545239806175231934e-02
-1.743823662400245667e-02
-5.127998813986778259e-02
6.508965790271759033e-02
-9.793621301651000977e-02
1.163963526487350464e-01
5.533032864332199097e-02
1.649103462696075439e-01
6.231409311294555664e-02
8.535322546958923340e-02
-1.804462634027004242e-02
-2.888963557779788971e-02
-4.023389145731925964e-02
3.464048728346824646e-02
-1.414261311292648315e-01
1.232733950018882751e-02
-5.338367447257041931e-02
7.836978137493133545e-02
-1.211920566856861115e-02
-1.740157604217529297e-02
-4.077422991394996643e-02
-2.140622027218341827e-02
-4.226569458842277527e-02
7.110155373811721802e-02
-8.974649757146835327e-02
1.808425597846508026e-02
-1.459475606679916382e-02
4.888422042131423950e-02
7.973665744066238403e-02
2.557499683462083340e-04
8.457100391387939453e-02
9.851632267236709595e-02
2.230406505987048149e-03
-9.256857633590698242e-02
-5.291872844099998474e-02
-7.334036380052566528e-02
-1.414568722248077393e-01
4.426287859678268433e-02
3.410539031028747559e-02
2.374323643743991852e-02
-3.355810767970979214e-04
-2.022197991609573364e-01
8.084230124950408936e-02
-1.604033857583999634e-01
-6.131191924214363098e-02
4.934801533818244934e-02
5.336472019553184509e-02
-1.406543999910354614e-01
-5.273008346557617188e-02
6.263531977310776711e-04
3.030376881361007690e-02
4.169298801571130753e-03
8.476079255342483521e-02
1.043631210923194885e-01
-1.216141656041145325e-01
-5.502644181251525879e-02
3.854678478091955185e-03
-1.565553061664104462e-02
5.847943201661109924e-02
-1.784423366189002991e-02
6.660263240337371826e-02
