-3.872004523873329163e-02
-3.557847812771797180e-02
1.767222769558429718e-02
-2.663441002368927002e-02
-6.687926501035690308e-02
5.811990052461624146e-02
6.069609895348548889e-02
-6.540966778993606567e-02
1.064874529838562012e-01
6.180092319846153259e-02
2.550002420321106911e-03
-6.198755651712417603e-02
1.250404566526412964e-01
4.371289163827896118e-02
-1.211051363497972488e-02
7.876116037368774414e-02
1.995005458593368530e-02
-5.351924151182174683e-02
-2.907188609242439270e-02
4.239134863018989563e-02
3.215921670198440552e-02
-5.927631165832281113e-03
-1.510553341358900070e-02
-8.385401219129562378e-02
1.220651529729366302e-02
-2.143579721450805664e-02
6.349339336156845093e-02
-9.030780941247940063e-02
-1.655133813619613647e-01
-2.304201573133468628e-02
-3.110681101679801941e-02
-8.848398923873901367e-02
-4.381459578871726990e-02
1.411543637514114380e-01
4.432207345962524414e-02
-1.820776797831058502e-02
-8.266125619411468506e-02
-4.009650647640228271e-02
-2.933678333647549152e-04
3.575833141803741455e-02
9.794738143682479858e-03
-3.061922453343868256e-02
2.405380457639694214e-02
-7.738664746284484863e-02
1.677975356578826904e-01
6.036813184618949890e-02
5.200884863734245300e-02
3.419616445899009705e-02
-7.480130344629287720e-02
-8.095020800828933716e-02
-8.299636840820312500e-02
8.767798542976379395e-02
2.041119337081909180e-02
2.599307894706726074e-02
1.022841259837150574e-01
-1.389857567846775055e-02
-7.139134407043457031e-02
-2.943383902311325073e-02
4.182974621653556824e-02
-2.955455519258975983e-02
5.360795184969902039e-02
-2.538157440721988678e-02
7.044932991266250610e-02
-1.171540990471839905e-01
-3.373641148209571838e-02
8.573628962039947510e-03
-1.416995283216238022e-02
-1.718258112668991089e-02
-2.130516618490219116e-02
2.810660377144813538e-02
2.122479956597089767e-03
-4.370069131255149841e-02
-7.593673467636108398e-02
4.482402652502059937e-02
2.527450211346149445e-02
-3.916823118925094604e-02
1.644861698150634766e-02
1.777161285281181335e-02
-6.777305901050567627e-02
6.682245433330535889e-02
-4.124674946069717407e-03
3.180909529328346252e-02
6.709988694638013840e-03
-1.021258533000946045e-01
2.776765031740069389e-03
-4.558933526277542114e-02
2.643711678683757782e-02
3.685074299573898315e-02
-4.082980751991271973e-02
-1.849069260060787201e-02
-4.150274768471717834e-02
5.675906687974929810e-02
-1.089478731155395508e-01
9.687962010502815247e-03
-6.044872105121612549e-02
1.090405625291168690e-03
-1.207044348120689392e-01
1.492720842361450195e-02
-2.361364290118217468e-02
-2.178823761641979218e-02
-7.348108291625976562e-02
-2.140555344521999359e-02
-1.899388432502746582e-02
7.941793650388717651e-02
-2.322700247168540955e-02
-3.754572570323944092e-02
1.723605208098888397e-02
5.021106451749801636e-02
9.415698051452636719e-02
8.470673114061355591e-03
-3.386384993791580200e-02
6.830405443906784058e-02
-4.376608878374099731e-02
-2.894570864737033844e-02
-1.168743446469306946e-01
-2.264600992202758789e-02
-3.264538943767547607e-02
-7.706765085458755493e-02
1.542021706700325012e-02
4.412661120295524597e-02
4.936207458376884460e-02
-7.577705383300781250e-02
5.604706332087516785e-02
-1.043401509523391724e-01
4.722933471202850342e-02
7.521323114633560181e-02
-3.114551119506359100e-02
-5.360683053731918335e-02
-4.565313830971717834e-02
1.572655513882637024e-03
-5.310041829943656921e-03
-7.455981522798538208e-02
2.978254482150077820e-02
9.280133061110973358e-03
-5.866518709808588028e-03
-1.647030748426914215e-02
1.081094890832901001e-01
-8.211921900510787964e-02
-6.686691939830780029e-02
-2.030829340219497681e-02
-4.407024011015892029e-02
-3.023534826934337616e-02
5.211865901947021484e-02
2.728902734816074371e-02
1.477307360619306564e-02
4.786790162324905396e-02
2.310229092836380005e-02
-1.601769402623176575e-02
6.307876110076904297e-02
-3.431145101785659790e-02
5.680534988641738892e-02
3.303161123767495155e-03
-2.508002892136573792e-02
-9.053298830986022949e-02
-1.305577810853719711e-02
-3.557904390618205070e-03
-9.741034358739852905e-03
1.240898892283439636e-01
-4.735979810357093811e-02
7.607042789459228516e-02
1.301750447601079941e-02
3.509142622351646423e-02
1.892593502998352051e-02
4.440004378557205200e-02
-6.079737097024917603e-02
2.654976397752761841e-02
-3.700707107782363892e-02
-3.953825309872627258e-02
3.511466085910797119e-02
-7.574122399091720581e-02
3.393201157450675964e-02
-3.086772188544273376e-02
7.004690170288085938e-02
7.382670044898986816e-02
-2.287969365715980530e-02
-2.067447267472743988e-02
1.522853970527648926e-02
4.355872049927711487e-03
-1.124710123986005783e-02
-8.251975290477275848e-03
-4.934690147638320923e-02
-2.581610903143882751e-02
3.149316087365150452e-02
5.739745683968067169e-03
-4.126776009798049927e-02
-1.016952935606241226e-02
-2.492202073335647583e-02
-8.459848165512084961e-02
6.180520728230476379e-02
-2.555986307561397552e-02
-6.820590049028396606e-02
-6.997528485953807831e-03
7.579685002565383911e-02
-1.416199505329132080e-01
8.969567716121673584e-02
7.045280188322067261e-02
1.128134131431579590e-01
1.748870499432086945e-02
1.352925002574920654e-01
-2.920305170118808746e-02
1.523938146419823170e-03
-2.498350292444229126e-02
2.018010802567005157e-02
-1.417621523141860962e-01
-3.112200414761900902e-03
1.843242347240447998e-02
5.280251055955886841e-02
-3.147780522704124451e-02
-3.467199951410293579e-02
-3.521430864930152893e-02
1.497504673898220062e-02
-4.397860169410705566e-02
6.142658740282058716e-02
-6.106485798954963684e-02
5.695188790559768677e-02
5.008058156818151474e-03
6.067255884408950806e-02
1.363866180181503296e-01
3.924242779612541199e-02
6.157964095473289490e-02
7.468926161527633667e-02
-2.333804219961166382e-02
-5.962977930903434753e-02
-3.780763223767280579e-02
-4.467037692666053772e-02
-9.279548376798629761e-02
3.637738153338432312e-02
3.670908510684967041e-02
1.535229850560426712e-02
2.327177301049232483e-02
-1.059600040316581726e-01
1.348882913589477539e-01
-1.322054713964462280e-01
-4.718166589736938477e-02
7.976710051298141479e-02
1.432888209819793701e-01
-2.191191017627716064e-01
-7.679895311594009399e-02
-7.604068517684936523e-02
3.217857703566551208e-02
-9.148108656518161297e-04
1.680256426334381104e-01
1.753164082765579224e-01
-9.591639786958694458e-02
-1.195523291826248169e-01
-4.935812205076217651e-03
-4.080374166369438171e-02
1.388032734394073486e-01
-7.030070264590904117e-05
1.207679286599159241e-01
