-6.765988469123840332e-02
-4.708053544163703918e-02
9.774735569953918457e-02
-7.239764928817749023e-02
-3.678352385759353638e-02
1.030152961611747742e-01
5.542949214577674866e-02
-1.701876670122146606e-01
1.118232905864715576e-01
5.982823669910430908e-02
-1.249452754855155945e-01
-7.689021527767181396e-02
1.105769127607345581e-01
-2.431387454271316528e-02
3.189103212207555771e-03
5.496127530932426453e-02
3.690043836832046509e-02
-8.593074232339859009e-02
3.283696249127388000e-02
2.442191354930400848e-02
5.722923204302787781e-02
-4.448096826672554016e-02
-1.447664923034608364e-03
-4.538307711482048035e-02
3.943589329719543457e-02
-6.651692092418670654e-03
2.733103930950164795e-02
-7.870306074619293213e-02
-7.611399143934249878e-02
-9.591499343514442444e-03
-2.556653320789337158e-02
-7.614160329103469849e-02
-4.104141518473625183e-02
5.895654112100601196e-02
-1.035361737012863159e-02
-7.173548452556133270e-03
-5.192396417260169983e-02
-2.802074700593948364e-02
1.684753783047199249e-02
1.242426875978708267e-02
-4.713032767176628113e-02
2.324637211859226227e-02
2.807556651532649994e-02
-6.921320408582687378e-02
1.061468273401260376e-01
1.696774922311306000e-02
2.699657576158642769e-03
6.137127988040447235e-03
-4.232788085937500000e-02
-6.642863899469375610e-02
-5.842086300253868103e-02
4.934880137443542480e-02
-1.280927099287509918e-02
-3.188198024872690439e-04
3.975179791450500488e-02
3.308045864105224609e-02
-5.042754486203193665e-02
8.673729607835412025e-04
2.142821997404098511e-02
6.530033797025680542e-02
5.772949755191802979e-02
2.046854421496391296e-02
8.328185975551605225e-02
-1.231396719813346863e-01
-2.975395694375038147e-02
-3.319518640637397766e-02
-3.759444504976272583e-02
6.310745328664779663e-02
-3.943344205617904663e-02
-3.940804395824670792e-03
-5.822041537612676620e-03
-3.129299031570553780e-03
-3.776048496365547180e-02
1.371368393301963806e-02
1.234862022101879120e-02
4.864070937037467957e-02
1.465412136167287827e-02
3.801680728793144226e-02
-5.644275620579719543e-02
5.361625924706459045e-02
-7.084236294031143188e-02
4.046454653143882751e-02
9.635033085942268372e-03
-9.802777320146560669e-02
-4.588907212018966675e-02
-4.539597034454345703e-02
3.485378250479698181e-02
8.825720846652984619e-02
-1.749806338921189308e-03
-2.896107733249664307e-02
2.740468829870223999e-02
8.175115101039409637e-03
-1.107640564441680908e-01
8.055664598941802979e-03
-8.321242034435272217e-02
1.992046460509300232e-02
-1.104844361543655396e-01
4.391780123114585876e-02
-1.919653266668319702e-02
-1.202088594436645508e-02
-8.579310774803161621e-02
-1.016959920525550842e-02
5.563658662140369415e-03
3.328459709882736206e-02
-4.992175474762916565e-02
-2.799160964787006378e-02
5.862177535891532898e-02
-4.705898463726043701e-03
4.638185724616050720e-02
-4.392197821289300919e-03
-5.362093821167945862e-02
8.861919865012168884e-03
-1.507234293967485428e-02
-2.434497512876987457e-02
-1.198080554604530334e-01
-2.060546912252902985e-02
7.540887687355279922e-03
-9.035791456699371338e-02
-4.019573796540498734e-03
7.650951296091079712e-02
5.428964644670486450e-02
-4.477923363447189331e-02
2.259600907564163208e-02
-2.058674022555351257e-02
1.551761012524366379e-02
7.453726977109909058e-02
-7.632170617580413818e-02
-1.026291698217391968e-01
-8.366592228412628174e-02
-2.038297988474369049e-02
2.946698665618896484e-02
-4.176309704780578613e-02
8.565541356801986694e-02
2.320208586752414703e-02
1.219216361641883850e-02
-5.727032199501991272e-02
1.318687796592712402e-01
-8.478945493698120117e-02
-5.205006897449493408e-02
-9.283533692359924316e-02
-6.566213816404342651e-02
-3.115279413759708405e-02
3.505670651793479919e-02
6.127059087157249451e-02
4.098572954535484314e-02
3.332775458693504333e-02
-2.843479067087173462e-02
-7.113420870155096054e-04
5.160915851593017578e-02
-6.624092161655426025e-02
5.585300177335739136e-02
1.117048598825931549e-02
5.842484161257743835e-02
-1.041165962815284729e-01
3.138922527432441711e-02
4.065573215484619141e-02
1.449740398675203323e-02
1.215700507164001465e-01
-5.091354250907897949e-02
8.972088992595672607e-02
2.682533860206604004e-02
-6.912967190146446228e-03
-3.034161962568759918e-02
-2.812368236482143402e-02
-6.323867291212081909e-02
1.464365608990192413e-02
-3.745941072702407837e-02
-2.500393311493098736e-04
2.595377853140234947e-03
-4.458463564515113831e-02
1.483277417719364166e-02
-6.194437667727470398e-02
8.376895636320114136e-02
5.996319279074668884e-02
-4.998673498630523682e-02
-1.744083315134048462e-02
2.437858842313289642e-02
-8.995480835437774658e-03
9.774415753781795502e-03
-1.757649518549442291e-02
-5.672458931803703308e-02
2.316443622112274170e-02
5.691033974289894104e-02
-1.293070800602436066e-02
-5.747627839446067810e-02
1.254476048052310944e-02
-4.565814137458801270e-02
-6.773720961064100266e-03
4.340236634016036987e-02
-5.584434047341346741e-02
-2.532482706010341644e-02
-5.373377725481987000e-02
7.830081880092620850e-02
-6.326937675476074219e-02
7.559058815240859985e-02
5.703311040997505188e-02
1.130394414067268372e-01
4.888828843832015991e-02
1.171376481652259827e-01
1.407899335026741028e-02
-4.539933800697326660e-02
-1.998903602361679077e-02
2.453613467514514923e-02
-1.611207127571105957e-01
3.229685872793197632e-02
-4.346103966236114502e-02
4.558087512850761414e-02
-5.207750201225280762e-02
-4.600234329700469971e-03
-4.161303490400314331e-02
-3.243634849786758423e-02
-4.681751132011413574e-02
8.916059136390686035e-02
-5.679323896765708923e-02
1.816189475357532501e-02
-1.788631826639175415e-02
6.277576833963394165e-02
1.072022169828414917e-01
9.004929102957248688e-03
5.016919225454330444e-02
7.010276615619659424e-02
-4.251632466912269592e-02
-6.669116020202636719e-02
-5.542578175663948059e-02
-8.395055681467056274e-02
-1.282144039869308472e-01
9.613968431949615479e-02
4.029317945241928101e-02
1.481089554727077484e-02
1.651591248810291290e-02
-2.733654081821441650e-01
1.447363048791885376e-01
-2.013963758945465088e-01
-5.417019128799438477e-02
5.811971053481101990e-02
9.351563453674316406e-02
-2.300198674201965332e-01
-5.730400979518890381e-02
-5.423051863908767700e-02
1.987984776496887207e-02
4.161160904914140701e-03
1.065682694315910339e-01
1.093158572912216187e-01
-1.153174340724945068e-01
-4.529012739658355713e-02
7.259572390466928482e-03
-1.978544704616069794e-02
6.101015582680702209e-02
-3.815233334898948669e-02
5.269747972488403320e-02
