-9.388202428817749023e-02
-4.657738283276557922e-02
8.014540374279022217e-02
-5.179448425769805908e-02
-3.195507451891899109e-02
8.008155226707458496e-02
2.625752985477447510e-02
-1.380094587802886963e-01
1.011192947626113892e-01
6.274687498807907104e-02
-1.122248545289039612e-01
-7.113021612167358398e-02
1.091148629784584045e-01
-1.316910516470670700e-02
-1.461542397737503052e-02
5.778844654560089111e-02
2.464597113430500031e-02
-7.651586830615997314e-02
2.519886940717697144e-02
4.545100033283233643e-02
7.382841408252716064e-02
-1.913050003349781036e-02
-5.479761399328708649e-03
-2.640979550778865814e-02
3.739624843001365662e-02
-7.268588058650493622e-03
1.977980509400367737e-02
-6.191460043191909790e-02
-1.304802000522613525e-01
-7.270977366715669632e-03
-3.790732473134994507e-02
-7.676102966070175171e-02
2.389299450442194939e-03
9.358533471822738647e-02
-9.513925760984420776e-03
-2.944592200219631195e-02
-7.673276960849761963e-02
-1.118290144950151443e-02
1.483952393755316734e-03
1.538695581257343292e-02
-2.734089083969593048e-02
-2.545491605997085571e-02
2.930243872106075287e-02
-7.211593538522720337e-02
9.567619115114212036e-02
6.589189916849136353e-02
3.722708299756050110e-02
7.067840546369552612e-03
-6.648871302604675293e-02
-7.353720068931579590e-02
-6.079599261283874512e-02
1.205375865101814270e-01
-3.453503921627998352e-02
3.848311305046081543e-02
7.201462239027023315e-02
-4.817098844796419144e-03
-4.710907116532325745e-02
1.250155828893184662e-02
3.700423613190650940e-02
2.614627964794635773e-02
5.297200381755828857e-02
-5.400399095378816128e-04
8.038812130689620972e-02
-1.407430619001388550e-01
-7.482674904167652130e-03
-1.690596342086791992e-02
-5.438607931137084961e-02
7.671479880809783936e-02
-3.665832802653312683e-02
-1.722312159836292267e-02
4.928947426378726959e-03
-2.502534538507461548e-02
-8.376799523830413818e-03
6.057571247220039368e-02
2.697037719190120697e-02
1.168240886181592941e-02
2.520342543721199036e-02
3.763064742088317871e-02
-7.041228562593460083e-02
6.919508427381515503e-02
-7.821687310934066772e-02
2.709311246871948242e-02
2.741251327097415924e-02
-1.151068955659866333e-01
-7.004270702600479126e-02
-2.498879097402095795e-02
5.196196958422660828e-02
1.096724122762680054e-01
-1.156833115965127945e-02
-2.102139033377170563e-02
3.332391753792762756e-02
8.192826993763446808e-03
-1.127736791968345642e-01
4.791661351919174194e-02
-9.563307464122772217e-02
-5.288725718855857849e-03
-9.063550829887390137e-02
5.211430415511131287e-02
-1.458440348505973816e-02
-2.227597124874591827e-02
-8.940439671277999878e-02
-2.404643781483173370e-02
-2.576206810772418976e-02
1.957630924880504608e-02
-4.499791935086250305e-02
-6.046843156218528748e-02
7.846213132143020630e-02
1.016254723072052002e-02
2.991929277777671814e-02
-1.231796108186244965e-02
-6.129900738596916199e-02
3.039903193712234497e-02
-2.266408130526542664e-02
-2.944586798548698425e-02
-9.646452963352203369e-02
-2.731266617774963379e-02
3.738721832633018494e-02
-7.139194011688232422e-02
4.170652013272047043e-03
1.016877517104148865e-01
4.846628010272979736e-02
-4.541041329503059387e-02
-2.306872233748435974e-02
1.421757187927141786e-04
3.137040883302688599e-02
7.159519940614700317e-02
-4.667351767420768738e-02
-1.084237545728683472e-01
-6.493711471557617188e-02
-2.066541463136672974e-02
1.485785841941833496e-02
-4.402434825897216797e-02
5.982271581888198853e-02
3.211311623454093933e-02
-1.664220355451107025e-03
-6.321500241756439209e-02
1.056905835866928101e-01
-5.698882043361663818e-02
-2.710260078310966492e-02
-3.882180526852607727e-02
-1.704278588294982910e-02
-4.619508609175682068e-02
5.060629174113273621e-02
5.819708108901977539e-02
6.340593844652175903e-02
1.685769855976104736e-02
-2.416765317320823669e-02
4.843389987945556641e-02
7.367300987243652344e-02
-5.805408209562301636e-02
5.513103678822517395e-02
-8.265217766165733337e-03
3.146100044250488281e-02
-8.539173007011413574e-02
1.736316643655300140e-02
5.795648321509361267e-02
1.004707068204879761e-02
7.010689377784729004e-02
-5.168676003813743591e-02
1.052559390664100647e-01
4.052139073610305786e-02
-1.414813939481973648e-02
7.545904722064733505e-03
-6.388257723301649094e-03
-5.580604076385498047e-02
2.281297370791435242e-02
-3.890088200569152832e-02
-7.928645238280296326e-03
2.517024986445903778e-02
-7.228901982307434082e-02
2.994424477219581604e-02
-7.145115733146667480e-02
7.749630510807037354e-02
4.836653545498847961e-02
-7.060667872428894043e-02
-3.143407776951789856e-02
-1.997274532914161682e-02
-1.512966118752956390e-02
6.849546451121568680e-03
1.227227319031953812e-02
-2.920166216790676117e-02
1.229014433920383453e-02
5.762998014688491821e-02
-3.322454914450645447e-02
-5.228935182094573975e-02
2.525246515870094299e-02
-2.364931069314479828e-02
7.603885751450434327e-05
4.951120913028717041e-02
-6.591488420963287354e-02
-6.215091329067945480e-03
-4.872416704893112183e-02
7.162865996360778809e-02
-1.159451007843017578e-01
1.246637031435966492e-01
5.845089256763458252e-02
1.713757663965225220e-01
6.086395680904388428e-02
1.050649732351303101e-01
-1.912667416036128998e-02
-2.578392811119556427e-02
-1.286157313734292984e-02
2.837307378649711609e-02
-1.676941365003585815e-01
-4.449720028787851334e-03
-2.641956508159637451e-02
5.741688609123229980e-02
-9.004999883472919464e-03
-7.274743169546127319e-03
-2.980679273605346680e-02
-4.900045227259397507e-03
-3.657778352499008179e-02
8.393551409244537354e-02
-6.920008361339569092e-02
1.354596205055713654e-02
4.455544985830783844e-03
4.810906946659088135e-02
5.814725905656814575e-02
9.643103927373886108e-03
7.649073749780654907e-02
8.807239681482315063e-02
-1.692529954016208649e-02
-8.190201222896575928e-02
-5.512189865112304688e-02
-9.414319694042205811e-02
-1.675665080547332764e-01
8.636413514614105225e-02
2.914224565029144287e-02
8.857469074428081512e-03
1.092706108465790749e-03
-2.135775536298751831e-01
9.220418334007263184e-02
-1.795264333486557007e-01
-4.903624206781387329e-02
3.701375052332878113e-02
8.260559290647506714e-02
-1.838192194700241089e-01
-5.970799550414085388e-02
-1.777890697121620178e-02
4.476376250386238098e-02
2.233932958915829659e-03
9.580808877944946289e-02
1.518298089504241943e-01
-1.329527199268341064e-01
-8.794979751110076904e-02
-1.066782791167497635e-02
-2.067187428474426270e-02
8.870119601488113403e-02
-4.025338217616081238e-02
1.108911484479904175e-01
