-1.221046894788742065e-01
-7.312309741973876953e-02
6.173311918973922729e-02
-5.495923012495040894e-02
-6.373759359121322632e-02
5.921441316604614258e-02
2.923213876783847809e-02
-1.207315027713775635e-01
5.809094011783599854e-02
1.327273715287446976e-02
-1.072464436292648315e-01
-8.068558573722839355e-02
1.172830834984779358e-01
-2.324364706873893738e-02
3.479959070682525635e-02
1.333314180374145508e-02
7.516346126794815063e-02
-6.482305377721786499e-02
-5.020688753575086594e-03
6.014607474207878113e-02
4.651480540633201599e-02
-1.587579771876335144e-02
7.396389730274677277e-03
1.338368374854326248e-02
6.303289532661437988e-02
-9.089446626603603363e-03
-6.366685964167118073e-03
-2.343341149389743805e-02
-9.419879317283630371e-02
1.008953619748353958e-02
-4.512019455432891846e-03
-8.271446824073791504e-02
-5.214001983404159546e-02
7.829334586858749390e-02
2.918823435902595520e-02
1.236493326723575592e-02
-1.268855631351470947e-01
2.714551053941249847e-03
2.957921661436557770e-02
6.544343382120132446e-02
-5.682617798447608948e-02
-2.222419716417789459e-02
3.147207573056221008e-02
-8.624905347824096680e-02
1.852403134107589722e-01
6.021292507648468018e-02
6.257134675979614258e-02
-2.036439999938011169e-02
-9.487124532461166382e-02
-1.498036086559295654e-01
-1.133172363042831421e-01
1.143991872668266296e-01
-6.069180369377136230e-02
9.652834385633468628e-02
7.887307554483413696e-02
-5.685067549347877502e-02
-4.724239185452461243e-02
1.505608856678009033e-02
1.346372067928314209e-02
2.521030791103839874e-02
8.634896576404571533e-02
-3.669371828436851501e-02
8.133217692375183105e-02
-1.353361755609512329e-01
-1.357560418546199799e-02
-1.892295479774475098e-02
-2.377943880856037140e-02
5.512330681085586548e-02
8.943313732743263245e-03
-3.289500251412391663e-02
7.287868857383728027e-02
-7.396086119115352631e-03
-7.570315152406692505e-02
4.452982172369956970e-02
-8.969962596893310547e-03
-3.342443332076072693e-02
2.886021509766578674e-02
6.156912446022033691e-02
-8.650150150060653687e-02
7.977557927370071411e-02
-8.795803040266036987e-02
1.687482185661792755e-02
1.572287641465663910e-02
-1.458858400583267212e-01
-6.850340962409973145e-02
-2.761803753674030304e-02
5.313257128000259399e-02
1.086407378315925598e-01
-6.867167074233293533e-03
-4.499204456806182861e-02
2.388347312808036804e-02
3.496053069829940796e-02
-1.001493409276008606e-01
9.549762308597564697e-02
-1.561292111873626709e-01
6.400677375495433807e-03
-6.015917286276817322e-02
-1.822229288518428802e-02
3.834062069654464722e-02
-4.192776978015899658e-03
-5.924132466316223145e-02
-3.440920636057853699e-02
-4.265800863504409790e-02
-4.726932849735021591e-03
-3.026917390525341034e-02
-2.837754786014556885e-02
8.425208926200866699e-02
-1.943307742476463318e-02
8.186202496290206909e-02
-1.508491113781929016e-02
-6.335693597793579102e-02
6.547554512508213520e-04
-8.472916670143604279e-03
-1.463106460869312286e-02
-7.597697526216506958e-02
-1.439027255401015282e-03
-2.685483545064926147e-02
-8.811473846435546875e-02
-2.642405033111572266e-02
6.498222053050994873e-02
3.968101739883422852e-02
-2.667018398642539978e-02
1.622387208044528961e-02
-2.027626149356365204e-02
6.762980017811059952e-03
5.824270099401473999e-02
-4.756994545459747314e-02
-8.557022362947463989e-02
-7.082235068082809448e-02
-4.448132961988449097e-02
5.361079424619674683e-02
-8.585518598556518555e-02
2.187106758356094360e-02
-2.538827061653137207e-02
2.414011210203170776e-02
-5.925155431032180786e-02
6.601736694574356079e-02
-5.656336247920989990e-02
-5.316630750894546509e-02
-2.918043732643127441e-02
-4.338365420699119568e-02
-2.296179533004760742e-02
1.145808026194572449e-02
5.830818787217140198e-02
4.161686822772026062e-02
1.493466924875974655e-02
-5.881448835134506226e-02
2.290992811322212219e-02
4.535467550158500671e-02
-5.625080689787864685e-02
6.852692365646362305e-02
-4.626747965812683105e-02
2.658533863723278046e-02
-1.193080469965934753e-01
2.875645179301500320e-03
4.428125545382499695e-02
1.430113799870014191e-02
9.751784801483154297e-02
-4.456264525651931763e-02
4.214819148182868958e-02
9.004668332636356354e-03
6.431216374039649963e-03
2.927883155643939972e-02
2.563973329961299896e-02
-7.361377775669097900e-02
5.901687964797019958e-02
-5.549240857362747192e-02
-1.296817045658826828e-02
1.951063051819801331e-02
-1.036790683865547180e-01
6.952546536922454834e-02
-7.862964272499084473e-02
9.818156808614730835e-02
4.344896227121353149e-02
-2.785824611783027649e-02
-2.464981563389301300e-02
5.380189791321754456e-02
-8.777758479118347168e-02
-6.376398727297782898e-03
1.759698800742626190e-02
-2.441784180700778961e-02
3.089936450123786926e-02
7.149790972471237183e-02
6.028539501130580902e-03
-5.757055059075355530e-02
1.737810671329498291e-02
-8.566187322139739990e-02
-3.107388317584991455e-02
4.481668025255203247e-02
-6.832669675350189209e-02
4.445035476237535477e-03
-2.947688475251197815e-02
4.023055732250213623e-02
-1.055113598704338074e-01
7.731416821479797363e-02
2.933819405734539032e-02
1.160825863480567932e-01
5.984140560030937195e-02
1.025201156735420227e-01
2.227550931274890900e-02
-1.257440727204084396e-02
-2.033603563904762268e-02
5.043391510844230652e-02
-1.099825948476791382e-01
4.085577651858329773e-02
-5.904829129576683044e-02
5.841514840722084045e-02
-3.101135790348052979e-02
1.561503740958869457e-03
-3.678470849990844727e-02
-2.478494867682456970e-02
-3.993764519691467285e-02
7.531110197305679321e-02
-7.253990322351455688e-02
3.021206706762313843e-02
-3.410920500755310059e-02
7.830379903316497803e-02
7.871952652931213379e-02
-2.339564077556133270e-02
3.513142094016075134e-02
4.596976935863494873e-02
-2.356611005961894989e-02
-7.503487914800643921e-02
-3.226414322853088379e-02
-4.642724990844726562e-02
-1.143542528152465820e-01
4.321590438485145569e-02
3.699600696563720703e-02
1.194892916828393936e-02
1.743076182901859283e-02
-1.843281686305999756e-01
8.250138908624649048e-02
-1.373630613088607788e-01
-7.544243335723876953e-02
3.229437395930290222e-02
4.448146373033523560e-02
-1.421136409044265747e-01
-4.804482683539390564e-02
-3.484578104689717293e-03
6.771016865968704224e-02
-2.528259903192520142e-02
5.132807791233062744e-02
1.481813788414001465e-01
-1.405136138200759888e-01
-9.786990284919738770e-02
3.438752889633178711e-02
-9.856971912086009979e-03
9.063833206892013550e-02
-5.460076034069061279e-02
5.617429316043853760e-02
