-8.944699168205261230e-02
-5.241880565881729126e-02
9.891805052757263184e-02
-6.121929734945297241e-02
-2.765300683677196503e-02
9.978433698415756226e-02
3.073368221521377563e-02
-1.507172733545303345e-01
1.099798306822776794e-01
4.658763855695724487e-02
-1.405853182077407837e-01
-6.747101992368698120e-02
1.413791775703430176e-01
-1.867292262613773346e-02
2.093811146914958954e-02
2.856197766959667206e-02
3.103240020573139191e-02
-7.537781447172164917e-02
5.541609972715377808e-02
-6.387438159435987473e-03
8.688830584287643433e-02
-5.549390614032745361e-02
1.862009242177009583e-02
-3.466193750500679016e-02
6.966128945350646973e-02
1.329906750470399857e-02
-1.604027487337589264e-02
-7.784742861986160278e-02
-1.110946387052536011e-01
-2.501320838928222656e-02
-4.753608256578445435e-02
-8.914171904325485229e-02
-4.007925838232040405e-02
6.891985237598419189e-02
-9.306475520133972168e-03
-2.232004329562187195e-02
-7.462342828512191772e-02
-1.786356419324874878e-02
1.873219199478626251e-02
4.327784106135368347e-02
-1.914893276989459991e-02
2.197636663913726807e-02
3.746362775564193726e-02
-5.683428049087524414e-02
6.354034692049026489e-02
-6.750138010829687119e-03
-1.246130838990211487e-02
2.117896219715476036e-03
-3.374158218502998352e-02
-4.928104579448699951e-02
-3.940138593316078186e-02
3.039167635142803192e-02
-2.617779560387134552e-02
-3.362998738884925842e-02
1.057515945285558701e-02
4.128739237785339355e-02
-4.989444464445114136e-02
-9.678035043179988861e-03
3.425306826829910278e-02
6.203148514032363892e-02
4.725815355777740479e-02
2.994852140545845032e-03
5.563059449195861816e-02
-8.451125025749206543e-02
-8.563560433685779572e-03
-3.410647436976432800e-02
-4.650088772177696228e-02
5.288543552160263062e-02
-4.523105546832084656e-02
-3.489287570118904114e-02
-2.325600199401378632e-02
3.951220586895942688e-02
-1.052833907306194305e-02
6.478934083133935928e-03
-7.133406121283769608e-03
7.805320620536804199e-02
3.142420947551727295e-02
5.154401063919067383e-02
-5.503756552934646606e-02
3.366708755493164062e-02
-6.876155734062194824e-02
6.872442085295915604e-03
-1.585582271218299866e-02
-1.099069043993949890e-01
-4.187841713428497314e-02
-2.087684907019138336e-02
4.437081143260002136e-02
8.767220377922058105e-02
-7.168281357735395432e-03
4.049156326800584793e-03
7.226742804050445557e-03
-2.196812443435192108e-02
-7.785255461931228638e-02
2.083931321976706386e-04
-6.509315222501754761e-02
3.259693458676338196e-02
-1.025037020444869995e-01
2.929549850523471832e-02
1.982683688402175903e-02
-1.992203667759895325e-02
-5.801203474402427673e-02
-5.986624862998723984e-03
6.618148181587457657e-03
-1.718037016689777374e-02
-3.626994043588638306e-02
-4.646898806095123291e-02
6.273569911718368530e-02
-2.113519795238971710e-02
3.092467412352561951e-02
-2.494388073682785034e-02
-2.822795324027538300e-02
9.117586538195610046e-03
1.439821347594261169e-02
7.444835267961025238e-03
-8.688856661319732666e-02
1.985218562185764313e-02
4.580111417453736067e-04
-6.128433719277381897e-02
-1.566915214061737061e-02
9.236141294240951538e-02
3.821026533842086792e-02
-2.973794378340244293e-02
-2.702322416007518768e-02
3.481197357177734375e-02
-9.066298604011535645e-03
6.049354374408721924e-02
-8.113367855548858643e-02
-7.554286718368530273e-02
-8.089361339807510376e-02
9.352932684123516083e-03
2.366689033806324005e-02
-8.547244593501091003e-03
3.679842129349708557e-02
2.593590319156646729e-02
1.344940531998872757e-02
-3.247829154133796692e-02
8.488985151052474976e-02
-3.871060162782669067e-02
-3.550228476524353027e-02
-8.094321191310882568e-02
-2.813531085848808289e-02
-3.075828775763511658e-02
3.246464207768440247e-02
8.041720837354660034e-02
7.585439831018447876e-02
2.818849682807922363e-02
-3.790802136063575745e-02
-4.399640113115310669e-02
4.693043977022171021e-02
-9.960278868675231934e-02
3.819156438112258911e-02
2.010820247232913971e-02
5.686456337571144104e-02
-6.756770610809326172e-02
4.796698316931724548e-02
2.288782037794589996e-02
-4.522933159023523331e-03
1.109820902347564697e-01
-2.834353968501091003e-02
5.825950205326080322e-02
-1.260115299373865128e-02
1.211941335350275040e-02
9.938861243426799774e-03
-3.394138440489768982e-02
-7.239272445440292358e-02
3.604498505592346191e-02
-4.497813433408737183e-02
2.029144018888473511e-02
-1.823208853602409363e-02
-8.921297639608383179e-02
1.421544235199689865e-03
-9.478090703487396240e-02
8.612148463726043701e-02
3.339672833681106567e-02
-6.327416747808456421e-02
-4.667209833860397339e-02
-2.385338768362998962e-02
-5.197662487626075745e-02
-1.358467387035489082e-03
3.989732358604669571e-03
-9.040570259094238281e-02
2.023227326571941376e-02
6.793519854545593262e-02
1.470155455172061920e-02
-8.532492816448211670e-02
3.514477238059043884e-02
-6.657352298498153687e-02
4.507715627551078796e-02
5.603153258562088013e-02
-7.342079281806945801e-02
-6.268487777560949326e-03
-7.695623487234115601e-02
1.004482805728912354e-01
-5.388790741562843323e-02
1.055496409535408020e-01
4.360378161072731018e-02
1.677155047655105591e-01
4.351654276251792908e-02
1.011649295687675476e-01
1.370211015455424786e-03
-7.676962763071060181e-02
-3.020407073199748993e-02
2.929787524044513702e-02
-1.698760539293289185e-01
4.366193339228630066e-02
-4.067761823534965515e-02
7.583393901586532593e-02
-4.234398156404495239e-02
-1.723454892635345459e-02
-5.351957678794860840e-02
-2.720865793526172638e-02
-5.675498023629188538e-02
9.442704170942306519e-02
-9.764451533555984497e-02
3.127977252006530762e-02
-3.164545446634292603e-02
8.748854696750640869e-02
1.151780486106872559e-01
8.444345556199550629e-03
7.438959181308746338e-02
1.035924479365348816e-01
-4.063906520605087280e-02
-8.855453878641128540e-02
-1.003172770142555237e-01
-1.006445065140724182e-01
-1.570117175579071045e-01
9.910089522600173950e-02
5.892572924494743347e-02
3.087567910552024841e-02
-4.832800012081861496e-03
-2.880144119262695312e-01
1.336251646280288696e-01
-1.839555203914642334e-01
-5.743221566081047058e-02
4.704141244292259216e-02
5.305672064423561096e-02
-1.863531768321990967e-01
-5.648793652653694153e-02
-3.889372944831848145e-02
1.909484528005123138e-02
-7.253149989992380142e-03
7.224077731370925903e-02
9.740814566612243652e-02
-9.025625139474868774e-02
-3.529645875096321106e-02
1.657314412295818329e-02
-1.266786735504865646e-02
2.754245512187480927e-02
-2.692833356559276581e-02
6.387630105018615723e-02
