-1.112203225493431091e-01
-7.616685330867767334e-02
8.495532721281051636e-02
-7.133201509714126587e-02
-1.972275786101818085e-03
8.651310950517654419e-02
1.133776176720857620e-02
-1.318865269422531128e-01
9.741497039794921875e-02
2.771888114511966705e-02
-1.440584957599639893e-01
-5.818554386496543884e-02
1.221157386898994446e-01
-5.717757344245910645e-02
2.550834603607654572e-02
4.354292526841163635e-02
4.355529323220252991e-02
-9.080146253108978271e-02
4.665531218051910400e-02
2.571366913616657257e-02
7.861763238906860352e-02
-1.608352176845073700e-02
9.283834137022495270e-03
-2.463681995868682861e-02
5.158277601003646851e-02
8.192576933652162552e-04
-9.986064396798610687e-03
-3.385083377361297607e-02
-1.441706269979476929e-01
-2.414657967165112495e-03
-4.358874261379241943e-02
-1.099156364798545837e-01
-2.411918900907039642e-02
9.895116835832595825e-02
-1.331843377556651831e-04
-1.827903278172016144e-02
-1.003448888659477234e-01
7.842971943318843842e-03
-7.326875347644090652e-03
4.995934292674064636e-02
-5.003460496664047241e-02
-2.168618701398372650e-02
4.308763891458511353e-02
-8.405098319053649902e-02
9.371194988489151001e-02
6.249740719795227051e-02
4.665370285511016846e-02
-7.929073646664619446e-03
-6.953236460685729980e-02
-6.902571022510528564e-02
-4.471164569258689880e-02
1.103719472885131836e-01
-2.220218442380428314e-02
3.939318656921386719e-02
5.634309351444244385e-02
-8.193197660148143768e-03
-4.775165766477584839e-02
1.875459961593151093e-02
3.578112274408340454e-02
1.994281262159347534e-02
3.816209360957145691e-02
-1.887697167694568634e-02
6.656627357006072998e-02
-1.290037184953689575e-01
-1.508534606546163559e-02
-2.842773310840129852e-02
-2.002827450633049011e-02
5.168667435646057129e-02
-4.654359538108110428e-03
-5.295074731111526489e-02
2.899365872144699097e-02
-4.915407858788967133e-03
-1.894619688391685486e-02
3.442860394716262817e-02
1.040017325431108475e-02
2.311068959534168243e-02
1.972841098904609680e-02
5.452056229114532471e-02
-6.043678894639015198e-02
5.402236431837081909e-02
-8.676594495773315430e-02
2.156442403793334961e-02
1.715730875730514526e-02
-1.351760476827621460e-01
-7.217963784933090210e-02
-3.917004913091659546e-03
3.581470251083374023e-02
9.932281076908111572e-02
4.306104965507984161e-03
-3.487665206193923950e-02
3.575545549392700195e-02
2.158338017761707306e-02
-7.726300507783889771e-02
5.091206356883049011e-02
-1.179638281464576721e-01
1.123722363263368607e-02
-1.007522568106651306e-01
3.077182918787002563e-02
3.190376609563827515e-02
3.756520571187138557e-03
-8.784239739179611206e-02
-3.104029968380928040e-02
-3.508258610963821411e-02
1.434099115431308746e-02
-1.068199984729290009e-02
-2.668061293661594391e-02
7.568217068910598755e-02
-9.940044023096561432e-03
3.639614954590797424e-02
-6.423623766750097275e-03
-6.536085158586502075e-02
6.886882707476615906e-03
-2.570011653006076813e-02
-4.539094399660825729e-03
-8.396071940660476685e-02
-9.964606724679470062e-03
2.446279302239418030e-02
-5.883942544460296631e-02
-1.223723404109477997e-02
9.656525403261184692e-02
3.280464932322502136e-02
-5.032888427376747131e-02
-5.010693520307540894e-02
2.806803025305271149e-02
6.380057428032159805e-03
7.446152716875076294e-02
-5.187725275754928589e-02
-9.008970856666564941e-02
-5.164875462651252747e-02
-2.441888116300106049e-02
2.660478278994560242e-02
-6.153343617916107178e-02
5.197092890739440918e-02
1.237725466489791870e-02
4.162386432290077209e-02
-6.064876541495323181e-02
8.772783726453781128e-02
-1.285404153168201447e-02
-2.078768797218799591e-02
-3.567308187484741211e-02
1.582016469910740852e-03
-4.449285194277763367e-02
3.077140264213085175e-02
8.559485524892807007e-02
6.984731554985046387e-02
1.488633081316947937e-02
-2.626039832830429077e-02
5.457726866006851196e-02
6.452393531799316406e-02
-8.583263307809829712e-02
3.040601313114166260e-02
9.825076907873153687e-03
4.967561364173889160e-02
-8.577045053243637085e-02
3.297717496752738953e-02
6.079871207475662231e-02
1.508589554578065872e-02
7.594849914312362671e-02
-4.164724797010421753e-02
9.453199803829193115e-02
4.570629447698593140e-02
-8.881573565304279327e-03
1.523430738598108292e-02
-6.285184063017368317e-03
-6.304116547107696533e-02
4.444505646824836731e-02
-5.734199285507202148e-02
2.042667008936405182e-03
1.321327965706586838e-02
-8.204015344381332397e-02
3.521550074219703674e-02
-8.410225808620452881e-02
8.737905323505401611e-02
3.578286245465278625e-02
-6.431037932634353638e-02
-3.846945986151695251e-02
-2.498535811901092529e-02
-5.155071243643760681e-02
-7.662829477339982986e-03
3.059962764382362366e-02
-4.403718188405036926e-02
4.623726941645145416e-03
5.682128667831420898e-02
-4.861374851316213608e-03
-5.946991220116615295e-02
1.908111199736595154e-02
-4.224456101655960083e-02
2.448230795562267303e-02
5.878682807087898254e-02
-8.798349648714065552e-02
-7.562427315860986710e-03
-5.682148039340972900e-02
7.818397879600524902e-02
-9.920734167098999023e-02
1.153104603290557861e-01
4.584786295890808105e-02
1.835498809814453125e-01
6.224611401557922363e-02
9.414622932672500610e-02
1.529084704816341400e-02
-3.491040319204330444e-02
-4.844679310917854309e-02
3.727088123559951782e-02
-1.524274647235870361e-01
8.000083034858107567e-04
-7.129797339439392090e-02
8.035432547330856323e-02
-2.386636100709438324e-02
-8.664851076900959015e-03
-4.397358372807502747e-02
-1.380561850965023041e-02
-2.809648774564266205e-02
9.361421316862106323e-02
-9.302274137735366821e-02
1.705264486372470856e-02
-1.903949491679668427e-02
6.244318559765815735e-02
5.810444429516792297e-02
-2.821198105812072754e-02
7.516147941350936890e-02
8.593381196260452271e-02
2.966719213873147964e-03
-1.084956005215644836e-01
-6.431830674409866333e-02
-7.710610330104827881e-02
-1.568487882614135742e-01
8.042114973068237305e-02
3.410888835787773132e-02
9.688370861113071442e-03
1.143686193972826004e-02
-2.103236764669418335e-01
8.378626406192779541e-02
-1.617450565099716187e-01
-4.322280734777450562e-02
2.381865121424198151e-02
4.864234104752540588e-02
-1.605665981769561768e-01
-5.041830986738204956e-02
-6.191458553075790405e-03
4.796666651964187622e-02
-7.175709586590528488e-03
5.832597613334655762e-02
1.476269811391830444e-01
-1.356798857450485229e-01
-5.852735787630081177e-02
-2.229485474526882172e-02
-9.694454260170459747e-03
7.518665492534637451e-02
-5.446319654583930969e-02
1.110836490988731384e-01
