-6.242345646023750305e-02
6.804082076996564865e-04
1.100266352295875549e-02
1.689253002405166626e-02
5.526799359358847141e-04
3.657580539584159851e-02
4.433497786521911621e-02
-2.550820074975490570e-02
9.529453516006469727e-02
5.059550702571868896e-02
-5.412208661437034607e-02
-4.074883833527565002e-02
2.520140074193477631e-02
-2.972490619868040085e-04
-1.414226181805133820e-02
-5.279749166220426559e-03
2.908513881266117096e-02
-4.543110355734825134e-02
-2.688695117831230164e-02
7.254813611507415771e-02
1.276410929858684540e-02
5.604450032114982605e-02
-4.101742804050445557e-02
1.899992674589157104e-02
-1.007294747978448868e-02
-2.570778690278530121e-02
1.825525425374507904e-02
-2.514682523906230927e-02
-1.080834865570068359e-01
-2.607783488929271698e-02
-1.067743916064500809e-02
-7.672265172004699707e-02
4.872271046042442322e-02
6.802276521921157837e-02
6.329880096018314362e-03
-4.813563823699951172e-02
-3.593006730079650879e-02
2.946871332824230194e-02
-2.966870367527008057e-02
-2.069607004523277283e-02
-1.809793896973133087e-02
-5.526493489742279053e-02
-2.827773615717887878e-02
-6.411495059728622437e-02
8.248073607683181763e-02
1.606359779834747314e-01
5.748184770345687866e-02
-2.404262870550155640e-02
-7.898562401533126831e-02
-4.204091802239418030e-02
-3.411071375012397766e-02
1.583847254514694214e-01
-1.027650944888591766e-02
1.204326972365379333e-01
1.160456836223602295e-01
-1.840632595121860504e-02
-1.215049996972084045e-02
1.512348931282758713e-02
1.359531283378601074e-02
-5.148807913064956665e-02
5.621244013309478760e-02
-1.435149111784994602e-03
9.192497283220291138e-02
-1.675924658775329590e-01
1.833272050134837627e-03
1.909683644771575928e-02
-1.458167005330324173e-02
9.912437200546264648e-02
-5.878373235464096069e-02
-2.429120987653732300e-02
-1.112435013055801392e-02
-9.528433531522750854e-02
-6.264998577535152435e-03
8.816049247980117798e-02
2.982763946056365967e-02
-3.355679661035537720e-02
3.976223990321159363e-02
1.606076024472713470e-02
-7.002329081296920776e-02
4.168920591473579407e-02
-7.763398438692092896e-02
3.636914491653442383e-02
5.225278437137603760e-02
-9.347543120384216309e-02
-6.443916261196136475e-02
1.681005954742431641e-02
-3.656913759186863899e-05
6.149557977914810181e-02
-6.833479274064302444e-03
-5.587825924158096313e-02
5.052817985415458679e-02
3.789294883608818054e-02
-3.407794982194900513e-02
1.009680554270744324e-01
-1.116278693079948425e-01
8.707351051270961761e-03
-7.534887641668319702e-02
3.089496865868568420e-02
-5.178007110953330994e-02
4.998025950044393539e-03
-5.155731365084648132e-02
-4.321308061480522156e-02
-1.267663389444351196e-02
4.059958085417747498e-02
-1.870842464268207550e-02
-1.711152121424674988e-02
5.195576325058937073e-02
-3.901136573404073715e-03
1.309446617960929871e-02
1.371875964105129242e-02
-1.206228584051132202e-01
2.614160999655723572e-02
-9.021822363138198853e-02
-1.007015556097030640e-01
-9.155752509832382202e-02
-4.293838143348693848e-02
8.565897494554519653e-02
-7.727199047803878784e-02
1.963478140532970428e-02
4.870653152465820312e-02
5.908565595746040344e-02
-8.971940726041793823e-02
-1.705163903534412384e-02
-4.855981469154357910e-02
5.221750587224960327e-02
3.637013956904411316e-02
-1.494587957859039307e-02
-8.408755809068679810e-02
-2.503996156156063080e-02
-7.025566697120666504e-02
6.215501576662063599e-02
-1.101064607501029968e-01
5.553959682583808899e-02
5.643907189369201660e-02
-1.618908531963825226e-02
-3.613746911287307739e-02
1.152529492974281311e-01
-8.940830826759338379e-02
3.575782524421811104e-03
1.830569468438625336e-02
7.782246917486190796e-03
-3.164108470082283020e-02
5.286493152379989624e-02
5.750866606831550598e-02
3.008986636996269226e-02
-2.072030305862426758e-02
1.187940500676631927e-02
1.280617862939834595e-01
5.373895540833473206e-02
-8.543143048882484436e-03
7.287481427192687988e-02
-3.407083079218864441e-02
-2.138444408774375916e-02
-6.685480475425720215e-02
-1.872374862432479858e-02
1.038601472973823547e-01
4.633769765496253967e-02
3.069780580699443817e-02
-6.565806269645690918e-02
1.156994551420211792e-01
4.889221116900444031e-02
-4.317394644021987915e-02
-1.605422701686620712e-03
6.399304606020450592e-03
-5.291384086012840271e-02
2.168457023799419403e-02
7.976958528161048889e-03
-4.969056323170661926e-02
5.084998160600662231e-02
-2.052738703787326813e-02
6.071653217077255249e-02
3.392822295427322388e-02
3.367856517434120178e-02
4.307990521192550659e-02
-7.421848922967910767e-02
1.263664104044437408e-02
-3.821416944265365601e-02
4.971870034933090210e-02
2.797540836036205292e-02
1.074657589197158813e-02
4.999715834856033325e-02
-2.723859250545501709e-02
-1.978864520788192749e-02
-7.860912382602691650e-02
-1.532057649455964565e-03
1.213360112160444260e-02
2.569732442498207092e-02
-4.885818436741828918e-02
-2.459564479067921638e-03
-3.749999403953552246e-02
-3.220374509692192078e-02
-6.660741055384278297e-04
5.007933080196380615e-02
-1.351735144853591919e-01
1.050161942839622498e-01
7.286536693572998047e-02
1.820091456174850464e-01
2.352963201701641083e-02
8.321633934974670410e-02
-5.353730916976928711e-02
5.881594028323888779e-03
-3.141771629452705383e-02
2.958766371011734009e-02
-9.503950923681259155e-02
-2.488183788955211639e-02
-3.544400259852409363e-02
4.928862676024436951e-02
5.966269969940185547e-02
3.527219232637435198e-04
-2.063710056245326996e-02
-7.950501516461372375e-03
-1.961729489266872406e-02
4.585485160350799561e-02
-2.204248122870922089e-02
-2.231546118855476379e-02
3.387275338172912598e-02
-2.237498573958873749e-02
-1.130749750882387161e-02
1.723504438996315002e-02
9.296626597642898560e-02
8.602385222911834717e-02
4.290528595447540283e-02
-6.186338886618614197e-02
1.440927386283874512e-02
-5.352142453193664551e-02
-1.329628676176071167e-01
6.549902260303497314e-02
-2.071352675557136536e-02
2.025164430961012840e-03
2.695897966623306274e-02
-1.222139745950698853e-01
4.821485280990600586e-02
-1.805200129747390747e-01
-4.694066941738128662e-02
5.010320618748664856e-02
1.062757596373558044e-01
-1.629512757062911987e-01
-5.658516287803649902e-02
-2.806352451443672180e-02
6.138418242335319519e-02
7.281566038727760315e-03
1.566110104322433472e-01
1.808989942073822021e-01
-1.424275785684585571e-01
-9.240760654211044312e-02
-3.287864476442337036e-02
-3.098817914724349976e-02
1.858595758676528931e-01
-4.304207116365432739e-02
1.582917124032974243e-01
