-8.841759711503982544e-02
-4.887407273054122925e-02
4.181005433201789856e-02
-7.708276063203811646e-02
-1.100094914436340332e-01
1.229416131973266602e-01
6.294223666191101074e-02
-1.755523234605789185e-01
1.565781086683273315e-01
6.979146599769592285e-02
-7.547307759523391724e-02
-5.027499422430992126e-02
1.834216713905334473e-01
-6.518024019896984100e-03
-2.803029119968414307e-02
9.853503108024597168e-02
9.358235634863376617e-03
-5.782594159245491028e-02
-1.351431570947170258e-02
7.320556789636611938e-02
2.052127756178379059e-02
1.218193676322698593e-02
-7.657189853489398956e-03
-1.027633994817733765e-01
1.806734502315521240e-02
3.046141006052494049e-03
3.720012307167053223e-02
-1.355275809764862061e-01
-1.713287681341171265e-01
-5.745224654674530029e-02
-3.380515147000551224e-03
-6.931260973215103149e-02
-3.153830394148826599e-02
9.931313246488571167e-02
6.557128578424453735e-02
4.071547649800777435e-03
-5.072723329067230225e-02
-4.717560485005378723e-02
3.655393049120903015e-02
8.704144507646560669e-03
-1.424408797174692154e-02
2.146782353520393372e-03
3.698812052607536316e-02
-3.244032338261604309e-02
1.273330003023147583e-01
-2.327655255794525146e-02
7.092478685081005096e-03
1.851763762533664703e-02
-6.364379823207855225e-02
-4.725148156285285950e-02
-6.018882989883422852e-02
4.106043651700019836e-02
3.636993467807769775e-02
-2.893495745956897736e-02
4.366232827305793762e-02
3.774138167500495911e-02
-6.193130835890769958e-02
-3.317331150174140930e-02
1.240746490657329559e-02
3.162456676363945007e-02
5.580793693661689758e-02
4.634853824973106384e-02
1.105369627475738525e-02
-6.846760213375091553e-02
-4.817067086696624756e-02
-4.932173714041709900e-02
-4.017559811472892761e-03
-3.074808046221733093e-02
-2.390899136662483215e-02
6.360469758510589600e-02
-7.246626913547515869e-02
-3.392505273222923279e-02
-7.893331348896026611e-02
7.132417056709527969e-03
2.940314635634422302e-02
-5.098063498735427856e-02
2.593193203210830688e-04
1.495499280281364918e-03
-3.595431894063949585e-02
5.042226053774356842e-03
2.065607113763689995e-03
3.414869681000709534e-02
9.501342661678791046e-03
-6.857269257307052612e-02
1.398148294538259506e-02
-4.224178194999694824e-02
6.126704439520835876e-02
1.791620999574661255e-02
-7.445389777421951294e-02
4.316205903887748718e-02
-8.384800516068935394e-03
3.012218140065670013e-02
-8.254505693912506104e-02
-3.432214725762605667e-03
-5.202880129218101501e-02
2.647079341113567352e-02
-7.948062568902969360e-02
2.114897780120372772e-02
-1.952640525996685028e-02
-2.114678733050823212e-03
-4.622152447700500488e-02
-3.800891339778900146e-02
-2.947561442852020264e-03
5.153252556920051575e-02
-8.118947967886924744e-03
-2.972924709320068359e-02
-8.357011713087558746e-03
3.225477039813995361e-02
5.428814142942428589e-02
2.551616914570331573e-02
-1.833122409880161285e-02
5.015694350004196167e-02
-2.711215242743492126e-02
3.393154591321945190e-03
-1.091626510024070740e-01
1.948129758238792419e-02
-3.685581684112548828e-02
-1.263240873813629150e-01
2.788443304598331451e-02
5.136062577366828918e-02
5.376660823822021484e-02
-7.602351158857345581e-02
5.687433853745460510e-02
-1.203671991825103760e-01
8.137141913175582886e-02
5.985105782747268677e-02
-3.328960388898849487e-02
-1.612901687622070312e-02
-9.525259584188461304e-02
-2.436943724751472473e-02
6.367933005094528198e-02
-7.160643488168716431e-02
6.019072234630584717e-02
1.157802902162075043e-02
-4.507518187165260315e-02
-2.849802933633327484e-02
1.773972809314727783e-01
-1.488586515188217163e-01
-8.537740260362625122e-02
-8.898022770881652832e-02
-6.972736120223999023e-02
-6.271855439990758896e-03
6.646602414548397064e-03
6.460357457399368286e-02
-1.158822886645793915e-02
4.984541237354278564e-02
2.238501980900764465e-02
-4.020345211029052734e-02
5.692445114254951477e-02
-5.686016380786895752e-02
8.547591418027877808e-02
-3.662518691271543503e-03
4.712799936532974243e-02
-6.242405623197555542e-02
-1.798694720491766930e-04
-6.513997912406921387e-02
1.143180113285779953e-02
1.542355865240097046e-01
-6.363381445407867432e-02
6.626245379447937012e-02
3.637513145804405212e-02
4.394516348838806152e-02
-4.287418350577354431e-02
3.672654181718826294e-02
-9.222317487001419067e-02
2.725823223590850830e-02
-5.734294652938842773e-02
-5.356562137603759766e-02
-1.999563910067081451e-02
-1.031302362680435181e-01
5.051011219620704651e-02
-6.609681993722915649e-02
1.121329516172409058e-01
8.677410334348678589e-02
-4.581135883927345276e-02
8.123230189085006714e-03
6.096538156270980835e-02
1.205294975079596043e-04
2.130783721804618835e-02
-3.599105030298233032e-02
-5.241671204566955566e-02
1.602945104241371155e-02
4.253504425287246704e-02
4.386006295680999756e-02
-5.541298538446426392e-02
3.560174722224473953e-03
-1.707321032881736755e-02
-6.672324985265731812e-02
4.750959575176239014e-02
-5.572250112891197205e-02
-7.647708058357238770e-02
-7.339245639741420746e-03
8.844496309757232666e-02
-8.281794190406799316e-02
6.769444048404693604e-02
4.994927719235420227e-02
6.519830226898193359e-02
5.214815028011798859e-04
1.675063222646713257e-01
-1.032330654561519623e-02
-9.699714370071887970e-03
-5.140018090605735779e-02
-7.707079406827688217e-03
-9.358175843954086304e-02
3.620807779952883720e-03
3.798110410571098328e-02
4.085226729512214661e-02
-5.799292400479316711e-02
-5.161381512880325317e-02
-4.968069866299629211e-02
-2.995869331061840057e-02
-5.637371912598609924e-02
8.935724198818206787e-02
8.302573114633560181e-03
3.231357038021087646e-02
6.824120879173278809e-03
2.417136169970035553e-02
1.255246400833129883e-01
2.540464326739311218e-02
3.225516900420188904e-02
3.013894148170948029e-02
-1.686391793191432953e-02
-3.709487989544868469e-02
-2.703276462852954865e-02
-7.573395967483520508e-02
-7.150733470916748047e-02
1.072019189596176147e-01
6.263878196477890015e-02
5.328728817403316498e-03
-9.607995860278606415e-03
-1.050276830792427063e-01
1.131392866373062134e-01
-1.047363132238388062e-01
-4.526692628860473633e-02
6.079006567597389221e-02
1.395224332809448242e-01
-1.753938049077987671e-01
-9.447435289621353149e-02
-7.168398797512054443e-02
6.240313872694969177e-03
1.673212274909019470e-02
1.237920895218849182e-01
5.676902458071708679e-02
-5.618388578295707703e-02
-6.070601567625999451e-02
-4.958883393555879593e-03
-2.703525498509407043e-02
6.784450262784957886e-02
4.035751149058341980e-02
1.662061363458633423e-02
