-1.159789785742759705e-01
-8.910492807626724243e-02
8.989044278860092163e-02
-4.978894069790840149e-02
-9.150520898401737213e-03
7.697255909442901611e-02
1.434947177767753601e-02
-9.249421209096908569e-02
1.115406528115272522e-01
3.521361947059631348e-02
-1.190140619874000549e-01
-4.544143751263618469e-02
1.151394993066787720e-01
-2.019949443638324738e-02
2.724108099937438965e-02
2.008919417858123779e-02
1.514946203678846359e-02
-1.009244397282600403e-01
3.815387189388275146e-02
2.395511418581008911e-02
1.029176712036132812e-01
-2.069344557821750641e-02
-2.134733460843563080e-02
-3.929506056010723114e-03
5.007397755980491638e-02
-1.593316905200481415e-02
1.462685130536556244e-02
-2.900275588035583496e-02
-1.751796901226043701e-01
-2.584774233400821686e-02
-7.775562256574630737e-02
-8.179530501365661621e-02
1.478215586394071579e-02
1.636722087860107422e-01
-2.690078504383563995e-02
-6.293574720621109009e-02
-9.644591808319091797e-02
-4.942534957081079483e-03
-1.770720630884170532e-02
3.367594256997108459e-02
1.202918356284499168e-03
-4.294589534401893616e-02
2.742853201925754547e-02
-8.635810017585754395e-02
1.218264922499656677e-01
1.371495127677917480e-01
6.473919004201889038e-02
-6.892710458487272263e-03
-9.055885672569274902e-02
-6.738448143005371094e-02
-3.496766090393066406e-02
1.516960114240646362e-01
-3.152000159025192261e-02
7.709243148565292358e-02
9.787914156913757324e-02
-3.488032519817352295e-02
-5.924004688858985901e-02
1.580382138490676880e-02
6.929658353328704834e-02
-1.813691668212413788e-02
3.579308837652206421e-02
-3.393668681383132935e-02
1.069570854306221008e-01
-1.287154853343963623e-01
2.538454532623291016e-02
2.791890501976013184e-02
-6.734206527471542358e-02
5.564583465456962585e-02
-4.088551551103591919e-02
-3.496351838111877441e-02
5.090885236859321594e-02
-2.687970176339149475e-02
-9.998589754104614258e-03
8.871705085039138794e-02
3.450184687972068787e-02
1.500864606350660324e-02
5.008392967283725739e-03
6.702107191085815430e-02
-8.957048505544662476e-02
6.736102700233459473e-02
-5.299331620335578918e-02
1.845209300518035889e-02
1.780905388295650482e-02
-1.345212012529373169e-01
-8.348850160837173462e-02
1.885615848004817963e-02
3.384032845497131348e-02
1.067089512944221497e-01
7.890189997851848602e-03
-6.361458450555801392e-02
1.348506566137075424e-02
6.928042043000459671e-03
-7.737501710653305054e-02
9.118910878896713257e-02
-1.151044219732284546e-01
-1.801110990345478058e-02
-9.801629185676574707e-02
3.220956400036811829e-02
9.914839640259742737e-03
-8.368143811821937561e-03
-7.449074834585189819e-02
-2.616047114133834839e-02
-3.900371864438056946e-02
8.749311789870262146e-03
-3.148354962468147278e-02
-3.322073072195053101e-02
9.823016822338104248e-02
5.920051131397485733e-03
2.665608376264572144e-02
-2.716556563973426819e-02
-6.009582057595252991e-02
3.454503789544105530e-02
-2.164428681135177612e-02
-3.849508985877037048e-02
-6.893520802259445190e-02
-2.358895540237426758e-02
4.992917925119400024e-02
-1.968958787620067596e-02
-7.033358793705701828e-03
9.699809551239013672e-02
1.885867491364479065e-02
-4.033568501472473145e-02
-5.277287214994430542e-02
5.680166929960250854e-02
7.972911000251770020e-03
7.191552221775054932e-02
-3.314171358942985535e-02
-8.899667114019393921e-02
-3.924918547272682190e-02
-7.698312401771545410e-03
2.653424395248293877e-03
-7.209490984678268433e-02
3.564202412962913513e-02
1.427674386650323868e-02
2.071436122059822083e-02
-5.243204161524772644e-02
5.199151113629341125e-02
1.505198422819375992e-02
-1.162748690694570541e-02
1.758917048573493958e-02
1.758456416428089142e-02
-6.614422798156738281e-02
7.046594470739364624e-02
7.999470084905624390e-02
7.244367152452468872e-02
1.231888215988874435e-02
-3.486815840005874634e-02
7.060200721025466919e-02
6.393030285835266113e-02
-5.954091250896453857e-02
1.929717697203159332e-02
4.181348253041505814e-03
7.301721721887588501e-03
-9.342291206121444702e-02
3.175961971282958984e-02
8.014562726020812988e-02
1.384166884236037731e-03
5.498898401856422424e-02
-5.239487439393997192e-02
9.902816265821456909e-02
2.881692536175251007e-02
-3.951607737690210342e-03
5.535300821065902710e-02
6.476059090346097946e-03
-3.682725504040718079e-02
3.298594057559967041e-02
-4.088820144534111023e-02
-7.850161637179553509e-04
3.583664447069168091e-02
-5.425618216395378113e-02
3.644486516714096069e-02
-5.843833461403846741e-02
4.777395725250244141e-02
1.289401855319738388e-02
-5.837747827172279358e-02
-5.538919195532798767e-02
-7.160870730876922607e-02
-4.538549110293388367e-02
-2.174579538404941559e-02
3.452253714203834534e-02
-5.084206908941268921e-02
-6.288710515946149826e-03
3.289948031306266785e-02
-3.820576518774032593e-02
-3.305738419294357300e-02
1.358449738472700119e-02
-3.355962038040161133e-02
1.161521021276712418e-02
7.570828497409820557e-02
-7.503006607294082642e-02
-2.160408347845077515e-02
-4.705282300710678101e-02
6.514544785022735596e-02
-1.327535808086395264e-01
1.227563247084617615e-01
7.114404439926147461e-02
1.913657933473587036e-01
5.443815886974334717e-02
6.638919562101364136e-02
-5.017291754484176636e-02
-3.089874796569347382e-02
-1.652956567704677582e-02
2.533946745097637177e-02
-1.542446017265319824e-01
-2.466060221195220947e-02
-3.122634999454021454e-02
5.615294724702835083e-02
2.436680719256401062e-02
-3.086246782913804054e-03
6.035817321389913559e-03
9.714550338685512543e-03
-2.594919875264167786e-02
6.606213003396987915e-02
-1.299986988306045532e-01
2.075854502618312836e-02
-1.588266156613826752e-02
6.319171190261840820e-02
2.428734861314296722e-02
-2.052418887615203857e-03
7.495890557765960693e-02
1.011105999350547791e-01
1.167732640169560909e-03
-9.910314530134201050e-02
-4.670188203454017639e-02
-6.280991435050964355e-02
-1.398897916078567505e-01
2.678114920854568481e-02
1.170022785663604736e-02
3.645816817879676819e-03
9.380847215652465820e-03
-1.257513165473937988e-01
6.131999939680099487e-02
-1.232734844088554382e-01
-1.343274954706430435e-02
2.512526139616966248e-02
2.953732572495937347e-02
-1.253300309181213379e-01
-3.713969886302947998e-02
-1.271453103981912136e-03
4.094861447811126709e-02
-8.269407786428928375e-03
4.702418670058250427e-02
1.593121588230133057e-01
-8.704534173011779785e-02
-7.071745395660400391e-02
-1.017970778048038483e-02
-3.244177997112274170e-02
6.816666573286056519e-02
-5.824920162558555603e-02
1.253228187561035156e-01
