-1.190465241670608521e-01
-9.685027413070201874e-03
6.549004931002855301e-03
-1.152787078171968460e-02
-3.793602436780929565e-02
4.572384059429168701e-02
5.285128578543663025e-02
-1.518096923828125000e-01
1.175379902124404907e-01
7.692500203847885132e-02
-6.773090362548828125e-02
-1.053148508071899414e-01
8.943230658769607544e-02
3.838375955820083618e-02
-3.799145668745040894e-02
1.530641573481261730e-03
5.056959763169288635e-02
-3.979343548417091370e-02
-4.685024730861186981e-03
8.290007710456848145e-02
4.461881890892982483e-02
-4.787918180227279663e-03
-9.143118746578693390e-03
7.094650994986295700e-03
1.607758365571498871e-02
1.917055621743202209e-02
-1.006225496530532837e-02
-2.789419330656528473e-02
-5.245466530323028564e-02
4.379890114068984985e-02
-9.400306269526481628e-03
-5.309324711561203003e-02
4.843418486416339874e-03
3.207139298319816589e-02
-1.068297028541564941e-02
-2.606322430074214935e-02
-1.009411737322807312e-01
8.281394839286804199e-03
-4.881640896201133728e-03
3.043142333626747131e-02
-2.228366211056709290e-02
-2.358900383114814758e-02
3.853363450616598129e-03
-6.565786153078079224e-02
1.183358877897262573e-01
5.898012593388557434e-02
6.517283618450164795e-02
2.505896613001823425e-02
-3.558977320790290833e-02
-7.704302668571472168e-02
-9.743824601173400879e-02
1.306498944759368896e-01
-6.038494780659675598e-02
8.069957047700881958e-02
5.831038206815719604e-02
-3.426030650734901428e-02
-1.954659819602966309e-02
-2.685018582269549370e-03
3.479088842868804932e-02
-1.172803342342376709e-02
7.052206248044967651e-02
-1.381139364093542099e-02
8.590245991945266724e-02
-1.148288846015930176e-01
-1.650306629016995430e-03
9.607540443539619446e-03
-5.078335478901863098e-02
8.738497644662857056e-02
-1.241054572165012360e-02
-2.580998651683330536e-02
3.704929351806640625e-02
-2.808643318712711334e-02
-3.499319776892662048e-02
4.159052297472953796e-02
3.378694131970405579e-02
-1.646461337804794312e-02
2.460410632193088531e-02
2.488877251744270325e-02
-8.048574626445770264e-02
8.882034569978713989e-02
-8.892437815666198730e-02
-7.717831991612911224e-03
1.697445660829544067e-02
-9.707684814929962158e-02
-4.483809322118759155e-02
-4.017128050327301025e-02
4.153824970126152039e-02
8.084510266780853271e-02
-9.811031632125377655e-04
-1.255019288510084152e-02
2.866773866117000580e-02
4.553461819887161255e-02
-1.082339584827423096e-01
6.108584627509117126e-02
-4.872884973883628845e-02
-1.876034773886203766e-02
-5.359408259391784668e-02
3.160739317536354065e-02
-2.349056303501129150e-02
-2.532458491623401642e-02
-6.610555201768875122e-02
-2.083156444132328033e-02
-4.339495673775672913e-02
-2.425059489905834198e-02
-4.958145692944526672e-02
-8.201307058334350586e-02
6.974361091852188110e-02
2.246895618736743927e-02
6.865276396274566650e-02
-2.497034706175327301e-02
-7.160427421331405640e-02
3.427838161587715149e-02
-1.608717627823352814e-02
-4.380188137292861938e-02
-5.590647459030151367e-02
-3.941093757748603821e-02
9.426748380064964294e-03
-7.057975232601165771e-02
2.590495720505714417e-02
8.132549375295639038e-02
3.326513618230819702e-02
-2.910057455301284790e-02
2.324083121493458748e-03
-4.815253894776105881e-03
2.352968230843544006e-02
2.419166080653667450e-02
-1.912190113216638565e-03
-1.108867600560188293e-01
-4.177896678447723389e-02
-2.688661962747573853e-02
9.375992231070995331e-03
-2.892481908202171326e-02
2.308410778641700745e-02
1.442637294530868530e-02
-7.572024594992399216e-03
-3.618261590600013733e-02
4.269179329276084900e-02
-7.313881069421768188e-02
-2.317354828119277954e-02
-1.113721728324890137e-02
-4.921987280249595642e-02
-2.035539969801902771e-02
1.307560969144105911e-02
-2.208852209150791168e-02
8.054792135953903198e-02
3.978131338953971863e-03
-2.659369260072708130e-02
2.525546588003635406e-02
6.618519872426986694e-02
-5.285301432013511658e-02
7.854533940553665161e-02
-2.856933698058128357e-02
-1.990807615220546722e-02
-8.278444409370422363e-02
1.344157010316848755e-02
1.758356951177120209e-02
2.552299061790108681e-03
2.419496513903141022e-02
1.166757720056921244e-04
7.659440487623214722e-02
-7.764072157442569733e-03
-2.864035964012145996e-02
3.009673953056335449e-02
6.455530878156423569e-03
-4.388831555843353271e-02
1.251875888556241989e-02
-2.532898820936679840e-02
-1.052079023793339729e-03
4.190597310662269592e-02
-8.785381168127059937e-02
9.514892473816871643e-03
-2.940320782363414764e-02
5.176132172346115112e-02
5.837900564074516296e-02
-4.751190170645713806e-02
-1.835768111050128937e-02
6.769215688109397888e-03
-2.331807650625705719e-02
7.636568043380975723e-03
2.215476147830486298e-02
1.992274075746536255e-02
9.047313593327999115e-03
3.459703922271728516e-02
-4.967166855931282043e-02
-4.821683838963508606e-02
2.948809228837490082e-02
-3.813852742314338684e-02
-2.769392915070056915e-02
1.567155704833567142e-03
-2.553605288267135620e-02
1.586946472525596619e-02
-4.283865168690681458e-02
5.515513196587562561e-02
-1.447521746158599854e-01
1.259414702653884888e-01
2.334597706794738770e-02
2.112683057785034180e-01
5.458993092179298401e-02
1.089289039373397827e-01
-3.507230430841445923e-02
-1.120464410632848740e-03
-1.172708696685731411e-03
5.171942338347434998e-02
-1.606793701648712158e-01
2.735151723027229309e-02
-2.028749138116836548e-02
4.217457771301269531e-02
-9.906781837344169617e-03
-7.973115891218185425e-03
-3.178613632917404175e-02
2.290011569857597351e-02
-2.335339784622192383e-02
7.845102250576019287e-02
-6.692914664745330811e-02
1.755942590534687042e-02
9.106220677495002747e-03
5.296572670340538025e-02
5.951689928770065308e-02
-5.621859338134527206e-03
7.846413552761077881e-02
8.907539397478103638e-02
-4.418254643678665161e-02
-7.840428501367568970e-02
-6.102369725704193115e-02
-9.927388280630111694e-02
-1.796142756938934326e-01
9.716700017452239990e-02
1.594105176627635956e-02
-1.550483721075579524e-04
1.714404486119747162e-02
-1.730873733758926392e-01
9.249501675367355347e-02
-1.544465720653533936e-01
-6.265363842248916626e-02
1.975113525986671448e-02
8.692953735589981079e-02
-1.658687889575958252e-01
-5.696198344230651855e-02
-1.640654727816581726e-02
1.037466675043106079e-01
-3.224046900868415833e-02
1.201876550912857056e-01
2.349472641944885254e-01
-1.436351984739303589e-01
-1.556541621685028076e-01
1.967601478099822998e-03
-1.680302061140537262e-02
1.774707436561584473e-01
-6.348910182714462280e-02
1.609255969524383545e-01
