-8.392202109098434448e-02
-5.551480874419212341e-02
9.575397521257400513e-02
-6.163172796368598938e-02
-5.947429221123456955e-03
9.754134714603424072e-02
4.226428642868995667e-02
-1.395077109336853027e-01
9.678120911121368408e-02
4.091735929250717163e-02
-1.275949031114578247e-01
-6.982223689556121826e-02
9.663552045822143555e-02
-4.033054783940315247e-02
5.046404898166656494e-03
3.889554738998413086e-02
4.882317781448364258e-02
-8.402332663536071777e-02
2.922418713569641113e-02
3.617111220955848694e-02
7.173363864421844482e-02
-9.104368276894092560e-03
7.922388613224029541e-03
-2.858888544142246246e-02
5.078510195016860962e-02
-3.561379387974739075e-03
-8.674046257510781288e-04
-5.089126899838447571e-02
-1.248245015740394592e-01
2.995352726429700851e-03
-4.495346173644065857e-02
-1.113203018903732300e-01
-2.209134772419929504e-02
7.004767656326293945e-02
-3.257546573877334595e-03
-1.311145164072513580e-02
-7.631594687700271606e-02
-1.707956253085285425e-04
-1.313894707709550858e-02
3.517195954918861389e-02
-4.386540874838829041e-02
-4.535651300102472305e-03
2.945904061198234558e-02
-8.328434824943542480e-02
6.795895099639892578e-02
4.821540415287017822e-02
3.225907683372497559e-02
-5.168352741748094559e-03
-6.363594532012939453e-02
-6.268943846225738525e-02
-4.807488247752189636e-02
1.041933372616767883e-01
-2.562292106449604034e-02
2.497823163866996765e-02
6.143570318818092346e-02
1.020477898418903351e-02
-4.108048602938652039e-02
9.340496733784675598e-03
2.716257050633430481e-02
3.647508099675178528e-02
3.199788555502891541e-02
6.993881543166935444e-04
7.061982899904251099e-02
-1.451373398303985596e-01
-2.373359538614749908e-02
-3.394992649555206299e-02
-2.304734475910663605e-02
7.835260778665542603e-02
-2.493515610694885254e-02
-2.630507014691829681e-02
1.133834710344672203e-03
-5.894090980291366577e-03
-8.361380547285079956e-03
2.286826074123382568e-02
7.775767240673303604e-03
3.402889892458915710e-02
3.125385940074920654e-02
4.887254163622856140e-02
-6.354959309101104736e-02
5.691098794341087341e-02
-9.906702488660812378e-02
3.410957381129264832e-02
2.157002687454223633e-02
-1.201200634241104126e-01
-6.724376976490020752e-02
-2.783408015966415405e-02
3.327457234263420105e-02
9.355550259351730347e-02
1.286639715544879436e-03
-3.225292265415191650e-02
3.244765475392341614e-02
1.155609730631113052e-02
-8.333558589220046997e-02
3.276975825428962708e-02
-1.140455007553100586e-01
2.021591737866401672e-02
-1.027444899082183838e-01
3.316467255353927612e-02
7.182149682193994522e-03
-1.314518321305513382e-02
-8.745939284563064575e-02
-2.528402209281921387e-02
-1.024638023227453232e-02
2.653084322810173035e-02
-2.366821281611919403e-02
-3.607933595776557922e-02
7.082346826791763306e-02
-1.323195919394493103e-02
2.985822409391403198e-02
-1.316746231168508530e-03
-7.094015926122665405e-02
5.941790994256734848e-03
-2.839074283838272095e-02
-1.620228029787540436e-02
-9.221899509429931641e-02
-1.775636896491050720e-02
2.781206741929054260e-02
-7.347228378057479858e-02
-2.290396392345428467e-02
9.545725584030151367e-02
4.006568342447280884e-02
-5.067357793450355530e-02
-3.718853369355201721e-02
8.991902694106101990e-03
1.502530835568904877e-02
7.219906151294708252e-02
-5.125405639410018921e-02
-1.048731505870819092e-01
-5.414090678095817566e-02
-2.683077938854694366e-02
2.468439377844333649e-02
-4.820558056235313416e-02
6.441465020179748535e-02
3.097943589091300964e-02
3.266260400414466858e-02
-5.927860364317893982e-02
1.030011624097824097e-01
-3.728967159986495972e-02
-9.380274452269077301e-03
-5.298414081335067749e-02
-1.644077338278293610e-02
-2.998533286154270172e-02
3.553130477666854858e-02
6.113276630640029907e-02
6.053894758224487305e-02
1.939908787608146667e-02
-1.386754680424928665e-02
5.059428140521049500e-02
4.744532704353332520e-02
-6.810594350099563599e-02
4.003697261214256287e-02
4.019490908831357956e-03
5.004935339093208313e-02
-7.834257930517196655e-02
3.393151983618736267e-02
7.062379270792007446e-02
2.729045785963535309e-02
6.795098632574081421e-02
-4.067678004503250122e-02
9.376340359449386597e-02
5.038160085678100586e-02
-1.080716401338577271e-02
-5.442315712571144104e-03
-2.473250217735767365e-02
-6.296065449714660645e-02
2.801214344799518585e-02
-3.372412174940109253e-02
1.778804929926991463e-03
2.391857095062732697e-02
-6.635694950819015503e-02
3.330667316913604736e-02
-6.714232265949249268e-02
8.510774374008178711e-02
4.536559060215950012e-02
-8.642788976430892944e-02
-1.821641996502876282e-02
-2.255240641534328461e-02
-2.728754840791225433e-02
6.465798243880271912e-03
3.362681483849883080e-03
-3.434875980019569397e-02
-2.345755463466048241e-03
5.360087752342224121e-02
-3.059092536568641663e-02
-5.981891602277755737e-02
1.416744943708181381e-02
-4.193265363574028015e-02
2.118792943656444550e-02
4.903203248977661133e-02
-8.584564179182052612e-02
-9.631495922803878784e-03
-6.386972218751907349e-02
7.734160870313644409e-02
-8.360910415649414062e-02
9.836173802614212036e-02
5.046185106039047241e-02
1.703318953514099121e-01
6.519905477762222290e-02
9.205976128578186035e-02
1.655414141714572906e-02
-4.725178331136703491e-02
-4.119065776467323303e-02
3.925929591059684753e-02
-1.598977297544479370e-01
1.963062584400177002e-02
-6.943027675151824951e-02
6.922990083694458008e-02
-3.058135882019996643e-02
-6.828294601291418076e-03
-4.409557953476905823e-02
-1.984515786170959473e-02
-3.016717731952667236e-02
8.914856612682342529e-02
-7.963553816080093384e-02
8.153015747666358948e-03
-3.860715543851256371e-03
4.419725015759468079e-02
6.953144818544387817e-02
-3.654384519904851913e-03
8.507139980792999268e-02
9.404629468917846680e-02
-2.507540863007307053e-03
-8.517426252365112305e-02
-5.969959869980812073e-02
-7.683551311492919922e-02
-1.532607674598693848e-01
8.516731858253479004e-02
2.172252163290977478e-02
1.528048515319824219e-02
1.722040586173534393e-02
-2.498228102922439575e-01
1.048573553562164307e-01
-2.055754661560058594e-01
-5.883017554879188538e-02
4.432036727666854858e-02
7.681804895401000977e-02
-1.840338259935379028e-01
-5.979956313967704773e-02
-1.876970566809177399e-02
3.216941654682159424e-02
3.852319670841097832e-03
1.121219396591186523e-01
1.484023928642272949e-01
-1.443244367837905884e-01
-4.877398163080215454e-02
-1.287857722491025925e-02
-1.711802557110786438e-02
8.894946426153182983e-02
-4.454403743147850037e-02
1.044106110930442810e-01
