-8.162017166614532471e-02
-6.112033128738403320e-02
9.433815628290176392e-02
-5.742275342345237732e-02
-2.917947620153427124e-02
8.079001307487487793e-02
4.115359112620353699e-02
-1.138667091727256775e-01
1.052969023585319519e-01
4.263995587825775146e-02
-1.053742617368698120e-01
-6.499798595905303955e-02
9.112937748432159424e-02
-2.645247057080268860e-02
5.417437292635440826e-03
3.566075861454010010e-02
3.701807558536529541e-02
-9.016633778810501099e-02
3.074943460524082184e-02
4.266110062599182129e-02
6.672459840774536133e-02
-1.073867175728082657e-02
-2.355027757585048676e-02
-1.358759403228759766e-02
4.182848706841468811e-02
-1.809855923056602478e-02
2.513360232114791870e-02
-4.340322688221931458e-02
-1.468087881803512573e-01
-1.511721126735210419e-02
-4.447782784700393677e-02
-8.808150887489318848e-02
-6.637380458414554596e-03
1.184561401605606079e-01
-1.543177384883165359e-02
-3.747350350022315979e-02
-7.752438634634017944e-02
-1.130822114646434784e-02
-2.509834477677941322e-03
1.952055469155311584e-02
-1.550262793898582458e-02
-2.718012779951095581e-02
1.744807884097099304e-02
-8.304163813591003418e-02
1.182531788945198059e-01
9.500379115343093872e-02
5.441546067595481873e-02
-9.765621274709701538e-03
-7.851657271385192871e-02
-7.349078357219696045e-02
-4.910379648208618164e-02
1.341188699007034302e-01
-2.755245007574558258e-02
6.919947266578674316e-02
9.418277442455291748e-02
-1.083762664347887039e-02
-6.004354730248451233e-02
1.123064197599887848e-02
4.452239722013473511e-02
1.500279549509286880e-02
4.868708923459053040e-02
-9.439625777304172516e-03
9.879793226718902588e-02
-1.584766060113906860e-01
-1.592627260833978653e-03
-2.719615818932652473e-03
-4.385781660676002502e-02
6.677278131246566772e-02
-4.102052375674247742e-02
-1.552340108901262283e-03
1.644313149154186249e-02
-3.284108266234397888e-02
-1.763203367590904236e-02
5.463638901710510254e-02
3.250183165073394775e-02
4.420159384608268738e-03
1.489240024238824844e-02
4.921416938304901123e-02
-7.852318137884140015e-02
6.019071117043495178e-02
-7.129991054534912109e-02
3.875261545181274414e-02
2.600230462849140167e-02
-1.269474774599075317e-01
-7.315242290496826172e-02
-2.600366249680519104e-02
3.341646119952201843e-02
1.010449528694152832e-01
-8.272364735603332520e-03
-5.531352758407592773e-02
3.108319453895092010e-02
1.759269461035728455e-02
-9.534145891666412354e-02
7.216604053974151611e-02
-1.164818629622459412e-01
2.745206293184310198e-04
-1.065792590379714966e-01
3.066565841436386108e-02
-5.690252408385276794e-03
-1.543302368372678757e-02
-8.359104394912719727e-02
-4.353734105825424194e-02
-2.606079727411270142e-02
3.055492974817752838e-02
-2.901598811149597168e-02
-4.344464465975761414e-02
9.019131213426589966e-02
9.644417092204093933e-03
3.934121131896972656e-02
-1.437282189726829529e-02
-6.744814664125442505e-02
2.894931472837924957e-02
-3.411899507045745850e-02
-4.527394473552703857e-02
-7.521709054708480835e-02
-2.285592071712017059e-02
3.654904291033744812e-02
-6.502992659807205200e-02
-1.259230636060237885e-02
9.514221549034118652e-02
2.536668628454208374e-02
-4.911157116293907166e-02
-3.682941198348999023e-02
1.080465130507946014e-02
2.756349928677082062e-02
6.710918992757797241e-02
-3.050740249454975128e-02
-1.110500022768974304e-01
-6.169845163822174072e-02
-3.310401737689971924e-02
2.167017944157123566e-02
-7.821022719144821167e-02
6.356029212474822998e-02
1.692252978682518005e-02
1.226318813860416412e-02
-7.171742618083953857e-02
9.802387654781341553e-02
-4.812534153461456299e-02
-2.399789914488792419e-02
-2.816840447485446930e-02
-1.939991116523742676e-02
-4.652487859129905701e-02
6.764432042837142944e-02
6.628980487585067749e-02
4.860600084066390991e-02
1.384070515632629395e-02
-1.911359839141368866e-02
6.866373121738433838e-02
6.491120159626007080e-02
-3.959521278738975525e-02
4.408084973692893982e-02
-2.833004808053374290e-03
2.054784819483757019e-02
-8.860316127538681030e-02
3.295464813709259033e-02
6.979947537183761597e-02
1.278563775122165680e-02
6.252908706665039062e-02
-4.847787693142890930e-02
1.105092018842697144e-01
5.655141919851303101e-02
-1.674030348658561707e-02
4.280039109289646149e-03
-4.510288126766681671e-03
-5.318944528698921204e-02
2.133336663246154785e-02
-4.128664731979370117e-02
-9.496892802417278290e-03
3.873591870069503784e-02
-4.839761182665824890e-02
4.002426937222480774e-02
-4.515490680932998657e-02
7.170180976390838623e-02
4.055703431367874146e-02
-7.972783595323562622e-02
-2.627314999699592590e-02
-2.946918271481990814e-02
-2.459625154733657837e-02
2.939625177532434464e-03
1.081780157983303070e-02
-2.512260153889656067e-02
3.914772532880306244e-03
3.989076986908912659e-02
-6.441891938447952271e-02
-3.168183192610740662e-02
8.889909833669662476e-03
-2.618274837732315063e-02
-1.641684025526046753e-02
6.095411255955696106e-02
-7.015741616487503052e-02
-2.752021886408329010e-02
-5.554204806685447693e-02
7.683254033327102661e-02
-1.336557269096374512e-01
1.071475297212600708e-01
7.825269550085067749e-02
1.757818609476089478e-01
6.514134258031845093e-02
1.075110808014869690e-01
-2.878239005804061890e-02
-2.529660798609256744e-02
-2.286506071686744690e-02
3.462830185890197754e-02
-1.680485308170318604e-01
-5.993228405714035034e-03
-4.678454250097274780e-02
5.243163183331489563e-02
-1.118851546198129654e-02
-9.986783377826213837e-03
-1.104188058525323868e-02
-6.346910260617733002e-03
-3.771883994340896606e-02
8.502214401960372925e-02
-9.684373438358306885e-02
3.863350488245487213e-03
-2.566253067925572395e-03
4.042699560523033142e-02
4.946100339293479919e-02
-1.883270684629678726e-03
7.494687288999557495e-02
9.407676756381988525e-02
1.464295201003551483e-03
-7.511927187442779541e-02
-2.605194412171840668e-02
-7.017795741558074951e-02
-1.406820863485336304e-01
5.857032537460327148e-02
1.334470883011817932e-02
-3.096613509114831686e-04
1.303922478109598160e-02
-1.785987764596939087e-01
8.566413819789886475e-02
-1.761693805456161499e-01
-3.706616908311843872e-02
5.089139193296432495e-02
6.914648413658142090e-02
-1.796693056821823120e-01
-5.290547758340835571e-02
-2.564290165901184082e-02
3.573894500732421875e-02
6.478209048509597778e-03
9.277787059545516968e-02
1.515457183122634888e-01
-1.141508519649505615e-01
-5.874612182378768921e-02
-8.606991730630397797e-03
-3.038839250802993774e-02
9.384656697511672974e-02
-5.018908530473709106e-02
9.979510307312011719e-02
