-5.741646140813827515e-02
-1.413772813975811005e-02
3.564260154962539673e-02
-2.754244022071361542e-02
4.542746394872665405e-02
5.357052758336067200e-02
7.769218832254409790e-02
-5.425804108381271362e-02
6.773061305284500122e-02
1.932351104915142059e-02
-4.706301540136337280e-02
-4.095214977860450745e-02
1.814488880336284637e-02
-1.696157641708850861e-02
3.965599462389945984e-02
-2.184718847274780273e-02
6.041939929127693176e-02
-4.590600356459617615e-02
1.748708309605717659e-03
3.425271064043045044e-02
4.113564640283584595e-02
2.396726980805397034e-02
-1.194019429385662079e-02
7.409445010125637054e-03
1.806259900331497192e-02
-8.681134320795536041e-03
-1.759555190801620483e-02
3.624458238482475281e-02
-1.018504649400711060e-01
3.063608147203922272e-02
-3.307752311229705811e-02
-1.175667122006416321e-01
-4.275383893400430679e-03
7.235783338546752930e-02
-2.148782275617122650e-02
-2.308138459920883179e-02
-8.531202375888824463e-02
3.627875819802284241e-02
-5.872894078493118286e-02
4.343914985656738281e-02
-3.390414640307426453e-02
-1.921774819493293762e-02
-1.785040646791458130e-02
-8.732891827821731567e-02
9.951294213533401489e-02
1.348194032907485962e-01
8.984139561653137207e-02
-2.116515859961509705e-02
-6.801075488328933716e-02
-4.713831096887588501e-02
-5.470539256930351257e-02
1.656097471714019775e-01
-2.716093510389328003e-02
9.409944713115692139e-02
9.878156334161758423e-02
-3.024688549339771271e-02
-2.524067461490631104e-02
2.663900144398212433e-02
4.090825095772743225e-02
-1.766624860465526581e-02
2.445597201585769653e-02
-5.238762870430946350e-02
1.281025558710098267e-01
-1.887788176536560059e-01
-2.777695097029209137e-02
-1.751470612362027168e-03
-1.275025680661201477e-02
8.839192241430282593e-02
-3.171128034591674805e-02
-6.017202138900756836e-02
6.340877711772918701e-02
-2.959246002137660980e-02
-1.475981250405311584e-02
4.438482969999313354e-02
1.381117035634815693e-03
1.111653633415699005e-02
2.495499327778816223e-02
6.691696494817733765e-02
-8.414798229932785034e-02
8.774709701538085938e-02
-1.026785671710968018e-01
3.791699558496475220e-02
2.768865972757339478e-02
-1.243749856948852539e-01
-8.127394318580627441e-02
-1.003910601139068604e-02
1.909027993679046631e-02
6.840401142835617065e-02
3.702213615179061890e-02
-8.771675825119018555e-02
1.448510959744453430e-02
3.153201192617416382e-02
-6.130457669496536255e-02
9.435806423425674438e-02
-1.290673315525054932e-01
2.366715110838413239e-02
-9.737914800643920898e-02
1.689015142619609833e-02
2.040586061775684357e-02
-3.622515592724084854e-03
-7.811667025089263916e-02
-2.982929348945617676e-02
-1.262985542416572571e-02
4.185210913419723511e-02
2.962326863780617714e-03
-2.897593949455767870e-04
9.095605462789535522e-02
4.010857082903385162e-03
5.630217120051383972e-02
2.790600294247269630e-03
-1.175441443920135498e-01
1.095480564981698990e-02
-5.207554250955581665e-02
-5.986783280968666077e-02
-8.769036829471588135e-02
-4.518076777458190918e-02
3.589378297328948975e-02
-3.749345988035202026e-02
-3.369241207838058472e-02
7.406049221754074097e-02
3.935039788484573364e-02
-6.798652559518814087e-02
-1.338484045118093491e-02
1.073011290282011032e-02
1.552637107670307159e-02
6.202083826065063477e-02
-3.971322625875473022e-02
-1.069228351116180420e-01
-5.302326288074254990e-03
-5.342317745089530945e-02
2.444829605519771576e-02
-1.145261079072952271e-01
4.952408000826835632e-02
2.708594873547554016e-02
5.065137147903442383e-02
-3.592820838093757629e-02
6.097627058625221252e-02
-1.530415844172239304e-02
2.803709730505943298e-02
2.206693962216377258e-02
-2.629211731255054474e-02
-4.092361778020858765e-02
5.986943840980529785e-02
4.448280483484268188e-02
4.742085933685302734e-02
2.455523610115051270e-02
1.412563608027994633e-03
1.188144758343696594e-01
1.566643081605434418e-02
-2.527327835559844971e-02
7.937134243547916412e-03
-1.861144439317286015e-03
-1.992032304406166077e-02
-7.572850584983825684e-02
4.428647086024284363e-02
1.045657694339752197e-01
5.808360502123832703e-02
6.913653761148452759e-02
-3.564911335706710815e-02
9.962815046310424805e-02
5.070358142256736755e-02
-2.807788550853729248e-02
1.524758804589509964e-02
-1.851362176239490509e-02
-4.305159300565719604e-02
1.008384767919778824e-02
-2.914836071431636810e-02
-1.845517940819263458e-02
5.381074175238609314e-02
-5.409328266978263855e-02
6.564472615718841553e-02
-1.349844317883253098e-02
4.011632129549980164e-02
4.900315403938293457e-02
-7.170637696981430054e-02
1.149203628301620483e-02
-3.706162422895431519e-02
-2.425597980618476868e-02
3.291542874649167061e-03
2.379549294710159302e-02
8.132405579090118408e-03
-5.955962836742401123e-02
4.624377936124801636e-03
-7.298172265291213989e-02
-3.895316272974014282e-02
-6.795712281018495560e-03
-6.617891043424606323e-02
-5.368262063711881638e-03
5.375796556472778320e-02
-6.778195500373840332e-02
-3.511379659175872803e-02
-6.336592137813568115e-02
4.723857343196868896e-02
-9.305197000503540039e-02
7.144130021333694458e-02
6.576929241418838501e-02
1.702582985162734985e-01
6.341008841991424561e-02
4.815240576863288879e-02
-1.405261550098657608e-02
-2.624839916825294495e-02
-5.891349911689758301e-02
6.313168257474899292e-02
-1.417456865310668945e-01
2.804767526686191559e-02
-1.097847446799278259e-01
6.047377362847328186e-02
1.822247053496539593e-03
-7.851773872971534729e-03
-1.813036575913429260e-02
-1.138266827911138535e-02
-2.128571830689907074e-02
6.391173601150512695e-02
-1.077028438448905945e-01
-8.610561490058898926e-03
-5.561512894928455353e-03
1.978980563580989838e-02
4.587016254663467407e-02
-1.377739850431680679e-02
8.951405435800552368e-02
1.228722706437110901e-01
1.546300388872623444e-02
-8.184800297021865845e-02
-2.303535863757133484e-02
-4.775481671094894409e-02
-1.149663329124450684e-01
7.729932665824890137e-03
-2.422436699271202087e-02
-2.956610405817627907e-03
5.794978886842727661e-02
-1.878452152013778687e-01
9.084099531173706055e-02
-1.885105222463607788e-01
-3.722637891769409180e-02
6.196534633636474609e-02
6.055501848459243774e-02
-1.418458670377731323e-01
-4.813728109002113342e-02
-1.100984960794448853e-02
5.096422508358955383e-02
-4.647410009056329727e-03
1.299128681421279907e-01
1.726646572351455688e-01
-1.369289308786392212e-01
-4.067575931549072266e-02
-1.092217303812503815e-02
-4.009708389639854431e-02
1.343651413917541504e-01
-5.302895978093147278e-02
1.094078198075294495e-01
