-1.444926857948303223e-01
-6.329352408647537231e-02
7.583428919315338135e-02
-5.591581389307975769e-02
-2.842262573540210724e-02
9.006702899932861328e-02
3.085835464298725128e-02
-1.536019146442413330e-01
1.126203685998916626e-01
3.833156451582908630e-02
-1.314827501773834229e-01
-7.443154603242874146e-02
1.354136019945144653e-01
-1.083341613411903381e-02
1.639830507338047028e-02
6.480144802480936050e-03
5.152765661478042603e-02
-7.965301722288131714e-02
2.738296426832675934e-02
4.546717554330825806e-02
7.591814547777175903e-02
-2.586081624031066895e-02
6.244516931474208832e-03
2.012642100453376770e-03
5.443581566214561462e-02
1.064767595380544662e-02
-1.178774982690811157e-02
-4.706494137644767761e-02
-1.159981340169906616e-01
-7.819054648280143738e-03
-4.378702491521835327e-02
-8.023095875978469849e-02
-8.953538723289966583e-03
8.822754770517349243e-02
-4.747607279568910599e-03
-3.509647026658058167e-02
-1.120118647813796997e-01
-3.558173542842268944e-03
4.302886314690113068e-03
4.795816913247108459e-02
-3.625099360942840576e-02
-1.785665005445480347e-02
2.508245967328548431e-02
-7.040134072303771973e-02
1.191941723227500916e-01
7.497948408126831055e-02
4.849701002240180969e-02
-1.108347065746784210e-02
-6.102210283279418945e-02
-8.323197811841964722e-02
-6.747391074895858765e-02
1.133534386754035950e-01
-5.091153457760810852e-02
5.385027080774307251e-02
5.912239104509353638e-02
-2.158023230731487274e-02
-4.608989134430885315e-02
3.850406035780906677e-03
4.789658263325691223e-02
1.720435172319412231e-02
5.871433764696121216e-02
-2.022494934499263763e-02
8.398863673210144043e-02
-1.206498518586158752e-01
2.701424062252044678e-03
-3.654558910056948662e-03
-5.183262377977371216e-02
8.146014064550399780e-02
-3.068583086133003235e-02
-5.687041580677032471e-02
4.336589947342872620e-02
-8.312058635056018829e-03
-2.868570201098918915e-02
6.052888929843902588e-02
1.346230041235685349e-02
2.001415379345417023e-02
2.736158482730388641e-02
6.078625842928886414e-02
-9.350278973579406738e-02
6.958758831024169922e-02
-8.660586923360824585e-02
4.862428642809391022e-03
1.081479340791702271e-02
-1.330533772706985474e-01
-7.352001965045928955e-02
4.012040328234434128e-03
5.052258446812629700e-02
1.091983094811439514e-01
-6.772088236175477505e-04
-2.904435060918331146e-02
2.674228884279727936e-02
6.342216394841670990e-03
-9.328227490186691284e-02
7.171168923377990723e-02
-1.128671467304229736e-01
8.582132868468761444e-03
-7.814195752143859863e-02
2.352397516369819641e-02
1.363226212561130524e-02
-8.486317470669746399e-03
-7.252676784992218018e-02
-2.078691124916076660e-02
-3.186838701367378235e-02
-2.352383360266685486e-02
-4.188725724816322327e-02
-4.901284724473953247e-02
9.167951345443725586e-02
-5.266862455755472183e-03
4.594819620251655579e-02
-2.478334680199623108e-02
-6.226129084825515747e-02
1.395521219819784164e-02
2.875654492527246475e-03
-2.196545340120792389e-02
-7.074281573295593262e-02
3.444493340793997049e-04
2.014226652681827545e-02
-6.502109766006469727e-02
-2.198776230216026306e-03
9.715396165847778320e-02
3.930044174194335938e-02
-2.955415286123752594e-02
-2.248424477875232697e-02
3.373086452484130859e-02
5.203129258006811142e-03
5.786038935184478760e-02
-4.531563445925712585e-02
-9.126867353916168213e-02
-6.120564043521881104e-02
-2.413263544440269470e-02
3.351453319191932678e-02
-5.497020855545997620e-02
2.809355035424232483e-02
1.095372065901756287e-02
1.089370809495449066e-02
-4.647821560502052307e-02
6.330464780330657959e-02
-3.662186861038208008e-02
-2.473267354071140289e-02
-2.795775607228279114e-02
-2.510402351617813110e-02
-4.214841499924659729e-02
2.530056238174438477e-02
5.418208986520767212e-02
7.907174527645111084e-02
2.040675096213817596e-02
-5.571394041180610657e-02
2.192158810794353485e-02
6.403909623622894287e-02
-8.769059181213378906e-02
5.386337265372276306e-02
-1.441442035138607025e-02
1.856112852692604065e-02
-8.449213951826095581e-02
1.716522313654422760e-02
4.393929988145828247e-02
6.476643029600381851e-03
7.741137593984603882e-02
-3.064077720046043396e-02
6.613542884588241577e-02
-2.947232685983181000e-03
-8.364741690456867218e-03
3.979914262890815735e-02
-6.617959588766098022e-03
-6.199212744832038879e-02
3.779216483235359192e-02
-3.870825469493865967e-02
1.046076137572526932e-02
1.985363848507404327e-02
-9.270530194044113159e-02
2.478653378784656525e-02
-6.198545917868614197e-02
6.821731477975845337e-02
2.888324111700057983e-02
-5.294828116893768311e-02
-4.310105741024017334e-02
-1.495420373976230621e-02
-6.713361293077468872e-02
-6.756806396879255772e-04
3.090004622936248779e-02
-4.052475467324256897e-02
1.556276436895132065e-02
5.543976277112960815e-02
-7.701102644205093384e-03
-6.568931788206100464e-02
2.552541345357894897e-02
-6.372469663619995117e-02
2.268017269670963287e-02
4.208140075206756592e-02
-6.569818407297134399e-02
4.507736302912235260e-03
-5.827738717198371887e-02
6.655114144086837769e-02
-1.087307929992675781e-01
1.152631044387817383e-01
3.306121751666069031e-02
2.013750076293945312e-01
5.068169161677360535e-02
9.030609577894210815e-02
-1.340718474239110947e-02
-3.342758491635322571e-02
-2.204178273677825928e-02
4.473589360713958740e-02
-1.606609523296356201e-01
2.158835344016551971e-02
-4.408222809433937073e-02
7.273117452859878540e-02
-7.746861316263675690e-03
-8.100091479718685150e-03
-3.309230878949165344e-02
-6.914255209267139435e-03
-4.108037799596786499e-02
8.525279909372329712e-02
-1.081568598747253418e-01
1.814244501292705536e-02
-2.476894669234752655e-02
7.271073758602142334e-02
7.130899280309677124e-02
-1.440999377518892288e-02
7.250872999429702759e-02
9.658435732126235962e-02
-2.499228529632091522e-02
-9.388405084609985352e-02
-7.530225813388824463e-02
-8.994059264659881592e-02
-1.510688811540603638e-01
6.944628804922103882e-02
3.170408308506011963e-02
1.622950471937656403e-02
7.547677494585514069e-03
-2.025030404329299927e-01
8.260353654623031616e-02
-1.471525728702545166e-01
-5.926375836133956909e-02
2.307990193367004395e-02
4.039590433239936829e-02
-1.455495208501815796e-01
-4.098872840404510498e-02
-2.055013086646795273e-03
6.844791769981384277e-02
-2.792159654200077057e-02
6.431718915700912476e-02
1.589086800813674927e-01
-1.137660741806030273e-01
-8.379583060741424561e-02
8.998943492770195007e-03
-1.264453586190938950e-02
8.500298112630844116e-02
-4.667875543236732483e-02
1.130206659436225891e-01
