-1.413437873125076294e-01
-3.067798539996147156e-02
3.184226527810096741e-02
-1.682016439735889435e-02
-1.940041664056479931e-03
5.914974957704544067e-02
3.151772543787956238e-02
-1.247733011841773987e-01
8.384949713945388794e-02
4.927819222211837769e-02
-1.346411108970642090e-01
-6.618002057075500488e-02
1.116367280483245850e-01
-2.621962688863277435e-02
1.583863422274589539e-02
-1.615917193703353405e-03
5.969863384962081909e-02
-6.330640614032745361e-02
-1.404740964062511921e-03
5.358042567968368530e-02
5.699812993407249451e-02
-1.267166249454021454e-02
1.030153594911098480e-02
1.654919236898422241e-02
2.699310518801212311e-02
2.901268599089235067e-04
-3.129707276821136475e-02
-1.566452533006668091e-02
-9.180703014135360718e-02
7.260974962264299393e-03
-2.580706588923931122e-02
-8.785147219896316528e-02
1.276686228811740875e-02
4.455113038420677185e-02
-4.834881692659109831e-04
-6.140886805951595306e-03
-1.110234260559082031e-01
3.311331570148468018e-02
-2.079999260604381561e-02
3.577804192900657654e-02
-7.101714611053466797e-02
-3.066789545118808746e-02
1.076272130012512207e-02
-7.522213459014892578e-02
1.175663694739341736e-01
1.209215894341468811e-01
6.238467246294021606e-02
-2.674346975982189178e-02
-8.171010762453079224e-02
-1.063724607229232788e-01
-6.966099888086318970e-02
1.455150842666625977e-01
-5.025432258844375610e-02
8.311279118061065674e-02
6.293814629316329956e-02
-4.429934173822402954e-02
-1.060441229492425919e-02
3.469287231564521790e-02
3.420572727918624878e-02
-5.194585770368576050e-03
5.649787187576293945e-02
-2.103891037404537201e-02
8.763354271650314331e-02
-1.584188491106033325e-01
-1.437176391482353210e-02
-2.396320179104804993e-02
-2.434758283197879791e-02
1.000986844301223755e-01
-2.994452603161334991e-02
-1.027520969510078430e-01
5.906672775745391846e-02
-7.418290711939334869e-03
-2.764225006103515625e-02
7.889936119318008423e-02
-8.441377431154251099e-03
8.816292509436607361e-03
3.765842691063880920e-02
7.005816698074340820e-02
-6.315253674983978271e-02
8.592472225427627563e-02
-1.119769811630249023e-01
1.272356044501066208e-02
3.282916545867919922e-02
-1.158149093389511108e-01
-8.935899287462234497e-02
1.336113084107637405e-02
6.328664720058441162e-02
1.041138395667076111e-01
3.366320580244064331e-02
-3.575480729341506958e-02
5.207052826881408691e-02
3.868226660415530205e-03
-9.156587719917297363e-02
7.204391807317733765e-02
-1.338802874088287354e-01
1.129122357815504074e-02
-5.163045600056648254e-02
4.168216139078140259e-02
-4.833993036299943924e-03
6.760634016245603561e-03
-6.427005678415298462e-02
-5.855926778167486191e-03
-2.383475191891193390e-02
-7.957622408866882324e-03
-3.638008236885070801e-02
-2.786994166672229767e-02
8.679552376270294189e-02
-2.410265617072582245e-02
3.863972797989845276e-02
5.022994591854512691e-04
-9.016744792461395264e-02
-5.601654294878244400e-03
-1.544941030442714691e-02
-2.073243074119091034e-02
-9.647796303033828735e-02
-2.991402149200439453e-02
4.573820903897285461e-02
-5.068032816052436829e-02
-1.196088921278715134e-02
6.572663038969039917e-02
7.250849157571792603e-02
-4.621151089668273926e-02
-6.788613391108810902e-04
1.236238889396190643e-02
2.459396375343203545e-03
5.775780230760574341e-02
-5.710568651556968689e-02
-1.016843169927597046e-01
-3.276934474706649780e-02
-4.452847316861152649e-02
4.308477416634559631e-02
-7.101318985223770142e-02
6.005265936255455017e-02
3.285644203424453735e-02
2.402215451002120972e-02
-4.800160974264144897e-02
1.010480970144271851e-01
-5.706962943077087402e-02
8.980061858892440796e-03
-9.280928410589694977e-03
-1.801151223480701447e-02
-3.534257039427757263e-02
3.628003224730491638e-02
5.191379413008689880e-02
6.416370719671249390e-02
1.476301439106464386e-02
-4.604846611618995667e-02
8.101785182952880859e-02
4.303409159183502197e-02
-7.295361161231994629e-02
5.703059583902359009e-02
-2.184856869280338287e-02
2.287273481488227844e-02
-9.342875331640243530e-02
6.064513698220252991e-03
9.497426450252532959e-02
4.438481479883193970e-02
8.414124697446823120e-02
-6.009482964873313904e-02
7.880204170942306519e-02
5.535332486033439636e-03
-4.010756313800811768e-02
5.438922718167304993e-02
-3.278701752424240112e-02
-4.089839011430740356e-02
2.747124060988426208e-02
7.978266105055809021e-03
-7.196438498795032501e-03
1.809569820761680603e-02
-5.106429383158683777e-02
3.749299421906471252e-02
-3.419432044029235840e-02
1.627449877560138702e-02
4.984971135854721069e-02
-4.914296790957450867e-02
-7.691766601055860519e-03
8.443064056336879730e-03
-2.569794841110706329e-02
7.251864764839410782e-03
3.087882325053215027e-02
-4.021957516670227051e-03
-2.003911882638931274e-02
3.814895451068878174e-02
-2.123113721609115601e-02
-4.914746433496475220e-02
7.107127923518419266e-03
-4.999213665723800659e-02
2.488901466131210327e-02
3.382029943168163300e-03
-4.444288462400436401e-02
2.785453759133815765e-02
-4.368301853537559509e-02
2.475513890385627747e-02
-8.926843106746673584e-02
9.721122682094573975e-02
2.265559136867523193e-02
1.527239382266998291e-01
4.077111557126045227e-02
6.532745808362960815e-02
2.169222570955753326e-02
-3.343776613473892212e-02
-2.221090905368328094e-02
4.628825560212135315e-02
-1.179899275302886963e-01
2.636551670730113983e-02
-7.718443125486373901e-02
7.037679851055145264e-02
2.474982291460037231e-02
1.439896877855062485e-02
-3.565092384815216064e-02
-1.205445453524589539e-02
-3.405774012207984924e-02
7.403147965669631958e-02
-5.980635061860084534e-02
5.990680307149887085e-03
-9.759993292391300201e-03
5.179220438003540039e-02
2.614324167370796204e-02
-1.486603170633316040e-02
6.723111122846603394e-02
8.519265800714492798e-02
-1.935981772840023041e-02
-9.434688836336135864e-02
-5.518653988838195801e-02
-7.775150239467620850e-02
-1.441235244274139404e-01
6.268110871315002441e-02
-2.091398695483803749e-03
1.101302728056907654e-02
3.707857802510261536e-02
-2.273646295070648193e-01
7.298646122217178345e-02
-1.602423340082168579e-01
-6.099504232406616211e-02
1.738734357059001923e-02
6.506624072790145874e-02
-1.490577459335327148e-01
-4.678631573915481567e-02
1.260848529636859894e-02
7.987778633832931519e-02
-2.159286476671695709e-02
6.482759863138198853e-02
1.762918382883071899e-01
-1.603468358516693115e-01
-9.985709190368652344e-02
-1.013969350606203079e-02
-1.198867149651050568e-02
1.123387813568115234e-01
-6.793171912431716919e-02
1.227147430181503296e-01
