-8.689890801906585693e-02
-1.990340650081634521e-02
3.470962867140769958e-02
-8.021080866456031799e-03
-1.248090341687202454e-02
4.953253641724586487e-02
5.176542699337005615e-02
-7.749646902084350586e-02
1.030753776431083679e-01
6.164127588272094727e-02
-9.054435044527053833e-02
-4.780248925089836121e-02
8.960889279842376709e-02
-1.636151969432830811e-02
-7.408121135085821152e-03
2.208822406828403473e-04
2.193356677889823914e-02
-5.798890069127082825e-02
9.340188466012477875e-03
3.629952296614646912e-02
6.735443323850631714e-02
-5.425798241049051285e-03
-1.963206380605697632e-02
6.493249675258994102e-04
2.543628402054309845e-02
-1.524863857775926590e-02
-1.822762377560138702e-02
-1.886665448546409607e-02
-1.439902484416961670e-01
-2.309053391218185425e-02
-4.726939648389816284e-02
-8.276371657848358154e-02
3.692512586712837219e-02
1.092207431793212891e-01
-1.608831994235515594e-02
-3.748968616127967834e-02
-8.247067779302597046e-02
8.419386111199855804e-03
-3.058849088847637177e-02
2.055940590798854828e-02
-3.884257748723030090e-03
-4.060519114136695862e-02
-1.452789641916751862e-03
-7.245726138353347778e-02
1.129362806677818298e-01
1.408570408821105957e-01
6.445140391588211060e-02
-1.799717172980308533e-02
-8.764535933732986450e-02
-6.724376231431961060e-02
-3.294096514582633972e-02
1.602236032485961914e-01
-2.401321381330490112e-02
7.515847682952880859e-02
8.806999772787094116e-02
-1.923292316496372223e-02
-3.607309609651565552e-02
1.575609296560287476e-02
5.540167167782783508e-02
-2.131015621125698090e-02
4.316130653023719788e-02
-1.398197840899229050e-03
1.036426946520805359e-01
-1.676488816738128662e-01
-5.504744127392768860e-03
-5.500552244484424591e-03
-4.086878150701522827e-02
6.592812389135360718e-02
-6.717123091220855713e-02
-3.851823881268501282e-02
7.821011357009410858e-03
-1.889982633292675018e-02
-7.767900358885526657e-03
8.459958434104919434e-02
2.149207703769207001e-02
7.710605859756469727e-03
1.801549643278121948e-02
6.032272428274154663e-02
-5.587470531463623047e-02
5.758716911077499390e-02
-6.969538331031799316e-02
2.411999180912971497e-02
2.682637609541416168e-02
-1.080373525619506836e-01
-7.255218923091888428e-02
1.253556110896170139e-03
6.476893275976181030e-02
8.499022573232650757e-02
5.974418949335813522e-03
-4.168935865163803101e-02
3.238086774945259094e-02
-2.614529337733983994e-03
-8.535893261432647705e-02
7.577499002218246460e-02
-1.126752272248268127e-01
1.081237569451332092e-02
-7.652574777603149414e-02
5.112577602267265320e-02
-2.886796928942203522e-02
-1.139612961560487747e-02
-5.422290414571762085e-02
-2.945999428629875183e-02
-5.722786299884319305e-03
1.742972433567047119e-02
-1.714250259101390839e-02
-3.828292712569236755e-02
9.502907097339630127e-02
1.172211486846208572e-02
3.070903755724430084e-02
-2.324101078556850553e-04
-8.278806507587432861e-02
3.463662043213844299e-02
-4.115031287074089050e-02
-3.950355574488639832e-02
-7.976321876049041748e-02
-3.315579518675804138e-02
6.554269045591354370e-02
-3.272601217031478882e-02
-1.276710536330938339e-02
7.977507263422012329e-02
4.128197580575942993e-02
-5.757686495780944824e-02
-2.541848458349704742e-02
2.073482796549797058e-02
2.957055531442165375e-02
4.878377914428710938e-02
-3.371128812432289124e-02
-1.052063927054405212e-01
-4.438846558332443237e-02
-3.328979760408401489e-02
3.448529168963432312e-02
-9.183901548385620117e-02
7.005690038204193115e-02
4.876144602894783020e-02
1.993608893826603889e-03
-6.001105159521102905e-02
1.139670759439468384e-01
-6.913656741380691528e-02
1.397528965026140213e-02
-3.291484899818897247e-03
-1.738906651735305786e-02
-4.455794766545295715e-02
8.675700426101684570e-02
6.100903823971748352e-02
4.388546943664550781e-02
1.748592965304851532e-02
-1.483281981199979782e-02
9.230707585811614990e-02
4.976814985275268555e-02
-5.006198212504386902e-02
4.892041906714439392e-02
-4.579807166010141373e-03
3.091610269621014595e-03
-7.392273098230361938e-02
4.399585351347923279e-02
7.992169260978698730e-02
3.407141193747520447e-02
7.892108708620071411e-02
-6.360825151205062866e-02
1.119089052081108093e-01
3.903367370367050171e-02
-3.433902189135551453e-02
4.525404423475265503e-02
-2.314441278576850891e-02
-3.745309263467788696e-02
5.318671464920043945e-03
5.613230634480714798e-03
-2.391565404832363129e-02
2.965549938380718231e-02
-3.025431372225284576e-02
3.782663866877555847e-02
-1.563728414475917816e-02
1.277481298893690109e-02
5.475758761167526245e-02
-8.468557894229888916e-02
-5.348194390535354614e-03
-3.279370814561843872e-02
-4.449073690921068192e-03
1.159652695059776306e-02
1.023538038134574890e-02
-1.142823696136474609e-02
-4.376094415783882141e-02
3.555288771167397499e-03
-7.732193171977996826e-02
-2.672618255019187927e-02
-2.202289877459406853e-03
-2.807801030576229095e-02
8.895676583051681519e-03
3.488133102655410767e-02
-4.714321717619895935e-02
-1.774391718208789825e-02
-6.393656134605407715e-02
5.551018193364143372e-02
-1.305915117263793945e-01
1.070251613855361938e-01
7.072617858648300171e-02
1.851548701524734497e-01
3.788240998983383179e-02
9.176824986934661865e-02
-3.777796775102615356e-02
-3.650322183966636658e-02
-2.572294138371944427e-02
3.547949716448783875e-02
-1.481074243783950806e-01
-2.504062606021761894e-03
-5.175099521875381470e-02
6.093924492597579956e-02
2.603426575660705566e-02
-1.887810975313186646e-02
-4.912103060632944107e-03
-1.010219100862741470e-02
-4.277652874588966370e-02
8.368964493274688721e-02
-9.747851639986038208e-02
-5.737703293561935425e-03
3.980823792517185211e-03
2.785523980855941772e-02
2.405438758432865143e-02
9.824058972299098969e-03
9.328440576791763306e-02
1.152663454413414001e-01
-7.218516431748867035e-03
-8.356079459190368652e-02
-3.104320354759693146e-02
-7.728399336338043213e-02
-1.368281394243240356e-01
5.182964727282524109e-02
-2.197518758475780487e-02
-7.156721316277980804e-03
3.381840139627456665e-02
-1.815470159053802490e-01
9.051775187253952026e-02
-1.775569766759872437e-01
-1.925683394074440002e-02
5.495642498135566711e-02
9.968677908182144165e-02
-1.750086247920989990e-01
-6.975392997264862061e-02
-1.526490319520235062e-02
5.310809612274169922e-02
8.864476345479488373e-03
1.032145470380783081e-01
1.725623607635498047e-01
-1.207404732704162598e-01
-7.903233170509338379e-02
-1.908388547599315643e-02
-5.378286167979240417e-02
1.193973347544670105e-01
-5.285087600350379944e-02
1.232470199465751648e-01
