-1.241538897156715393e-01
-1.601802185177803040e-02
6.099892780184745789e-02
-7.456796616315841675e-02
-1.296654250472784042e-02
1.545698940753936768e-01
1.970930770039558411e-02
-1.770808398723602295e-01
1.014019548892974854e-01
6.884735822677612305e-02
-1.248362511396408081e-01
-2.471552789211273193e-02
1.521297991275787354e-01
2.357394993305206299e-02
4.195876047015190125e-02
9.854386001825332642e-02
7.975099608302116394e-03
-8.624616265296936035e-02
-1.021756208501756191e-03
5.227483808994293213e-02
4.399448633193969727e-03
-3.141431137919425964e-02
1.323213707655668259e-02
-6.452055275440216064e-02
-2.155629219487309456e-03
1.129366829991340637e-02
9.611592441797256470e-02
-1.357548832893371582e-01
-5.816073715686798096e-02
-5.310045182704925537e-02
-6.109036970883607864e-03
-2.421705424785614014e-02
2.301853895187377930e-02
2.628781087696552277e-02
6.294277496635913849e-03
-2.363220043480396271e-02
-1.211600005626678467e-02
-2.408113330602645874e-02
3.893825411796569824e-02
-4.567543417215347290e-02
-9.968959540128707886e-02
1.067053526639938354e-02
8.744158782064914703e-03
-5.977342370897531509e-03
6.605992466211318970e-02
5.543599277734756470e-02
-7.778681349009275436e-03
-2.138527482748031616e-02
-1.363428775221109390e-02
-5.936677008867263794e-02
-7.310232520103454590e-02
6.715824129059910774e-04
-8.928166702389717102e-03
-3.821520879864692688e-02
1.613416895270347595e-02
1.613379456102848053e-02
-1.259325258433818817e-02
5.153403058648109436e-02
7.792511023581027985e-03
8.664329349994659424e-02
7.179310917854309082e-02
-1.921053230762481689e-02
6.790089607238769531e-02
-1.220296248793601990e-01
-3.281190246343612671e-02
-3.083789907395839691e-02
-6.067631766200065613e-02
1.230794340372085571e-01
-9.110231697559356689e-02
-1.075942367315292358e-01
2.187875472009181976e-02
-3.838140517473220825e-02
-6.562844850122928619e-03
9.987844526767730713e-02
-2.005044743418693542e-02
6.269451230764389038e-02
5.101542919874191284e-02
2.600544132292270660e-02
-6.614541262388229370e-02
7.618373632431030273e-02
-4.731881991028785706e-02
5.458289384841918945e-02
5.341513082385063171e-02
-3.377551957964897156e-02
-7.788467407226562500e-02
5.267659202218055725e-02
5.617757141590118408e-02
9.665759652853012085e-02
1.902407407760620117e-02
-7.833802141249179840e-03
2.345237135887145996e-02
-5.645287036895751953e-02
-1.100671812891960144e-01
-2.985499566420912743e-03
-7.427094876766204834e-02
2.004676684737205505e-02
-3.296596184372901917e-02
8.381041884422302246e-02
-4.540994018316268921e-02
-4.252402577549219131e-03
-1.095323711633682251e-01
6.048030406236648560e-02
2.016601525247097015e-02
3.610793873667716980e-02
-1.179880872368812561e-01
5.610819905996322632e-03
2.911815047264099121e-02
-1.954466663300991058e-02
-5.023354664444923401e-03
1.819224096834659576e-02
-6.957514584064483643e-02
-2.505878731608390808e-02
3.408376872539520264e-02
-3.750255703926086426e-02
-1.768769770860671997e-01
-4.020445048809051514e-03
4.711995273828506470e-02
-7.645063102245330811e-02
4.046826064586639404e-02
2.477054297924041748e-02
1.659251451492309570e-01
-3.563553467392921448e-02
1.265076696872711182e-01
-7.777941972017288208e-02
1.230874937027692795e-02
1.067266166210174561e-01
-1.436891257762908936e-01
-3.116636723279953003e-02
-4.346751049160957336e-02
-2.430165000259876251e-02
2.847735583782196045e-02
-4.693359136581420898e-02
7.618385553359985352e-02
6.158718839287757874e-02
-4.907965660095214844e-02
2.028318494558334351e-02
1.590209305286407471e-01
-1.008470579981803894e-01
-4.958552867174148560e-02
-7.472851127386093140e-02
-5.159234255552291870e-02
-7.727256417274475098e-02
1.806722022593021393e-02
7.191323488950729370e-02
3.165006265044212341e-02
5.047737061977386475e-02
-5.931435897946357727e-02
7.762565743178129196e-03
4.231548309326171875e-02
-4.225863888859748840e-02
4.827224835753440857e-02
-2.570655383169651031e-02
3.105272911489009857e-02
-7.870040088891983032e-02
-1.072268560528755188e-01
7.423584163188934326e-02
3.273858875036239624e-02
1.848713457584381104e-01
-1.159139275550842285e-01
3.726174682378768921e-02
-2.289799042046070099e-02
-9.040175937116146088e-03
-3.638273850083351135e-02
-2.914038300514221191e-02
-3.889929130673408508e-02
-5.462875924422405660e-05
-9.824529290199279785e-03
-2.496798336505889893e-02
-4.280042648315429688e-02
-3.490270301699638367e-02
1.108086947351694107e-02
-2.837304398417472839e-02
1.972343586385250092e-02
3.159121051430702209e-02
3.127333521842956543e-02
-1.271769776940345764e-02
5.802702158689498901e-02
4.370408132672309875e-02
3.928318992257118225e-02
2.614787407219409943e-02
-2.998138032853603363e-02
4.000357165932655334e-02
5.195756629109382629e-02
9.733367711305618286e-02
-6.830942630767822266e-02
1.698015630245208740e-02
-3.198515996336936951e-02
2.004747837781906128e-02
2.047179825603961945e-02
4.148174193687736988e-04
-1.514466572552919388e-02
2.852185629308223724e-02
4.240040667355060577e-03
1.761740632355213165e-02
6.666953116655349731e-02
1.403927151113748550e-02
-1.315357722342014313e-02
-5.941504146903753281e-03
3.084505163133144379e-02
1.013203337788581848e-02
-1.198330149054527283e-02
8.709860034286975861e-03
-4.468139261007308960e-03
-6.718648225069046021e-02
-4.114490933716297150e-03
-5.926179699599742889e-03
5.495920777320861816e-02
2.933295816183090210e-02
3.661222383379936218e-02
-4.674978926777839661e-02
-4.495480656623840332e-02
-5.017495527863502502e-02
-2.889004070311784744e-03
5.557055398821830750e-02
9.328274056315422058e-03
-1.611465774476528168e-02
2.478127554059028625e-02
8.986739069223403931e-02
2.913822047412395477e-02
8.753359317779541016e-03
3.241508826613426208e-02
-5.243184044957160950e-02
-3.674985840916633606e-02
-6.698750704526901245e-02
-8.751180768013000488e-02
-6.229728832840919495e-02
4.088147357106208801e-02
5.900756642222404480e-02
6.114730983972549438e-02
-7.364701741607859731e-05
-2.709347009658813477e-01
6.588678061962127686e-02
-1.307556629180908203e-01
-9.168031811714172363e-02
4.543774574995040894e-02
6.567913293838500977e-02
-1.614887267351150513e-01
-3.091866150498390198e-02
-1.948807016015052795e-02
2.270849980413913727e-02
-9.663021191954612732e-03
7.175569236278533936e-02
-8.710347115993499756e-03
-1.047634407877922058e-01
-5.189334228634834290e-02
1.252979412674903870e-02
2.073521167039871216e-02
-1.357706170529127121e-02
5.090281367301940918e-02
2.851885184645652771e-02
