-1.035987213253974915e-01
-5.442550405859947205e-02
4.419330507516860962e-02
-5.354578420519828796e-02
-1.464980747550725937e-02
7.176730781793594360e-02
4.154333472251892090e-02
-1.177444085478782654e-01
1.100815758109092712e-01
4.363922774791717529e-02
-8.890270441770553589e-02
-7.399915158748626709e-02
9.848221391439437866e-02
-1.489099301397800446e-02
2.872024476528167725e-02
2.820543386042118073e-02
4.345113411545753479e-02
-7.715135812759399414e-02
1.988998800516128540e-02
5.304552987217903137e-02
4.881603643298149109e-02
-7.917376235127449036e-03
-1.627860777080059052e-02
-1.099582109600305557e-02
3.458468616008758545e-02
-3.019630210474133492e-03
1.508235000073909760e-02
-1.565785333514213562e-02
-1.038874760270118713e-01
2.262470498681068420e-02
-2.740585245192050934e-02
-8.054897934198379517e-02
-2.126049250364303589e-02
1.023384109139442444e-01
-8.434957824647426605e-03
-2.447560057044029236e-02
-9.633821994066238403e-02
5.064279306679964066e-03
-7.545388769358396530e-03
4.127429425716400146e-02
-3.383033722639083862e-02
-2.186146005988121033e-02
1.378726307302713394e-02
-9.039220213890075684e-02
1.536831408739089966e-01
9.406867623329162598e-02
8.251649141311645508e-02
-2.440271899104118347e-03
-6.728515028953552246e-02
-9.184182435274124146e-02
-8.812604099512100220e-02
1.313358098268508911e-01
-3.273205459117889404e-02
9.716557711362838745e-02
9.296830743551254272e-02
-4.204448685050010681e-02
-4.342900589108467102e-02
3.290239721536636353e-02
2.723843604326248169e-02
3.294439753517508507e-03
6.879057735204696655e-02
-4.836740344762802124e-02
1.083204299211502075e-01
-1.511517912149429321e-01
-9.345699101686477661e-03
1.182214263826608658e-02
-4.399464279413223267e-02
6.129486858844757080e-02
-1.551746949553489685e-02
-3.852446377277374268e-02
6.623756140470504761e-02
-2.944926731288433075e-02
-4.261944815516471863e-02
5.637967959046363831e-02
1.499861385673284531e-02
-6.743131671100854874e-03
1.851031742990016937e-02
4.741801694035530090e-02
-7.582162320613861084e-02
8.335063606500625610e-02
-7.194527238607406616e-02
3.380348905920982361e-02
2.722529135644435883e-02
-1.220352947711944580e-01
-6.957373768091201782e-02
-1.510882191359996796e-02
2.797146514058113098e-02
8.757005631923675537e-02
1.032666768878698349e-02
-6.689340621232986450e-02
1.883044466376304626e-02
4.533218219876289368e-02
-9.215329587459564209e-02
8.862897753715515137e-02
-1.105386912822723389e-01
-7.336583454161882401e-03
-8.006462454795837402e-02
1.990181580185890198e-02
1.089695841073989868e-02
-1.546438504010438919e-02
-8.418727666139602661e-02
-2.710716426372528076e-02
-3.452668711543083191e-02
2.305148169398307800e-02
-3.492661938071250916e-02
-2.395070157945156097e-02
8.023304492235183716e-02
1.166805624961853027e-02
6.825813651084899902e-02
-8.030652999877929688e-03
-9.044879674911499023e-02
1.560118049383163452e-02
-2.913518249988555908e-02
-5.062495172023773193e-02
-8.776605874300003052e-02
-3.395343199372291565e-02
9.111530147492885590e-03
-5.276136845350265503e-02
-3.995975421275943518e-04
7.541227340698242188e-02
4.045664146542549133e-02
-4.245889186859130859e-02
1.031662430614233017e-02
-4.041318316012620926e-03
1.742288842797279358e-02
6.872878223657608032e-02
-4.646727815270423889e-02
-8.892823010683059692e-02
-4.924847185611724854e-02
-3.648309037089347839e-02
2.719829604029655457e-02
-1.011822223663330078e-01
4.101530089974403381e-02
5.105984862893819809e-03
2.618572860956192017e-02
-4.643196612596511841e-02
7.088476419448852539e-02
-4.205418005585670471e-02
-4.211946576833724976e-02
-6.205936893820762634e-03
-3.874626383185386658e-02
-5.978132039308547974e-02
3.824120014905929565e-02
5.502151325345039368e-02
5.824566632509231567e-02
1.877376623451709747e-02
-2.931665256619453430e-02
6.758637726306915283e-02
5.422500893473625183e-02
-4.582304507493972778e-02
4.441693797707557678e-02
-1.570546999573707581e-02
1.517162541858851910e-03
-1.211853846907615662e-01
9.803882800042629242e-03
6.204784661531448364e-02
1.715798489749431610e-02
8.814765512943267822e-02
-4.609593749046325684e-02
9.441931545734405518e-02
3.870265930891036987e-02
-1.060138922184705734e-02
7.259058766067028046e-03
2.546105161309242249e-02
-6.338564306497573853e-02
2.762332372367382050e-02
-7.377120852470397949e-02
-1.690056361258029938e-02
2.642047405242919922e-02
-8.549073338508605957e-02
5.370594933629035950e-02
-5.966668203473091125e-02
7.570057362318038940e-02
5.702747777104377747e-02
-3.418884053826332092e-02
-2.588409930467605591e-02
1.541721727699041367e-02
-4.421839118003845215e-02
4.303095047362148762e-04
3.607212752103805542e-02
-9.759759530425071716e-03
1.249063014984130859e-02
2.772393077611923218e-02
-1.489454135298728943e-02
-5.390545725822448730e-02
6.817204877734184265e-03
-6.747212260961532593e-02
-3.374209627509117126e-02
6.167618185281753540e-02
-6.381107121706008911e-02
-3.314059227705001831e-02
-2.924339845776557922e-02
5.663462355732917786e-02
-1.338363289833068848e-01
1.153613179922103882e-01
5.752106383442878723e-02
1.647286862134933472e-01
6.216502562165260315e-02
1.012824326753616333e-01
-2.768182940781116486e-02
-3.404702583793550730e-04
-3.591353818774223328e-02
4.160907119512557983e-02
-1.438186764717102051e-01
2.392911119386553764e-05
-6.545862555503845215e-02
6.145473569631576538e-02
-1.284319721162319183e-02
2.359816106036305428e-03
-2.160406298935413361e-02
-1.328905578702688217e-02
-2.516787685453891754e-02
6.546972692012786865e-02
-8.350652456283569336e-02
2.160552702844142914e-02
-1.664789207279682159e-02
5.861651152372360229e-02
5.997679382562637329e-02
-1.920790039002895355e-02
7.097778469324111938e-02
8.193811029195785522e-02
-1.693323440849781036e-02
-1.061121076345443726e-01
-3.160510212182998657e-02
-6.237225979566574097e-02
-1.403080374002456665e-01
4.744330048561096191e-02
2.484757453203201294e-02
-3.003224497660994530e-03
3.015087544918060303e-02
-1.639746725559234619e-01
8.164238184690475464e-02
-1.472529768943786621e-01
-3.673092648386955261e-02
4.575532674789428711e-02
5.795079469680786133e-02
-1.564504206180572510e-01
-5.755520612001419067e-02
-1.928497478365898132e-02
6.910350918769836426e-02
-1.920879632234573364e-02
7.953074574470520020e-02
1.732670366764068604e-01
-1.429414153099060059e-01
-1.055142357945442200e-01
3.653998486697673798e-03
-3.019316308200359344e-02
1.183523014187812805e-01
-5.574962496757507324e-02
1.038319990038871765e-01
