-3.195681422948837280e-02
-1.215847302228212357e-02
8.641245774924755096e-03
3.469595219939947128e-03
3.505842387676239014e-02
3.112959302961826324e-02
6.436157226562500000e-02
-1.488323323428630829e-02
8.962230384349822998e-02
3.735603764653205872e-02
-1.512789167463779449e-02
-4.636992514133453369e-02
2.982069365680217743e-02
-1.161985378712415695e-02
1.837533898651599884e-02
7.166385184973478317e-03
3.530772030353546143e-02
-4.394227638840675354e-02
-2.139572985470294952e-02
3.764993697404861450e-02
2.661881223320960999e-02
1.968969404697418213e-02
-3.238530457019805908e-02
-1.182377152144908905e-02
-2.904483815655112267e-03
-2.199961990118026733e-02
1.217782218009233475e-02
1.991002261638641357e-02
-1.120024695992469788e-01
2.419775724411010742e-02
-5.040891841053962708e-02
-8.111802488565444946e-02
3.150819102302193642e-03
1.149863898754119873e-01
-3.398653818294405937e-03
-2.846530824899673462e-02
-6.949857622385025024e-02
2.288426645100116730e-02
-6.423244625329971313e-02
2.887693047523498535e-02
-4.784063436090946198e-03
-3.641567379236221313e-02
-1.581855863332748413e-02
-9.805549681186676025e-02
1.169004589319229126e-01
1.639313399791717529e-01
1.061045825481414795e-01
-8.662356063723564148e-03
-8.231761306524276733e-02
-6.252914667129516602e-02
-5.194412916898727417e-02
1.680997610092163086e-01
-1.646640128456056118e-03
1.151518821716308594e-01
1.368892788887023926e-01
-4.866094514727592468e-02
-3.738325834274291992e-02
2.991442382335662842e-02
3.636573255062103271e-02
-5.279093980789184570e-02
2.691037207841873169e-02
-5.667506903409957886e-02
1.057595461606979370e-01
-1.829998046159744263e-01
-1.324770133942365646e-02
3.058002330362796783e-02
-1.712897047400474548e-02
5.454616621136665344e-02
-4.032045602798461914e-02
-3.394579887390136719e-02
4.733096063137054443e-02
-4.675543308258056641e-02
-2.459077537059783936e-02
8.109955489635467529e-02
9.154041297733783722e-03
-1.272594835609197617e-02
3.195885941386222839e-02
4.792428761720657349e-02
-6.009542196989059448e-02
8.333991467952728271e-02
-5.813713371753692627e-02
5.334784090518951416e-02
3.726602718234062195e-02
-9.348573535680770874e-02
-5.730774253606796265e-02
-7.219005841761827469e-03
4.863189533352851868e-03
3.922932967543601990e-02
1.984023675322532654e-02
-8.344897627830505371e-02
3.618998220190405846e-03
4.535713419318199158e-02
-5.729459598660469055e-02
6.953927129507064819e-02
-1.115822717547416687e-01
3.467347472906112671e-03
-9.270476549863815308e-02
1.833819784224033356e-02
-2.526846155524253845e-02
-1.894031465053558350e-02
-6.724039465188980103e-02
-2.514520846307277679e-02
-9.920503944158554077e-03
6.558790802955627441e-02
-1.219046860933303833e-02
-1.131865940988063812e-02
6.133677810430526733e-02
1.974735967814922333e-02
4.964407905936241150e-02
1.917069777846336365e-02
-9.786877781152725220e-02
2.563772536814212799e-02
-5.712998285889625549e-02
-6.985922902822494507e-02
-8.157577365636825562e-02
-5.867182835936546326e-02
3.864682093262672424e-02
-1.125187892466783524e-02
-2.229089103639125824e-02
5.664550513029098511e-02
3.582500666379928589e-02
-7.013152539730072021e-02
-3.555814968422055244e-03
-1.307152491062879562e-02
3.229460865259170532e-02
6.759870052337646484e-02
-2.009114623069763184e-02
-8.064016699790954590e-02
-3.079368500038981438e-03
-3.078555315732955933e-02
1.113260630518198013e-02
-1.188071742653846741e-01
4.711795598268508911e-02
3.595618531107902527e-02
3.484382107853889465e-02
-4.216401278972625732e-02
8.622641116380691528e-02
-2.194177173078060150e-02
1.290775183588266373e-02
4.530174657702445984e-02
-4.849254153668880463e-03
-5.817426368594169617e-02
8.377625048160552979e-02
4.149908572435379028e-02
2.684783190488815308e-02
3.096913918852806091e-02
2.202829159796237946e-02
1.195465400815010071e-01
3.038403205573558807e-02
-1.521402597427368164e-02
2.317806333303451538e-02
-1.447450253181159496e-03
-3.144617378711700439e-02
-8.957169204950332642e-02
3.732635173946619034e-03
1.050102114677429199e-01
4.089342057704925537e-02
5.525005608797073364e-02
-5.973317846655845642e-02
1.135948225855827332e-01
5.712905526161193848e-02
-2.584595419466495514e-02
3.242037817835807800e-02
2.043782733380794525e-03
-4.207278415560722351e-02
9.243333712220191956e-03
-8.538103662431240082e-03
-1.677344366908073425e-02
6.618780642747879028e-02
-2.376415207982063293e-02
5.827559903264045715e-02
2.661032136529684067e-03
1.701650326140224934e-03
6.180912628769874573e-02
-5.982271954417228699e-02
3.984827548265457153e-03
-2.806380018591880798e-02
9.536745958030223846e-03
-5.991644691675901413e-03
2.808603830635547638e-02
7.174751255661249161e-03
-6.122946739196777344e-02
-2.165456861257553101e-02
-6.571584194898605347e-02
-2.349525690078735352e-02
-3.756594285368919373e-02
-3.457911312580108643e-02
-3.621695563197135925e-02
4.859885200858116150e-02
-4.976425692439079285e-02
-4.055740684270858765e-02
-3.125968202948570251e-02
4.713235422968864441e-02
-1.501922607421875000e-01
9.903714060783386230e-02
8.133982121944427490e-02
1.693307608366012573e-01
3.953320160508155823e-02
7.515759021043777466e-02
-2.914800122380256653e-02
-4.311639349907636642e-03
-5.151678249239921570e-02
3.844317421317100525e-02
-1.341478824615478516e-01
-1.882647350430488586e-02
-8.040233701467514038e-02
6.602045148611068726e-02
2.638785541057586670e-02
3.199432976543903351e-03
-7.896775379776954651e-03
4.841221030801534653e-03
-1.999161206185817719e-02
4.663035646080970764e-02
-7.991793751716613770e-02
9.911481291055679321e-03
1.228500250726938248e-02
1.528204791247844696e-02
2.149734273552894592e-02
1.232149638235569000e-02
1.114917248487472534e-01
1.032932922244071960e-01
2.016501501202583313e-02
-1.077534854412078857e-01
-9.824818698689341545e-04
-4.366780817508697510e-02
-1.173358634114265442e-01
1.244280487298965454e-02
-2.366785705089569092e-02
-1.628211513161659241e-02
6.167888268828392029e-02
-1.173549443483352661e-01
7.538390159606933594e-02
-1.665335893630981445e-01
-1.880841143429279327e-02
6.872002780437469482e-02
9.871580451726913452e-02
-1.724100708961486816e-01
-6.956244260072708130e-02
-2.112852223217487335e-02
4.856568574905395508e-02
-7.333188783377408981e-03
1.357092708349227905e-01
2.023657411336898804e-01
-1.536057293415069580e-01
-9.007649123668670654e-02
-3.202177956700325012e-02
-5.363157391548156738e-02
1.541833132505416870e-01
-5.306006595492362976e-02
1.378518640995025635e-01
