-7.463606446981430054e-02
-4.301084578037261963e-02
6.561741232872009277e-02
-5.122402310371398926e-02
1.077075768262147903e-02
5.336707457900047302e-02
5.165949929505586624e-03
-8.660694211721420288e-02
7.039193809032440186e-02
3.427963331341743469e-02
-1.083693653345108032e-01
-3.444806486368179321e-02
7.857482880353927612e-02
-3.831556811928749084e-02
3.609398007392883301e-02
6.206308305263519287e-02
4.328478872776031494e-02
-8.782611787319183350e-02
3.587205335497856140e-02
3.841000795364379883e-02
4.656740650534629822e-02
-8.055008947849273682e-03
-1.109235640615224838e-02
-2.018117718398571014e-02
2.567269280552864075e-02
-1.914859749376773834e-02
3.408361226320266724e-02
-1.952362991869449615e-02
-1.367066204547882080e-01
5.794527474790811539e-03
-2.937109023332595825e-02
-9.921874850988388062e-02
-7.845861837267875671e-04
9.506270289421081543e-02
-1.272807922214269638e-02
-2.617587521672248840e-02
-9.815358370542526245e-02
2.306499332189559937e-02
-8.675595745444297791e-03
2.221682853996753693e-02
-6.096043437719345093e-02
-4.412547871470451355e-02
1.528051868081092834e-02
-9.002873301506042480e-02
1.288262307643890381e-01
1.116344034671783447e-01
7.220050692558288574e-02
-1.763107813894748688e-02
-9.231009334325790405e-02
-8.687179535627365112e-02
-5.625681206583976746e-02
1.558157801628112793e-01
-2.786066569387912750e-02
8.309016376733779907e-02
9.617570787668228149e-02
-3.456626832485198975e-02
-3.297160193324089050e-02
6.287119537591934204e-02
3.988398984074592590e-02
9.523778222501277924e-03
5.048574879765510559e-02
-4.162324592471122742e-02
1.038219481706619263e-01
-1.832704842090606689e-01
-1.390128955245018005e-02
-1.295437384396791458e-02
-3.593571484088897705e-02
7.414637506008148193e-02
-1.800969801843166351e-02
-7.251033931970596313e-02
5.522381514310836792e-02
-2.867162041366100311e-02
-9.054265916347503662e-03
7.057338207960128784e-02
9.263148531317710876e-03
-4.907976370304822922e-03
2.266860380768775940e-02
5.639699473977088928e-02
-5.785387009382247925e-02
8.517539501190185547e-02
-8.689388632774353027e-02
4.750975593924522400e-02
4.575137421488761902e-02
-1.257004886865615845e-01
-1.046089977025985718e-01
3.582242177799344063e-03
4.362520948052406311e-02
1.127369254827499390e-01
2.341844514012336731e-02
-6.241458654403686523e-02
4.225569963455200195e-02
1.661611907184123993e-02
-9.822820127010345459e-02
7.917535305023193359e-02
-1.325268745422363281e-01
-3.959801048040390015e-03
-8.661150187253952026e-02
5.519629269838333130e-02
1.611310057342052460e-02
-2.986644394695758820e-03
-1.036706641316413879e-01
-3.059062361717224121e-02
-4.001701623201370239e-02
5.780833959579467773e-02
-2.983247675001621246e-02
-1.229369360953569412e-02
8.285585790872573853e-02
1.965942559763789177e-03
3.334993124008178711e-02
-3.950578626245260239e-03
-8.642783761024475098e-02
3.148479387164115906e-03
-3.655903413891792297e-02
-3.230552002787590027e-02
-1.102656200528144836e-01
-4.177513346076011658e-02
4.598674550652503967e-02
-4.646262899041175842e-02
-3.658208297565579414e-03
8.138597011566162109e-02
6.891079992055892944e-02
-5.214521288871765137e-02
-1.667565479874610901e-02
-2.265756949782371521e-03
7.041271310299634933e-03
9.339369833469390869e-02
-6.312169134616851807e-02
-1.028312966227531433e-01
-3.146225959062576294e-02
-5.411785468459129333e-02
1.696216128766536713e-02
-8.695002645254135132e-02
7.740879058837890625e-02
2.002811245620250702e-02
2.803925052285194397e-02
-6.768716126680374146e-02
1.102141812443733215e-01
-3.270607441663742065e-02
-2.715499326586723328e-02
-1.057740300893783569e-02
-8.809771970845758915e-04
-6.532439589500427246e-02
6.691704690456390381e-02
8.554971218109130859e-02
5.004500970244407654e-02
1.639351993799209595e-02
-2.598772943019866943e-02
1.008784547448158264e-01
5.676115676760673523e-02
-3.251161426305770874e-02
2.405071072280406952e-02
8.007099386304616928e-04
1.894840598106384277e-02
-9.896726161241531372e-02
5.012784153223037720e-03
1.107507869601249695e-01
3.326370567083358765e-02
9.099963307380676270e-02
-7.919283211231231689e-02
1.134473606944084167e-01
6.947248429059982300e-02
-3.044083341956138611e-02
7.290943525731563568e-03
-1.088859789888374507e-04
-4.703069850802421570e-02
2.715647593140602112e-02
-5.806240439414978027e-02
-2.929353155195713043e-02
1.980213634669780731e-02
-5.320818722248077393e-02
6.121015921235084534e-02
-7.158873230218887329e-02
6.510978937149047852e-02
5.995924770832061768e-02
-5.753333494067192078e-02
-1.758486405014991760e-02
-3.132663434371352196e-03
-7.354525849223136902e-03
9.049211628735065460e-03
4.071817919611930847e-02
-7.857776246964931488e-03
2.997366245836019516e-03
5.566957965493202209e-02
-1.853891275823116302e-02
-4.499338567256927490e-02
1.081123016774654388e-02
-3.170744702219963074e-02
-7.780184503644704819e-03
6.096618995070457458e-02
-6.460494548082351685e-02
-1.912760548293590546e-02
-2.143986336886882782e-02
4.037543758749961853e-02
-9.741837531328201294e-02
1.028188467025756836e-01
6.587421894073486328e-02
1.144681945443153381e-01
6.827957928180694580e-02
6.631862372159957886e-02
3.223772626370191574e-03
-7.764746900647878647e-03
-2.415210381150245667e-02
3.031360171735286713e-02
-1.229296624660491943e-01
-1.557705551385879517e-02
-7.304496318101882935e-02
5.438407883048057556e-02
9.310278110206127167e-03
1.998184993863105774e-02
-2.413344010710716248e-02
-1.201968267560005188e-02
-2.989692986011505127e-02
6.096385046839714050e-02
-4.497028142213821411e-02
1.163351256400346756e-02
-6.064949091523885727e-03
3.363514691591262817e-02
2.049606852233409882e-02
-1.146777626127004623e-02
5.567271262407302856e-02
7.060734182596206665e-02
9.564170613884925842e-03
-8.192861825227737427e-02
-2.786054462194442749e-02
-6.463131308555603027e-02
-1.396992802619934082e-01
4.209613800048828125e-02
1.986391097307205200e-02
-2.755025343503803015e-04
1.853355020284652710e-02
-1.958148926496505737e-01
5.889163538813591003e-02
-1.549217104911804199e-01
-4.342279210686683655e-02
2.762160822749137878e-02
4.915207996964454651e-02
-1.510899513959884644e-01
-5.220856890082359314e-02
-7.885599508881568909e-03
4.576960951089859009e-02
-1.842796686105430126e-03
5.023821443319320679e-02
1.500372290611267090e-01
-1.561414748430252075e-01
-8.361638337373733521e-02
-2.372770197689533234e-02
-1.238952111452817917e-02
8.096894621849060059e-02
-5.209117382764816284e-02
1.074294373393058777e-01
