-8.432532101869583130e-02
-3.318792954087257385e-02
7.212185114622116089e-02
-2.963298559188842773e-02
-3.125353017821907997e-03
9.574605524539947510e-02
5.072687193751335144e-02
-9.170162677764892578e-02
1.227944195270538330e-01
6.003996729850769043e-02
-8.464135229587554932e-02
-4.357504099607467651e-02
9.899626672267913818e-02
7.016608025878667831e-03
-1.639875024557113647e-02
1.989483274519443512e-02
1.117513142526149750e-02
-7.919090241193771362e-02
2.028029225766658783e-02
4.639410227537155151e-02
7.790608704090118408e-02
7.130609825253486633e-03
-5.083397962152957916e-03
-2.954374998807907104e-02
4.204443842172622681e-02
-6.335190963000059128e-03
1.666413247585296631e-02
-7.592111825942993164e-02
-1.686150282621383667e-01
-4.193307086825370789e-02
-7.679763436317443848e-02
-8.594041317701339722e-02
4.647567868232727051e-02
1.208038553595542908e-01
-8.156678639352321625e-03
-6.745296716690063477e-02
-6.368965655565261841e-02
-1.744162850081920624e-02
-3.014501556754112244e-02
1.613300852477550507e-02
7.285267580300569534e-03
-2.962868101894855499e-02
9.292406961321830750e-03
-6.352182477712631226e-02
6.241393834352493286e-02
1.152955666184425354e-01
4.924169555306434631e-02
-1.402336545288562775e-02
-7.304563373327255249e-02
-4.134072735905647278e-02
-1.772323437035083771e-02
1.403297632932662964e-01
-2.335252612829208374e-02
2.899282798171043396e-02
9.299372881650924683e-02
5.186241120100021362e-03
-4.591197520494461060e-02
3.089144127443432808e-03
6.047021597623825073e-02
6.165971513837575912e-03
2.164830453693866730e-02
6.629797164350748062e-03
8.566638827323913574e-02
-1.577630490064620972e-01
-4.932042676955461502e-03
1.752318115904927254e-03
-5.905624106526374817e-02
8.217021822929382324e-02
-8.340580761432647705e-02
-2.140574529767036438e-02
-2.322426065802574158e-02
-2.964283712208271027e-02
2.568469755351543427e-02
8.240327984094619751e-02
2.479569986462593079e-02
2.804183401167392731e-02
3.305969014763832092e-02
4.523721709847450256e-02
-7.387310266494750977e-02
4.723449796438217163e-02
-6.224462389945983887e-02
3.807192295789718628e-02
3.158169984817504883e-02
-9.602160751819610596e-02
-7.361791282892227173e-02
1.499847415834665298e-02
4.999071359634399414e-02
8.562247455120086670e-02
-1.271415501832962036e-02
-2.853658795356750488e-02
1.293026842176914215e-02
-2.465304546058177948e-02
-7.154981046915054321e-02
4.854443669319152832e-02
-1.061876863241195679e-01
1.343890931457281113e-02
-7.714784145355224609e-02
5.717777833342552185e-02
-2.774296887218952179e-02
-2.630619145929813385e-02
-7.780743390321731567e-02
-1.775732450187206268e-02
6.620728410780429840e-03
3.051182813942432404e-02
-4.443770647048950195e-02
-4.305255413055419922e-02
8.417614549398422241e-02
9.408461861312389374e-03
3.931689541786909103e-03
-4.986853455193340778e-04
-7.915515452623367310e-02
2.861715294420719147e-02
-2.669152989983558655e-02
-4.389129206538200378e-02
-8.456867188215255737e-02
-1.444086525589227676e-02
7.303817570209503174e-02
-5.087398737668991089e-02
-3.801099024713039398e-03
1.013590842485427856e-01
5.163082107901573181e-02
-4.464872181415557861e-02
-2.665079571306705475e-02
1.371181942522525787e-02
3.557816147804260254e-02
6.478171795606613159e-02
-3.847749158740043640e-02
-8.480912446975708008e-02
-4.453316330909729004e-02
-2.531426399946212769e-02
2.449844405055046082e-02
-7.006697356700897217e-02
5.925387144088745117e-02
6.640820205211639404e-02
-1.625035703182220459e-02
-4.440496116876602173e-02
1.134851723909378052e-01
-5.719143152236938477e-02
2.288496121764183044e-03
-2.403992414474487305e-02
-8.242583717219531536e-04
-5.891998484730720520e-02
6.957174092531204224e-02
5.251294001936912537e-02
5.801036581397056580e-02
2.434472925961017609e-02
-1.349564734846353531e-02
6.446052342653274536e-02
5.766903236508369446e-02
-6.105576083064079285e-02
5.116631835699081421e-02
-2.382602309808135033e-03
6.997815333306789398e-03
-5.018521845340728760e-02
1.355602778494358063e-02
7.321311533451080322e-02
2.210238948464393616e-02
7.263430953025817871e-02
-6.163450703024864197e-02
1.008359566330909729e-01
4.347284883260726929e-02
-5.525389686226844788e-03
1.624402403831481934e-02
-1.746645011007785797e-02
-4.260668531060218811e-02
9.787452290765941143e-05
-2.673495328053832054e-03
-1.451213657855987549e-02
3.241641074419021606e-02
-5.030639842152595520e-02
2.354357764124870300e-02
-2.448640391230583191e-02
4.493034631013870239e-02
3.139541298151016235e-02
-1.014458388090133667e-01
-1.908083073794841766e-02
-5.898275598883628845e-02
-6.134411320090293884e-03
2.277395501732826233e-02
5.585845559835433960e-03
-3.026944398880004883e-02
-1.726537384092807770e-02
1.799513213336467743e-02
-4.455781728029251099e-02
-4.777115583419799805e-02
8.853945881128311157e-03
-2.571473829448223114e-02
2.884086221456527710e-02
6.049003452062606812e-02
-6.877193599939346313e-02
-3.100347146391868591e-02
-5.387600883841514587e-02
6.821815669536590576e-02
-1.095238253474235535e-01
1.166582778096199036e-01
6.845081597566604614e-02
1.929887384176254272e-01
3.853012993931770325e-02
7.314626872539520264e-02
-5.385214090347290039e-02
-4.170458391308784485e-02
-2.590256370604038239e-02
2.659612894058227539e-02
-1.504817008972167969e-01
-1.385662425309419632e-02
-2.092637680470943451e-02
6.829147785902023315e-02
2.604543790221214294e-02
-1.506233401596546173e-02
-1.086726412177085876e-02
-1.834486238658428192e-02
-4.095703363418579102e-02
6.459600478410720825e-02
-9.533503651618957520e-02
-4.232842475175857544e-03
1.440473273396492004e-02
1.487056910991668701e-02
4.243444278836250305e-02
2.865668199956417084e-02
1.100739017128944397e-01
1.196798533201217651e-01
4.358211997896432877e-03
-6.580610573291778564e-02
-5.003134161233901978e-02
-8.217906951904296875e-02
-1.349922716617584229e-01
5.623918026685714722e-02
6.271427264437079430e-04
2.012341655790805817e-02
8.973550982773303986e-03
-1.921280771493911743e-01
7.682922482490539551e-02
-1.926705539226531982e-01
-4.031875729560852051e-02
6.004980951547622681e-02
9.321299940347671509e-02
-1.604651063680648804e-01
-7.417536526918411255e-02
-2.324543707072734833e-02
3.648144751787185669e-02
6.216991459950804710e-04
1.480796188116073608e-01
1.546376198530197144e-01
-1.164304837584495544e-01
-6.857463717460632324e-02
-1.288278959691524506e-02
-4.372902587056159973e-02
1.008549630641937256e-01
-1.236172858625650406e-02
1.475859284400939941e-01
