-2.219244837760925293e-02
-2.461006119847297668e-02
2.754831314086914062e-02
-4.793414846062660217e-03
4.810463637113571167e-02
2.828381769359111786e-02
3.858832269906997681e-02
9.616766124963760376e-03
6.827528774738311768e-02
1.742228120565414429e-02
-1.618950255215167999e-02
-3.242113068699836731e-02
2.200362272560596466e-02
-3.502623364329338074e-02
1.460263319313526154e-02
2.174111269414424896e-02
3.260736167430877686e-02
-5.238336324691772461e-02
2.502771094441413879e-03
2.779788710176944733e-02
3.520596027374267578e-02
3.417435660958290100e-02
-2.212548255920410156e-02
-1.823221892118453979e-02
1.087641995400190353e-02
-2.197100408375263214e-02
1.188862696290016174e-02
1.520526409149169922e-02
-1.495778709650039673e-01
1.672337949275970459e-02
-6.767989695072174072e-02
-9.615214914083480835e-02
7.660424336791038513e-03
1.365316808223724365e-01
1.611719839274883270e-03
-3.941506892442703247e-02
-7.578630000352859497e-02
2.340623922646045685e-02
-7.218456268310546875e-02
3.813460096716880798e-02
-1.036853645928204060e-03
-4.866665974259376526e-02
-2.732997760176658630e-03
-1.002427190542221069e-01
7.880678027868270874e-02
1.616497635841369629e-01
1.135696023702621460e-01
-1.893404684960842133e-02
-8.586078882217407227e-02
-5.097994953393936157e-02
-2.831649407744407654e-02
1.849797219038009644e-01
2.392481546849012375e-03
1.080449074506759644e-01
1.447889208793640137e-01
-4.554176703095436096e-02
-4.971754550933837891e-02
3.340368345379829407e-02
4.142946004867553711e-02
-5.037860572338104248e-02
5.731750745326280594e-03
-5.843145400285720825e-02
8.470238000154495239e-02
-1.866948157548904419e-01
-7.237927988171577454e-03
2.453667484223842621e-02
-1.086148153990507126e-02
4.803077504038810730e-02
-3.008103184401988983e-02
-3.166733682155609131e-02
3.825393691658973694e-02
-4.916298389434814453e-02
9.896713308990001678e-03
8.052259683609008789e-02
1.382342074066400528e-02
-1.373395789414644241e-02
3.653954342007637024e-02
4.102772101759910583e-02
-5.727523192763328552e-02
6.690174341201782227e-02
-6.050248444080352783e-02
5.743662640452384949e-02
4.270647838711738586e-02
-9.435133635997772217e-02
-6.687147170305252075e-02
4.004869144409894943e-03
4.825785290449857712e-03
4.627992585301399231e-02
1.081995386630296707e-02
-7.819791883230209351e-02
1.090719085186719894e-02
3.971834853291511536e-02
-4.038516804575920105e-02
6.829554587602615356e-02
-1.224431619048118591e-01
3.253624076023697853e-03
-9.057225286960601807e-02
1.920768059790134430e-02
-7.496032863855361938e-03
-2.298243716359138489e-02
-7.418648898601531982e-02
-3.910162672400474548e-02
-1.890068128705024719e-02
6.587889790534973145e-02
6.607724935747683048e-04
-1.720610447227954865e-02
6.733220815658569336e-02
1.901128143072128296e-02
2.498994953930377960e-02
2.299616299569606781e-02
-8.838827162981033325e-02
1.821898296475410461e-02
-5.901719629764556885e-02
-5.702213197946548462e-02
-5.058702081441879272e-02
-4.431604221463203430e-02
5.314718931913375854e-02
-3.787412075325846672e-03
-3.019572980701923370e-02
7.623324543237686157e-02
1.944154500961303711e-02
-6.026801839470863342e-02
-5.280739068984985352e-02
6.078612059354782104e-03
3.496715426445007324e-02
7.010396569967269897e-02
-5.929793696850538254e-03
-6.880470365285873413e-02
5.418941727839410305e-04
-3.182419389486312866e-02
3.080482827499508858e-03
-1.115399450063705444e-01
3.784692659974098206e-02
3.662648797035217285e-02
3.901965543627738953e-02
-5.638137459754943848e-02
7.415847480297088623e-02
9.554371237754821777e-03
2.437391877174377441e-02
4.750637337565422058e-02
3.162640333175659180e-02
-6.497907638549804688e-02
8.249466121196746826e-02
5.228582769632339478e-02
3.361995890736579895e-02
2.334088459610939026e-02
2.851852402091026306e-02
1.345850229263305664e-01
4.686647281050682068e-02
-1.895252242684364319e-02
9.205115027725696564e-03
6.967726163566112518e-03
-1.911865919828414917e-02
-5.868175625801086426e-02
2.030420815572142601e-03
1.076697930693626404e-01
3.132809698581695557e-02
1.772227138280868530e-02
-5.096120387315750122e-02
1.189432442188262939e-01
8.334962278604507446e-02
-2.386998012661933899e-02
2.520894445478916168e-02
8.758146315813064575e-03
-4.474688693881034851e-02
1.188760902732610703e-02
-2.148553356528282166e-02
-9.692993015050888062e-03
7.311547547578811646e-02
-3.601069003343582153e-02
5.486585944890975952e-02
-1.318453904241323471e-02
2.277254872024059296e-02
4.361177608370780945e-02
-8.452671766281127930e-02
-5.543613806366920471e-03
-5.778014287352561951e-02
-7.935192435979843140e-03
-3.904657438397407532e-03
3.794224187731742859e-02
6.630172021687030792e-03
-5.132139101624488831e-02
-1.015011314302682877e-02
-6.161701679229736328e-02
-2.715567685663700104e-02
-3.571480140089988708e-02
-2.082914859056472778e-02
-1.388967968523502350e-02
6.455903500318527222e-02
-7.199084013700485229e-02
-3.882143273949623108e-02
-3.310466557741165161e-02
5.781820416450500488e-02
-1.557193100452423096e-01
1.139368265867233276e-01
8.101844787597656250e-02
1.922590583562850952e-01
4.712206125259399414e-02
6.578668206930160522e-02
-2.691434510052204132e-02
-4.940559621900320053e-03
-6.313906610012054443e-02
3.935782983899116516e-02
-1.337201148271560669e-01
-4.591331630945205688e-02
-8.170535415410995483e-02
8.361240476369857788e-02
2.848351933062076569e-02
4.407755564898252487e-03
-7.739689666777849197e-03
3.210132941603660583e-03
-1.184101309627294540e-02
4.567569866776466370e-02
-8.720251172780990601e-02
-3.530100919306278229e-03
1.991433836519718170e-02
-4.073621821589767933e-04
-2.470066072419285774e-03
4.421093035489320755e-03
1.249881088733673096e-01
1.038543283939361572e-01
5.140084028244018555e-02
-1.076140105724334717e-01
-1.532291527837514877e-03
-4.045823216438293457e-02
-1.239210739731788635e-01
1.327529456466436386e-02
-1.871213316917419434e-02
-1.481273397803306580e-02
4.738740622997283936e-02
-9.356232732534408569e-02
4.012454673647880554e-02
-1.624309271574020386e-01
-1.237146928906440735e-02
6.435202062129974365e-02
7.859204709529876709e-02
-1.386526376008987427e-01
-6.964853405952453613e-02
-5.615730304270982742e-03
4.253540188074111938e-02
-4.898719955235719681e-03
1.226278170943260193e-01
1.903377175331115723e-01
-1.534887552261352539e-01
-7.166777551174163818e-02
-4.253648966550827026e-02
-4.594750329852104187e-02
1.370414793491363525e-01
-4.202049598097801208e-02
1.545818299055099487e-01
