-4.124252870678901672e-02
-2.886872738599777222e-02
-4.922069981694221497e-02
-2.069302648305892944e-02
-5.181711539626121521e-02
4.052232950925827026e-02
7.873423397541046143e-02
-4.334350302815437317e-02
1.096851527690887451e-01
5.189686268568038940e-02
5.787284299731254578e-02
-4.502386599779129028e-02
1.062698662281036377e-01
5.189860239624977112e-02
-6.595643237233161926e-03
1.556881424039602280e-02
1.032102759927511215e-02
-1.677410118281841278e-02
-2.278276719152927399e-02
5.729940533638000488e-02
3.125418350100517273e-02
2.446671947836875916e-02
-1.289961766451597214e-02
-6.824520230293273926e-02
2.640019915997982025e-02
1.314778625965118408e-02
6.447231280617415905e-04
-3.449765965342521667e-02
-1.600580811500549316e-01
6.361029576510190964e-03
-1.188408490270376205e-02
-1.042539030313491821e-01
-3.771787881851196289e-02
1.301721632480621338e-01
4.726163670420646667e-02
-1.674590446054935455e-02
-1.016118749976158142e-01
-2.091326750814914703e-02
-2.510254085063934326e-02
8.575095236301422119e-02
4.214859753847122192e-02
-2.830026112496852875e-02
4.025851842015981674e-03
-6.825157254934310913e-02
1.802588254213333130e-01
2.893191017210483551e-02
8.557545393705368042e-02
5.001692846417427063e-02
-6.719409674406051636e-02
-3.767479583621025085e-02
-8.269593864679336548e-02
8.378902822732925415e-02
1.466625835746526718e-02
3.790755942463874817e-02
8.991669118404388428e-02
-3.489340096712112427e-02
-3.578933328390121460e-02
-3.673844411969184875e-02
2.470541000366210938e-02
-6.512939929962158203e-02
3.911229223012924194e-02
-3.227617219090461731e-02
6.331289559602737427e-02
-7.403176277875900269e-02
-4.940195009112358093e-02
2.112047746777534485e-02
9.319842793047428131e-04
-6.584335118532180786e-02
1.261539943516254425e-02
3.332397714257240295e-02
5.575719755142927170e-03
-2.058484591543674469e-02
-8.748771250247955322e-02
-6.226155441254377365e-03
1.696055941283702850e-02
-7.969749718904495239e-02
-1.440251804888248444e-02
2.129236236214637756e-02
-4.036431759595870972e-02
3.522351756691932678e-02
1.049460377544164658e-02
8.505908772349357605e-03
-1.241874601691961288e-02
-1.153237521648406982e-01
2.293067052960395813e-02
-3.641713410615921021e-02
2.165610902011394501e-02
-1.748165301978588104e-02
-5.173554643988609314e-02
-2.064553834497928619e-02
-7.384151965379714966e-02
8.548196405172348022e-02
-6.035912781953811646e-02
5.039627850055694580e-02
-3.033401444554328918e-02
8.513255976140499115e-03
-8.764788508415222168e-02
-1.785968430340290070e-02
3.501467779278755188e-02
-6.024555768817663193e-03
-4.129469022154808044e-02
-4.144169017672538757e-02
-1.571760140359401703e-02
6.745158135890960693e-02
3.808372095227241516e-02
-8.219876326620578766e-03
1.618865691125392914e-02
8.110640943050384521e-02
1.386470049619674683e-01
2.072451636195182800e-03
-7.118318974971771240e-02
8.541588485240936279e-02
-6.568764895200729370e-02
-2.268433012068271637e-02
-9.140524268150329590e-02
2.088754408759996295e-04
-6.436726450920104980e-02
-6.888883560895919800e-02
2.960798703134059906e-02
4.565219581127166748e-02
1.584385149180889130e-02
-7.585194706916809082e-02
6.389597058296203613e-02
-8.403154462575912476e-02
5.200625583529472351e-02
4.215340316295623779e-02
-5.212402436882257462e-03
-2.786352299153804779e-02
-3.158628940582275391e-02
-2.273579873144626617e-02
4.076071828603744507e-02
-1.361587792634963989e-01
-1.710521290078759193e-03
-4.241473507136106491e-03
9.784328751266002655e-03
1.280500739812850952e-02
5.851398780941963196e-02
-8.577712625265121460e-02
-7.085504382848739624e-02
9.137388318777084351e-03
-6.987766176462173462e-02
-2.120850607752799988e-02
1.229933556169271469e-02
1.048434153199195862e-02
2.261152677237987518e-02
4.262524843215942383e-02
3.718419745564460754e-02
-5.740553140640258789e-03
1.713856868445873260e-02
-5.213830992579460144e-02
4.539794474840164185e-02
-4.344203043729066849e-03
-6.340832263231277466e-02
-8.924377709627151489e-02
4.619070887565612793e-02
-6.418369710445404053e-02
1.209259964525699615e-02
1.486909985542297363e-01
-4.110143519937992096e-03
5.815913528203964233e-02
3.644156083464622498e-02
7.105534523725509644e-02
1.489954348653554916e-02
9.647016972303390503e-02
-7.657440751791000366e-02
3.107237443327903748e-02
-1.078158915042877197e-01
-8.121861517429351807e-02
4.030348267406225204e-03
-1.525738090276718140e-01
7.619772851467132568e-02
-4.838710278272628784e-02
1.133387908339500427e-01
9.690613299608230591e-02
-2.619035728275775909e-02
-6.575073115527629852e-03
3.508997336030006409e-02
-5.020100995898246765e-02
4.822940565645694733e-03
7.306230720132589340e-03
-2.587215229868888855e-02
-4.242142289876937866e-02
-1.152617577463388443e-02
2.885436825454235077e-02
-6.177911907434463501e-02
-2.594795660115778446e-04
-8.693696558475494385e-02
-9.113708883523941040e-02
1.001895517110824585e-01
-6.328050792217254639e-02
-1.236813291907310486e-01
-2.123622968792915344e-02
6.579143553972244263e-02
-1.329505294561386108e-01
8.305172622203826904e-02
5.427137389779090881e-02
1.480634361505508423e-01
3.236394003033638000e-02
1.352064460515975952e-01
-8.845223486423492432e-02
2.543912641704082489e-02
-8.121692389249801636e-02
2.261377871036529541e-02
-1.065790653228759766e-01
1.693591475486755371e-02
-4.119369667023420334e-03
4.488826170563697815e-02
-5.998859182000160217e-02
-8.035766333341598511e-02
-3.770208731293678284e-02
1.075717038474977016e-03
-2.743589505553245544e-02
6.865976005792617798e-02
-1.144610494375228882e-01
5.947493761777877808e-02
-1.676341169513761997e-03
5.554850399494171143e-02
1.460546702146530151e-01
-2.497429377399384975e-04
6.945960968732833862e-02
9.920869767665863037e-02
-1.295952312648296356e-02
-7.924292236566543579e-02
-3.213448077440261841e-02
-1.605597510933876038e-02
-5.987107008695602417e-02
1.664453372359275818e-02
2.106638625264167786e-02
1.065964461304247379e-03
2.293295226991176605e-02
1.262597367167472839e-02
1.097595468163490295e-01
-4.825342074036598206e-02
-5.764197558164596558e-03
6.333877146244049072e-02
1.149960309267044067e-01
-9.800302982330322266e-02
-7.048834115266799927e-02
-7.077247649431228638e-02
4.357751458883285522e-02
1.717878330964595079e-04
1.418627947568893433e-01
1.602398157119750977e-01
-4.559806361794471741e-02
-1.175333112478256226e-01
-1.224404317326843739e-03
-5.913060531020164490e-02
1.588357090950012207e-01
1.412036479450762272e-03
8.703645318746566772e-02
