-9.368322044610977173e-02
-5.330235511064529419e-02
7.558266818523406982e-02
-3.626831620931625366e-02
7.132910657674074173e-03
4.666622728109359741e-02
3.385387361049652100e-03
-7.122624665498733521e-02
7.781524956226348877e-02
2.346302755177021027e-02
-9.907548129558563232e-02
-2.551989816129207611e-02
9.017254412174224854e-02
-1.574377529323101044e-02
3.541855141520500183e-02
7.403070572763681412e-03
2.050513215363025665e-02
-7.967935502529144287e-02
4.812457039952278137e-02
1.253696717321872711e-02
7.713780552148818970e-02
-2.634187415242195129e-02
-1.296940539032220840e-02
5.821608472615480423e-03
4.403297230601310730e-02
-3.518979530781507492e-03
9.285669773817062378e-03
-1.997649855911731720e-02
-1.499957740306854248e-01
-2.934347465634346008e-02
-5.335177108645439148e-02
-8.172089606523513794e-02
1.548391673713922501e-02
1.361384391784667969e-01
-2.905306033790111542e-02
-6.945306062698364258e-02
-1.065692454576492310e-01
1.103211008012294769e-02
-1.402453146874904633e-02
3.694977238774299622e-02
-1.919007301330566406e-02
-4.087646678090095520e-02
1.485514454543590546e-02
-7.374735176563262939e-02
1.141713261604309082e-01
1.356116235256195068e-01
6.498005241155624390e-02
-1.572815328836441040e-02
-7.943209260702133179e-02
-5.463249236345291138e-02
-3.306896984577178955e-02
1.485555469989776611e-01
-3.624630346894264221e-02
7.079911977052688599e-02
8.649598807096481323e-02
-2.988165058195590973e-02
-5.209594964981079102e-02
2.564332820475101471e-02
6.937080621719360352e-02
-5.981114227324724197e-03
4.179780557751655579e-02
-4.352432861924171448e-02
1.123917177319526672e-01
-1.463403701782226562e-01
1.444119866937398911e-02
1.618124917149543762e-02
-6.408914178609848022e-02
7.396493107080459595e-02
-5.196161940693855286e-02
-7.362084835767745972e-02
5.298834666609764099e-02
-2.153044380247592926e-02
7.395605556666851044e-03
9.544701874256134033e-02
2.045268006622791290e-02
2.470024116337299347e-02
1.494345720857381821e-02
7.317834347486495972e-02
-9.188895672559738159e-02
6.907113641500473022e-02
-7.130643725395202637e-02
1.520920917391777039e-02
1.947703212499618530e-02
-1.330773681402206421e-01
-1.006237119436264038e-01
3.247289732098579407e-02
4.411123692989349365e-02
1.115481927990913391e-01
1.545476261526346207e-02
-5.789854377508163452e-02
2.293828316032886505e-02
-7.317404728382825851e-03
-7.679913938045501709e-02
9.163530915975570679e-02
-1.179461702704429626e-01
-2.548465738072991371e-03
-9.924954921007156372e-02
4.607922211289405823e-02
1.821182854473590851e-02
-5.954343825578689575e-03
-8.037659525871276855e-02
-3.130539879202842712e-02
-3.760278970003128052e-02
5.759953055530786514e-03
-3.292728960514068604e-02
-2.692701667547225952e-02
1.063132509589195251e-01
1.697768340818583965e-03
2.790472470223903656e-02
-3.167448192834854126e-02
-6.991782784461975098e-02
2.181649021804332733e-02
-1.741439476609230042e-02
-4.152825474739074707e-02
-7.676871865987777710e-02
-1.499075535684823990e-02
5.760278552770614624e-02
-3.054900281131267548e-02
1.855008187703788280e-03
1.009550541639328003e-01
4.352239146828651428e-02
-4.410402476787567139e-02
-5.020064115524291992e-02
5.769642442464828491e-02
3.359908005222678185e-04
7.276801019906997681e-02
-4.829421266913414001e-02
-9.259645640850067139e-02
-3.548738360404968262e-02
-2.411370351910591125e-02
1.394174993038177490e-02
-7.907211035490036011e-02
4.023682326078414917e-02
2.324329502880573273e-02
1.220534183084964752e-02
-5.177060887217521667e-02
6.148118525743484497e-02
7.782197790220379829e-04
-1.203700806945562363e-02
6.028899922966957092e-03
1.327223610132932663e-02
-6.947165727615356445e-02
7.010822743177413940e-02
8.743710815906524658e-02
7.742960005998611450e-02
1.457049045711755753e-02
-4.605785384774208069e-02
6.441920250654220581e-02
6.527547538280487061e-02
-6.578676402568817139e-02
1.248734910041093826e-02
8.239952847361564636e-03
-2.603160683065652847e-03
-7.162769138813018799e-02
2.686620131134986877e-02
8.562281727790832520e-02
3.601565957069396973e-03
7.512501627206802368e-02
-5.528349056839942932e-02
9.655620902776718140e-02
2.177395671606063843e-02
-1.976297236979007721e-02
5.058989673852920532e-02
-1.984341535717248917e-03
-4.652499780058860779e-02
3.289061039686203003e-02
-4.910969361662864685e-02
-6.529127247631549835e-03
2.568487823009490967e-02
-6.460493057966232300e-02
3.676421195268630981e-02
-5.681193992495536804e-02
5.478858947753906250e-02
2.045921795070171356e-02
-6.242931261658668518e-02
-5.040284991264343262e-02
-6.486990302801132202e-02
-4.537213593721389771e-02
-9.669298306107521057e-03
5.147789046168327332e-02
-4.046130925416946411e-02
-2.875842619687318802e-03
4.435931146144866943e-02
-2.706962637603282928e-02
-4.360560327768325806e-02
2.226954698562622070e-02
-4.468908905982971191e-02
2.393185906112194061e-02
7.326477766036987305e-02
-6.551127880811691284e-02
-1.567502506077289581e-02
-5.394142493605613708e-02
6.139595806598663330e-02
-1.188759654760360718e-01
1.269976943731307983e-01
7.100044935941696167e-02
2.009416818618774414e-01
5.290585756301879883e-02
6.228972226381301880e-02
-4.533195123076438904e-02
-3.045552968978881836e-02
-1.873314008116722107e-02
3.003801964223384857e-02
-1.573800593614578247e-01
-1.192007306963205338e-02
-5.017361417412757874e-02
6.819663196802139282e-02
2.640654332935810089e-02
3.846803680062294006e-03
-1.043862849473953247e-02
4.086802713572978973e-03
-4.411118105053901672e-02
7.128330320119857788e-02
-1.207506135106086731e-01
9.871173650026321411e-03
-2.444976195693016052e-02
5.732591077685356140e-02
3.166149556636810303e-02
-7.651733700186014175e-03
7.794921100139617920e-02
1.119305714964866638e-01
4.138882271945476532e-03
-9.335862845182418823e-02
-5.511393770575523376e-02
-8.246356248855590820e-02
-1.459545791149139404e-01
3.148468956351280212e-02
1.704669743776321411e-02
8.280032314360141754e-03
6.457608658820390701e-03
-1.733650863170623779e-01
6.563346832990646362e-02
-1.357576996088027954e-01
-3.231353685259819031e-02
2.860146760940551758e-02
2.514503896236419678e-02
-1.348537057638168335e-01
-3.378752991557121277e-02
-1.056417939253151417e-03
5.477198585867881775e-02
-1.594911329448223114e-02
4.596394300460815430e-02
1.564438194036483765e-01
-9.989728033542633057e-02
-7.024005800485610962e-02
-1.024271640926599503e-02
-1.626678369939327240e-02
6.864535808563232422e-02
-5.309498310089111328e-02
1.266701072454452515e-01
