-1.192255914211273193e-01
-6.554817408323287964e-02
9.381695091724395752e-02
-7.284696400165557861e-02
-2.346070855855941772e-02
1.133496761322021484e-01
5.026588588953018188e-02
-1.636011600494384766e-01
1.134806796908378601e-01
4.449079185724258423e-02
-1.484576910734176636e-01
-7.298041135072708130e-02
1.236497312784194946e-01
-4.160246253013610840e-02
6.074850633740425110e-02
1.321834139525890350e-02
4.534522816538810730e-02
-8.543464541435241699e-02
3.624145686626434326e-02
1.835550554096698761e-02
5.636331439018249512e-02
-4.689794033765792847e-02
-2.013325132429599762e-02
3.894827561452984810e-03
4.415228962898254395e-02
-1.376419211737811565e-03
1.888423692435026169e-03
-3.910180181264877319e-02
-1.043831557035446167e-01
-2.264934778213500977e-02
-2.362537011504173279e-02
-8.165486156940460205e-02
-4.617297276854515076e-02
9.104595333337783813e-02
-2.059224247932434082e-02
-2.504903450608253479e-02
-7.486796379089355469e-02
7.561392616480588913e-03
1.522168423980474472e-02
2.335718646645545959e-02
-4.708533734083175659e-02
8.660289458930492401e-03
2.547452412545681000e-02
-6.971313059329986572e-02
1.196085810661315918e-01
8.000347018241882324e-02
3.056452423334121704e-02
-1.658995822072029114e-02
-5.561368167400360107e-02
-7.789840549230575562e-02
-8.233210444450378418e-02
7.430136948823928833e-02
-2.896122448146343231e-02
5.888555198907852173e-02
5.752535909414291382e-02
2.037160884356126189e-04
-5.692991986870765686e-02
1.492141466587781906e-02
2.005937509238719940e-02
5.494753643870353699e-02
8.242398500442504883e-02
-3.818161040544509888e-02
1.036691442131996155e-01
-1.373233497142791748e-01
-6.903273053467273712e-03
-1.986364088952541351e-02
-4.528819769620895386e-02
8.577079325914382935e-02
-5.994902551174163818e-02
-4.570977762341499329e-02
3.719467297196388245e-02
-5.235163494944572449e-03
-3.487596660852432251e-02
5.652055144309997559e-02
-2.599913394078612328e-03
6.668152660131454468e-02
4.360361397266387939e-02
5.717641115188598633e-02
-8.684957772493362427e-02
6.784846633672714233e-02
-7.972673326730728149e-02
2.329020574688911438e-02
5.886801984161138535e-03
-1.103901490569114685e-01
-6.539952009916305542e-02
-2.459084242582321167e-02
3.215862065553665161e-02
9.055309742689132690e-02
1.591488532721996307e-02
-4.802520573139190674e-02
2.395966090261936188e-02
-5.403208779171109200e-04
-8.103568851947784424e-02
5.184455960988998413e-02
-1.007750555872917175e-01
2.537104487419128418e-02
-1.086563244462013245e-01
8.989918045699596405e-03
5.549221299588680267e-03
-1.446934323757886887e-02
-5.733398720622062683e-02
-1.186065841466188431e-02
-1.160510256886482239e-02
-1.891442760825157166e-02
-3.864804282784461975e-02
-3.219330310821533203e-02
7.720577716827392578e-02
-3.069261088967323303e-02
5.067672580480575562e-02
-1.544851437211036682e-02
-5.639594048261642456e-02
3.768780967220664024e-03
-2.828802214935421944e-03
-4.385212436318397522e-02
-9.551701694726943970e-02
-8.524297736585140228e-03
6.184219382703304291e-03
-5.940132960677146912e-02
-2.064093574881553650e-02
7.286016643047332764e-02
4.560316354036331177e-02
-5.124526470899581909e-02
-6.324902176856994629e-03
2.327495999634265900e-02
1.088130008429288864e-02
6.377232074737548828e-02
-8.567137271165847778e-02
-8.909502625465393066e-02
-8.331396430730819702e-02
-9.410032071173191071e-03
3.422962129116058350e-02
-6.981754302978515625e-02
3.151186555624008179e-02
1.620706729590892792e-02
2.074269764125347137e-02
-3.949104622006416321e-02
8.229180425405502319e-02
-3.281029313802719116e-02
-1.829829998314380646e-02
-3.675938770174980164e-02
-3.112958185374736786e-02
-4.572386667132377625e-02
5.264797061681747437e-02
9.452438354492187500e-02
6.013018265366554260e-02
1.947144605219364166e-02
-4.063421487808227539e-02
2.728630974888801575e-02
5.371990799903869629e-02
-5.724440887570381165e-02
3.213436529040336609e-02
-7.397332694381475449e-03
3.358937799930572510e-02
-9.791992604732513428e-02
2.818054519593715668e-02
6.823756545782089233e-02
5.753858014941215515e-03
9.418307989835739136e-02
-4.955759271979331970e-02
7.648346573114395142e-02
-1.040425337851047516e-02
-1.898161508142948151e-02
-1.604390708962455392e-04
-2.586358971893787384e-02
-7.948286831378936768e-02
4.054026305675506592e-02
-4.663148522377014160e-02
2.116841822862625122e-02
9.692249819636344910e-03
-7.271903753280639648e-02
2.896213345229625702e-02
-5.252281948924064636e-02
6.057339534163475037e-02
3.124191612005233765e-02
-3.356080874800682068e-02
-3.424248844385147095e-02
-1.412253640592098236e-02
-4.436888545751571655e-02
-1.642336882650852203e-02
2.325539104640483856e-02
-5.314489081501960754e-02
1.263905223459005356e-02
3.638522699475288391e-02
-2.467165701091289520e-02
-5.015570297837257385e-02
1.481683645397424698e-02
-6.395658850669860840e-02
-2.658305689692497253e-03
4.554038122296333313e-02
-5.286626517772674561e-02
5.181125365197658539e-03
-6.508572399616241455e-02
8.120053261518478394e-02
-8.960355818271636963e-02
1.007645130157470703e-01
6.192500889301300049e-02
1.592249125242233276e-01
4.313433542847633362e-02
9.809279441833496094e-02
5.153429694473743439e-03
-4.857178777456283569e-02
-2.419734373688697815e-02
4.154913127422332764e-02
-1.669677197933197021e-01
3.416176885366439819e-02
-7.611992955207824707e-02
7.111134380102157593e-02
-1.899462752044200897e-02
3.928575199097394943e-03
-3.337569534778594971e-02
-1.858545653522014618e-02
-5.286581814289093018e-02
7.840324193239212036e-02
-8.355711400508880615e-02
5.956202279776334763e-03
-3.620980307459831238e-02
7.594853639602661133e-02
8.451310545206069946e-02
-9.671127423644065857e-03
6.549158692359924316e-02
9.556310623884201050e-02
-2.737112715840339661e-02
-1.063989996910095215e-01
-4.770232364535331726e-02
-9.020647406578063965e-02
-1.476872414350509644e-01
6.000651791691780090e-02
3.364766389131546021e-02
1.489786338061094284e-02
2.050279453396797180e-02
-2.540114223957061768e-01
1.178245991468429565e-01
-1.787163913249969482e-01
-5.269869789481163025e-02
6.234185025095939636e-02
3.501427173614501953e-02
-1.977330446243286133e-01
-2.631045505404472351e-02
-2.010403573513031006e-02
2.544777654111385345e-02
-3.934307023882865906e-03
4.998007044196128845e-02
7.061021029949188232e-02
-9.558714926242828369e-02
-1.894444413483142853e-02
1.320252008736133575e-02
-8.623898960649967194e-03
3.291739150881767273e-02
-5.187257006764411926e-02
2.295019291341304779e-02
