-1.047883406281471252e-01
-4.323993995785713196e-02
7.518882397562265396e-03
-3.139457479119300842e-02
-6.022485345602035522e-02
6.184348836541175842e-02
6.291296333074569702e-02
-9.390217810869216919e-02
1.274746358394622803e-01
7.580287754535675049e-02
-4.635092988610267639e-02
-8.053808659315109253e-02
9.797764569520950317e-02
3.797750547528266907e-02
-1.436507236212491989e-02
2.163452655076980591e-02
4.305730015039443970e-02
-6.452143192291259766e-02
-5.953530315309762955e-03
9.795988351106643677e-02
5.627427995204925537e-02
2.850573323667049408e-02
-3.896762803196907043e-02
-1.425181515514850616e-02
2.151243202388286591e-02
-1.537817809730768204e-02
2.329576946794986725e-02
-2.058813534677028656e-02
-1.683785468339920044e-01
1.619418710470199585e-02
-1.437299326062202454e-02
-9.948945790529251099e-02
9.427489712834358215e-03
1.054902970790863037e-01
1.218240868183784187e-05
-2.933578565716743469e-02
-9.542315453290939331e-02
-3.221176564693450928e-03
9.097503498196601868e-03
2.927793003618717194e-02
1.913403905928134918e-02
-6.802359223365783691e-02
-1.330813509412109852e-03
-8.591452986001968384e-02
1.782808452844619751e-01
8.807693421840667725e-02
8.413829654455184937e-02
2.090730890631675720e-02
-8.317138999700546265e-02
-8.886266499757766724e-02
-9.128346294164657593e-02
1.534064412117004395e-01
-4.296701401472091675e-02
1.098719462752342224e-01
9.734308719635009766e-02
-4.970824718475341797e-02
-2.601984515786170959e-02
8.075733785517513752e-04
4.204234108328819275e-02
-4.146501794457435608e-02
7.496483623981475830e-02
-2.514994516968727112e-02
1.119021698832511902e-01
-1.472790092229843140e-01
-5.674161948263645172e-03
1.173884049057960510e-02
-3.213102370500564575e-02
2.929321490228176117e-02
-4.470066633075475693e-03
1.612799614667892456e-02
2.463074587285518646e-02
-4.595234617590904236e-02
-6.137602776288986206e-02
2.782386168837547302e-02
4.751709476113319397e-02
-6.713853776454925537e-02
-2.718434203416109085e-03
2.480655349791049957e-02
-6.360138207674026489e-02
7.448617368936538696e-02
-4.679158702492713928e-02
9.166537784039974213e-03
2.621116675436496735e-02
-1.379417330026626587e-01
-3.711168095469474792e-02
-5.512851849198341370e-02
3.316472843289375305e-02
7.486284524202346802e-02
-2.972972951829433441e-02
-3.832275420427322388e-02
2.720328280702233315e-03
6.562066078186035156e-02
-1.109235808253288269e-01
9.872493892908096313e-02
-6.663405150175094604e-02
-2.125524170696735382e-02
-7.216717302799224854e-02
1.300624385476112366e-02
3.992627374827861786e-03
-1.154929772019386292e-02
-6.892789900302886963e-02
-5.047374591231346130e-02
-4.969383403658866882e-02
4.032298550009727478e-02
1.251062494702637196e-03
-6.054621562361717224e-02
7.371725887060165405e-02
5.536995455622673035e-02
9.648057818412780762e-02
-2.450661174952983856e-02
-8.334747701883316040e-02
7.255141437053680420e-02
-6.202537193894386292e-02
-5.017252638936042786e-02
-6.696764379739761353e-02
-3.837953507900238037e-02
2.866564609576016665e-04
-6.273532658815383911e-02
1.131203211843967438e-02
6.261783093214035034e-02
1.048298273235559464e-02
-5.354118719696998596e-02
6.079291924834251404e-03
-3.973504528403282166e-02
3.760209307074546814e-02
2.622449770569801331e-02
7.632150780409574509e-03
-1.161036193370819092e-01
-3.389447927474975586e-02
-4.282441735267639160e-02
6.977462675422430038e-03
-9.130305051803588867e-02
2.810235880315303802e-02
-2.948462963104248047e-03
2.313760574907064438e-03
-3.319714218378067017e-02
5.129705369472503662e-02
-8.549381792545318604e-02
-3.719162195920944214e-02
9.162316098809242249e-03
-4.196907207369804382e-02
-2.388669550418853760e-02
6.053907424211502075e-02
8.387848734855651855e-03
4.430932924151420593e-02
-7.884090766310691833e-03
4.008188843727111816e-03
7.167234271764755249e-02
5.376529321074485779e-02
4.594896920025348663e-03
6.894364953041076660e-02
-3.307216241955757141e-02
-5.065213888883590698e-02
-9.949832409620285034e-02
4.417196288704872131e-02
1.858765259385108948e-02
1.153708063066005707e-02
6.130100041627883911e-02
-1.279116887599229813e-02
9.505608677864074707e-02
4.967707023024559021e-02
1.296698115766048431e-03
1.823331229388713837e-02
4.435553774237632751e-02
-2.750175446271896362e-02
1.742599345743656158e-02
-5.297962576150894165e-02
-6.097374111413955688e-02
3.753666207194328308e-02
-7.653138786554336548e-02
5.678417533636093140e-02
-1.813714765012264252e-02
6.397078931331634521e-02
6.251884996891021729e-02
-4.807332158088684082e-02
-1.099599525332450867e-02
1.279418705962598324e-03
-7.791382726281881332e-03
1.420036051422357559e-02
1.112449169158935547e-02
3.118720091879367828e-02
-2.534016408026218414e-02
7.826861925423145294e-03
-9.265308082103729248e-02
-1.014695316553115845e-02
3.338778391480445862e-02
-1.711684092879295349e-02
-7.933164387941360474e-02
4.453923180699348450e-02
-2.887114509940147400e-02
-4.451087117195129395e-02
-3.409365564584732056e-02
5.119185522198677063e-02
-1.596046090126037598e-01
9.083788841962814331e-02
6.060266494750976562e-02
1.489689648151397705e-01
7.054902613162994385e-02
1.118539571762084961e-01
-7.101386785507202148e-02
2.614896185696125031e-02
-6.960849277675151825e-03
5.168420448899269104e-02
-1.273940503597259521e-01
3.123814705759286880e-03
-9.472870267927646637e-03
1.488150097429752350e-02
-1.648209616541862488e-02
-5.460625141859054565e-02
-4.755950998514890671e-03
2.335963398218154907e-02
-1.403433363884687424e-02
6.868135184049606323e-02
-9.147974848747253418e-02
2.124880254268646240e-02
1.771674677729606628e-02
3.221495449542999268e-02
5.940663442015647888e-02
-4.452396184206008911e-03
5.283660069108009338e-02
9.058051556348800659e-02
-1.715421676635742188e-02
-4.265342652797698975e-02
-8.992886170744895935e-03
-3.645871579647064209e-02
-1.286464482545852661e-01
3.246963396668434143e-02
-3.696015803143382072e-03
-4.462656565010547638e-03
1.236921083182096481e-02
-6.824538856744766235e-02
7.503700256347656250e-02
-1.133650094270706177e-01
-2.105295658111572266e-02
3.775709122419357300e-02
8.690477907657623291e-02
-1.303822547197341919e-01
-5.255460739135742188e-02
-4.216085746884346008e-02
6.543155014514923096e-02
1.385201141238212585e-02
1.128309592604637146e-01
1.946429759263992310e-01
-9.760674089193344116e-02
-1.232226192951202393e-01
-2.909560222178697586e-03
-4.751453176140785217e-02
1.750168502330780029e-01
-4.874274507164955139e-02
1.296772509813308716e-01
