-9.379019588232040405e-02
-5.860257521271705627e-02
2.072156779468059540e-02
-6.826456636190414429e-02
-5.307662859559059143e-02
9.020467847585678101e-02
4.665901511907577515e-02
-1.316555738449096680e-01
1.402961462736129761e-01
4.473679512739181519e-02
-6.914434581995010376e-02
-7.053833454847335815e-02
1.647999435663223267e-01
-3.691751277074217796e-03
3.905619308352470398e-02
6.483721733093261719e-02
2.826156467199325562e-02
-7.114293426275253296e-02
5.295912269502878189e-03
3.730577230453491211e-02
2.794550359249114990e-02
-3.589319065213203430e-02
-1.067925337702035904e-02
-5.717815086245536804e-02
3.797896951436996460e-02
6.815179251134395599e-03
2.510062605142593384e-02
-4.569359123706817627e-02
-1.251726001501083374e-01
7.030748762190341949e-03
-2.768086083233356476e-02
-6.680329889059066772e-02
-5.260572955012321472e-02
1.313247531652450562e-01
2.205109037458896637e-02
4.787861253134906292e-04
-1.020292341709136963e-01
-2.645489200949668884e-02
1.648138277232646942e-02
6.339932978153228760e-02
-1.084946095943450928e-02
-9.606335312128067017e-03
2.355669997632503510e-02
-7.147572934627532959e-02
1.811641454696655273e-01
3.658282384276390076e-02
7.414811104536056519e-02
1.434867829084396362e-02
-5.707381665706634521e-02
-9.286089241504669189e-02
-9.240453690290451050e-02
5.674898996949195862e-02
4.727833904325962067e-03
3.823619335889816284e-02
6.623607873916625977e-02
-2.706146612763404846e-02
-6.109317764639854431e-02
1.912202872335910797e-02
3.067211806774139404e-02
5.112728686071932316e-04
6.686272472143173218e-02
-5.615836009383201599e-02
6.578367203474044800e-02
-1.007415056228637695e-01
-2.562910690903663635e-02
1.079829502850770950e-02
-2.749262191355228424e-02
-1.595786586403846741e-02
-1.184725016355514526e-02
-1.699310168623924255e-02
4.418781772255897522e-02
1.165446918457746506e-02
-8.363251388072967529e-02
3.509763255715370178e-02
2.183038508519530296e-03
-1.250665914267301559e-02
1.308942399919033051e-02
5.144084990024566650e-02
-4.973581060767173767e-02
6.060851365327835083e-02
-1.164308749139308929e-02
3.029152564704418182e-02
2.309321193024516106e-03
-1.058811098337173462e-01
-2.294807881116867065e-02
-1.443071942776441574e-02
4.183832183480262756e-02
4.351128265261650085e-02
-1.473921537399291992e-02
-4.068789258599281311e-02
-2.709840610623359680e-02
4.229658469557762146e-02
-9.176080673933029175e-02
4.116523638367652893e-02
-7.700757682323455811e-02
3.495816607028245926e-03
-8.133157342672348022e-02
1.081608817912638187e-03
1.580514013767242432e-02
-2.232066541910171509e-02
-7.091183215379714966e-02
-1.875123940408229828e-02
-2.073206566274166107e-02
3.302440047264099121e-02
-2.380518056452274323e-02
-1.673493161797523499e-02
4.004069417715072632e-02
3.573529049754142761e-02
9.591497480869293213e-02
2.097695833072066307e-03
-4.885384812951087952e-02
3.614431992173194885e-02
-1.952869002707302570e-03
-2.052568830549716949e-03
-8.882186561822891235e-02
-3.338997485116124153e-03
-4.547119140625000000e-02
-3.497232124209403992e-02
3.579955548048019409e-03
4.983076080679893494e-02
3.787999227643013000e-02
-4.323072358965873718e-02
5.104312300682067871e-02
-3.001256473362445831e-02
1.230824552476406097e-02
8.104255050420761108e-02
-5.370607227087020874e-02
-4.169588163495063782e-02
-6.048645451664924622e-02
-1.142992172390222549e-03
2.625677920877933502e-02
-1.069396436214447021e-01
3.303569182753562927e-02
-9.802692569792270660e-03
1.848298870027065277e-02
-2.041679248213768005e-02
9.114998579025268555e-02
-5.719818919897079468e-02
-7.222348451614379883e-02
-2.019346319139003754e-02
-7.010176777839660645e-02
-5.653918161988258362e-02
3.767152503132820129e-02
5.562721937894821167e-02
2.960008382797241211e-02
5.639779567718505859e-02
-1.601516269147396088e-02
-5.583174992352724075e-03
3.576457127928733826e-02
-6.587775051593780518e-02
3.602231666445732117e-02
-9.440302965231239796e-04
-2.289354102686047554e-03
-1.233562007546424866e-01
-6.853762315586209297e-04
3.928225021809339523e-03
4.427550826221704483e-03
1.489736288785934448e-01
-5.638744309544563293e-02
5.514166504144668579e-02
2.053004503250122070e-02
2.455209195613861084e-02
2.805397845804691315e-02
4.735786467790603638e-02
-8.014183491468429565e-02
3.561701625585556030e-02
-8.642446994781494141e-02
-2.093511447310447693e-02
-8.405791595578193665e-03
-1.020449027419090271e-01
4.746389016509056091e-02
-7.333213090896606445e-02
6.300391256809234619e-02
8.183760195970535278e-02
-9.965907782316207886e-03
-3.105315007269382477e-02
5.974683538079261780e-02
-5.577692762017250061e-02
-9.554257616400718689e-03
3.192248567938804626e-02
-5.042907223105430603e-02
1.859449315816164017e-03
1.858500763773918152e-02
4.828622564673423767e-02
-7.407290488481521606e-02
-2.483305707573890686e-02
-9.558206796646118164e-02
-4.116553068161010742e-02
8.340133726596832275e-02
-5.691243708133697510e-02
-6.789158284664154053e-02
-2.490328252315521240e-02
7.276383787393569946e-02
-1.476531475782394409e-01
1.155162379145622253e-01
5.214168503880500793e-02
1.396298110485076904e-01
3.375321626663208008e-02
1.450096368789672852e-01
-2.326663210988044739e-02
-2.390630543231964111e-03
-5.565247312188148499e-02
2.117124386131763458e-02
-1.475688517093658447e-01
1.975481398403644562e-03
-5.359167233109474182e-02
7.693570107221603394e-02
-4.538967832922935486e-02
-2.290772646665573120e-02
-2.981231734156608582e-02
-1.292839739471673965e-02
-4.791828244924545288e-02
7.434795796871185303e-02
-8.769053220748901367e-02
6.204347312450408936e-02
-3.899204358458518982e-02
8.597185462713241577e-02
1.299379318952560425e-01
-1.754093728959560394e-02
6.658721715211868286e-02
7.478544116020202637e-02
-4.732145369052886963e-02
-1.274927556514739990e-01
-5.544053390622138977e-02
-6.302350759506225586e-02
-9.691573679447174072e-02
4.100753739476203918e-02
4.660471528768539429e-02
-6.029834505170583725e-03
3.483335673809051514e-02
-1.430360823869705200e-01
1.163591966032981873e-01
-1.049131304025650024e-01
-3.894439712166786194e-02
6.459843367338180542e-02
9.446626901626586914e-02
-1.898647695779800415e-01
-8.422952145338058472e-02
-3.585556894540786743e-02
5.096415430307388306e-02
-1.425646990537643433e-02
6.627808511257171631e-02
1.493483930826187134e-01
-1.101000383496284485e-01
-1.158821359276771545e-01
2.554718637838959694e-03
-4.558923095464706421e-02
8.782753348350524902e-02
-1.242346689105033875e-02
6.639016419649124146e-02
