-9.601645916700363159e-02
-6.223647668957710266e-02
9.733066707849502563e-02
-5.899298191070556641e-02
-1.071690395474433899e-02
9.346808493137359619e-02
4.516281187534332275e-03
-1.180437952280044556e-01
9.245964139699935913e-02
4.093887284398078918e-02
-1.362503767013549805e-01
-5.047204717993736267e-02
1.196483001112937927e-01
-4.904003068804740906e-02
1.045809127390384674e-02
6.098222732543945312e-02
3.264328092336654663e-02
-9.138348698616027832e-02
3.694901987910270691e-02
3.892182931303977966e-02
7.053972780704498291e-02
-1.488417293876409531e-02
4.643142689019441605e-03
-2.686225250363349915e-02
4.869359359145164490e-02
-7.800885941833257675e-03
1.629487425088882446e-02
-6.744129210710525513e-02
-1.703336387872695923e-01
-2.796901203691959381e-02
-5.092589557170867920e-02
-1.012125387787818909e-01
-2.780433511361479759e-03
1.037466973066329956e-01
5.564673338085412979e-03
-2.886449173092842102e-02
-8.326808363199234009e-02
1.218925463035702705e-03
-1.158755039796233177e-03
2.851435914635658264e-02
-4.146745055913925171e-02
-3.579042106866836548e-02
3.953234851360321045e-02
-7.366985082626342773e-02
7.195848226547241211e-02
7.357232272624969482e-02
4.032463207840919495e-02
-1.611228100955486298e-02
-8.358459919691085815e-02
-7.283329963684082031e-02
-3.855104744434356689e-02
1.135549917817115784e-01
-2.633015811443328857e-02
3.161764889955520630e-02
7.452510297298431396e-02
-2.894361270591616631e-03
-4.833803698420524597e-02
2.408250421285629272e-02
3.454512730240821838e-02
2.950684539973735809e-02
3.817496448755264282e-02
-8.613878861069679260e-03
5.420700833201408386e-02
-1.518833339214324951e-01
-1.415114756673574448e-02
-3.177643567323684692e-02
-2.891767024993896484e-02
6.923840194940567017e-02
-3.536682948470115662e-02
-4.200221598148345947e-02
-5.938415415585041046e-03
-1.306959521025419235e-02
4.567740485072135925e-03
6.220383942127227783e-02
1.043268293142318726e-02
1.775097660720348358e-02
3.892952948808670044e-02
4.904408752918243408e-02
-5.749320611357688904e-02
4.881432652473449707e-02
-8.384900540113449097e-02
3.625937923789024353e-02
3.412275388836860657e-02
-1.210891678929328918e-01
-8.337415754795074463e-02
-1.717015285976231098e-03
4.697871580719947815e-02
1.051422134041786194e-01
-1.422003284096717834e-02
-1.985757611691951752e-02
4.110084474086761475e-02
-8.739259093999862671e-03
-8.294240385293960571e-02
3.655104339122772217e-02
-1.251125484704971313e-01
1.333827711641788483e-02
-9.192112088203430176e-02
4.248835518956184387e-02
8.128573186695575714e-03
-1.016407646238803864e-02
-8.891484141349792480e-02
-3.082118928432464600e-02
-2.293824777007102966e-02
2.853664942085742950e-02
-2.679886296391487122e-02
-4.463480040431022644e-02
7.421310245990753174e-02
-9.874525479972362518e-03
1.326049957424402237e-02
-1.178526086732745171e-03
-6.052511557936668396e-02
1.051025185734033585e-02
-2.181316912174224854e-02
-9.974982589483261108e-03
-8.893345296382904053e-02
-4.318152554333209991e-03
4.794731736183166504e-02
-6.441483646631240845e-02
-1.100646425038576126e-02
9.972826391458511353e-02
5.048775672912597656e-02
-4.959464818239212036e-02
-5.070203542709350586e-02
1.399041619151830673e-02
2.146401442587375641e-02
8.169952780008316040e-02
-5.166084691882133484e-02
-9.176720678806304932e-02
-5.701295658946037292e-02
-2.766920067369937897e-02
2.980488725006580353e-02
-5.841556936502456665e-02
6.178651005029678345e-02
3.617317602038383484e-02
1.272535510361194611e-02
-6.833966821432113647e-02
1.248576417565345764e-01
-3.712221980094909668e-02
-1.521916128695011139e-02
-4.189766570925712585e-02
1.725397631525993347e-02
-5.243023484945297241e-02
5.480459332466125488e-02
8.936557173728942871e-02
6.095917150378227234e-02
1.585402525961399078e-02
-2.108028531074523926e-02
6.584653258323669434e-02
6.753650307655334473e-02
-7.116378098726272583e-02
4.448795318603515625e-02
-1.660065376199781895e-03
4.703414440155029297e-02
-6.766971945762634277e-02
1.010597124695777893e-02
7.916975021362304688e-02
1.722593232989311218e-02
7.161238789558410645e-02
-6.371065974235534668e-02
9.952201694250106812e-02
6.049778684973716736e-02
-1.211139559745788574e-02
1.102597452700138092e-02
-1.373137626796960831e-02
-6.243521347641944885e-02
3.777645900845527649e-02
-3.459101542830467224e-02
-3.785774111747741699e-03
1.581539027392864227e-02
-6.814309209585189819e-02
3.692862391471862793e-02
-7.187453657388687134e-02
7.404934614896774292e-02
3.684417530894279480e-02
-8.744459599256515503e-02
-3.235961869359016418e-02
-3.107999451458454132e-02
-2.443528361618518829e-02
8.251601830124855042e-03
2.635535784065723419e-02
-3.758708015084266663e-02
7.445099763572216034e-03
5.795295536518096924e-02
-1.464039646089076996e-02
-5.345299467444419861e-02
1.703657768666744232e-02
-2.070412971079349518e-02
2.721318416297435760e-02
5.971480533480644226e-02
-8.497481793165206909e-02
-2.481564180925488472e-03
-5.295203626155853271e-02
7.350295037031173706e-02
-1.049205511808395386e-01
1.231569722294807434e-01
5.755754187703132629e-02
1.724227517843246460e-01
5.768603831529617310e-02
9.515020996332168579e-02
5.716828629374504089e-03
-3.398870676755905151e-02
-3.385020047426223755e-02
2.611962333321571350e-02
-1.503597497940063477e-01
-1.346291974186897278e-02
-5.635511875152587891e-02
8.077912777662277222e-02
-2.501933369785547256e-03
-3.338112030178308487e-03
-3.976442664861679077e-02
-1.513801608234643936e-02
-4.123233631253242493e-02
8.530915528535842896e-02
-7.029743492603302002e-02
7.543377112597227097e-03
4.340595914982259274e-04
3.951942920684814453e-02
4.239158332347869873e-02
-5.237996112555265427e-03
8.761452138423919678e-02
8.803858608007431030e-02
1.586687378585338593e-02
-9.182912856340408325e-02
-5.407331138849258423e-02
-8.244884759187698364e-02
-1.546371132135391235e-01
7.890383154153823853e-02
2.696319855749607086e-02
1.683934032917022705e-02
-2.083663130179047585e-03
-2.151617705821990967e-01
6.719250231981277466e-02
-1.730450391769409180e-01
-5.330616608262062073e-02
3.026086464524269104e-02
6.306449323892593384e-02
-1.640335619449615479e-01
-5.409792438149452209e-02
-6.413729861378669739e-03
3.050586953759193420e-02
6.649115588515996933e-03
7.076392322778701782e-02
1.256704181432723999e-01
-1.378531008958816528e-01
-5.653234943747520447e-02
-2.896333485841751099e-02
-8.416130207479000092e-03
6.292702257633209229e-02
-3.284151852130889893e-02
1.101239770650863647e-01
