-9.913586825132369995e-02
-5.096475780010223389e-02
5.396036058664321899e-02
-6.238935515284538269e-02
3.240435570478439331e-02
1.042733862996101379e-01
3.800834715366363525e-02
-1.240663677453994751e-01
1.147976517677307129e-01
3.420213982462882996e-02
-1.147284060716629028e-01
-6.242928281426429749e-02
1.009292304515838623e-01
-5.178750678896903992e-02
2.849623747169971466e-02
6.557273119688034058e-02
5.410369485616683960e-02
-8.753971755504608154e-02
1.472512260079383850e-02
5.163925886154174805e-02
3.763895854353904724e-02
2.106190845370292664e-02
6.189948879182338715e-03
-4.756281897425651550e-02
1.879184506833553314e-02
-1.049344195052981377e-03
1.465167291462421417e-02
-3.092376142740249634e-02
-1.310021877288818359e-01
2.463965304195880890e-02
-4.421323537826538086e-02
-1.156807616353034973e-01
-1.754646375775337219e-02
7.743515819311141968e-02
1.251629833132028580e-02
-5.443537607789039612e-03
-7.717263698577880859e-02
1.999494433403015137e-02
-3.376160189509391785e-02
3.534791991114616394e-02
-6.845886260271072388e-02
-1.944880373775959015e-02
2.408103086054325104e-02
-8.881708979606628418e-02
7.242367416620254517e-02
8.692470937967300415e-02
7.646732032299041748e-02
-1.282340940088033676e-02
-5.659371614456176758e-02
-6.404785066843032837e-02
-5.574480816721916199e-02
1.239549815654754639e-01
7.313327514566481113e-04
5.428666993975639343e-02
7.696410268545150757e-02
-1.403608918190002441e-02
-3.503968939185142517e-02
4.190181195735931396e-02
2.331373654305934906e-02
5.763715598732233047e-03
2.692633122205734253e-02
-4.051980376243591309e-02
6.492854654788970947e-02
-1.662846952676773071e-01
-3.524592518806457520e-02
-2.323792129755020142e-02
2.945548389106988907e-03
6.913592666387557983e-02
-7.423583883792161942e-03
-6.472600996494293213e-02
3.789889812469482422e-02
-3.199537098407745361e-02
-1.627764850854873657e-02
4.131965711712837219e-02
3.029600949957966805e-03
1.391772646456956863e-02
3.980455920100212097e-02
3.988265246152877808e-02
-5.342442542314529419e-02
7.289225608110427856e-02
-9.038444608449935913e-02
5.339166894555091858e-02
4.481121897697448730e-02
-9.794728457927703857e-02
-6.782424449920654297e-02
-3.029508807230740786e-04
1.378228981047868729e-02
6.803391128778457642e-02
2.060166001319885254e-02
-5.199295654892921448e-02
3.487454727292060852e-02
3.903371840715408325e-02
-6.399453431367874146e-02
3.675654530525207520e-02
-1.188041120767593384e-01
1.203791704028844833e-02
-8.753845840692520142e-02
3.420719876885414124e-02
6.000636611133813858e-03
-5.305348429828882217e-03
-1.057608053088188171e-01
-1.590663567185401917e-02
-2.351139672100543976e-02
5.325734615325927734e-02
-1.875576563179492950e-02
-7.846845313906669617e-03
4.864442348480224609e-02
-6.127241998910903931e-03
2.934623882174491882e-02
2.904881350696086884e-02
-9.510222822427749634e-02
-9.545443579554557800e-03
-3.720606490969657898e-02
-2.483965270221233368e-02
-9.565655142068862915e-02
-3.586891666054725647e-02
3.146177530288696289e-02
-4.565615952014923096e-02
-1.573800109326839447e-02
6.869776546955108643e-02
5.621375888586044312e-02
-6.375490874052047729e-02
-1.243451889604330063e-02
-2.174163050949573517e-02
1.735976524651050568e-02
8.670654892921447754e-02
-4.962338507175445557e-02
-7.264079898595809937e-02
-1.728917658329010010e-02
-3.395123034715652466e-02
1.490050088614225388e-02
-8.218225836753845215e-02
6.357739120721817017e-02
3.232615441083908081e-02
5.023160576820373535e-02
-4.122574999928474426e-02
1.080389395356178284e-01
-1.886551082134246826e-02
-1.590672414749860764e-03
-1.625977642834186554e-02
-3.495716489851474762e-03
-5.336965620517730713e-02
3.203270956873893738e-02
5.772411450743675232e-02
4.866062477231025696e-02
2.779041975736618042e-02
7.473546545952558517e-03
9.669432044029235840e-02
4.898685216903686523e-02
-5.374367907643318176e-02
2.549273893237113953e-02
6.702383514493703842e-03
3.313151374459266663e-02
-8.435627073049545288e-02
-1.592107117176055908e-02
9.362462162971496582e-02
4.056995734572410583e-02
6.456124782562255859e-02
-5.694641917943954468e-02
1.022132858633995056e-01
6.619229912757873535e-02
-2.250498719513416290e-02
-8.056996390223503113e-03
-8.964410051703453064e-03
-5.677396804094314575e-02
2.242833003401756287e-02
-3.602713346481323242e-02
-4.617935512214899063e-03
3.320094943046569824e-02
-5.698457732796669006e-02
4.049752280116081238e-02
-4.421209171414375305e-02
5.161049216985702515e-02
5.286988243460655212e-02
-5.775039270520210266e-02
-4.941809922456741333e-03
-7.908426225185394287e-03
-9.922602213919162750e-03
4.949899856001138687e-03
3.551156073808670044e-02
-3.087738994508981705e-03
-1.827498152852058411e-02
2.550845965743064880e-02
-8.135170792229473591e-04
-5.755659192800521851e-02
-1.556895766407251358e-02
-3.365710005164146423e-02
6.923743057996034622e-03
4.282066971063613892e-02
-7.230558991432189941e-02
-2.191811986267566681e-02
-2.796688862144947052e-02
6.185198202729225159e-02
-1.054213494062423706e-01
1.094935536384582520e-01
4.394770413637161255e-02
1.595557779073715210e-01
5.003906413912773132e-02
8.228177577257156372e-02
3.083410672843456268e-02
-1.415315270423889160e-02
-6.707307696342468262e-02
4.114503040909767151e-02
-1.315465271472930908e-01
-1.740245893597602844e-02
-9.590473771095275879e-02
9.122928977012634277e-02
-8.773543871939182281e-03
1.129017025232315063e-02
-4.704317450523376465e-02
-1.592321507632732391e-02
-1.174701377749443054e-02
6.420389562845230103e-02
-4.391009733080863953e-02
7.805447094142436981e-03
1.184777822345495224e-03
2.478849142789840698e-02
4.608191177248954773e-02
-2.134625799953937531e-02
9.524862468242645264e-02
7.979809492826461792e-02
1.631109602749347687e-02
-1.135681197047233582e-01
-4.436152428388595581e-02
-6.590755283832550049e-02
-1.384454816579818726e-01
6.652984023094177246e-02
1.858236640691757202e-02
8.043561130762100220e-03
4.422986507415771484e-02
-2.083309441804885864e-01
7.167062163352966309e-02
-1.862959861755371094e-01
-5.548858642578125000e-02
4.644974321126937866e-02
8.333148807287216187e-02
-1.800582855939865112e-01
-7.110923528671264648e-02
-7.211625576019287109e-03
5.228108167648315430e-02
-1.120436098426580429e-02
1.136854216456413269e-01
1.677076816558837891e-01
-1.824761480093002319e-01
-7.271513342857360840e-02
-3.765377402305603027e-02
-1.434852089732885361e-02
1.159752830862998962e-01
-3.162838518619537354e-02
1.379150003194808960e-01
