-9.599541872739791870e-02
-5.740142986178398132e-02
4.097977280616760254e-02
-4.753878712654113770e-02
1.867372728884220123e-02
6.267694383859634399e-02
4.239630699157714844e-02
-8.736341446638107300e-02
1.095878854393959045e-01
1.264911517500877380e-02
-1.024421304464340210e-01
-5.259744077920913696e-02
9.687475860118865967e-02
-5.721275135874748230e-02
3.924379125237464905e-02
-6.411605048924684525e-03
5.109874159097671509e-02
-7.091619074344635010e-02
3.454706445336341858e-02
1.537664700299501419e-02
5.743861943483352661e-02
-5.335319787263870239e-03
-4.230930935591459274e-03
-6.563654635101556778e-03
3.528903052210807800e-02
6.136619951575994492e-03
-3.646072372794151306e-02
1.329035870730876923e-02
-1.197321489453315735e-01
4.615019541233778000e-03
-4.170045256614685059e-02
-1.042311638593673706e-01
-2.355345711112022400e-02
1.091198399662971497e-01
-3.512192750349640846e-03
-1.872150972485542297e-02
-1.045705452561378479e-01
1.770826801657676697e-02
-3.421430662274360657e-02
6.602083146572113037e-02
-3.040094487369060516e-02
-1.767437532544136047e-02
1.584511809051036835e-02
-8.166342228651046753e-02
1.198058351874351501e-01
1.037896946072578430e-01
7.989556342363357544e-02
-2.197446301579475403e-02
-6.075165420770645142e-02
-5.411453545093536377e-02
-3.116878494620323181e-02
1.197101771831512451e-01
-5.616318900138139725e-03
6.912945210933685303e-02
6.438665091991424561e-02
-1.888846978545188904e-02
-5.173376202583312988e-02
8.951793424785137177e-03
4.518687352538108826e-02
-2.196665108203887939e-02
3.134865313768386841e-02
-3.451572358608245850e-02
8.368668705224990845e-02
-1.339959353208541870e-01
-1.791317202150821686e-02
-4.076135810464620590e-03
2.253322396427392960e-03
2.671576105058193207e-02
-9.236818179488182068e-03
-5.582023784518241882e-02
4.963639006018638611e-02
-8.237387984991073608e-03
-4.147551953792572021e-02
2.753638103604316711e-02
1.144965365529060364e-02
1.142953149974346161e-02
2.958338707685470581e-03
6.433490663766860962e-02
-6.131267920136451721e-02
4.307297617197036743e-02
-7.073912024497985840e-02
2.307369187474250793e-02
6.451350636780261993e-03
-1.324561983346939087e-01
-5.669020861387252808e-02
8.764064870774745941e-03
1.886512152850627899e-02
6.188710778951644897e-02
1.803568005561828613e-02
-6.739334762096405029e-02
2.614233084022998810e-02
4.360997304320335388e-02
-4.720013216137886047e-02
7.299904525279998779e-02
-1.183173805475234985e-01
2.157473191618919373e-02
-1.032800748944282532e-01
7.145584095269441605e-03
3.279845044016838074e-02
1.974068582057952881e-02
-6.707736104726791382e-02
-4.167700931429862976e-02
-2.560910955071449280e-02
1.238718908280134201e-02
1.370576489716768265e-02
1.256132265552878380e-03
8.193583786487579346e-02
1.657730317674577236e-03
6.100477650761604309e-02
2.124250400811433792e-03
-8.719519525766372681e-02
9.050728753209114075e-03
-3.847617283463478088e-02
-2.485742792487144470e-02
-6.020267680287361145e-02
-8.090052753686904907e-03
2.164251543581485748e-02
-3.857312351465225220e-02
-1.746310107409954071e-02
7.757832854986190796e-02
1.201506238430738449e-02
-5.888452008366584778e-02
-3.916793689131736755e-02
3.671919181942939758e-02
4.596916493028402328e-03
5.665032193064689636e-02
-3.067921474575996399e-02
-7.769477367401123047e-02
-3.400117158889770508e-02
-3.694427385926246643e-02
4.669361561536788940e-02
-1.136867105960845947e-01
5.189597606658935547e-02
2.756128320470452309e-03
5.301255732774734497e-02
-5.166200920939445496e-02
7.912945747375488281e-02
-1.882068440318107605e-02
-1.040297187864780426e-02
-7.453465834259986877e-03
-1.950643211603164673e-02
-4.792170599102973938e-02
3.825251758098602295e-02
7.875776290893554688e-02
5.595612898468971252e-02
2.320151217281818390e-02
-1.428266521543264389e-02
7.511448115110397339e-02
4.839029535651206970e-02
-8.695898205041885376e-02
2.686391584575176239e-02
1.744647137820720673e-02
1.993363536894321442e-02
-8.905023336410522461e-02
5.147457495331764221e-02
5.244459956884384155e-02
2.835520915687084198e-02
8.434034883975982666e-02
-2.974655106663703918e-02
9.903354197740554810e-02
4.000554606318473816e-02
-1.665989309549331665e-02
3.546734154224395752e-02
-4.296065308153629303e-03
-5.673455819487571716e-02
3.266493603587150574e-02
-4.657566919922828674e-02
-5.712162819691002369e-04
2.392455190420150757e-02
-6.205228716135025024e-02
3.684024140238761902e-02
-3.502245992422103882e-02
5.199531465768814087e-02
3.933405876159667969e-02
-5.972240120172500610e-02
-2.200367115437984467e-02
-2.272102050483226776e-02
-6.318070739507675171e-02
-1.305881235748529434e-02
3.605826571583747864e-02
-3.453999012708663940e-02
-2.609177492558956146e-02
9.899640455842018127e-03
-2.403145842254161835e-02
-4.594296589493751526e-02
-9.802907705307006836e-03
-5.931002646684646606e-02
9.666557423770427704e-03
5.803497508168220520e-02
-8.040918409824371338e-02
-3.875229135155677795e-02
-6.726552546024322510e-02
8.514582365751266479e-02
-1.317340135574340820e-01
1.083182990550994873e-01
5.652284249663352966e-02
2.213403284549713135e-01
4.704960808157920837e-02
1.086841821670532227e-01
-8.316007442772388458e-03
-3.243072703480720520e-02
-8.121217787265777588e-02
4.885156825184822083e-02
-1.565795093774795532e-01
5.575424525886774063e-03
-1.009908616542816162e-01
8.912721276283264160e-02
-1.770385913550853729e-02
-1.993666961789131165e-02
-3.056326322257518768e-02
-1.692051254212856293e-02
-3.208716213703155518e-02
1.008507311344146729e-01
-1.321730017662048340e-01
9.838305413722991943e-03
-2.788540907204151154e-02
5.928573012351989746e-02
5.852189660072326660e-02
-4.737488552927970886e-02
8.997360616922378540e-02
1.065875366330146790e-01
9.994007647037506104e-03
-1.252628862857818604e-01
-4.599279165267944336e-02
-6.529530882835388184e-02
-1.297774761915206909e-01
6.136117503046989441e-02
9.627151302993297577e-03
-8.108114823698997498e-03
4.546871408820152283e-02
-1.690340638160705566e-01
9.337400645017623901e-02
-1.582731753587722778e-01
-2.158419415354728699e-02
4.265474900603294373e-02
5.955686047673225403e-02
-1.664675921201705933e-01
-5.821265280246734619e-02
-1.857665181159973145e-02
6.605554372072219849e-02
-1.830776780843734741e-02
7.491514086723327637e-02
1.815337985754013062e-01
-1.231117323040962219e-01
-5.246467515826225281e-02
-2.508579939603805542e-02
-3.415128588676452637e-02
1.180299296975135803e-01
-6.530167907476425171e-02
1.216833144426345825e-01
