-6.346879992634057999e-03
-5.560274794697761536e-02
8.360876888036727905e-02
-2.743685804307460785e-02
2.819983474910259247e-02
2.229499630630016327e-02
1.331859547644853592e-02
2.778531238436698914e-02
5.683460831642150879e-02
-1.627207733690738678e-02
-5.249700974673032761e-03
3.945786040276288986e-03
1.474348921328783035e-02
-5.778044089674949646e-02
-3.576114773750305176e-02
-4.565724171698093414e-03
-2.557083405554294586e-02
-6.191973015666007996e-02
6.398317962884902954e-02
-6.564055103808641434e-03
7.969219237565994263e-02
3.034175559878349304e-02
-1.976427249610424042e-02
-1.358156651258468628e-02
5.193893238902091980e-02
-7.689672056585550308e-03
-3.533753333613276482e-04
-1.807915419340133667e-02
-1.543794572353363037e-01
-4.706116393208503723e-02
-1.059069857001304626e-01
-3.803740814328193665e-02
5.889923498034477234e-02
2.101389765739440918e-01
-1.096042431890964508e-02
-1.025538444519042969e-01
-5.240872129797935486e-02
-4.076330736279487610e-02
-7.502288371324539185e-02
2.988306432962417603e-02
5.361357703804969788e-02
-3.207829222083091736e-02
6.234447006136178970e-03
-6.667423993349075317e-02
3.968001529574394226e-02
1.605851799249649048e-01
9.314873814582824707e-02
-3.624496608972549438e-02
-6.608548015356063843e-02
1.004566252231597900e-02
6.022233143448829651e-02
1.758503615856170654e-01
1.118086092174053192e-02
6.225646659731864929e-02
1.435656398534774780e-01
-1.478269323706626892e-02
-9.499388933181762695e-02
-1.127906702458858490e-02
6.374549120664596558e-02
-2.789064869284629822e-02
-3.020965307950973511e-02
1.457445323467254639e-02
6.438185274600982666e-02
-1.250221878290176392e-01
3.045883215963840485e-02
4.811723530292510986e-02
-6.011983379721641541e-02
2.339472994208335876e-02
-6.240073963999748230e-02
3.004010021686553955e-02
-4.327047150582075119e-03
-6.593329459428787231e-02
7.120060175657272339e-02
9.695649892091751099e-02
5.515038967132568359e-02
-1.527880085632205009e-03
-1.283762324601411819e-02
2.546238899230957031e-02
-6.368753314018249512e-02
-1.088232174515724182e-02
-1.036664843559265137e-02
5.819072946906089783e-02
2.714871056377887726e-02
-7.966024428606033325e-02
-6.714366376399993896e-02
5.201015248894691467e-02
2.095673419535160065e-02
6.259406358003616333e-02
-3.155479207634925842e-02
-7.140959799289703369e-02
1.961583085358142853e-02
-8.774527232162654400e-04
-1.716328598558902740e-02
9.147411584854125977e-02
-1.215218901634216309e-01
4.350544477347284555e-04
-7.487118244171142578e-02
3.698862716555595398e-02
-1.503483764827251434e-02
-1.529429480433464050e-02
-6.146774441003799438e-02
-6.303298473358154297e-02
-1.151757198385894299e-03
3.094856627285480499e-02
-7.304218597710132599e-03
-1.733834668993949890e-02
1.124875321984291077e-01
4.488154128193855286e-02
-2.897977083921432495e-02
7.148236501961946487e-03
-6.463046371936798096e-02
2.389976195991039276e-02
-4.503342136740684509e-02
-6.655501574277877808e-02
1.688159815967082977e-02
9.023607708513736725e-03
1.026772037148475647e-01
-1.521947700530290604e-02
-1.187642291188240051e-02
1.378332376480102539e-01
-3.220828995108604431e-02
-1.627833396196365356e-02
-1.136698275804519653e-01
8.003114908933639526e-02
6.162160262465476990e-02
4.817267879843711853e-02
2.754451334476470947e-02
-3.903802111744880676e-02
-4.866541922092437744e-02
-3.602896258234977722e-02
4.427263140678405762e-02
-1.190263032913208008e-01
4.101298004388809204e-02
3.906098380684852600e-02
-1.101500727236270905e-02
-1.014151871204376221e-01
6.132173538208007812e-02
1.127412822097539902e-02
4.196120426058769226e-03
1.439688447862863541e-02
4.102204740047454834e-02
-8.842027187347412109e-02
6.545834988355636597e-02
7.265104353427886963e-02
3.452838212251663208e-02
2.003231458365917206e-02
-1.061106845736503601e-02
1.107053086161613464e-01
9.177232533693313599e-02
-6.960812956094741821e-02
1.486302819103002548e-02
2.138387784361839294e-02
1.409034617245197296e-02
-8.952488191425800323e-03
3.225725889205932617e-02
4.028973728418350220e-02
-3.744100220501422882e-03
-2.663991879671812057e-03
-3.197266906499862671e-02
1.265087723731994629e-01
1.073390096426010132e-01
-2.100470708683133125e-03
3.878824179992079735e-03
2.416181750595569611e-02
-4.344306513667106628e-02
-7.549561560153961182e-03
-4.490747675299644470e-02
3.665646072477102280e-03
6.631457805633544922e-02
-3.419154882431030273e-02
2.401290647685527802e-02
-2.570986747741699219e-02
7.263113558292388916e-02
-1.439456082880496979e-02
-1.175259724259376526e-01
-4.487630724906921387e-02
-1.035429909825325012e-01
-6.866069883108139038e-02
1.560178864747285843e-02
2.051753550767898560e-02
-3.713854774832725525e-02
9.022900834679603577e-03
-6.075971294194459915e-03
-5.603512376546859741e-02
-2.425784990191459656e-02
-2.380638755857944489e-02
-1.005585305392742157e-02
3.680110350251197815e-02
1.079093292355537415e-01
-1.122031733393669128e-01
-7.005204260349273682e-02
-5.382777377963066101e-02
7.714569568634033203e-02
-1.479418873786926270e-01
1.227077916264533997e-01
8.397530019283294678e-02
2.442953735589981079e-01
3.652792423963546753e-02
6.554435193538665771e-02
-1.054459139704704285e-01
-1.440507825464010239e-02
-6.395552307367324829e-02
9.633504785597324371e-03
-1.380279660224914551e-01
-9.864301234483718872e-02
-8.903875015676021576e-03
7.826582342386245728e-02
2.898764796555042267e-02
-2.009261958301067352e-02
3.033819794654846191e-02
-3.002172335982322693e-02
-1.598434150218963623e-02
5.517991632223129272e-02
-1.556797772645950317e-01
-4.340405017137527466e-02
1.777197793126106262e-02
-2.237005718052387238e-02
-3.682332858443260193e-02
5.578654818236827850e-03
1.224902793765068054e-01
9.858994930982589722e-02
7.266891747713088989e-02
-7.769723981618881226e-02
8.705176413059234619e-03
-4.511430114507675171e-02
-7.965674251317977905e-02
2.302838675677776337e-02
-6.241473369300365448e-03
-2.065521106123924255e-02
-6.776277441531419754e-03
1.982341334223747253e-02
-2.210493385791778564e-02
-1.059470176696777344e-01
5.015500634908676147e-02
5.761246755719184875e-02
3.536157310009002686e-02
-5.369122698903083801e-02
-5.251104384660720825e-02
9.506781585514545441e-03
2.348616905510425568e-02
-5.641899537295103073e-03
7.973240315914154053e-02
1.005193963646888733e-01
-4.254580661654472351e-02
-1.862483215518295765e-03
-2.460191957652568817e-02
-5.553213506937026978e-02
4.593802616000175476e-02
-1.345448475331068039e-02
1.141231581568717957e-01
