-3.746035322546958923e-02
-3.114474378526210785e-02
3.728190809488296509e-02
-1.609827578067779541e-02
4.727196693420410156e-02
5.554656311869621277e-02
5.237290635704994202e-02
-1.509225182235240936e-02
9.076749533414840698e-02
1.317233592271804810e-02
-1.686047203838825226e-02
-2.859675139188766479e-02
2.855990640819072723e-02
-1.685158349573612213e-02
1.898081041872501373e-02
-9.084872435778379440e-04
1.841355860233306885e-02
-5.645269528031349182e-02
2.925273263826966286e-03
3.594022989273071289e-02
3.572394326329231262e-02
3.972478583455085754e-02
-2.465376257896423340e-02
-1.415168773382902145e-02
1.744936965405941010e-02
-1.856024144217371941e-03
1.774320192635059357e-02
-9.403096191817894578e-05
-1.315657347440719604e-01
2.795258478727191687e-04
-5.928599834442138672e-02
-8.504621684551239014e-02
1.796862669289112091e-02
1.382482945919036865e-01
-4.181019961833953857e-03
-6.095493212342262268e-02
-6.328234076499938965e-02
1.337230391800403595e-02
-6.645183265209197998e-02
3.538349643349647522e-02
1.586647704243659973e-03
-2.933215536177158356e-02
-9.732158854603767395e-03
-8.210753649473190308e-02
7.270596176385879517e-02
1.619122028350830078e-01
1.041463091969490051e-01
-1.689084991812705994e-02
-6.433334201574325562e-02
-1.875817961990833282e-02
-2.593310177326202393e-02
1.587142497301101685e-01
2.967952983453869820e-03
8.920651674270629883e-02
1.299712806940078735e-01
-3.152362257242202759e-02
-5.096513032913208008e-02
1.367794629186391830e-02
3.968684002757072449e-02
-4.018809273838996887e-02
9.237702004611492157e-03
-5.290562286972999573e-02
9.749706834554672241e-02
-1.682361066341400146e-01
-6.274167913943529129e-03
3.661391139030456543e-02
-2.442223206162452698e-02
6.608555465936660767e-02
-5.111740157008171082e-02
-2.824860811233520508e-02
3.410320356488227844e-02
-6.209798529744148254e-02
1.202777773141860962e-02
7.776552438735961914e-02
1.991756819188594818e-02
1.888887491077184677e-03
2.682993188500404358e-02
4.283881559967994690e-02
-8.679524809122085571e-02
5.434986576437950134e-02
-5.700821429491043091e-02
5.461200699210166931e-02
3.731165826320648193e-02
-9.596133232116699219e-02
-6.791562587022781372e-02
2.493192069232463837e-02
-8.567222394049167633e-03
4.323979467153549194e-02
8.996799588203430176e-03
-8.685046434402465820e-02
2.708434360101819038e-03
3.466429561376571655e-02
-2.407734841108322144e-02
8.027521520853042603e-02
-1.163264587521553040e-01
6.298308726400136948e-03
-9.780637919902801514e-02
1.563855074346065521e-02
-5.741185508668422699e-03
-1.187542360275983810e-02
-8.065439015626907349e-02
-3.538176789879798889e-02
-9.305577725172042847e-03
5.256302282214164734e-02
-1.377538219094276428e-02
5.427705473266541958e-04
7.284052670001983643e-02
1.449662540107965469e-02
2.842417731881141663e-02
1.243846118450164795e-02
-1.128637120127677917e-01
1.862443052232265472e-02
-5.830233544111251831e-02
-8.192872256040573120e-02
-6.508368998765945435e-02
-3.058584965765476227e-02
5.946087092161178589e-02
-2.966884151101112366e-02
-1.046861335635185242e-02
8.262301981449127197e-02
2.969121187925338745e-02
-6.904053688049316406e-02
-3.412808850407600403e-02
7.077044341713190079e-03
3.796815872192382812e-02
6.828433275222778320e-02
-1.488263811916112900e-02
-6.221229955554008484e-02
-4.164460115134716034e-03
-3.531613200902938843e-02
2.579145319759845734e-02
-1.312097460031509399e-01
3.714523464441299438e-02
4.358861595392227173e-02
2.270170114934444427e-02
-3.394627198576927185e-02
6.991458684206008911e-02
-5.673117702826857567e-04
1.087240688502788544e-02
3.623855859041213989e-02
1.284907199442386627e-02
-7.065830379724502563e-02
5.911564826965332031e-02
5.552316084504127502e-02
4.737409204244613647e-02
2.156285941600799561e-02
1.523480005562305450e-02
1.196667924523353577e-01
4.374842345714569092e-02
-4.000256583094596863e-02
1.348810549825429916e-02
1.401735120452940464e-03
-2.362650819122791290e-02
-6.134869903326034546e-02
-4.153135232627391815e-04
9.276999533176422119e-02
3.139512240886688232e-02
3.941785171627998352e-02
-5.035427585244178772e-02
1.112937778234481812e-01
6.614525616168975830e-02
-1.121790148317813873e-02
1.306139957159757614e-02
1.667348295450210571e-02
-5.413891375064849854e-02
1.589856110513210297e-02
-3.550102934241294861e-02
-1.607530377805233002e-02
6.467334181070327759e-02
-5.104932561516761780e-02
5.422701314091682434e-02
-2.629988826811313629e-03
4.742933064699172974e-02
2.587207593023777008e-02
-7.881018519401550293e-02
-1.410306990146636963e-02
-6.981904804706573486e-02
-1.976894028484821320e-02
-3.689391596708446741e-04
3.794600442051887512e-02
-1.607542071724310517e-04
-3.536276891827583313e-02
-1.628706045448780060e-02
-4.285320639610290527e-02
-3.519690409302711487e-02
-2.066610381007194519e-02
-3.807233273983001709e-02
-1.019945088773965836e-02
7.906842231750488281e-02
-8.350571244955062866e-02
-6.277483701705932617e-02
-3.591807559132575989e-02
6.894498318433761597e-02
-1.480468809604644775e-01
1.242043077945709229e-01
8.122550696134567261e-02
2.252719849348068237e-01
4.268335178494453430e-02
7.025796175003051758e-02
-6.252446025609970093e-02
-1.001688931137323380e-02
-7.150655984878540039e-02
3.355874866247177124e-02
-1.425731778144836426e-01
-3.565759211778640747e-02
-7.191078364849090576e-02
8.325896412134170532e-02
2.730542793869972229e-02
-1.698230626061558723e-04
-1.217310968786478043e-02
-6.150798872113227844e-03
-1.819546334445476532e-02
4.741812869906425476e-02
-1.074470207095146179e-01
-7.873405702412128448e-03
8.918683975934982300e-03
2.823223592713475227e-03
2.557861991226673126e-02
-3.423606394790112972e-04
1.275865137577056885e-01
1.190562471747398376e-01
4.487065598368644714e-02
-1.059674099087715149e-01
-1.421910338103771210e-02
-5.324982106685638428e-02
-1.178812608122825623e-01
2.133667282760143280e-02
-7.595421280711889267e-03
1.157774357125163078e-03
4.067915305495262146e-02
-1.109804287552833557e-01
5.498274043202400208e-02
-1.698794215917587280e-01
-2.525160275399684906e-02
7.190052419900894165e-02
7.710240036249160767e-02
-1.454856991767883301e-01
-6.110850721597671509e-02
-1.081710867583751678e-02
4.664675146341323853e-02
-1.009393576532602310e-02
1.489394903182983398e-01
1.772778928279876709e-01
-1.274694055318832397e-01
-5.722856149077415466e-02
-2.796877361834049225e-02
-3.832308948040008545e-02
1.331867128610610962e-01
-2.714742347598075867e-02
1.468551158905029297e-01
