-6.678158789873123169e-02
-9.439378976821899414e-03
-2.299848571419715881e-02
2.020097523927688599e-02
2.427376247942447662e-02
-4.187556356191635132e-02
2.796547487378120422e-03
-5.065828561782836914e-02
7.246334105730056763e-02
4.952351748943328857e-02
-3.142459318041801453e-02
-4.916248843073844910e-02
5.595677345991134644e-02
1.132122799754142761e-02
-2.229987271130084991e-02
9.255495853722095490e-03
1.584492065012454987e-02
-4.214728623628616333e-02
3.742682933807373047e-02
2.168180979788303375e-02
6.013891473412513733e-02
-7.188248448073863983e-03
-5.942162126302719116e-03
-7.980615831911563873e-03
1.266338210552930832e-02
1.093905512243509293e-02
-2.184413373470306396e-02
2.057110890746116638e-02
-8.051215112209320068e-02
6.091668084263801575e-02
-3.725127130746841431e-02
-7.349202036857604980e-02
1.835090480744838715e-02
8.813682943582534790e-02
-3.077177517116069794e-02
-5.392467975616455078e-02
-1.347677409648895264e-01
3.231492638587951660e-02
-6.486552953720092773e-02
5.833975970745086670e-02
-1.809243112802505493e-02
-4.044387862086296082e-02
-2.163374098017811775e-03
-1.002229526638984680e-01
1.307241618633270264e-01
1.187813952565193176e-01
1.072985976934432983e-01
3.357605636119842529e-02
-5.774657800793647766e-02
-4.643322154879570007e-02
-4.797384515404701233e-02
1.949209272861480713e-01
-2.256507799029350281e-02
1.097493097186088562e-01
9.326212108135223389e-02
-6.785434484481811523e-02
-1.120228972285985947e-02
4.206918925046920776e-02
6.019148230552673340e-02
-8.053321391344070435e-02
2.606643363833427429e-02
-4.276112094521522522e-02
1.040408089756965637e-01
-1.092939823865890503e-01
1.604200713336467743e-02
4.936512559652328491e-02
-5.800069123506546021e-02
4.162928834557533264e-02
1.204141136258840561e-02
-8.274232596158981323e-02
9.042268991470336914e-02
-1.987964101135730743e-02
6.009291857481002808e-03
6.968311220407485962e-02
3.185985982418060303e-02
-2.313845045864582062e-02
-6.275156047195196152e-03
4.840172454714775085e-02
-4.256048053503036499e-02
8.763183653354644775e-02
-6.990033388137817383e-02
-4.305860493332147598e-03
1.591103337705135345e-02
-9.715969860553741455e-02
-6.771555542945861816e-02
1.704957708716392517e-02
3.425616025924682617e-02
6.787407398223876953e-02
4.244425520300865173e-02
-5.556885153055191040e-02
1.927619054913520813e-02
6.570258736610412598e-02
-7.899326086044311523e-02
9.046012163162231445e-02
-4.919991642236709595e-02
-4.355111345648765564e-02
-6.785165518522262573e-02
6.950045377016067505e-02
-3.739468287676572800e-03
-1.915358006954193115e-02
-6.964620202779769897e-02
-2.574992366135120392e-02
-5.814268440008163452e-02
1.194967888295650482e-02
-2.349483408033847809e-02
-3.178299218416213989e-02
7.483300566673278809e-02
4.395342990756034851e-02
5.630529671907424927e-02
-2.205671928822994232e-02
-8.175941556692123413e-02
3.115914016962051392e-02
-4.392844438552856445e-02
-3.786369413137435913e-02
-5.428390577435493469e-02
-6.896117329597473145e-02
3.543725982308387756e-02
1.987237716093659401e-03
3.644815459847450256e-02
8.539722859859466553e-02
2.821865677833557129e-02
-4.050773009657859802e-02
-3.515603393316268921e-02
3.475049510598182678e-02
-7.075473549775779247e-04
4.993737861514091492e-02
-2.714935224503278732e-03
-8.316076546907424927e-02
-5.767100374214351177e-04
-2.501799538731575012e-02
-1.388679072260856628e-02
-6.408417224884033203e-02
3.654132783412933350e-02
1.889050751924514771e-02
3.887739405035972595e-02
-4.659859463572502136e-02
1.476497668772935867e-02
8.810301660560071468e-04
-1.874634996056556702e-02
4.948056861758232117e-02
-1.006853021681308746e-02
-5.239667743444442749e-02
3.353305533528327942e-02
3.592342836782336235e-03
8.976829051971435547e-02
8.212161250412464142e-03
-1.953438296914100647e-02
6.843922287225723267e-02
6.143186986446380615e-02
-6.849925220012664795e-02
6.841927301138639450e-03
3.021351434290409088e-02
-3.339026123285293579e-02
-9.000580012798309326e-02
2.895462699234485626e-02
5.733215063810348511e-02
3.543594852089881897e-03
3.000575117766857147e-02
-1.739225350320339203e-02
1.111021935939788818e-01
2.895014919340610504e-02
-3.438027948141098022e-02
5.893174558877944946e-02
3.606602177023887634e-02
-4.192922636866569519e-02
1.092249527573585510e-02
-7.471696287393569946e-02
-2.514518238604068756e-02
3.781884536147117615e-02
-8.509112894535064697e-02
2.907982096076011658e-02
-7.284488528966903687e-02
5.365671217441558838e-02
8.324055373668670654e-02
-4.588173702359199524e-02
-3.439880535006523132e-02
-2.386553026735782623e-02
-3.231766074895858765e-02
-1.795348827727138996e-03
6.198330223560333252e-02
1.131909526884555817e-02
-1.067925244569778442e-02
2.538970671594142914e-02
-7.294093724340200424e-03
-6.201954185962677002e-02
1.210215850733220577e-04
-5.656994134187698364e-02
-1.074352394789457321e-02
4.174758493900299072e-02
-4.628689587116241455e-02
-2.856538444757461548e-02
-1.596140488982200623e-02
3.044657595455646515e-02
-1.478869765996932983e-01
1.474947184324264526e-01
3.935423865914344788e-02
2.165317684412002563e-01
5.444776266813278198e-02
6.600171327590942383e-02
-6.003371626138687134e-02
1.024880912154912949e-02
-2.831557206809520721e-02
2.500220574438571930e-02
-1.356024444103240967e-01
-2.767450548708438873e-02
-4.148547723889350891e-02
5.177618190646171570e-02
1.715523749589920044e-02
2.268418297171592712e-02
-1.458376552909612656e-02
3.052624501287937164e-02
8.513421198586001992e-05
5.891042202711105347e-02
-9.156434983015060425e-02
3.101636469364166260e-02
-2.007690723985433578e-03
6.072502955794334412e-02
2.407410211162641644e-04
-1.229950226843357086e-02
8.539514243602752686e-02
9.936293959617614746e-02
-1.531766075640916824e-02
-1.239057555794715881e-01
-5.618734285235404968e-02
-6.818508356809616089e-02
-1.632562875747680664e-01
5.328194424510002136e-02
5.552676040679216385e-03
-2.728953212499618530e-02
3.550508245825767517e-02
-6.444600969552993774e-02
4.454407840967178345e-02
-6.973538547754287720e-02
3.550408640876412392e-03
6.094385171309113503e-04
5.086666718125343323e-02
-8.124478161334991455e-02
-5.183917284011840820e-02
6.450417917221784592e-03
1.055972874164581299e-01
-4.177364334464073181e-02
4.512684792280197144e-02
2.668081521987915039e-01
-1.255566477775573730e-01
-1.792047768831253052e-01
-2.355470880866050720e-02
-2.418277040123939514e-02
1.563075333833694458e-01
-8.874866366386413574e-02
1.931427717208862305e-01
