-9.070579707622528076e-02
-6.811524182558059692e-02
6.159781292080879211e-02
-3.323656320571899414e-02
2.012612298130989075e-02
3.179735690355300903e-02
7.265487802214920521e-04
-6.027426198124885559e-02
8.571460843086242676e-02
2.687730640172958374e-02
-9.352620691061019897e-02
-1.475892402231693268e-02
8.641925454139709473e-02
-2.146639395505189896e-03
4.052742198109626770e-02
1.445485465228557587e-02
1.395340170711278915e-02
-9.332701563835144043e-02
5.077973380684852600e-02
1.023741532117128372e-02
9.484012424945831299e-02
-1.783691719174385071e-02
-1.709965802729129791e-02
-1.136182714253664017e-02
4.011381044983863831e-02
-1.113370247185230255e-02
1.631524227559566498e-02
-4.628546070307493210e-03
-1.599406450986862183e-01
-6.843535229563713074e-03
-6.540466845035552979e-02
-9.701999276876449585e-02
1.935025863349437714e-02
1.473973095417022705e-01
-3.893633931875228882e-02
-7.491250336170196533e-02
-1.178993135690689087e-01
1.681992597877979279e-02
-3.141716495156288147e-02
4.129385948181152344e-02
-1.520621869713068008e-02
-4.490656033158302307e-02
1.164487656205892563e-02
-9.674164652824401855e-02
1.362744867801666260e-01
1.449759602546691895e-01
7.406581193208694458e-02
5.992494057863950729e-03
-9.127674251794815063e-02
-4.729250445961952209e-02
-2.832766436040401459e-02
1.738685667514801025e-01
-2.597529068589210510e-02
8.396969735622406006e-02
9.709607809782028198e-02
-4.461541771888732910e-02
-3.738610818982124329e-02
3.761235997080802917e-02
8.003938943147659302e-02
-3.818632289767265320e-02
2.838492766022682190e-02
-5.123568698763847351e-02
1.328033953905105591e-01
-1.308715045452117920e-01
2.392337843775749207e-02
3.922045603394508362e-02
-7.300604134798049927e-02
5.580814555287361145e-02
-2.497287653386592865e-02
-8.115534484386444092e-02
8.246836811304092407e-02
-2.496965415775775909e-02
7.795625133439898491e-04
8.668229728937149048e-02
2.820459008216857910e-02
1.280537806451320648e-02
-8.829266764223575592e-03
7.718618959188461304e-02
-8.440028131008148193e-02
8.428522944450378418e-02
-6.210849434137344360e-02
9.260391816496849060e-03
1.682589575648307800e-02
-1.395109593868255615e-01
-9.953340142965316772e-02
4.021815955638885498e-02
3.240972384810447693e-02
1.060556918382644653e-01
3.654290735721588135e-02
-7.688695192337036133e-02
5.732891615480184555e-03
1.946839317679405212e-02
-7.578287273645401001e-02
1.075944006443023682e-01
-1.029796898365020752e-01
-2.368188463151454926e-02
-1.046788692474365234e-01
5.782441422343254089e-02
2.744455821812152863e-02
-2.630709204822778702e-04
-8.677372336387634277e-02
-2.417195774614810944e-02
-5.038702860474586487e-02
2.797655947506427765e-02
-2.794615924358367920e-02
-5.489286500960588455e-03
9.526546299457550049e-02
1.206792518496513367e-02
3.462223336100578308e-02
-3.705664724111557007e-02
-7.591102272272109985e-02
2.924750186502933502e-02
-3.483121469616889954e-02
-3.966059163212776184e-02
-9.293899685144424438e-02
-4.386425390839576721e-02
5.145847052335739136e-02
-8.892166428267955780e-03
1.177913416177034378e-02
9.079603105783462524e-02
4.111329466104507446e-02
-4.937534779310226440e-02
-4.305167868733406067e-02
5.496227741241455078e-02
-1.448178291320800781e-02
8.174005150794982910e-02
-4.573469236493110657e-02
-8.935097604990005493e-02
-8.260249160230159760e-03
-2.114624902606010437e-02
-1.227648369967937469e-02
-7.434057444334030151e-02
4.164998233318328857e-02
1.291588228195905685e-02
3.379869833588600159e-02
-3.871605172753334045e-02
3.244346380233764648e-02
3.282913565635681152e-02
-1.962903887033462524e-02
3.274154290556907654e-02
1.712143421173095703e-02
-6.836307793855667114e-02
6.553156673908233643e-02
7.899187505245208740e-02
8.200421929359436035e-02
1.078093610703945160e-02
-3.898247331380844116e-02
6.874072551727294922e-02
5.319052189588546753e-02
-5.614141747355461121e-02
-1.159949041903018951e-02
2.501240000128746033e-02
-1.488732360303401947e-02
-9.511638432741165161e-02
3.662795200943946838e-02
9.390594810247421265e-02
7.947865873575210571e-03
7.851321995258331299e-02
-5.603434145450592041e-02
1.010318323969841003e-01
2.514652721583843231e-02
-9.627601131796836853e-03
5.851170420646667480e-02
1.722116954624652863e-02
-3.233477473258972168e-02
3.231516852974891663e-02
-6.811977177858352661e-02
-2.514242567121982574e-02
2.427424117922782898e-02
-6.269642710685729980e-02
4.811117053031921387e-02
-7.723361998796463013e-02
6.060037389397621155e-02
3.183191642165184021e-02
-4.547533020377159119e-02
-5.400428548455238342e-02
-7.093400508165359497e-02
-3.255781903862953186e-02
-1.878869347274303436e-02
5.050103738903999329e-02
-3.975895047187805176e-02
-1.461542770266532898e-02
4.337707906961441040e-02
-1.523079443722963333e-02
-4.312204197049140930e-02
2.420176938176155090e-02
-4.677269235253334045e-02
1.076188590377569199e-02
8.057744055986404419e-02
-6.597466021776199341e-02
-3.572098538279533386e-02
-2.713163383305072784e-02
4.202472046017646790e-02
-1.008031517267227173e-01
1.133768483996391296e-01
6.871530413627624512e-02
1.642880290746688843e-01
5.839058011770248413e-02
2.933229319751262665e-02
-5.405192449688911438e-02
-2.254482172429561615e-02
-1.410124637186527252e-02
2.063677087426185608e-02
-1.305502653121948242e-01
-1.843201182782649994e-02
-3.600063547492027283e-02
4.197078198194503784e-02
3.043383732438087463e-02
1.201038155704736710e-02
-4.874652659054845572e-04
1.686008460819721222e-02
-1.799941062927246094e-02
5.042099207639694214e-02
-1.160765141248703003e-01
3.139811381697654724e-02
-2.628692612051963806e-02
6.359291821718215942e-02
1.952201128005981445e-02
-5.144936731085181236e-04
5.760762095451354980e-02
1.011298447847366333e-01
-1.326558762229979038e-03
-9.182357043027877808e-02
-5.563449487090110779e-02
-5.712343007326126099e-02
-1.385508775711059570e-01
1.022762898355722427e-02
1.532161887735128403e-02
7.271941285580396652e-04
1.331788580864667892e-02
-1.230553314089775085e-01
6.150000542402267456e-02
-9.774626046419143677e-02
-1.075945142656564713e-02
1.118909846991300583e-02
1.558630168437957764e-02
-9.645605087280273438e-02
-3.192250058054924011e-02
-2.378989011049270630e-03
5.445238575339317322e-02
-1.782883331179618835e-02
3.532075136899948120e-02
1.894056349992752075e-01
-9.130673855543136597e-02
-9.604480862617492676e-02
-1.205294486135244370e-02
-2.145090512931346893e-02
8.035725355148315430e-02
-6.884529441595077515e-02
1.491999477148056030e-01
