-9.784798324108123779e-02
-5.761066079139709473e-02
1.077965050935745239e-01
-6.894986331462860107e-02
-4.282104223966598511e-02
1.076858937740325928e-01
1.528022717684507370e-02
-1.429264247417449951e-01
8.431828767061233521e-02
4.799234122037887573e-02
-1.314554065465927124e-01
-5.736912414431571960e-02
1.277501285076141357e-01
-1.507717184722423553e-02
-2.744603669270873070e-03
8.023803681135177612e-02
2.723419666290283203e-02
-8.385419845581054688e-02
1.140681188553571701e-02
4.938830807805061340e-02
7.004346698522567749e-02
-2.261034399271011353e-02
9.246590547263622284e-03
-3.650619462132453918e-02
4.958492517471313477e-02
-1.157320383936166763e-02
3.700140118598937988e-02
-8.665466308593750000e-02
-1.530193835496902466e-01
-3.063718602061271667e-02
-4.242967441678047180e-02
-7.634694129228591919e-02
2.392781898379325867e-03
9.396498650312423706e-02
9.897075593471527100e-03
-1.841949298977851868e-02
-7.412332296371459961e-02
-2.107455581426620483e-02
2.596199512481689453e-02
1.193113811314105988e-02
-3.655281290411949158e-02
-3.051093593239784241e-02
4.577337950468063354e-02
-5.865803360939025879e-02
6.836406141519546509e-02
4.924970865249633789e-02
1.689110696315765381e-02
-5.279415287077426910e-03
-7.656258344650268555e-02
-8.745379745960235596e-02
-5.924784764647483826e-02
9.433778375387191772e-02
-3.781306371092796326e-02
2.198767382651567459e-03
6.114725768566131592e-02
4.603547044098377228e-03
-5.491627380251884460e-02
1.068823318928480148e-02
3.777221590280532837e-02
5.746090039610862732e-02
4.774196073412895203e-02
-3.753095632418990135e-03
5.494211241602897644e-02
-1.426538228988647461e-01
-1.413728762418031693e-02
-4.080012068152427673e-02
-4.718278348445892334e-02
8.400509506464004517e-02
-4.581560567021369934e-02
-2.086476050317287445e-02
-1.007578149437904358e-02
-1.086115092039108276e-02
-1.509916386567056179e-03
7.021558284759521484e-02
1.105343643575906754e-02
2.588377334177494049e-02
4.737692698836326599e-02
4.321319982409477234e-02
-7.934151589870452881e-02
6.938105076551437378e-02
-7.677787542343139648e-02
2.924315072596073151e-02
3.313170745968818665e-02
-1.118384599685668945e-01
-7.857546955347061157e-02
-1.847853511571884155e-02
6.748545914888381958e-02
1.234339177608489990e-01
-2.112252451479434967e-02
-8.951601921580731869e-04
2.662561833858489990e-02
-2.580082416534423828e-02
-1.149677783250808716e-01
2.216877788305282593e-02
-1.183998063206672668e-01
6.090738810598850250e-03
-8.000919222831726074e-02
4.703030362725257874e-02
-8.228127844631671906e-03
-2.635701186954975128e-02
-9.696542471647262573e-02
-1.465713791549205780e-02
-2.054535038769245148e-02
2.229215204715728760e-02
-5.433708801865577698e-02
-6.482976675033569336e-02
7.062052935361862183e-02
-1.021167822182178497e-02
1.026879157871007919e-02
-8.082298561930656433e-03
-3.863152489066123962e-02
2.020220644772052765e-02
-5.326218088157474995e-04
5.798685015179216862e-04
-1.016612723469734192e-01
-1.046121772378683090e-02
3.454497084021568298e-02
-7.435178756713867188e-02
-1.474858261644840240e-02
9.734306484460830688e-02
6.344167143106460571e-02
-3.845171257853507996e-02
-2.488238364458084106e-02
-4.746406339108943939e-03
2.458743005990982056e-02
8.390764892101287842e-02
-6.177102774381637573e-02
-1.003788933157920837e-01
-6.287919729948043823e-02
-7.426756899803876877e-03
4.288345109671354294e-03
-1.898744702339172363e-02
5.335958302021026611e-02
3.667568042874336243e-02
-1.225324906408786774e-02
-5.873416736721992493e-02
1.172631978988647461e-01
-4.296030849218368530e-02
-1.678487658500671387e-02
-5.389637127518653870e-02
3.689414355903863907e-03
-4.236414656043052673e-02
5.471099168062210083e-02
6.695503741502761841e-02
5.148179084062576294e-02
2.183137275278568268e-02
-3.181543946266174316e-02
3.113820403814315796e-02
7.060682028532028198e-02
-5.419136956334114075e-02
5.028558522462844849e-02
-2.117280103266239166e-02
4.768703505396842957e-02
-6.092889979481697083e-02
-9.133102372288703918e-03
6.832560896873474121e-02
7.424872368574142456e-03
7.173363119363784790e-02
-7.327047735452651978e-02
7.263036072254180908e-02
3.135408461093902588e-02
-6.237600464373826981e-03
1.597002148628234863e-02
-2.100258134305477142e-02
-4.851641878485679626e-02
3.319340199232101440e-02
-8.743793703615665436e-03
4.144122358411550522e-03
1.959480158984661102e-02
-6.108436733484268188e-02
2.487025596201419830e-02
-7.320486009120941162e-02
6.582819670438766479e-02
2.357415296137332916e-02
-7.186315208673477173e-02
-3.617509827017784119e-02
-2.447695843875408173e-02
-1.007159706205129623e-02
1.723438268527388573e-03
3.855884540826082230e-03
-4.276437684893608093e-02
9.998637251555919647e-03
7.871577888727188110e-02
-2.127930708229541779e-02
-4.906897246837615967e-02
2.891404926776885986e-02
-1.439329981803894043e-02
2.662425674498081207e-02
4.857461154460906982e-02
-6.206167861819267273e-02
2.418084442615509033e-02
-4.935581237077713013e-02
6.184016913175582886e-02
-8.882765471935272217e-02
1.083362549543380737e-01
4.692826047539710999e-02
1.283457130193710327e-01
5.511479079723358154e-02
8.291032910346984863e-02
1.914656721055507660e-02
-4.083080589771270752e-02
5.724268499761819839e-03
2.607777714729309082e-02
-1.529766470193862915e-01
3.759580198675394058e-03
-1.986354030668735504e-02
6.359755247831344604e-02
-6.188601255416870117e-03
-6.461175158619880676e-03
-3.596808761358261108e-02
-7.249974180012941360e-03
-4.757566377520561218e-02
7.445873320102691650e-02
-4.892768710851669312e-02
1.612940989434719086e-02
-1.116260886192321777e-03
4.048104211688041687e-02
7.234691083431243896e-02
1.988222822546958923e-02
6.794488430023193359e-02
7.163523137569427490e-02
-1.798847317695617676e-02
-5.814876779913902283e-02
-6.716267019510269165e-02
-9.612066298723220825e-02
-1.524307280778884888e-01
7.179667800664901733e-02
3.613407909870147705e-02
2.806448750197887421e-02
-1.134040020406246185e-02
-2.648566663265228271e-01
9.387705475091934204e-02
-1.961567848920822144e-01
-8.273062855005264282e-02
3.965767845511436462e-02
8.416048437356948853e-02
-2.021118998527526855e-01
-6.131295114755630493e-02
-1.494292082497850060e-04
2.370594255626201630e-02
1.226388663053512573e-02
9.829065948724746704e-02
1.134390309453010559e-01
-1.400374621152877808e-01
-6.261132657527923584e-02
-8.228212594985961914e-03
-6.531231570988893509e-03
4.636199027299880981e-02
-1.078058499842882156e-02
9.344413876533508301e-02
