-9.299894422292709351e-02
-1.019901260733604431e-01
1.306236535310745239e-01
-7.849162817001342773e-02
-7.098441943526268005e-03
5.556890740990638733e-02
-2.110119909048080444e-02
-1.035787612199783325e-01
6.207187101244926453e-02
5.934610962867736816e-03
-1.327283531427383423e-01
-1.005683932453393936e-02
1.101371273398399353e-01
-2.071038819849491119e-02
6.681831926107406616e-02
3.515147417783737183e-02
2.442622743546962738e-02
-1.126534193754196167e-01
9.315697103738784790e-02
-2.503529004752635956e-02
1.044715121388435364e-01
-5.780011415481567383e-02
-1.239194069057703018e-02
-1.874215155839920044e-02
6.355335563421249390e-02
-9.491513483226299286e-03
3.246953710913658142e-02
-4.372333735227584839e-02
-1.733487993478775024e-01
-4.194349050521850586e-02
-5.933769419789314270e-02
-1.039750352501869202e-01
-3.290442377328872681e-02
1.515253633260726929e-01
-4.140194505453109741e-02
-8.274557441473007202e-02
-1.247690096497535706e-01
2.057320903986692429e-03
1.298112887889146805e-02
3.902258351445198059e-02
-3.041520528495311737e-02
-2.424020320177078247e-02
4.457398504018783569e-02
-8.596535772085189819e-02
1.179781183600425720e-01
8.653019368648529053e-02
2.299685589969158173e-02
6.960744969546794891e-03
-7.717481255531311035e-02
-3.887433186173439026e-02
-3.105584904551506042e-02
1.197503879666328430e-01
-2.591092512011528015e-02
3.902783244848251343e-02
6.875879317522048950e-02
-8.361059240996837616e-03
-7.116906344890594482e-02
1.309000980108976364e-02
8.047059178352355957e-02
2.320528589189052582e-02
4.159544780850410461e-02
-5.079720169305801392e-02
1.185571551322937012e-01
-9.717000275850296021e-02
3.028804250061511993e-02
1.344553194940090179e-02
-7.980884611606597900e-02
5.704394355416297913e-02
-2.596771344542503357e-02
-7.282964140176773071e-02
7.302957028150558472e-02
-1.273277029395103455e-02
5.817263387143611908e-03
7.021605968475341797e-02
2.672878466546535492e-02
6.013565883040428162e-02
4.082333296537399292e-03
6.998415291309356689e-02
-1.107290983200073242e-01
7.664480060338973999e-02
-6.172947585582733154e-02
-7.848607376217842102e-03
-8.743355982005596161e-03
-1.475716829299926758e-01
-9.507028758525848389e-02
1.763912849128246307e-02
3.159943595528602600e-02
1.289911270141601562e-01
2.419552579522132874e-02
-5.115238949656486511e-02
1.954698702320456505e-03
-4.396693839225918055e-04
-8.591997623443603516e-02
7.227957993745803833e-02
-8.578798919916152954e-02
-8.003298193216323853e-03
-1.444414108991622925e-01
4.548554122447967529e-02
5.302270874381065369e-02
-4.150785971432924271e-03
-8.484131097793579102e-02
-2.736902236938476562e-02
-6.163722276687622070e-02
-2.377453260123729706e-03
-3.139564394950866699e-02
-2.517336234450340271e-02
8.811778575181961060e-02
-1.077630743384361267e-02
2.921941876411437988e-02
-5.965830758213996887e-02
-1.179776899516582489e-02
2.114048227667808533e-02
-3.900820389389991760e-03
-1.789486594498157501e-02
-8.384338021278381348e-02
-9.512308984994888306e-03
1.957390457391738892e-02
-3.459767252206802368e-02
6.684563588351011276e-03
1.065269112586975098e-01
3.076929785311222076e-02
-3.843992948532104492e-02
-7.797069847583770752e-02
7.304602116346359253e-02
-2.780245430767536163e-02
8.445058763027191162e-02
-7.015793025493621826e-02
-8.350969851016998291e-02
-4.453771188855171204e-02
4.135082475841045380e-03
-3.422795981168746948e-02
-1.415878348052501678e-02
8.278705179691314697e-03
-1.041986420750617981e-02
3.091547079384326935e-02
-4.425803571939468384e-02
5.844358354806900024e-03
6.810733675956726074e-02
-3.537670895457267761e-02
-8.029514923691749573e-03
3.430752083659172058e-02
-5.515821650624275208e-02
5.672567337751388550e-02
1.082678288221359253e-01
9.108529984951019287e-02
8.214011788368225098e-03
-5.885585770010948181e-02
-8.226902224123477936e-03
8.437999337911605835e-02
-6.190460175275802612e-02
-3.267661109566688538e-02
3.966327756643295288e-02
1.463797595351934433e-02
-6.222220137715339661e-02
4.525557905435562134e-02
6.341810524463653564e-02
-3.709822520613670349e-02
6.472347676753997803e-02
-3.359429538249969482e-02
7.450897246599197388e-02
-1.630683802068233490e-02
-6.692636525258421898e-04
3.597164154052734375e-02
2.655231626704335213e-03
-5.303455144166946411e-02
5.643550679087638855e-02
-9.134406596422195435e-02
1.547950692474842072e-02
1.318139582872390747e-02
-8.457737416028976440e-02
1.737192831933498383e-02
-1.098274886608123779e-01
1.039292365312576294e-01
-1.827563857659697533e-03
-3.256315365433692932e-02
-8.927458524703979492e-02
-9.606698155403137207e-02
-5.833320692181587219e-02
-4.258507862687110901e-02
4.638021066784858704e-02
-9.100200235843658447e-02
2.480703406035900116e-02
9.735251218080520630e-02
2.305045956745743752e-03
-4.769562557339668274e-02
5.475541949272155762e-02
-3.592907637357711792e-02
2.459743618965148926e-02
8.437241613864898682e-02
-5.855026841163635254e-02
1.726301736198365688e-03
-4.329874739050865173e-02
7.097465544939041138e-02
-5.707951635122299194e-02
9.783195704221725464e-02
6.436616182327270508e-02
1.424620300531387329e-01
5.724115297198295593e-02
2.308743633329868317e-02
-1.356801949441432953e-02
-4.618877917528152466e-02
1.332452893257141113e-02
2.133600041270256042e-02
-1.535387784242630005e-01
3.117347601801156998e-03
-1.439582277089357376e-02
4.287178069353103638e-02
-4.695862531661987305e-03
1.247594784945249557e-02
-1.847712323069572449e-02
2.654116787016391754e-02
-3.700308129191398621e-02
5.835503712296485901e-02
-1.126731187105178833e-01
3.056655265390872955e-02
-5.005071312189102173e-02
9.052730351686477661e-02
6.018223613500595093e-02
2.367257140576839447e-03
2.473312616348266602e-02
8.606932312250137329e-02
-6.476586684584617615e-03
-6.748877465724945068e-02
-7.771646976470947266e-02
-7.684358209371566772e-02
-1.472506821155548096e-01
1.899952627718448639e-02
5.939976498484611511e-02
1.915752515196800232e-02
-2.462390437722206116e-02
-1.631211638450622559e-01
7.660527527332305908e-02
-8.831693232059478760e-02
-3.026651777327060699e-02
6.881366949528455734e-03
-4.147229716181755066e-02
-1.045147702097892761e-01
1.245058514177799225e-02
-5.495355464518070221e-03
1.252949796617031097e-02
-1.470187399536371231e-02
-1.943346671760082245e-02
8.806008845567703247e-02
-3.088629618287086487e-02
-2.190462499856948853e-02
5.529032554477453232e-03
2.135949954390525818e-02
-1.769695617258548737e-02
-5.711915716528892517e-02
7.908890396356582642e-02
