-5.487743765115737915e-02
-2.134449593722820282e-02
7.165133720263838768e-04
-2.504861913621425629e-02
9.644504636526107788e-02
6.272813677787780762e-02
3.800297155976295471e-02
1.008293242193758488e-03
1.210587099194526672e-01
1.396245975047349930e-02
-1.501700188964605331e-02
1.845975778996944427e-02
3.429214283823966980e-02
-2.385872416198253632e-02
4.202538728713989258e-02
5.543543957173824310e-04
-3.375829383730888367e-02
-6.018408387899398804e-02
2.483869530260562897e-02
2.236870490014553070e-02
3.158135339617729187e-02
4.213316738605499268e-02
-3.275563940405845642e-02
-2.507174946367740631e-02
-5.617716349661350250e-03
1.189424190670251846e-02
2.250289358198642731e-02
2.621621266007423401e-02
-1.043219938874244690e-01
-9.930695407092571259e-03
-7.541808485984802246e-02
-2.739614620804786682e-02
7.985723018646240234e-02
1.690527796745300293e-01
-2.747647836804389954e-02
-9.218101203441619873e-02
-3.066396340727806091e-02
7.369289174675941467e-03
-8.443701267242431641e-02
8.018692024052143097e-03
7.122970186173915863e-03
-2.745421603322029114e-02
-2.631997875869274139e-02
-5.376824736595153809e-02
6.443208456039428711e-02
2.154316306114196777e-01
1.268032640218734741e-01
-3.148593008518218994e-02
-3.843323886394500732e-02
2.015527151525020599e-02
1.502274814993143082e-02
1.543097347021102905e-01
2.767468430101871490e-02
8.441321551799774170e-02
1.203112751245498657e-01
-3.961616754531860352e-02
-4.283795133233070374e-02
5.431915447115898132e-02
4.788849875330924988e-02
-4.494946822524070740e-02
-1.327388104982674122e-03
-6.637795269489288330e-02
1.112911403179168701e-01
-1.511872261762619019e-01
4.629821982234716415e-03
6.305778026580810547e-02
-5.677482858300209045e-02
5.223244428634643555e-02
-7.875797897577285767e-02
-7.222801446914672852e-02
6.141256913542747498e-02
-7.114069908857345581e-02
4.101490229368209839e-02
1.239304542541503906e-01
2.123920060694217682e-02
2.426334656774997711e-02
1.386938500218093395e-03
3.703106194734573364e-02
-5.671009421348571777e-02
4.247840866446495056e-02
-5.440680310130119324e-03
7.085374742746353149e-02
5.363123863935470581e-02
-4.340691491961479187e-02
-8.072141557931900024e-02
9.809693694114685059e-02
-1.228980603627860546e-03
2.787668257951736450e-02
3.566798567771911621e-02
-1.040723174810409546e-01
4.145059210713952780e-04
5.333964247256517410e-03
-2.715681262088764925e-07
9.783076494932174683e-02
-9.668362140655517578e-02
-3.988129086792469025e-03
-4.609685391187667847e-02
5.635780096054077148e-02
-1.883326843380928040e-02
7.995166233740746975e-04
-8.757007867097854614e-02
-4.860096145421266556e-03
5.829514004290103912e-03
5.795250087976455688e-02
-3.283334150910377502e-02
4.769332334399223328e-02
8.078321814537048340e-02
3.132740035653114319e-02
-9.370416402816772461e-03
2.843460068106651306e-02
-1.377004832029342651e-01
1.177178113721311092e-03
-4.238590598106384277e-02
-9.958706796169281006e-02
-7.113292068243026733e-02
-4.221847653388977051e-02
1.035562455654144287e-01
3.118332475423812866e-02
1.434663683176040649e-02
6.975028663873672485e-02
4.699007421731948853e-02
-5.074880644679069519e-02
6.126857362687587738e-03
3.904195874929428101e-02
3.813629224896430969e-02
7.491838186979293823e-02
-3.811119869351387024e-02
-1.646509394049644470e-02
1.625473052263259888e-02
-3.636981546878814697e-02
3.389024361968040466e-02
-1.697522848844528198e-01
5.386456847190856934e-02
6.255041807889938354e-02
2.800025977194309235e-03
-1.772573404014110565e-02
7.655542343854904175e-02
1.454421784728765488e-02
8.484570309519767761e-03
6.270872056484222412e-02
1.456756517291069031e-02
-1.324176192283630371e-01
6.860404461622238159e-02
8.064199984073638916e-02
3.812940791249275208e-02
3.366207331418991089e-02
-4.567315801978111267e-03
1.595965176820755005e-01
4.401228576898574829e-02
-4.347307607531547546e-02
-1.134939491748809814e-02
1.187896262854337692e-02
-3.222524747252464294e-02
-6.372926384210586548e-02
-2.572702057659626007e-02
9.896896034479141235e-02
4.053165763616561890e-02
8.150701969861984253e-02
-8.754720538854598999e-02
1.225371509790420532e-01
7.434666156768798828e-02
-2.010852284729480743e-02
7.097297813743352890e-03
2.307218313217163086e-02
-2.176518179476261139e-02
-1.929645054042339325e-02
-4.395067691802978516e-02
-2.406970597803592682e-02
3.469141945242881775e-02
-1.529996749013662338e-02
4.495179280638694763e-02
1.091369614005088806e-02
-8.628417737782001495e-03
9.699357673525810242e-03
-3.322198241949081421e-02
-1.847284287214279175e-02
-6.385244429111480713e-02
-5.465769674628973007e-03
1.129476353526115417e-02
6.629754602909088135e-02
3.198671620339155197e-03
-3.120774775743484497e-02
-6.563354283571243286e-02
-5.466480273753404617e-03
-2.839448861777782440e-02
-3.427163511514663696e-02
-4.063786938786506653e-02
1.736881397664546967e-02
9.494160860776901245e-02
-6.619379669427871704e-02
-8.629767596721649170e-02
-7.997919805347919464e-03
3.238201886415481567e-02
-1.211499944329261780e-01
1.281344294548034668e-01
7.707365602254867554e-02
1.818141788244247437e-01
1.389402523636817932e-02
2.342610247433185577e-02
-1.052704453468322754e-01
1.229749806225299835e-02
-7.773998379707336426e-02
8.617843501269817352e-03
-9.223114699125289917e-02
-8.987636864185333252e-02
-6.366685032844543457e-02
8.039522916078567505e-02
7.440467178821563721e-02
1.050980947911739349e-02
2.248426340520381927e-02
-3.358390554785728455e-02
-7.303957827389240265e-03
5.238714162260293961e-03
-9.334768354892730713e-02
-2.122725732624530792e-02
-9.240693179890513420e-04
-2.324456349015235901e-02
-2.613336220383644104e-02
-7.997374981641769409e-03
1.164315864443778992e-01
1.006396338343620300e-01
3.735293075442314148e-02
-1.210577338933944702e-01
3.711118828505277634e-03
-5.236599966883659363e-02
-7.292205840349197388e-02
-1.324375439435243607e-02
-9.990110993385314941e-03
-1.415720116347074509e-02
4.439672827720642090e-02
-5.149961635470390320e-02
2.371004549786448479e-03
-1.110547557473182678e-01
3.348662704229354858e-02
6.632177531719207764e-02
5.175828561186790466e-02
-9.338265657424926758e-02
-6.687721610069274902e-02
8.155454881489276886e-03
5.718469619750976562e-02
-2.347599528729915619e-02
9.677588194608688354e-02
1.209076195955276489e-01
-1.047094687819480896e-01
-4.962413758039474487e-02
-3.622831031680107117e-02
-5.592685565352439880e-02
8.122783154249191284e-02
-3.912620246410369873e-03
1.277837157249450684e-01
