-1.003703400492668152e-01
-2.319338917732238770e-02
1.174417673610150814e-03
8.093571290373802185e-03
-3.579570911824703217e-03
3.918121755123138428e-02
7.248484343290328979e-02
-8.689912408590316772e-02
1.391594558954238892e-01
5.632104352116584778e-02
-6.133190542459487915e-02
-6.451109051704406738e-02
8.507575094699859619e-02
1.045017875730991364e-02
-2.161968499422073364e-02
-3.444363176822662354e-02
4.005388170480728149e-02
-5.143345147371292114e-02
-8.457751944661140442e-03
6.267703324556350708e-02
5.817930400371551514e-02
1.811677962541580200e-02
-1.379785593599081039e-02
-1.018760376609861851e-03
1.800179108977317810e-02
4.101463127881288528e-03
-3.368712589144706726e-02
-1.566271111369132996e-02
-9.887158125638961792e-02
8.806544356048107147e-03
-4.645193740725517273e-02
-8.162076771259307861e-02
2.672662958502769470e-02
8.242259919643402100e-02
9.973880369216203690e-04
-4.274741560220718384e-02
-9.928273409605026245e-02
1.196218933910131454e-02
-5.191774293780326843e-02
4.315375536680221558e-02
-3.673433559015393257e-03
-2.650921791791915894e-02
-1.155838742852210999e-02
-8.251406997442245483e-02
1.362312138080596924e-01
1.292614191770553589e-01
8.131133019924163818e-02
-1.245226594619452953e-03
-7.705476135015487671e-02
-5.429207161068916321e-02
-3.662308305501937866e-02
1.631285399198532104e-01
-2.013264410197734833e-02
9.125367552042007446e-02
9.304413199424743652e-02
-3.278651088476181030e-02
-2.205317467451095581e-02
-9.303002618253231049e-03
4.993657395243644714e-02
-6.198886036872863770e-02
3.485250473022460938e-02
5.952961742877960205e-03
9.540295600891113281e-02
-1.280745416879653931e-01
-6.553911603987216949e-03
2.652704901993274689e-02
-2.564928494393825531e-02
4.829792305827140808e-02
-3.064698725938796997e-02
-3.023329190909862518e-02
2.339151315391063690e-02
-3.441521152853965759e-02
-3.891834616661071777e-02
5.015977844595909119e-02
2.915172651410102844e-02
-2.363906241953372955e-02
3.622029908001422882e-03
4.880945757031440735e-02
-6.169917806982994080e-02
5.118825659155845642e-02
-6.548069417476654053e-02
1.361720915883779526e-02
1.395945250988006592e-02
-1.078525781631469727e-01
-4.254751279950141907e-02
5.755016580224037170e-03
2.585405670106410980e-02
4.827576875686645508e-02
7.263373583555221558e-03
-4.632284864783287048e-02
1.608039997518062592e-02
4.511760547757148743e-02
-5.524071305990219116e-02
7.902956008911132812e-02
-9.032342582941055298e-02
6.822704803198575974e-03
-7.362457364797592163e-02
2.928797900676727295e-02
-2.170634642243385315e-02
7.361639291048049927e-03
-4.656076431274414062e-02
-2.976124919950962067e-02
-1.372190099209547043e-02
1.596189476549625397e-02
-1.631640829145908356e-02
-2.133241482079029083e-02
6.949044018983840942e-02
1.681360416114330292e-02
5.906552076339721680e-02
-1.185192013508640230e-04
-1.025043949484825134e-01
3.169311955571174622e-02
-5.347690358757972717e-02
-5.455555021762847900e-02
-7.497377693653106689e-02
-3.459864109754562378e-02
3.835674375295639038e-02
-5.788156762719154358e-02
1.281468942761421204e-02
7.112372666597366333e-02
2.995051071047782898e-02
-6.252119690179824829e-02
-6.728137668687850237e-05
-1.712505705654621124e-03
2.622415684163570404e-02
3.251036629080772400e-02
-1.172647927887737751e-03
-8.569329977035522461e-02
-2.596239000558853149e-02
-5.032148212194442749e-02
5.224827304482460022e-02
-1.009508743882179260e-01
5.613845214247703552e-02
2.963685058057308197e-02
1.178115885704755783e-02
-4.097036644816398621e-02
9.094201028347015381e-02
-7.614363729953765869e-02
-1.483663357794284821e-02
7.740576285868883133e-03
-3.696039319038391113e-02
-3.041905537247657776e-02
3.488651663064956665e-02
2.155887149274349213e-02
5.553636699914932251e-02
1.532712765038013458e-02
-9.104829281568527222e-03
6.477725505828857422e-02
4.299987480044364929e-02
-7.750247418880462646e-02
7.063482701778411865e-02
-2.473879372701048851e-03
-1.462152041494846344e-02
-9.278253465890884399e-02
3.665609657764434814e-02
4.242370650172233582e-02
3.630569204688072205e-02
7.457242906093597412e-02
-3.206481784582138062e-02
1.023454815149307251e-01
1.953257434070110321e-02
-1.389210112392902374e-02
4.625748470425605774e-02
3.441878128796815872e-03
-4.330563545227050781e-02
1.066618785262107849e-02
-5.668253637850284576e-03
-2.702065184712409973e-02
4.039477929472923279e-02
-5.115494877099990845e-02
3.707285225391387939e-02
-3.424247959628701210e-03
3.340614959597587585e-02
6.399375200271606445e-02
-7.304528355598449707e-02
-2.653802745044231415e-03
-1.603239402174949646e-02
-1.887830719351768494e-02
8.095853962004184723e-03
5.655865650624036789e-03
-6.112800911068916321e-03
-3.346654027700424194e-02
-6.500570103526115417e-03
-4.550328105688095093e-02
-3.913063555955886841e-02
-2.443006727844476700e-03
-4.411649331450462341e-02
-1.988345943391323090e-02
2.322084456682205200e-02
-5.648511648178100586e-02
-4.015015065670013428e-02
-4.107822105288505554e-02
5.750701203942298889e-02
-1.367640346288681030e-01
1.047442853450775146e-01
4.853066056966781616e-02
2.171326726675033569e-01
2.980384416878223419e-02
1.006375998258590698e-01
-5.364980921149253845e-02
-2.142045833170413971e-02
-4.927920550107955933e-02
3.613108396530151367e-02
-1.279476284980773926e-01
1.469374075531959534e-02
-3.627510368824005127e-02
5.093642324209213257e-02
1.532994024455547333e-02
-1.751368679106235504e-02
-1.848294772207736969e-02
-6.145257968455553055e-03
-2.647176757454872131e-02
8.126793801784515381e-02
-1.028533279895782471e-01
1.416443195194005966e-02
7.527121342718601227e-03
3.764549642801284790e-02
3.859103471040725708e-02
9.973966516554355621e-04
9.534593671560287476e-02
1.070973575115203857e-01
-5.663447547703981400e-03
-9.113402664661407471e-02
-3.316371515393257141e-02
-6.502861529588699341e-02
-1.308927237987518311e-01
7.245762646198272705e-02
-1.100242603570222855e-02
-7.864231243729591370e-03
4.256697744131088257e-02
-1.152866855263710022e-01
8.946605771780014038e-02
-1.493519544601440430e-01
-2.467253990471363068e-02
3.209494054317474365e-02
1.032952740788459778e-01
-1.493789255619049072e-01
-7.396433502435684204e-02
-3.492819890379905701e-02
8.428872376680374146e-02
-2.877813018858432770e-02
1.428070068359375000e-01
2.491532415151596069e-01
-1.228210330009460449e-01
-1.232371777296066284e-01
-1.591906696557998657e-02
-4.795123636722564697e-02
1.894179433584213257e-01
-6.760579347610473633e-02
1.738452017307281494e-01
