-9.562973678112030029e-02
-5.119768902659416199e-02
3.370834141969680786e-02
-2.869551070034503937e-02
-1.777921244502067566e-02
4.740797728300094604e-02
4.397151246666908264e-02
-9.017735719680786133e-02
8.171638846397399902e-02
3.711458295583724976e-02
-6.102588027715682983e-02
-5.990933999419212341e-02
8.107679337263107300e-02
1.775836199522018433e-02
1.454422343522310257e-02
-1.099129556678235531e-03
3.586529195308685303e-02
-6.006280705332756042e-02
-5.893015302717685699e-03
6.182991713285446167e-02
6.622224301099777222e-02
2.294446807354688644e-03
-6.951851304620504379e-03
-2.865744754672050476e-03
4.550584405660629272e-02
9.231618023477494717e-04
4.767768085002899170e-03
-9.647132828831672668e-03
-9.933786839246749878e-02
2.389709092676639557e-02
-2.613054588437080383e-02
-8.419054746627807617e-02
-3.622829215601086617e-03
9.852451831102371216e-02
-2.935513330157846212e-04
-3.153597563505172729e-02
-1.131521314382553101e-01
6.909587886184453964e-03
-1.522228028625249863e-02
5.385770648717880249e-02
-2.425937913358211517e-02
-2.807500399649143219e-02
9.416776709258556366e-03
-9.657379984855651855e-02
1.588923186063766479e-01
1.043619289994239807e-01
7.751471549272537231e-02
1.086868625134229660e-02
-8.640725165605545044e-02
-8.881056308746337891e-02
-9.169041365385055542e-02
1.482365876436233521e-01
-4.959124699234962463e-02
9.308870136737823486e-02
1.010641381144523621e-01
-5.789285153150558472e-02
-2.797032520174980164e-02
1.354916580021381378e-02
3.218580782413482666e-02
-1.374221965670585632e-02
6.040669605135917664e-02
-4.246676340699195862e-02
1.192481368780136108e-01
-1.428430974483489990e-01
-7.761383894830942154e-03
1.872228085994720459e-02
-5.391116440296173096e-02
7.214518636465072632e-02
-1.375971734523773193e-02
-4.482998326420783997e-02
7.086137682199478149e-02
-2.926251664757728577e-02
-4.111175984144210815e-02
6.403061747550964355e-02
9.074015542864799500e-03
-1.686016842722892761e-02
1.326818391680717468e-02
5.952677130699157715e-02
-9.403556585311889648e-02
9.535139054059982300e-02
-8.034150302410125732e-02
1.521611493080854416e-02
2.444656938314437866e-02
-1.403391212224960327e-01
-7.563920319080352783e-02
-5.900504998862743378e-03
3.553010895848274231e-02
9.484097361564636230e-02
9.988450445234775543e-03
-6.161941960453987122e-02
1.805889478418976068e-04
4.213650897145271301e-02
-9.481231123208999634e-02
1.010061502456665039e-01
-1.197242960333824158e-01
-1.102998293936252594e-02
-7.712874561548233032e-02
2.179303392767906189e-02
1.629857532680034637e-02
-1.000548899173736572e-02
-8.085101097822189331e-02
-2.253857441246509552e-02
-3.259850665926933289e-02
2.438543364405632019e-02
-3.717380017042160034e-02
-1.986530236899852753e-02
8.583110570907592773e-02
9.412311017513275146e-03
7.660388201475143433e-02
-2.181413583457469940e-02
-1.024489551782608032e-01
2.596939168870449066e-02
-3.866950422525405884e-02
-4.995884746313095093e-02
-1.078304499387741089e-01
-3.886643797159194946e-02
1.102069206535816193e-02
-6.513599306344985962e-02
1.734956633299589157e-03
8.040136843919754028e-02
5.155714973807334900e-02
-4.912183806300163269e-02
1.654173806309700012e-02
-5.545217543840408325e-03
1.222791057080030441e-02
6.439192593097686768e-02
-4.424242302775382996e-02
-9.922152012586593628e-02
-3.104621171951293945e-02
-3.670249506831169128e-02
2.627073787152767181e-02
-9.347938746213912964e-02
2.898178063333034515e-02
1.292912382632493973e-02
2.074098214507102966e-02
-3.320023417472839355e-02
4.866774007678031921e-02
-3.383399546146392822e-02
-3.624747693538665771e-02
5.721328780055046082e-03
-3.192891553044319153e-02
-4.368598759174346924e-02
2.661543525755405426e-02
3.800050914287567139e-02
6.778041273355484009e-02
1.325766928493976593e-02
-3.912290930747985840e-02
5.678001791238784790e-02
3.870711848139762878e-02
-5.401791259646415710e-02
4.455816000699996948e-02
-2.909268997609615326e-02
-1.392722874879837036e-02
-1.186118721961975098e-01
1.811240240931510925e-02
6.100930273532867432e-02
2.217918448150157928e-02
9.527069330215454102e-02
-4.642434045672416687e-02
7.557083666324615479e-02
2.127670124173164368e-02
5.514728371053934097e-03
3.567026555538177490e-02
3.263670951128005981e-02
-5.363052710890769958e-02
4.039965942502021790e-02
-5.949371680617332458e-02
-3.441333770751953125e-02
3.031132370233535767e-02
-9.560447931289672852e-02
6.751713901758193970e-02
-6.506367027759552002e-02
8.725117146968841553e-02
4.851458966732025146e-02
-3.582056984305381775e-02
-3.138034045696258545e-02
-1.170624047517776489e-03
-4.463611543178558350e-02
-3.127447562292218208e-03
2.472522482275962830e-02
-1.027570385485887527e-02
-5.616177339106798172e-03
3.966858983039855957e-02
-1.547918003052473068e-02
-5.464836582541465759e-02
2.878227271139621735e-02
-7.779633253812789917e-02
-2.504772879183292389e-02
6.325010955333709717e-02
-6.767817586660385132e-02
-2.461876906454563141e-02
-2.955765277147293091e-02
3.260112926363945007e-02
-1.090806722640991211e-01
1.018229201436042786e-01
4.521151259541511536e-02
1.571668386459350586e-01
6.598088890314102173e-02
6.942328065633773804e-02
-3.938613459467887878e-02
-7.540472317487001419e-03
-1.856496371328830719e-02
3.895763307809829712e-02
-1.249661147594451904e-01
2.412899211049079895e-02
-4.103062674403190613e-02
4.398552328348159790e-02
-4.367035347968339920e-03
-5.470097996294498444e-03
-2.654665149748325348e-02
-3.614485962316393852e-03
-2.045162394642829895e-02
5.708533525466918945e-02
-9.700182825326919556e-02
3.309218212962150574e-02
-1.573571935296058655e-02
6.048266589641571045e-02
6.915985792875289917e-02
1.641934271901845932e-03
6.622600555419921875e-02
8.820272982120513916e-02
-2.402739040553569794e-02
-8.328777551651000977e-02
-4.618366435170173645e-02
-5.341351032257080078e-02
-1.359542608261108398e-01
2.974903397262096405e-02
1.663607545197010040e-02
1.191723626106977463e-02
2.224055305123329163e-02
-1.618231534957885742e-01
9.254944324493408203e-02
-1.399970054626464844e-01
-4.960430413484573364e-02
3.427669033408164978e-02
6.526677310466766357e-02
-1.359252631664276123e-01
-5.074350535869598389e-02
-8.193375542759895325e-03
7.201856374740600586e-02
-1.842905953526496887e-02
1.076358854770660400e-01
1.995700597763061523e-01
-1.370390653610229492e-01
-1.221323758363723755e-01
1.562338136136531830e-02
-2.514307573437690735e-02
1.331238448619842529e-01
-5.905788019299507141e-02
1.205452978610992432e-01
