-9.678660333156585693e-02
-3.870724141597747803e-02
8.701208233833312988e-02
-4.124036058783531189e-02
-9.712434373795986176e-03
7.638611644506454468e-02
1.641675084829330444e-02
-9.855781495571136475e-02
7.961520552635192871e-02
3.795964270830154419e-02
-1.201956942677497864e-01
-4.146996140480041504e-02
9.528215974569320679e-02
-1.347319874912500381e-02
1.613714545965194702e-02
1.966560259461402893e-02
2.721187472343444824e-02
-7.890009880065917969e-02
3.408682346343994141e-02
1.958730444312095642e-02
6.707232445478439331e-02
-2.507039345800876617e-02
-1.295103342272341251e-03
-1.369019621051847935e-03
4.293619096279144287e-02
-8.605143055319786072e-03
1.773533411324024200e-02
-6.176430359482765198e-02
-1.230666041374206543e-01
-4.894739016890525818e-02
-4.371910914778709412e-02
-7.802115380764007568e-02
1.673293113708496094e-02
9.860105812549591064e-02
-1.370966527611017227e-02
-5.517933890223503113e-02
-7.532727718353271484e-02
-4.396648146212100983e-03
4.448990803211927414e-03
1.156918145716190338e-02
-3.552132099866867065e-02
-2.814107388257980347e-02
1.802485994994640350e-02
-5.975130945444107056e-02
8.166923373937606812e-02
1.066043674945831299e-01
2.405805885791778564e-02
-2.502767927944660187e-02
-6.372221559286117554e-02
-6.124347820878028870e-02
-3.678108006715774536e-02
1.083772405982017517e-01
-3.528900071978569031e-02
3.677888214588165283e-02
6.847747415304183960e-02
5.164680071175098419e-03
-5.136277899146080017e-02
1.129301264882087708e-02
4.852757230401039124e-02
2.979433164000511169e-02
5.781216546893119812e-02
-1.078718993812799454e-02
9.641566127538681030e-02
-1.528299301862716675e-01
5.745796806877478957e-05
-1.039505284279584885e-02
-5.558228492736816406e-02
1.033640727400779724e-01
-7.088025659322738647e-02
-6.518802791833877563e-02
1.270873378962278366e-02
-3.152304887771606445e-02
9.070158004760742188e-03
9.262190759181976318e-02
1.389580965042114258e-02
4.747992753982543945e-02
3.761004656553268433e-02
5.179689079523086548e-02
-9.284156560897827148e-02
5.992252379655838013e-02
-8.490287512540817261e-02
2.106884866952896118e-02
2.681639976799488068e-02
-1.197506487369537354e-01
-9.108446538448333740e-02
2.304349280893802643e-02
4.900581762194633484e-02
1.242420971393585205e-01
-1.386668282066239044e-05
-3.510800749063491821e-02
4.004626348614692688e-02
-2.210382185876369476e-02
-9.009956568479537964e-02
6.230613961815834045e-02
-1.234660223126411438e-01
1.968983560800552368e-02
-9.513104707002639771e-02
5.375892296433448792e-02
-1.293910481035709381e-02
-9.525322355329990387e-03
-8.374661207199096680e-02
-1.838620938360691071e-02
-1.227593421936035156e-02
2.886689268052577972e-03
-5.223647505044937134e-02
-3.804402798414230347e-02
9.443475306034088135e-02
-1.402925420552492142e-02
1.120395865291357040e-02
-1.531202718615531921e-02
-7.038128376007080078e-02
1.063569821417331696e-02
-1.823575422167778015e-02
-4.336804151535034180e-02
-9.989867359399795532e-02
-6.683607120066881180e-03
6.855056434869766235e-02
-6.763599067926406860e-02
2.473026048392057419e-03
9.312559664249420166e-02
6.662280857563018799e-02
-4.415874183177947998e-02
-2.959758974611759186e-02
2.390793710947036743e-02
9.960902854800224304e-03
6.856360286474227905e-02
-7.116246968507766724e-02
-9.698311239480972290e-02
-5.870547145605087280e-02
-2.845823951065540314e-02
3.096808865666389465e-02
-5.413480848073959351e-02
4.960324987769126892e-02
4.454457387328147888e-02
-1.010702364146709442e-02
-5.064414814114570618e-02
9.801875799894332886e-02
-4.435004293918609619e-02
-1.178310159593820572e-02
-3.952122852206230164e-02
1.050497521646320820e-03
-5.508746951818466187e-02
5.663005635142326355e-02
8.552160114049911499e-02
6.687837094068527222e-02
1.153900939971208572e-02
-4.971964284777641296e-02
4.665049910545349121e-02
7.590051740407943726e-02
-6.688460707664489746e-02
4.667670279741287231e-02
-9.586914442479610443e-03
2.273733727633953094e-02
-6.241447106003761292e-02
3.688882105052471161e-03
8.302041888236999512e-02
8.040025830268859863e-03
8.259301632642745972e-02
-6.035687401890754700e-02
8.722423017024993896e-02
9.807157330214977264e-03
-2.680085785686969757e-02
2.155577763915061951e-02
-2.455080673098564148e-02
-5.276346951723098755e-02
2.780847623944282532e-02
-1.427371334284543991e-02
-4.668088222388178110e-04
1.882458664476871490e-02
-4.904949665069580078e-02
1.689171046018600464e-02
-3.688308596611022949e-02
5.554202571511268616e-02
1.418366655707359314e-02
-6.103207170963287354e-02
-4.020648822188377380e-02
-4.561038687825202942e-02
-1.690720953047275543e-02
8.972207084298133850e-03
2.366747707128524780e-02
-3.683754056692123413e-02
6.724478676915168762e-03
4.912655800580978394e-02
-2.790744975209236145e-02
-4.432328790426254272e-02
3.387068212032318115e-02
-2.284181676805019379e-02
3.208574280142784119e-02
3.837975859642028809e-02
-4.884347319602966309e-02
4.741456825286149979e-03
-5.110138654708862305e-02
6.626720726490020752e-02
-9.093910455703735352e-02
1.134899929165840149e-01
5.820004642009735107e-02
1.820462495088577271e-01
3.849339485168457031e-02
7.183121144771575928e-02
-1.795398071408271790e-02
-4.063987359404563904e-02
-6.591673474758863449e-03
3.466397523880004883e-02
-1.556009054183959961e-01
1.129502707044593990e-04
-3.712502866983413696e-02
7.542104274034500122e-02
2.163302712142467499e-02
-5.597876152023673058e-04
-2.977225556969642639e-02
-1.740447059273719788e-02
-4.951747879385948181e-02
6.993194669485092163e-02
-8.282009512186050415e-02
-4.633925389498472214e-03
-1.454949006438255310e-02
4.441605135798454285e-02
5.275392532348632812e-02
1.063520740717649460e-02
7.769414782524108887e-02
1.002235561609268188e-01
-5.708952434360980988e-03
-7.068425416946411133e-02
-6.261356920003890991e-02
-9.242232888936996460e-02
-1.489765048027038574e-01
6.185865402221679688e-02
2.125812321901321411e-02
2.661789208650588989e-02
1.379715395160019398e-03
-2.524395287036895752e-01
8.965791016817092896e-02
-1.940018981695175171e-01
-6.063539534807205200e-02
4.592703282833099365e-02
6.029846891760826111e-02
-1.878326386213302612e-01
-4.200252890586853027e-02
-1.527385972440242767e-02
4.949013516306877136e-02
-6.466581486165523529e-03
9.546514600515365601e-02
1.316645145416259766e-01
-1.238899305462837219e-01
-5.859886109828948975e-02
-3.852809080854058266e-03
-1.347893662750720978e-02
7.715366035699844360e-02
-3.411450609564781189e-02
1.251874119043350220e-01
