-9.999717772006988525e-02
-5.592137575149536133e-02
7.352104038000106812e-02
-5.128133669495582581e-02
-1.451791636645793915e-02
8.713129907846450806e-02
3.316767513751983643e-02
-1.244911029934883118e-01
1.100662723183631897e-01
4.843745380640029907e-02
-1.088313460350036621e-01
-6.992693990468978882e-02
1.085908561944961548e-01
-1.945691555738449097e-02
8.628699928522109985e-03
4.338338971138000488e-02
3.635725751519203186e-02
-8.151928335428237915e-02
1.797673292458057404e-02
4.714190214872360229e-02
6.833523511886596680e-02
-1.016151066869497299e-02
-7.593319751322269440e-03
-2.209495566785335541e-02
4.014853760600090027e-02
-5.413697101175785065e-03
1.544263400137424469e-02
-4.253043606877326965e-02
-1.373089104890823364e-01
2.882909495383501053e-03
-4.982996731996536255e-02
-8.617328852415084839e-02
-6.073847413063049316e-03
1.068041771650314331e-01
-5.211618263274431229e-03
-2.884234488010406494e-02
-8.679676800966262817e-02
-1.614247914403676987e-03
-9.598666802048683167e-03
3.115140460431575775e-02
-2.629975974559783936e-02
-2.617748640477657318e-02
2.530694752931594849e-02
-8.356023579835891724e-02
1.021115183830261230e-01
8.629952371120452881e-02
5.919837951660156250e-02
-1.187342451885342598e-03
-7.182782888412475586e-02
-7.818128913640975952e-02
-6.417085230350494385e-02
1.286851167678833008e-01
-3.140326216816902161e-02
5.778690055012702942e-02
8.452018350362777710e-02
-1.893568225204944611e-02
-4.913794621825218201e-02
1.886610686779022217e-02
3.962332382798194885e-02
1.288291625678539276e-02
4.710979387164115906e-02
-2.663769945502281189e-02
8.406060189008712769e-02
-1.490946561098098755e-01
-5.436811596155166626e-03
-5.351784639060497284e-03
-4.518246278166770935e-02
7.309944182634353638e-02
-3.166395425796508789e-02
-2.992465347051620483e-02
2.560040540993213654e-02
-2.150961756706237793e-02
-1.652026176452636719e-02
6.185168400406837463e-02
1.825775951147079468e-02
1.350385230034589767e-02
3.092120215296745300e-02
4.814893752336502075e-02
-7.663604617118835449e-02
7.490251958370208740e-02
-7.799113541841506958e-02
3.066234663128852844e-02
2.788377180695533752e-02
-1.179057806730270386e-01
-7.088210433721542358e-02
-1.475422922521829605e-02
3.906108438968658447e-02
9.640158712863922119e-02
-1.753108343109488487e-03
-3.882696479558944702e-02
2.309910394251346588e-02
1.625612564384937286e-02
-9.368378669023513794e-02
5.574974790215492249e-02
-1.098202913999557495e-01
-1.053856220096349716e-03
-8.987022191286087036e-02
3.261686116456985474e-02
-2.700681099668145180e-03
-2.209407836198806763e-02
-8.727971464395523071e-02
-2.330400794744491577e-02
-2.702932432293891907e-02
2.031531743705272675e-02
-3.798654302954673767e-02
-4.810788482427597046e-02
7.675527781248092651e-02
3.114276565611362457e-03
3.537610918283462524e-02
-7.614159025251865387e-03
-6.839942187070846558e-02
2.118699066340923309e-02
-2.073059603571891785e-02
-3.016568161547183990e-02
-8.409771323204040527e-02
-2.658552303910255432e-02
3.014925867319107056e-02
-5.158058181405067444e-02
-1.062623877078294754e-02
9.284897893667221069e-02
4.055847972631454468e-02
-4.468977451324462891e-02
-2.657843567430973053e-02
1.055085193365812302e-02
2.109389007091522217e-02
7.371103763580322266e-02
-4.137973114848136902e-02
-9.681001305580139160e-02
-4.813858866691589355e-02
-1.716309599578380585e-02
1.149413082748651505e-02
-5.975587293505668640e-02
4.610220715403556824e-02
2.516837976872920990e-02
1.584459282457828522e-02
-5.317062512040138245e-02
8.654051274061203003e-02
-2.875934913754463196e-02
-1.585285365581512451e-02
-1.831432431936264038e-02
-8.767664432525634766e-03
-5.048220977187156677e-02
5.109012499451637268e-02
5.787782743573188782e-02
6.311327964067459106e-02
2.097520790994167328e-02
-1.933980733156204224e-02
5.918581783771514893e-02
6.043892726302146912e-02
-5.571509525179862976e-02
4.270548373460769653e-02
-8.407435379922389984e-03
2.037786878645420074e-02
-8.877836167812347412e-02
1.109559647738933563e-02
7.041230052709579468e-02
1.453309599310159683e-02
6.210888549685478210e-02
-5.050819367170333862e-02
9.465207904577255249e-02
3.875967115163803101e-02
-1.189231965690851212e-02
2.034412696957588196e-02
-2.603417728096246719e-03
-5.599826574325561523e-02
2.853222936391830444e-02
-3.638907521963119507e-02
-6.947962683625519276e-04
3.324979171156883240e-02
-7.040721178054809570e-02
3.630782291293144226e-02
-6.102723628282546997e-02
6.231198087334632874e-02
4.186771437525749207e-02
-6.629616022109985352e-02
-3.055101260542869568e-02
-2.494394779205322266e-02
-2.699570544064044952e-02
-2.489915350452065468e-03
2.348453924059867859e-02
-2.647867612540721893e-02
-1.522163860499858856e-03
4.229773208498954773e-02
-3.092051856219768524e-02
-5.196645483374595642e-02
1.055879890918731689e-02
-3.830116614699363708e-02
2.358496189117431641e-03
5.453888326883316040e-02
-7.054201513528823853e-02
-9.212156757712364197e-03
-4.753698781132698059e-02
7.019661366939544678e-02
-1.256685554981231689e-01
1.223339214920997620e-01
5.732300505042076111e-02
1.810638159513473511e-01
5.869241803884506226e-02
9.436668455600738525e-02
-1.257862430065870285e-02
-2.611776813864707947e-02
-2.677442133426666260e-02
3.648487105965614319e-02
-1.617501229047775269e-01
-4.317137412726879120e-03
-4.998822510242462158e-02
6.882984936237335205e-02
-4.641809035092592239e-03
-2.862773369997739792e-03
-2.680953964591026306e-02
-2.465415513142943382e-03
-3.020899370312690735e-02
7.477146387100219727e-02
-8.182219415903091431e-02
1.784567721188068390e-02
-3.401235910132527351e-03
4.853914305567741394e-02
5.490361899137496948e-02
1.219474361278116703e-03
8.833076804876327515e-02
9.215770661830902100e-02
-8.825078606605529785e-03
-9.763152152299880981e-02
-5.309952050447463989e-02
-8.137354999780654907e-02
-1.593762636184692383e-01
6.597314774990081787e-02
2.224221825599670410e-02
7.339200470596551895e-03
1.600479148328304291e-02
-2.032903134822845459e-01
8.782035857439041138e-02
-1.783299744129180908e-01
-5.040315538644790649e-02
4.293463379144668579e-02
7.501224428415298462e-02
-1.793934255838394165e-01
-6.362263113260269165e-02
-1.088165026158094406e-02
5.048034340143203735e-02
-5.987816490232944489e-03
9.940162301063537598e-02
1.709352582693099976e-01
-1.460004448890686035e-01
-8.837641775608062744e-02
-1.229859702289104462e-02
-2.541472949087619781e-02
1.014656499028205872e-01
-4.330896958708763123e-02
1.243449151515960693e-01
