-1.021853312849998474e-01
-1.324089523404836655e-02
2.598880417644977570e-02
-2.996021881699562073e-02
-2.967751212418079376e-02
4.389332979917526245e-02
1.695104688405990601e-02
-1.170542091131210327e-01
8.013533800840377808e-02
5.352544412016868591e-02
-1.129643470048904419e-01
-7.668272405862808228e-02
1.109685078263282776e-01
-2.245271205902099609e-02
4.230990633368492126e-02
4.657019302248954773e-02
4.844506829977035522e-02
-5.338751524686813354e-02
1.687548356130719185e-03
3.645445406436920166e-02
1.746960356831550598e-02
-5.263302847743034363e-02
-1.586518622934818268e-02
1.268708240240812302e-02
1.044840924441814423e-02
-1.092410366982221603e-02
1.074364688247442245e-02
-1.741215004585683346e-03
-6.996212899684906006e-02
1.785227842628955841e-02
5.464113783091306686e-03
-4.884948953986167908e-02
-2.334048599004745483e-02
5.936831608414649963e-02
-1.378111168742179871e-02
1.274401880800724030e-02
-9.116126596927642822e-02
2.163800224661827087e-02
2.260416746139526367e-02
2.074552513659000397e-02
-5.947686359286308289e-02
-3.265730664134025574e-02
7.403011433780193329e-03
-6.297064572572708130e-02
1.577660143375396729e-01
9.094148129224777222e-02
6.562585383653640747e-02
-1.817052438855171204e-02
-6.278309226036071777e-02
-1.305587738752365112e-01
-1.020178943872451782e-01
9.759071469306945801e-02
-4.334869980812072754e-02
8.915698528289794922e-02
5.621304363012313843e-02
-4.500033706426620483e-02
-3.106010518968105316e-02
6.138486415147781372e-02
2.475434914231300354e-02
1.625725813210010529e-02
9.382604062557220459e-02
-6.154710054397583008e-02
9.134444594383239746e-02
-1.613444238901138306e-01
-1.313174236565828323e-02
-1.540838088840246201e-02
-3.367219865322113037e-02
7.101667672395706177e-02
-3.447867184877395630e-02
-8.005551248788833618e-02
6.823157519102096558e-02
5.931028164923191071e-03
-5.397796258330345154e-02
8.003758639097213745e-02
-7.514589466154575348e-03
2.170988358557224274e-03
3.832538798451423645e-02
6.543152779340744019e-02
-5.000951513648033142e-02
9.672509133815765381e-02
-7.753412425518035889e-02
2.742864750325679779e-02
3.119608573615550995e-02
-1.050729528069496155e-01
-7.843618094921112061e-02
-1.956112124025821686e-02
6.227935105562210083e-02
1.019198447465896606e-01
2.385364659130573273e-02
-4.527107998728752136e-02
4.524807259440422058e-02
7.823821157217025757e-03
-1.209604591131210327e-01
6.563296169042587280e-02
-1.087681278586387634e-01
-2.475758083164691925e-03
-6.074815988540649414e-02
3.080550208687782288e-02
-8.742290548980236053e-03
-1.809830032289028168e-02
-7.015992701053619385e-02
-1.341337617486715317e-02
-3.347334638237953186e-02
3.481704276055097580e-03
-4.635782539844512939e-02
-4.264097288250923157e-02
8.046544343233108521e-02
-9.918494615703821182e-04
6.288345903158187866e-02
-8.067182265222072601e-03
-6.460039317607879639e-02
9.646954014897346497e-03
5.645820870995521545e-03
-2.273265644907951355e-02
-9.195186942815780640e-02
-3.395314514636993408e-02
1.124519482254981995e-02
-2.591335400938987732e-02
-1.070583704859018326e-02
4.512882605195045471e-02
6.680241227149963379e-02
-3.841399773955345154e-02
2.798079699277877808e-02
-1.203291933052241802e-03
-4.996018251404166222e-04
7.102808356285095215e-02
-6.787520647048950195e-02
-1.036401167511940002e-01
-5.184926092624664307e-02
-2.346390672028064728e-02
2.304822765290737152e-02
-8.087328076362609863e-02
6.237215548753738403e-02
7.008346728980541229e-03
1.454417034983634949e-02
-5.295671150088310242e-02
1.079894006252288818e-01
-6.777071207761764526e-02
-2.724751457571983337e-02
-9.059546515345573425e-03
-4.658552259206771851e-02
-5.692442506551742554e-02
7.651466876268386841e-02
6.598357856273651123e-02
4.185960069298744202e-02
2.692064456641674042e-02
-4.328016564249992371e-02
6.584252417087554932e-02
4.254448413848876953e-02
-3.220572695136070251e-02
4.548786953091621399e-02
-2.167481370270252228e-02
7.558332290500402451e-03
-1.189733818173408508e-01
-8.175203576683998108e-03
9.141141921281814575e-02
2.311963401734828949e-02
1.069972366094589233e-01
-7.535538822412490845e-02
8.101389557123184204e-02
1.501467637717723846e-02
-5.024649202823638916e-02
4.598345607519149780e-02
-1.616166532039642334e-02
-4.939818009734153748e-02
2.701101079583168030e-02
-2.821917273104190826e-02
-4.540330730378627777e-03
7.741794455796480179e-03
-4.253754392266273499e-02
4.224428161978721619e-02
-4.568957164883613586e-02
-3.803378494922071695e-04
7.386095076799392700e-02
-1.795168966054916382e-02
-1.460215542465448380e-02
5.054730176925659180e-02
-1.708320900797843933e-02
-2.003438770771026611e-03
5.094919353723526001e-02
-4.205876495689153671e-03
-7.220203406177461147e-04
3.505026176571846008e-02
-2.240112237632274628e-02
-4.239095002412796021e-02
-1.043437700718641281e-02
-5.774571746587753296e-02
-2.228157594799995422e-02
2.502327784895896912e-02
-1.890141330659389496e-02
1.431675534695386887e-02
-4.054343327879905701e-02
3.887640312314033508e-02
-1.388342380523681641e-01
1.149295866489410400e-01
5.343536287546157837e-02
1.223199293017387390e-01
4.937506467103958130e-02
1.145087331533432007e-01
1.435209531337022781e-02
-7.300094235688447952e-03
-7.865617051720619202e-03
3.935008868575096130e-02
-1.489878743886947632e-01
1.181614585220813751e-02
-9.400526434183120728e-02
6.675019860267639160e-02
5.303580779582262039e-03
1.843320205807685852e-02
-2.212300710380077362e-02
-3.194891847670078278e-03
-5.638717114925384521e-02
7.678654789924621582e-02
-4.698326438665390015e-02
2.537866495549678802e-02
-2.631895802915096283e-02
7.321904599666595459e-02
5.053367465734481812e-02
-2.437261305749416351e-02
5.355965718626976013e-02
7.209108769893646240e-02
-4.317796975374221802e-02
-1.129200682044029236e-01
-3.465776890516281128e-02
-8.388260751962661743e-02
-1.389895975589752197e-01
4.685094580054283142e-02
1.459766551852226257e-02
-1.199620123952627182e-02
4.072928801178932190e-02
-2.322150617837905884e-01
8.867788314819335938e-02
-1.469086706638336182e-01
-5.476066842675209045e-02
4.027429595589637756e-02
6.618019193410873413e-02
-2.024973481893539429e-01
-5.467197671532630920e-02
-4.099540878087282181e-03
7.115975767374038696e-02
-1.135435421019792557e-02
1.825997978448867798e-02
1.512688249349594116e-01
-1.597990840673446655e-01
-1.132402420043945312e-01
-4.215873312205076218e-03
-2.182746864855289459e-02
8.564823120832443237e-02
-5.947108566761016846e-02
6.887914240360260010e-02
