-1.112419441342353821e-01
-7.104955613613128662e-02
1.037852466106414795e-01
-1.077301800251007080e-01
-6.250526348594576120e-05
1.326006203889846802e-01
5.398904977482743561e-05
-1.440391689538955688e-01
9.202369302511215210e-02
3.300176933407783508e-03
-1.408111751079559326e-01
-4.520716145634651184e-02
1.436230391263961792e-01
-4.524797201156616211e-02
7.507512718439102173e-02
6.549648195505142212e-02
3.696854785084724426e-02
-1.001556441187858582e-01
5.824266374111175537e-02
6.067235954105854034e-03
3.651402145624160767e-02
-4.658939316868782043e-02
2.419877983629703522e-02
-3.757942840456962585e-02
6.226567178964614868e-02
1.391703542321920395e-02
4.227919876575469971e-02
-7.936174422502517700e-02
-8.225093036890029907e-02
-3.475432842969894409e-02
-4.297279566526412964e-02
-5.147576704621315002e-02
-4.124107211828231812e-02
1.002166271209716797e-01
1.131253037601709366e-02
-2.933825738728046417e-02
-7.369121164083480835e-02
-2.552356012165546417e-02
3.784899041056632996e-02
3.722073137760162354e-02
-6.999740004539489746e-02
1.215039379894733429e-02
4.920656606554985046e-02
-4.596127569675445557e-02
8.722385764122009277e-02
3.846447542309761047e-02
2.840608917176723480e-02
-4.091285169124603271e-02
-2.590520493686199188e-02
-8.332160860300064087e-02
-6.041053310036659241e-02
2.202498912811279297e-02
-2.054456993937492371e-02
-4.470463376492261887e-03
3.733781352639198303e-02
9.692332707345485687e-03
-7.672679424285888672e-02
3.471251577138900757e-02
2.219972386956214905e-02
9.752242267131805420e-02
6.754899024963378906e-02
-5.334252119064331055e-02
5.689944699406623840e-02
-1.181794852018356323e-01
-1.890427432954311371e-02
-2.336456812918186188e-02
-4.665705934166908264e-02
6.837201118469238281e-02
-4.342189803719520569e-02
-8.051951229572296143e-02
4.632103070616722107e-02
5.742762004956603050e-04
-1.110216695815324783e-02
6.393482536077499390e-02
-2.038512751460075378e-02
7.771563529968261719e-02
5.174635350704193115e-02
4.074739664793014526e-02
-7.963126897811889648e-02
5.277906358242034912e-02
-5.236687511205673218e-02
4.781712964177131653e-02
2.072314731776714325e-02
-8.685531467199325562e-02
-7.528334856033325195e-02
3.346584737300872803e-02
3.773828968405723572e-02
1.079379841685295105e-01
4.084904678165912628e-03
-3.398727253079414368e-02
1.809057407081127167e-02
-2.920076623558998108e-02
-7.306212186813354492e-02
2.017790079116821289e-02
-1.246781274676322937e-01
3.117004036903381348e-02
-6.298390775918960571e-02
2.279187925159931183e-02
2.960250899195671082e-02
-1.403870061039924622e-02
-1.008809506893157959e-01
8.710020221769809723e-03
-6.839927285909652710e-03
1.839409378590062261e-04
-7.359766215085983276e-02
-3.733645193278789520e-03
6.855175644159317017e-02
-3.029346466064453125e-02
1.789912767708301544e-02
3.777638543397188187e-03
-4.691458866000175476e-02
-4.043949395418167114e-02
3.900494799017906189e-02
-1.046212855726480484e-02
-9.091500937938690186e-02
2.787967957556247711e-02
1.054507307708263397e-02
-5.564225092530250549e-02
-9.643802419304847717e-03
7.757584005594253540e-02
7.307618856430053711e-02
-2.137620467692613602e-03
2.065078541636466980e-02
1.539898198097944260e-02
-1.110911089926958084e-02
9.467720240354537964e-02
-1.131360903382301331e-01
-3.048598021268844604e-02
-7.692368328571319580e-02
-1.300266291946172714e-02
3.704381734132766724e-02
-5.840068683028221130e-02
2.786488085985183716e-02
1.326475292444229126e-02
4.294728860259056091e-03
-3.546937927603721619e-02
8.935415744781494141e-02
-1.506706699728965759e-02
-6.010014563798904419e-02
-7.255738228559494019e-02
-1.630197651684284210e-02
-8.874525129795074463e-02
1.417704392224550247e-02
1.021521985530853271e-01
5.633437633514404297e-02
4.226791486144065857e-02
-7.428131997585296631e-02
-6.982491817325353622e-03
7.584550231695175171e-02
-8.925006538629531860e-02
3.541348874568939209e-02
-8.233859203755855560e-03
5.906427651643753052e-02
-7.800202071666717529e-02
-4.926853999495506287e-02
5.054336786270141602e-02
-1.127082295715808868e-02
1.261995881795883179e-01
-6.818506866693496704e-02
3.921247646212577820e-02
-2.766268880805000663e-05
4.343971144407987595e-03
-1.803800463676452637e-02
-5.190267693251371384e-03
-7.356543838977813721e-02
3.708223998546600342e-02
-6.541802734136581421e-02
3.420256078243255615e-02
-1.474559400230646133e-02
-8.190727233886718750e-02
3.937332425266504288e-03
-7.825733721256256104e-02
7.828599959611892700e-02
-1.625450560823082924e-03
-3.535610390827059746e-03
-5.686546862125396729e-02
2.270231209695339203e-02
-7.290407270193099976e-02
1.244128681719303131e-03
4.571579024195671082e-02
-7.516501843929290771e-02
6.850636750459671021e-02
6.607320904731750488e-02
8.281373977661132812e-02
-8.526815474033355713e-02
1.370763778686523438e-02
-7.600832730531692505e-02
4.322310164570808411e-02
7.232936471700668335e-02
-6.067654490470886230e-02
8.488976745866239071e-04
-2.511167339980602264e-02
6.811108440160751343e-02
-5.455554649233818054e-02
1.040495485067367554e-01
2.835151366889476776e-02
1.139900907874107361e-01
2.929572947323322296e-02
7.142984867095947266e-02
3.081665746867656708e-02
-3.084709867835044861e-02
-2.898631244897842407e-02
3.127937391400337219e-02
-1.267900466918945312e-01
-4.462188109755516052e-03
-6.093734875321388245e-02
1.044231206178665161e-01
-1.902854070067405701e-02
2.118486166000366211e-02
-4.544965177774429321e-02
-5.607761815190315247e-02
-5.190243944525718689e-02
4.534141719341278076e-02
-5.384787172079086304e-02
1.529463380575180054e-02
-5.089665949344635010e-02
6.851141154766082764e-02
9.565825760364532471e-02
-2.080179564654827118e-02
5.619945377111434937e-02
4.769560694694519043e-02
-2.398515865206718445e-02
-9.456676244735717773e-02
-7.433699816465377808e-02
-8.602064102888107300e-02
-1.055072844028472900e-01
5.092401057481765747e-02
7.935141026973724365e-02
3.916596248745918274e-02
-1.580649055540561676e-03
-2.756785750389099121e-01
7.439973205327987671e-02
-1.657260954380035400e-01
-7.445424050092697144e-02
5.592212453484535217e-02
1.637067832052707672e-02
-1.830463558435440063e-01
-5.069636553525924683e-02
-9.809011593461036682e-03
3.928780183196067810e-02
-3.799099847674369812e-02
4.349758476018905640e-02
4.327865317463874817e-02
-1.327475905418395996e-01
-3.157900273799896240e-02
1.999421790242195129e-02
6.217037793248891830e-03
-1.156267058104276657e-02
9.908542037010192871e-03
5.018110200762748718e-02
