-7.818762212991714478e-02
-5.863291025161743164e-02
9.535528719425201416e-02
-5.861733853816986084e-02
-2.673973329365253448e-02
7.343097776174545288e-02
2.169533260166645050e-02
-1.151168867945671082e-01
9.136499464511871338e-02
4.293624684214591980e-02
-1.027597337961196899e-01
-5.428392812609672546e-02
1.021759510040283203e-01
-1.493220031261444092e-02
-2.333773532882332802e-03
5.428841710090637207e-02
2.811658568680286407e-02
-8.848362416028976440e-02
3.815998509526252747e-02
3.250394761562347412e-02
7.741974294185638428e-02
-1.856249012053012848e-02
-6.648310925811529160e-03
-3.221746534109115601e-02
4.838513955473899841e-02
-1.174701098352670670e-02
2.984506450593471527e-02
-6.281253695487976074e-02
-1.527374386787414551e-01
-1.846016570925712585e-02
-4.996843636035919189e-02
-9.141930937767028809e-02
-4.865215625613927841e-03
1.185118257999420166e-01
-9.705037809908390045e-03
-4.354632645845413208e-02
-8.978924900293350220e-02
-1.669922284781932831e-02
-1.088431687094271183e-03
2.588872425258159637e-02
-2.118877321481704712e-02
-2.812259644269943237e-02
2.891811914741992950e-02
-8.128537982702255249e-02
1.038768738508224487e-01
7.415365427732467651e-02
4.086729511618614197e-02
2.420531818643212318e-03
-7.544208317995071411e-02
-6.554383039474487305e-02
-4.649724066257476807e-02
1.281603425741195679e-01
-2.670149318873882294e-02
3.839993849396705627e-02
8.526186645030975342e-02
-3.819904988631606102e-03
-5.971771851181983948e-02
8.700638078153133392e-03
5.104625225067138672e-02
2.080594561994075775e-02
4.230073839426040649e-02
-7.499128580093383789e-03
8.891868591308593750e-02
-1.437395513057708740e-01
-4.005244001746177673e-03
-7.012706249952316284e-03
-5.376816540956497192e-02
6.619583070278167725e-02
-3.457346186041831970e-02
-1.887770742177963257e-02
1.367712207138538361e-02
-2.703798562288284302e-02
-4.585355054587125778e-03
6.004158407449722290e-02
2.930415049195289612e-02
1.372918020933866501e-02
1.800715923309326172e-02
4.616697877645492554e-02
-8.108747005462646484e-02
6.580676138401031494e-02
-7.229822874069213867e-02
2.870480157434940338e-02
2.270587719976902008e-02
-1.295720934867858887e-01
-7.609654217958450317e-02
-1.423488371074199677e-02
4.524902999401092529e-02
1.122560054063796997e-01
-1.091076899319887161e-02
-3.532805293798446655e-02
2.275553531944751740e-02
1.001564692705869675e-02
-1.061351224780082703e-01
5.619355291128158569e-02
-1.078933104872703552e-01
-1.050462131388485432e-03
-1.089376136660575867e-01
4.909769818186759949e-02
-1.557128416607156396e-04
-1.932373829185962677e-02
-9.546820819377899170e-02
-3.457493335008621216e-02
-2.956266514956951141e-02
3.165217116475105286e-02
-3.716396167874336243e-02
-4.816874489188194275e-02
8.340305835008621216e-02
1.311789359897375107e-02
3.227527067065238953e-02
-1.814296841621398926e-02
-5.567242950201034546e-02
3.006296604871749878e-02
-2.703131549060344696e-02
-2.778085134923458099e-02
-9.092099219560623169e-02
-2.007356099784374237e-02
3.621016442775726318e-02
-6.843014061450958252e-02
2.016789803747087717e-04
1.065102070569992065e-01
4.081103950738906860e-02
-4.548875615000724792e-02
-3.887272253632545471e-02
1.027807407081127167e-02
2.093994431197643280e-02
7.858710736036300659e-02
-4.376909509301185608e-02
-1.040015369653701782e-01
-5.871951952576637268e-02
-2.357948012650012970e-02
8.663969114422798157e-03
-5.073483660817146301e-02
5.572498589754104614e-02
2.343324199318885803e-02
6.926786620169878006e-03
-6.592331826686859131e-02
9.239360690116882324e-02
-3.541668131947517395e-02
-3.151690214872360229e-02
-3.644429519772529602e-02
-8.350237272679805756e-03
-4.876452684402465820e-02
5.520183593034744263e-02
6.617593020200729370e-02
6.191048398613929749e-02
1.968311890959739685e-02
-2.663646824657917023e-02
4.166349396109580994e-02
7.546500861644744873e-02
-5.804046243429183960e-02
3.790452703833580017e-02
4.362718667834997177e-03
2.491315640509128571e-02
-7.770183682441711426e-02
2.347899414598941803e-02
5.938903987407684326e-02
3.015102818608283997e-03
7.228267937898635864e-02
-4.925906285643577576e-02
1.021213531494140625e-01
4.522498324513435364e-02
-7.740211207419633865e-03
1.060014963150024414e-02
6.591735873371362686e-04
-5.709388479590415955e-02
2.743228152394294739e-02
-5.066453665494918823e-02
-8.852335624396800995e-03
2.900398522615432739e-02
-6.999062001705169678e-02
3.155907616019248962e-02
-7.304955273866653442e-02
9.014381468296051025e-02
4.033289104700088501e-02
-7.518212497234344482e-02
-4.064615815877914429e-02
-3.560668230056762695e-02
-2.557501941919326782e-02
2.386611653491854668e-03
1.459369529038667679e-02
-4.090119153261184692e-02
1.031193137168884277e-02
6.387077271938323975e-02
-3.060334920883178711e-02
-5.046512186527252197e-02
2.367440983653068542e-02
-2.750030346214771271e-02
2.923748688772320747e-03
6.578569114208221436e-02
-7.160529494285583496e-02
-1.960413902997970581e-02
-4.834162816405296326e-02
7.450172305107116699e-02
-1.132095381617546082e-01
1.158300861716270447e-01
6.621150672435760498e-02
1.729362010955810547e-01
6.319952011108398438e-02
9.327328950166702271e-02
-2.122005820274353027e-02
-2.881430648267269135e-02
-1.501304190605878830e-02
2.809075638651847839e-02
-1.690939068794250488e-01
-7.358065340667963028e-03
-2.660125866532325745e-02
5.815888568758964539e-02
-1.303247548639774323e-02
-8.853286504745483398e-03
-2.530769445002079010e-02
-2.715081209316849709e-03
-3.770832344889640808e-02
8.133547753095626831e-02
-8.945225924253463745e-02
1.612829416990280151e-02
-4.763743374496698380e-03
4.911695048213005066e-02
6.399924308061599731e-02
9.163542650640010834e-03
7.299664616584777832e-02
9.201668202877044678e-02
-5.762858781963586807e-03
-7.342140376567840576e-02
-5.568091571331024170e-02
-8.182396739721298218e-02
-1.529235839843750000e-01
6.628414988517761230e-02
3.062345087528228760e-02
9.854721836745738983e-03
-1.233753631822764874e-03
-1.965166926383972168e-01
9.087304025888442993e-02
-1.706013977527618408e-01
-4.601587727665901184e-02
4.021548852324485779e-02
6.922148913145065308e-02
-1.755318194627761841e-01
-5.488086491823196411e-02
-2.158126607537269592e-02
3.833075612783432007e-02
5.381430964916944504e-04
9.476663172245025635e-02
1.570305675268173218e-01
-1.186663880944252014e-01
-7.555778324604034424e-02
-9.931609034538269043e-03
-2.041773870587348938e-02
8.366951346397399902e-02
-3.883830830454826355e-02
1.205662265419960022e-01
