-1.269801706075668335e-01
-8.713336288928985596e-02
1.092627272009849548e-01
-3.577479720115661621e-02
-7.859290391206741333e-02
8.506283164024353027e-02
1.214660890400409698e-02
-9.726661443710327148e-02
8.015632629394531250e-02
5.090560764074325562e-02
-1.405598521232604980e-01
-9.042452275753021240e-02
1.317580789327621460e-01
-1.428584288805723190e-02
-3.187672793865203857e-02
1.466430164873600006e-02
3.952092677354812622e-02
-8.633328229188919067e-02
1.114921923726797104e-02
4.445222392678260803e-02
1.224708929657936096e-01
-2.037193067371845245e-02
9.743410162627696991e-03
1.954784430563449860e-02
7.435553520917892456e-02
-3.631250560283660889e-02
-7.654728367924690247e-03
-8.032505214214324951e-02
-1.862621009349822998e-01
-5.700778961181640625e-02
-6.348004192113876343e-02
-9.682701528072357178e-02
6.295110564678907394e-03
1.102963238954544067e-01
8.987989276647567749e-03
-1.907907612621784210e-02
-8.209724724292755127e-02
-3.000807389616966248e-02
2.280033379793167114e-02
3.775024414062500000e-02
1.085549965500831604e-02
-5.900496989488601685e-02
5.467339232563972473e-02
-6.131190806627273560e-02
9.812825173139572144e-02
6.513694673776626587e-02
7.454721722751855850e-03
-1.732030324637889862e-02
-9.794955700635910034e-02
-1.184058710932731628e-01
-3.863808512687683105e-02
1.081682294607162476e-01
-6.778285652399063110e-02
3.823079913854598999e-02
5.684250220656394958e-02
-7.330871652811765671e-03
-5.698518455028533936e-02
-3.816935792565345764e-02
5.541554465889930725e-02
2.746316138654947281e-03
4.768995195627212524e-02
3.841583430767059326e-02
5.163897573947906494e-02
-1.101140975952148438e-01
8.608201518654823303e-03
-2.540360391139984131e-02
-2.762817032635211945e-02
4.420529305934906006e-02
-2.324534952640533447e-02
2.988186851143836975e-02
-2.561851218342781067e-02
-7.998879998922348022e-03
-3.220754861831665039e-02
4.109457135200500488e-02
3.834709152579307556e-02
-1.867904327809810638e-02
1.361962221562862396e-02
4.661186784505844116e-02
-7.325849682092666626e-02
2.957791648805141449e-02
-7.251957058906555176e-02
-3.900863812305033207e-04
7.797169033437967300e-03
-1.527988463640213013e-01
-5.132424458861351013e-02
-3.491579368710517883e-02
5.504375696182250977e-02
1.298225075006484985e-01
-4.971428215503692627e-02
-5.118738859891891479e-03
4.112362861633300781e-02
-1.051832921802997589e-02
-9.709441661834716797e-02
5.569860339164733887e-02
-1.311280131340026855e-01
-5.467658862471580505e-03
-7.444752007722854614e-02
3.873760811984539032e-03
2.599307568743824959e-03
1.476342004025354981e-04
-4.611504077911376953e-02
-3.896269202232360840e-02
-2.853309735655784607e-02
-1.323883421719074249e-02
-1.464450918138027191e-02
-7.938136905431747437e-02
9.994026273488998413e-02
-7.337564136832952499e-03
3.021076507866382599e-02
-2.611950598657131195e-02
-3.224844112992286682e-02
4.825102910399436951e-02
-2.439174614846706390e-02
-4.357452271506190300e-04
-4.557006806135177612e-02
1.104789786040782928e-02
4.143527522683143616e-02
-7.949507236480712891e-02
-2.493485808372497559e-02
9.231839329004287720e-02
-3.926086239516735077e-03
-2.154238708317279816e-02
-6.242052093148231506e-02
2.036452293395996094e-02
2.207155525684356689e-02
3.352251276373863220e-02
-6.776479072868824005e-03
-1.185630559921264648e-01
-7.917653769254684448e-02
-1.450105942785739899e-02
3.404310345649719238e-02
-2.526418864727020264e-02
4.015369340777397156e-02
1.080422010272741318e-02
2.141527802450582385e-04
-7.558376342058181763e-02
8.185137808322906494e-02
-6.398888677358627319e-02
-1.162677351385354996e-02
-4.348890483379364014e-02
8.795721456408500671e-03
-7.260253652930259705e-03
4.930249229073524475e-02
4.864943772554397583e-02
6.069864705204963684e-02
-1.182982046157121658e-02
-3.638800233602523804e-02
3.715156018733978271e-02
7.048320025205612183e-02
-6.984806060791015625e-02
1.002550870180130005e-01
-3.117242828011512756e-02
4.120458289980888367e-02
-7.589504867792129517e-02
5.219672620296478271e-02
4.242208600044250488e-02
-3.417955012992024422e-03
2.842854894697666168e-02
-1.915354095399379730e-02
7.394171506166458130e-02
2.744518220424652100e-02
1.276876032352447510e-02
6.075830012559890747e-02
-1.305369380861520767e-02
-2.624043077230453491e-02
3.895016387104988098e-02
2.184315025806427002e-02
-1.462481566704809666e-03
3.960245847702026367e-02
-4.847906529903411865e-02
1.635545864701271057e-02
-3.514266759157180786e-02
6.264307349920272827e-02
-1.621967065148055553e-03
-9.353481233119964600e-02
-3.657856211066246033e-02
-4.703407362103462219e-02
-5.551822483539581299e-02
-1.919488306157290936e-03
-2.021505683660507202e-02
-5.242671817541122437e-02
5.440595559775829315e-03
5.784789845347404480e-02
-7.540059834718704224e-02
-1.738304644823074341e-02
3.743193671107292175e-02
1.660754671320319176e-03
1.399582065641880035e-02
3.381342813372612000e-02
-7.094500213861465454e-02
1.291551999747753143e-02
-7.410404086112976074e-02
7.930823415517807007e-02
-1.308653801679611206e-01
8.995616436004638672e-02
4.788810387253761292e-02
1.848567575216293335e-01
5.746398493647575378e-02
1.118411943316459656e-01
-1.649580337107181549e-02
-4.647153243422508240e-02
7.273918017745018005e-03
4.384726658463478088e-02
-1.489114165306091309e-01
9.531306102871894836e-03
5.213430849835276604e-04
4.723085463047027588e-02
-1.019676215946674347e-03
-4.033130779862403870e-02
-6.876640021800994873e-03
-1.097700558602809906e-03
-3.673486411571502686e-02
1.079465076327323914e-01
-1.334625035524368286e-01
1.228867471218109131e-02
1.063393242657184601e-02
7.091138511896133423e-02
4.188451915979385376e-02
-3.247053246013820171e-04
6.050190702080726624e-02
8.578474819660186768e-02
-1.245021237991750240e-03
-3.949634358286857605e-02
-5.069522559642791748e-02
-4.446007683873176575e-02
-1.327023208141326904e-01
7.160849869251251221e-02
-3.023963421583175659e-03
2.895744517445564270e-02
-1.272137835621833801e-02
-1.610365957021713257e-01
7.923910766839981079e-02
-1.637257933616638184e-01
-4.453236237168312073e-02
1.419385150074958801e-02
6.675188243389129639e-02
-1.420954912900924683e-01
-3.791163861751556396e-02
-2.277273871004581451e-02
3.698429465293884277e-02
1.196614280343055725e-02
8.709634840488433838e-02
1.583372652530670166e-01
-8.925226330757141113e-02
-6.692907959222793579e-02
3.176542464643716812e-03
-3.770272806286811829e-02
9.698765724897384644e-02
-5.275509506464004517e-02
1.308426558971405029e-01
