-8.960202336311340332e-02
-7.351431995630264282e-02
7.145272940397262573e-02
-6.881715357303619385e-02
-7.497295737266540527e-02
9.680499881505966187e-02
4.329287633299827576e-02
-1.049031466245651245e-01
7.204451411962509155e-02
2.792618423700332642e-02
-6.858370453119277954e-02
-6.259272247552871704e-02
1.162463799118995667e-01
1.518671214580535889e-02
1.360500231385231018e-02
4.399053007364273071e-02
4.444145411252975464e-02
-5.975258722901344299e-02
-2.774562686681747437e-02
8.370742201805114746e-02
6.630791723728179932e-02
1.725962944328784943e-02
4.624433349817991257e-03
-3.046256490051746368e-02
6.896015256643295288e-02
-7.392419502139091492e-03
2.322099357843399048e-02
-5.033653974533081055e-02
-1.690326631069183350e-01
-2.671120688319206238e-03
-1.005474478006362915e-02
-1.098678186535835266e-01
-3.360942006111145020e-02
9.737861156463623047e-02
3.889979794621467590e-02
1.152716949582099915e-02
-9.248019754886627197e-02
-1.908358931541442871e-02
3.505398705601692200e-02
5.647097155451774597e-02
-9.383558295667171478e-03
-3.421408683061599731e-02
3.138568624854087830e-02
-7.335410267114639282e-02
1.358623653650283813e-01
1.344423182308673859e-02
3.782406449317932129e-02
1.083545014262199402e-02
-9.673026949167251587e-02
-1.027221158146858215e-01
-1.036305874586105347e-01
8.797805011272430420e-02
-5.106577649712562561e-02
3.159084916114807129e-02
7.212573289871215820e-02
-2.796822041273117065e-02
-4.019129276275634766e-02
-1.336704194545745850e-02
1.293125655502080917e-02
2.703138440847396851e-02
5.969926342368125916e-02
-2.537878789007663727e-02
6.664922088384628296e-02
-1.274799704551696777e-01
-3.044735267758369446e-02
-3.169342502951622009e-02
-1.956809125840663910e-02
3.691942244768142700e-02
4.517027642577886581e-03
2.168668247759342194e-02
5.298515781760215759e-03
-1.174829714000225067e-02
-6.795629858970642090e-02
1.060059759765863419e-02
1.526790321804583073e-03
-4.982091486454010010e-02
1.796754077076911926e-02
5.031363293528556824e-02
-9.037121385335922241e-02
6.641010195016860962e-02
-6.860429793596267700e-02
1.882300525903701782e-02
2.026974037289619446e-02
-1.663144677877426147e-01
-5.235757306218147278e-02
-4.749545082449913025e-02
4.686186462640762329e-02
9.377728402614593506e-02
-4.873394593596458435e-02
-1.735311746597290039e-02
-1.639604941010475159e-02
2.978746220469474792e-02
-1.022558063268661499e-01
7.497651875019073486e-02
-1.318273544311523438e-01
7.165055256336927414e-03
-8.116238564252853394e-02
-1.729027554392814636e-02
5.174818262457847595e-02
-1.004408020526170731e-02
-8.033436536788940430e-02
-4.420796036720275879e-02
-2.990713529288768768e-02
4.311918839812278748e-02
-5.979693494737148285e-03
-3.891323506832122803e-02
6.408429890871047974e-02
9.297948330640792847e-03
8.248756825923919678e-02
-2.151501178741455078e-02
-7.064401358366012573e-02
4.615362361073493958e-02
-3.178261965513229370e-02
-5.367755424231290817e-03
-1.074868291616439819e-01
5.358546040952205658e-03
-3.116221539676189423e-02
-1.062459349632263184e-01
-2.353644371032714844e-02
7.644209265708923340e-02
3.932831808924674988e-02
-5.421827360987663269e-02
1.366760674864053726e-02
-5.089898407459259033e-02
3.050721064209938049e-02
6.923310458660125732e-02
-3.889389708638191223e-02
-9.428749233484268188e-02
-5.100488662719726562e-02
-3.002324141561985016e-02
3.591944277286529541e-02
-7.956831157207489014e-02
2.189108170568943024e-02
-7.205734960734844208e-03
7.508064620196819305e-03
-2.623850852251052856e-02
7.693338394165039062e-02
-6.167627871036529541e-02
-5.117707699537277222e-02
-3.799706697463989258e-02
-3.540537878870964050e-02
-1.360986288636922836e-02
1.898256130516529083e-02
5.561247467994689941e-02
4.009129479527473450e-02
1.705350168049335480e-02
-1.510027237236499786e-02
2.402609214186668396e-02
2.015419676899909973e-02
-3.452166914939880371e-02
6.087102741003036499e-02
-5.134335532784461975e-02
9.635866619646549225e-03
-9.926811605691909790e-02
2.368777804076671600e-02
2.064706943929195404e-02
2.653638087213039398e-02
1.173094809055328369e-01
-4.502762109041213989e-02
4.375005513429641724e-02
4.753527790307998657e-02
4.933747649192810059e-02
1.489491853863000870e-02
4.316410794854164124e-02
-6.567103415727615356e-02
6.326039135456085205e-02
-6.830469518899917603e-02
-5.213593691587448120e-02
1.083617378026247025e-02
-1.258273869752883911e-01
9.469737857580184937e-02
-9.017170220613479614e-02
1.309815943241119385e-01
4.090608656406402588e-02
-5.671013519167900085e-02
-2.241013199090957642e-02
1.546766981482505798e-02
-5.381689593195915222e-02
2.874218393117189407e-03
-5.249938461929559708e-03
-2.582380175590515137e-02
-5.025159101933240891e-03
6.877498328685760498e-02
-1.254297420382499695e-02
-5.415043234825134277e-02
4.601814225316047668e-02
-6.650465726852416992e-02
-3.757483512163162231e-02
8.614135533571243286e-02
-9.497521072626113892e-02
-3.859884664416313171e-02
-4.232935979962348938e-02
5.669074133038520813e-02
-9.358189254999160767e-02
7.487019151449203491e-02
4.722953215241432190e-02
1.073168888688087463e-01
8.102729916572570801e-02
1.031364500522613525e-01
-1.658588461577892303e-02
-1.424424443393945694e-02
-2.878481708467006683e-02
3.906754031777381897e-02
-1.196847632527351379e-01
4.285601526498794556e-02
-2.663483098149299622e-02
4.042901471257209778e-02
-4.883145913481712341e-02
-5.033166706562042236e-02
-4.314358159899711609e-02
-1.220127847045660019e-02
-3.516795486211776733e-02
7.853830605745315552e-02
-8.744727075099945068e-02
4.664761200547218323e-02
-9.603021666407585144e-03
5.313873291015625000e-02
1.246727705001831055e-01
1.824539504013955593e-03
4.613821581006050110e-02
7.306183129549026489e-02
-1.385089382529258728e-02
-4.233282059431076050e-02
-4.711002111434936523e-02
-3.765982389450073242e-02
-1.123263910412788391e-01
3.464243561029434204e-02
3.652624040842056274e-02
3.003606945276260376e-02
-7.147267460823059082e-03
-1.802184283733367920e-01
1.081185415387153625e-01
-1.511885374784469604e-01
-8.113066852092742920e-02
4.424194246530532837e-02
8.418533951044082642e-02
-1.421976685523986816e-01
-6.431165337562561035e-02
-2.303787320852279663e-02
3.218121826648712158e-02
2.011960186064243317e-02
1.265422999858856201e-01
1.401386260986328125e-01
-1.221760436892509460e-01
-8.035715669393539429e-02
2.209762670099735260e-02
-2.513154782354831696e-02
1.051594838500022888e-01
-9.068240411579608917e-03
6.564546376466751099e-02
