-3.613937413319945335e-03
-8.035717159509658813e-02
1.363271176815032959e-01
-8.157120645046234131e-02
-9.128061681985855103e-02
6.924010813236236572e-02
6.994500756263732910e-02
-1.533476859331130981e-01
9.219439327716827393e-02
3.840090334415435791e-02
-6.181250140070915222e-02
-9.238400310277938843e-02
3.807267546653747559e-02
-5.115593969821929932e-02
-7.318126410245895386e-02
5.309392511844635010e-02
3.705489262938499451e-02
-8.691299706697463989e-02
4.424889758229255676e-02
4.070909693837165833e-02
5.389627441763877869e-02
-3.842998761683702469e-03
-3.810675814747810364e-02
-4.177980497479438782e-02
4.477719962596893311e-02
-2.922897040843963623e-02
4.356142133474349976e-02
-8.603367954492568970e-02
-7.139293849468231201e-02
2.803965180646628141e-04
-3.382898867130279541e-02
-5.421248450875282288e-02
-5.834100395441055298e-02
9.396929293870925903e-02
-9.141754359006881714e-03
-1.719885878264904022e-02
-2.870254404842853546e-02
-6.411474198102951050e-02
-1.810102956369519234e-03
-3.639303147792816162e-03
1.901221461594104767e-03
3.369515761733055115e-02
2.421865984797477722e-02
-8.949857205152511597e-02
1.095080748200416565e-01
-7.870004512369632721e-03
1.385876722633838654e-02
1.914792880415916443e-02
-5.530743673443794250e-02
-4.229579493403434753e-02
-3.503095731139183044e-02
1.004025340080261230e-01
4.842100664973258972e-03
5.166547745466232300e-02
1.047687232494354248e-01
3.321018442511558533e-02
-8.714789897203445435e-02
-4.139471426606178284e-02
8.145784959197044373e-03
4.542205482721328735e-02
2.697803825139999390e-02
8.599590510129928589e-02
6.674981862306594849e-02
-9.178297221660614014e-02
-2.063897904008626938e-03
4.077350255101919174e-03
-4.040081053972244263e-02
2.889923565089702606e-02
-3.110563382506370544e-03
1.489763408899307251e-01
-3.242623433470726013e-02
-6.950334459543228149e-02
-4.003968462347984314e-02
-1.844833604991436005e-02
7.846857607364654541e-02
-3.453677147626876831e-02
-3.351783379912376404e-02
-3.297374816611409187e-03
-6.981477886438369751e-02
1.375311706215143204e-02
-4.892841354012489319e-02
6.056511029601097107e-02
6.468750536441802979e-03
-9.210006892681121826e-02
-1.647552289068698883e-02
-9.969925880432128906e-02
3.196526085957884789e-03
6.480368971824645996e-02
-4.974349588155746460e-02
-5.461442470550537109e-02
4.042840749025344849e-02
7.783881574869155884e-02
-9.862536191940307617e-02
4.973498731851577759e-02
-7.890971004962921143e-02
-9.863534010946750641e-03
-1.260807365179061890e-01
1.128447148948907852e-02
-4.277148470282554626e-02
-2.543085068464279175e-02
-6.036296486854553223e-02
-7.651442289352416992e-02
-1.150777935981750488e-02
4.537850618362426758e-02
-2.567105740308761597e-02
-4.818679019808769226e-02
5.316973105072975159e-02
3.387792408466339111e-02
3.951153531670570374e-02
-1.880329218693077564e-03
-2.077427692711353302e-02
3.382551670074462891e-02
-5.775332450866699219e-02
-6.064582243561744690e-02
-3.376169875264167786e-02
-1.968356780707836151e-02
-4.818235989660024643e-03
-1.360317617654800415e-01
1.166484318673610687e-03
1.076010614633560181e-01
-3.224195167422294617e-02
-3.023344092071056366e-02
-4.316161572933197021e-02
-3.620619326829910278e-02
7.454736530780792236e-02
4.677872359752655029e-02
2.362721040844917297e-02
-9.720265120267868042e-02
-1.204131171107292175e-01
-4.895687475800514221e-02
4.017343744635581970e-02
-5.120250210165977478e-02
8.274631947278976440e-02
-1.868133060634136200e-02
2.951622940599918365e-03
-1.208012849092483521e-01
1.045377999544143677e-01
-9.485129266977310181e-02
-7.510533183813095093e-02
-9.152921289205551147e-02
-7.681804150342941284e-02
3.947637043893337250e-03
7.032749708741903305e-03
2.640408277511596680e-02
3.419466549530625343e-03
1.807368174195289612e-02
8.846518583595752716e-03
1.154463179409503937e-02
7.705856114625930786e-02
-2.577483840286731720e-02
7.257866859436035156e-02
1.337478775531053543e-02
7.115387916564941406e-02
-9.244959056377410889e-02
6.193627789616584778e-02
-1.857356540858745575e-02
-2.703998237848281860e-03
1.012052036821842194e-02
9.232806041836738586e-05
1.227272972464561462e-01
9.696919471025466919e-02
4.882690962404012680e-03
-9.407173842191696167e-02
2.591353096067905426e-02
-8.845226466655731201e-02
6.108127126935869455e-05
-8.362895995378494263e-02
-5.958906374871730804e-03
5.712385475635528564e-02
-5.010981857776641846e-02
3.416618704795837402e-02
-6.601126492023468018e-02
1.683463752269744873e-01
6.703398376703262329e-02
-9.995314478874206543e-02
-5.675554275512695312e-03
2.087566256523132324e-02
-3.223114833235740662e-02
1.379497256129980087e-02
-6.365975737571716309e-02
-3.421559929847717285e-02
7.050565630197525024e-02
5.793300643563270569e-02
-7.078357785940170288e-02
-2.730010449886322021e-02
-9.658573195338249207e-03
-7.128924597054719925e-03
-8.176249265670776367e-02
5.437976494431495667e-02
-9.888778626918792725e-02
-7.867972552776336670e-02
-3.290923312306404114e-02
1.059332937002182007e-01
-1.161666959524154663e-01
5.292125418782234192e-02
8.190300315618515015e-02
1.324249207973480225e-01
6.743732094764709473e-02
1.604072600603103638e-01
-2.938115410506725311e-02
-1.438769977539777756e-02
-3.127210959792137146e-02
7.469082251191139221e-03
-1.620702445507049561e-01
-1.037707179784774780e-02
1.310880016535520554e-02
5.119995330460369587e-04
-8.937546610832214355e-02
-1.133650541305541992e-02
-2.752058673650026321e-03
-2.438271045684814453e-02
-1.486079767346382141e-02
9.683116525411605835e-02
-5.859219282865524292e-02
-1.119309570640325546e-02
2.016575075685977936e-02
1.803960092365741730e-02
5.797394737601280212e-02
1.438474375754594803e-02
3.605718910694122314e-02
2.779440209269523621e-02
9.947029873728752136e-03
-2.767943777143955231e-02
2.306618541479110718e-02
-4.489226266741752625e-02
-9.799573570489883423e-02
1.139248907566070557e-01
2.965462394058704376e-02
-3.164918348193168640e-02
-2.687268424779176712e-03
-5.668291077017784119e-02
8.864271640777587891e-02
-1.474097818136215210e-01
-3.618566086515784264e-03
5.532498285174369812e-02
8.270534873008728027e-02
-1.456676274538040161e-01
-4.825720191001892090e-02
-6.953832507133483887e-02
-7.690451107919216156e-03
1.812563464045524597e-02
1.107157990336418152e-01
1.026757806539535522e-01
-4.915876686573028564e-02
-1.858201436698436737e-02
1.072323601692914963e-02
-3.560042753815650940e-02
8.376177400350570679e-02
-5.328517779707908630e-02
1.939257979393005371e-02
