-1.096133664250373840e-01
-4.570245742797851562e-02
9.452835470438003540e-02
-8.145473897457122803e-02
-2.539842762053012848e-02
1.460142135620117188e-01
2.446613088250160217e-02
-1.553948223590850830e-01
1.105168685317039490e-01
5.643137544393539429e-02
-1.396546810865402222e-01
-4.097755998373031616e-02
1.482970714569091797e-01
-2.893991582095623016e-02
4.251219332218170166e-02
8.029767125844955444e-02
2.408535033464431763e-02
-9.356516599655151367e-02
2.299922890961170197e-02
4.445045068860054016e-02
3.463639318943023682e-02
-2.403448149561882019e-02
-8.811797015368938446e-03
-4.180601984262466431e-02
3.310342505574226379e-02
3.610490821301937103e-04
5.491377785801887512e-02
-1.016852706670761108e-01
-1.557885259389877319e-01
-5.647256970405578613e-02
-2.660623192787170410e-02
-7.677889615297317505e-02
-2.720406744629144669e-03
9.348456561565399170e-02
6.143402773886919022e-03
-2.878121286630630493e-02
-4.954139888286590576e-02
-9.433554485440254211e-03
2.793690748512744904e-02
-8.678954094648361206e-03
-5.559817701578140259e-02
-1.507101301103830338e-02
2.299039065837860107e-02
-4.239641875028610229e-02
7.343770563602447510e-02
6.960432976484298706e-02
2.004507370293140411e-02
-2.650645188987255096e-02
-6.007337197661399841e-02
-6.662819534540176392e-02
-6.565837562084197998e-02
5.764109268784523010e-02
-1.388962659984827042e-02
5.126994568854570389e-03
5.988090857863426208e-02
1.384156104177236557e-02
-4.761333763599395752e-02
3.444694727659225464e-02
1.593942195177078247e-02
7.107032090425491333e-02
6.790794432163238525e-02
-2.648212015628814697e-02
6.445918232202529907e-02
-1.583700031042098999e-01
-2.256326749920845032e-02
-4.101672768592834473e-02
-4.332317411899566650e-02
9.608881175518035889e-02
-8.287286758422851562e-02
-5.739785358309745789e-02
-1.106320600956678391e-02
-2.124123834073543549e-02
-4.723799065686762333e-04
8.220774680376052856e-02
-8.611770346760749817e-03
5.018207803368568420e-02
6.105283275246620178e-02
4.060017690062522888e-02
-6.954964995384216309e-02
5.597937852144241333e-02
-6.346628814935684204e-02
4.957171529531478882e-02
4.063971713185310364e-02
-9.070954471826553345e-02
-7.961826771497726440e-02
8.571071550250053406e-03
5.632187798619270325e-02
9.818223118782043457e-02
-1.077533699572086334e-02
-1.331881154328584671e-02
2.543330192565917969e-02
-3.891598060727119446e-02
-9.432023018598556519e-02
2.158189564943313599e-02
-1.060479730367660522e-01
3.180809319019317627e-02
-8.200037479400634766e-02
4.457379132509231567e-02
-1.243070606142282486e-02
-1.804085634648799896e-02
-9.002635627985000610e-02
-1.564746256917715073e-03
2.444342011585831642e-03
2.570870146155357361e-02
-5.683199316263198853e-02
-3.528124839067459106e-02
5.726141482591629028e-02
-1.562726125121116638e-02
1.143162976950407028e-02
6.245041731745004654e-03
-5.880866199731826782e-02
3.930871374905109406e-03
3.437988227233290672e-03
-2.731735631823539734e-02
-1.253478229045867920e-01
1.004382036626338959e-02
3.935582935810089111e-02
-7.168402522802352905e-02
-1.699095359072089195e-03
7.220917195081710815e-02
9.714923053979873657e-02
-5.543205887079238892e-02
1.376174297183752060e-02
-2.326822094619274139e-02
3.012812323868274689e-02
9.391617774963378906e-02
-1.013569012284278870e-01
-6.751167774200439453e-02
-7.097265124320983887e-02
-2.118774689733982086e-02
3.751286491751670837e-02
-7.002065330743789673e-02
5.694760754704475403e-02
5.022536590695381165e-02
-2.236445248126983643e-02
-2.811672352254390717e-02
1.491634994745254517e-01
-6.979940086603164673e-02
-2.212955616414546967e-02
-5.747831612825393677e-02
-1.184618286788463593e-02
-6.576947122812271118e-02
6.118006259202957153e-02
1.055866330862045288e-01
4.336083680391311646e-02
3.316726535558700562e-02
-2.875041216611862183e-02
4.423060268163681030e-02
5.838349461555480957e-02
-4.579127207398414612e-02
4.217136278748512268e-02
-1.943688280880451202e-02
3.697093576192855835e-02
-6.511005014181137085e-02
-3.219950944185256958e-02
7.645166665315628052e-02
2.248125895857810974e-02
1.265523582696914673e-01
-9.270369261503219604e-02
7.428441196680068970e-02
2.600534260272979736e-02
-1.116429455578327179e-02
-1.950812712311744690e-02
-2.277894876897335052e-02
-7.316277176141738892e-02
3.056437894701957703e-02
-3.484226763248443604e-02
-1.042037643492221832e-02
-1.367387454956769943e-02
-6.848269701004028320e-02
3.589128330349922180e-02
-5.222047865390777588e-02
5.541175976395606995e-02
3.538030758500099182e-02
-4.653638973832130432e-02
-2.500862628221511841e-02
-1.447651884518563747e-03
2.790377940982580185e-03
2.001980133354663849e-02
2.786291018128395081e-02
-3.854153305292129517e-02
1.486569177359342575e-02
4.710353538393974304e-02
1.464865915477275848e-02
-5.848360806703567505e-02
1.545337587594985962e-02
-2.937999740242958069e-02
1.577487029135227203e-02
5.491936579346656799e-02
-5.266528576612472534e-02
-1.023717690259218216e-02
-3.421254828572273254e-02
6.474847346544265747e-02
-6.909078359603881836e-02
1.109103038907051086e-01
5.625494569540023804e-02
1.093338876962661743e-01
3.293013572692871094e-02
8.726643025875091553e-02
1.415236969478428364e-03
-3.322660923004150391e-02
-2.324669994413852692e-02
1.797582209110260010e-02
-1.400658041238784790e-01
-5.308997351676225662e-03
-4.682588577270507812e-02
8.202248811721801758e-02
4.063133616000413895e-03
-4.236057793605141342e-05
-4.447677358984947205e-02
-2.924608811736106873e-02
-6.061368063092231750e-02
5.487354844808578491e-02
-2.361125499010086060e-02
1.036708010360598564e-03
-8.759750053286552429e-03
2.917529828846454620e-02
8.088989555835723877e-02
1.167151797562837601e-02
6.689797341823577881e-02
8.371581882238388062e-02
-9.444098919630050659e-03
-7.923276722431182861e-02
-5.475740134716033936e-02
-9.698492288589477539e-02
-1.273359954357147217e-01
6.029903143644332886e-02
4.339429736137390137e-02
3.546684235334396362e-02
-5.393754690885543823e-03
-2.616613209247589111e-01
8.049320429563522339e-02
-1.761164069175720215e-01
-7.498179376125335693e-02
6.407880038022994995e-02
6.819444149732589722e-02
-1.915151923894882202e-01
-4.725943133234977722e-02
-1.476935856044292450e-02
1.033943146467208862e-02
1.750408299267292023e-02
7.366167008876800537e-02
3.118845634162425995e-02
-1.139852404594421387e-01
-2.602229639887809753e-02
-1.086634770035743713e-02
-5.493799690157175064e-04
1.382518932223320007e-02
1.387032307684421539e-02
3.904557228088378906e-02
