-1.254730373620986938e-01
-6.808427721261978149e-02
8.660396188497543335e-02
-8.497914671897888184e-02
-2.845347626134753227e-03
1.279645562171936035e-01
1.415500603616237640e-02
-1.641248762607574463e-01
1.239467337727546692e-01
5.683602392673492432e-02
-1.474200636148452759e-01
-4.869187250733375549e-02
1.442267894744873047e-01
-2.214646153151988983e-02
4.791690781712532043e-02
8.116780221462249756e-02
2.104709297418594360e-02
-1.058932468295097351e-01
3.640281781554222107e-02
3.842974454164505005e-02
6.355768442153930664e-02
-2.535707317292690277e-02
-4.043620545417070389e-03
-4.711274430155754089e-02
3.535328060388565063e-02
-4.877236497122794390e-04
4.663223028182983398e-02
-7.363808155059814453e-02
-1.427320241928100586e-01
-1.609729230403900146e-02
-4.361066594719886780e-02
-8.596671372652053833e-02
-8.248145692050457001e-03
1.023212894797325134e-01
-1.141739357262849808e-02
-3.536470234394073486e-02
-7.232211530208587646e-02
9.319833479821681976e-04
6.627609953284263611e-03
9.858453646302223206e-03
-5.806536227464675903e-02
-1.465733721852302551e-02
3.323050588369369507e-02
-7.123296707868576050e-02
9.610615670680999756e-02
7.303348183631896973e-02
3.618101403117179871e-02
-1.105758943594992161e-03
-6.275787204504013062e-02
-6.654477864503860474e-02
-7.247806340456008911e-02
9.132820367813110352e-02
-1.891193911433219910e-02
2.817259356379508972e-02
6.637106090784072876e-02
-6.458667572587728500e-03
-3.853335976600646973e-02
4.843878746032714844e-02
2.801270782947540283e-02
4.370620846748352051e-02
5.967380851507186890e-02
-4.243619367480278015e-02
8.701618760824203491e-02
-1.374808698892593384e-01
-1.269981730729341507e-02
-1.344258524477481842e-02
-5.937324836850166321e-02
8.455306291580200195e-02
-4.310729354619979858e-02
-7.252033054828643799e-02
3.637093305587768555e-02
-2.375292778015136719e-02
-1.048937160521745682e-02
7.577119767665863037e-02
2.886267146095633507e-03
4.376678913831710815e-02
3.813979029655456543e-02
4.749824851751327515e-02
-7.231134176254272461e-02
8.287020027637481689e-02
-6.879495084285736084e-02
3.854553401470184326e-02
3.531852364540100098e-02
-1.060617417097091675e-01
-8.497764915227890015e-02
1.374516822397708893e-02
4.014352336525917053e-02
1.047555804252624512e-01
1.501876767724752426e-02
-3.555824980139732361e-02
1.704752072691917419e-02
-3.252650378271937370e-03
-9.582684934139251709e-02
4.420810937881469727e-02
-9.781317412853240967e-02
3.153250319883227348e-03
-8.898664265871047974e-02
5.510501563549041748e-02
6.530015729367733002e-03
-1.679452881217002869e-02
-1.039163991808891296e-01
4.121684469282627106e-03
-2.248347923159599304e-02
3.018185496330261230e-02
-5.886247381567955017e-02
-2.219696156680583954e-02
5.733691155910491943e-02
-9.512316435575485229e-03
2.287248894572257996e-02
-3.674775362014770508e-03
-6.945908814668655396e-02
5.422604735940694809e-03
-6.382784340530633926e-03
-2.851392328739166260e-02
-1.364940404891967773e-01
-2.336461283266544342e-02
2.981755696237087250e-02
-5.165204033255577087e-02
1.077958941459655762e-02
7.975438982248306274e-02
8.610586822032928467e-02
-5.176455155014991760e-02
1.219540834426879883e-02
-5.017534364014863968e-03
1.031511835753917694e-02
1.027134135365486145e-01
-9.801094979047775269e-02
-7.035841792821884155e-02
-5.000092089176177979e-02
-1.449859142303466797e-02
1.034716144204139709e-02
-5.790619179606437683e-02
5.007033795118331909e-02
3.448127210140228271e-02
1.138552092015743256e-02
-2.460064180195331573e-02
1.038434356451034546e-01
-2.106151357293128967e-02
-3.595482930541038513e-02
-2.922243811190128326e-02
-6.642133463174104691e-03
-7.347006350755691528e-02
4.253662005066871643e-02
9.437807649374008179e-02
6.850012391805648804e-02
2.958904579281806946e-02
-3.247786685824394226e-02
4.790294170379638672e-02
5.812571942806243896e-02
-5.631555244326591492e-02
2.304695732891559601e-02
-2.517281100153923035e-03
3.394150361418724060e-02
-1.026738062500953674e-01
-1.942685060203075409e-02
8.292227238416671753e-02
1.752398908138275146e-02
1.167277842760086060e-01
-8.066699653863906860e-02
8.801311254501342773e-02
2.559140138328075409e-02
-4.690468776971101761e-03
-6.790097802877426147e-03
-9.740485111251473427e-04
-6.503431499004364014e-02
3.416482359170913696e-02
-6.877475976943969727e-02
-9.643250145018100739e-03
-5.775534547865390778e-03
-8.424061536788940430e-02
4.099107533693313599e-02
-8.887177705764770508e-02
7.165548950433731079e-02
4.365817829966545105e-02
-2.652390114963054657e-02
-4.085444658994674683e-02
-1.054083649069070816e-02
-9.417952969670295715e-03
5.218925653025507927e-04
4.045828804373741150e-02
-4.366606101393699646e-02
1.840429566800594330e-02
5.464390665292739868e-02
3.408131003379821777e-02
-7.034854590892791748e-02
2.325014770030975342e-02
-4.534970596432685852e-02
8.903325535356998444e-03
6.492749601602554321e-02
-6.518454104661941528e-02
-1.631445623934268951e-02
-1.683724857866764069e-02
5.655396729707717896e-02
-7.062484323978424072e-02
1.206640675663948059e-01
5.143615603446960449e-02
1.178109422326087952e-01
4.900958016514778137e-02
6.635873019695281982e-02
-4.174110479652881622e-03
-2.303661592304706573e-02
-2.368980273604393005e-02
1.650255545973777771e-02
-1.351907849311828613e-01
-1.020237244665622711e-02
-4.542411863803863525e-02
6.863377243280410767e-02
3.641871735453605652e-03
1.551665924489498138e-02
-3.786638751626014709e-02
-1.655254326760768890e-02
-3.145877271890640259e-02
4.718584194779396057e-02
-3.777158260345458984e-02
2.750070020556449890e-02
-1.684598252177238464e-02
5.656033381819725037e-02
6.732273846864700317e-02
3.616049885749816895e-03
6.079576537013053894e-02
7.713308185338973999e-02
-1.808580011129379272e-02
-1.034792959690093994e-01
-6.618234515190124512e-02
-8.545061945915222168e-02
-1.465552002191543579e-01
5.452902242541313171e-02
4.990714788436889648e-02
2.312551438808441162e-02
4.322894848883152008e-03
-2.269318252801895142e-01
7.919008284807205200e-02
-1.486315578222274780e-01
-5.455616116523742676e-02
3.518550470471382141e-02
4.465591907501220703e-02
-1.603294610977172852e-01
-4.836196452379226685e-02
-1.187827717512845993e-02
3.092523291707038879e-02
-5.687431432306766510e-03
5.930244922637939453e-02
9.707920253276824951e-02
-1.312431246042251587e-01
-7.209586352109909058e-02
-1.082652062177658081e-02
-4.524310119450092316e-03
4.073868691921234131e-02
-1.983251981437206268e-02
8.387670665979385376e-02
