-8.228840678930282593e-02
-1.560158748179674149e-02
-6.517685949802398682e-02
1.515648607164621353e-02
-1.660387590527534485e-02
-6.068380898796021938e-04
7.867387682199478149e-02
-9.886232018470764160e-02
1.291223317384719849e-01
6.245076283812522888e-02
-2.515973150730133057e-02
-2.896549180150032043e-02
4.515298828482627869e-02
1.924440823495388031e-02
-5.242554098367691040e-02
-5.645318701863288879e-02
2.197293192148208618e-02
-2.423667162656784058e-02
-4.473493248224258423e-02
1.225093081593513489e-01
3.146956115961074829e-02
7.252608239650726318e-02
-2.604510635137557983e-02
1.321711577475070953e-03
-1.489740563556551933e-03
1.337567996233701706e-02
-6.274452060461044312e-02
3.219154104590415955e-02
-1.239050924777984619e-02
5.140113085508346558e-02
9.659260511398315430e-03
-4.656019434332847595e-02
5.814135819673538208e-02
1.495064795017242432e-02
9.365335106849670410e-03
-9.746448136866092682e-03
-7.513435930013656616e-02
2.109451033174991608e-02
-7.356511801481246948e-02
3.491149842739105225e-02
-3.915843367576599121e-02
-5.384858697652816772e-03
-4.164219647645950317e-02
-6.340443342924118042e-02
1.765452176332473755e-01
9.361725300550460815e-02
9.622714668512344360e-02
2.925878576934337616e-02
-9.625051915645599365e-02
-3.681885451078414917e-02
-2.525421604514122009e-02
1.808375418186187744e-01
-1.255402807146310806e-02
1.248856633901596069e-01
7.149229198694229126e-02
-6.012710183858871460e-02
5.923063308000564575e-02
2.001228742301464081e-02
2.567280782386660576e-03
-8.984771370887756348e-02
2.847192576155066490e-03
6.355831027030944824e-02
8.219566941261291504e-02
-5.923780426383018494e-02
-2.431437000632286072e-02
3.292087838053703308e-02
-2.429213002324104309e-02
5.111521575599908829e-03
4.279129579663276672e-02
3.152083605527877808e-02
3.171803429722785950e-02
-2.860283851623535156e-02
-7.314614206552505493e-02
-1.717216148972511292e-02
2.986119315028190613e-02
-1.152116283774375916e-01
-5.770230665802955627e-02
2.355726994574069977e-02
1.312225311994552612e-02
1.603347249329090118e-02
-5.027344077825546265e-02
2.380301430821418762e-02
1.283435523509979248e-02
-6.101285293698310852e-02
-3.129766508936882019e-02
6.030052434653043747e-03
3.010195866227149963e-02
-1.965243555605411530e-02
2.567819692194461823e-02
-4.793713986873626709e-02
8.719147183001041412e-03
7.907011359930038452e-02
-3.285597485955804586e-04
1.166200935840606689e-01
-7.037498801946640015e-02
-1.858982071280479431e-02
6.579644978046417236e-03
2.579481713473796844e-02
-7.211162243038415909e-03
4.582387208938598633e-02
-2.053588256239891052e-02
-2.470851875841617584e-02
-1.091294549405574799e-02
5.461743101477622986e-02
1.084408536553382874e-02
5.825790017843246460e-02
2.279693260788917542e-02
1.128190569579601288e-02
5.835238471627235413e-02
1.347780786454677582e-02
-1.400135755538940430e-01
1.384255383163690567e-02
-9.063345938920974731e-02
-4.545113444328308105e-02
-7.890804857015609741e-02
-5.902288109064102173e-02
1.981735602021217346e-02
-6.953502446413040161e-02
4.783480241894721985e-02
2.412000671029090881e-02
4.621431231498718262e-02
-5.397581681609153748e-02
7.816674560308456421e-02
-4.810395464301109314e-02
4.449758306145668030e-02
2.035202085971832275e-02
4.038386791944503784e-02
-4.306755959987640381e-02
-8.665077388286590576e-03
-9.929525852203369141e-02
1.152927577495574951e-01
-1.402201652526855469e-01
1.046739220619201660e-01
5.708987591788172722e-04
1.238316297531127930e-02
-2.654527127742767334e-02
1.092014461755752563e-01
-1.294457316398620605e-01
-5.298782885074615479e-02
2.901783678680658340e-03
-8.903738856315612793e-02
-4.084306303411722183e-03
-6.079354137182235718e-02
-1.038388721644878387e-02
2.018379047513008118e-02
4.316753707826137543e-03
-2.802503528073430061e-03
7.538608461618423462e-02
-4.191100597381591797e-02
-6.853619962930679321e-02
7.828980684280395508e-02
-2.703227475285530090e-02
-7.019313052296638489e-03
-1.255059987306594849e-01
4.514157027006149292e-02
7.881823927164077759e-03
9.319818019866943359e-02
1.036060675978660583e-01
-5.451842024922370911e-02
8.324890583753585815e-02
6.802342832088470459e-02
2.099699899554252625e-02
-6.299811415374279022e-03
5.867573618888854980e-02
-3.157522529363632202e-02
-3.340415656566619873e-03
-4.694879800081253052e-02
-1.035122349858283997e-01
-9.477381594479084015e-03
-7.848775386810302734e-02
1.208811402320861816e-01
-3.214186802506446838e-02
9.137102216482162476e-02
1.172677949070930481e-01
-6.642793864011764526e-02
6.772422790527343750e-02
9.192512929439544678e-02
-1.560414675623178482e-02
3.485101088881492615e-02
-3.697323426604270935e-02
4.314197972416877747e-02
-5.169692914932966232e-03
-3.463074192404747009e-02
1.486247405409812927e-02
-3.245350345969200134e-02
-1.455605961382389069e-02
-7.577370107173919678e-02
-6.674157828092575073e-02
2.158623933792114258e-02
-9.709474444389343262e-02
-1.083775982260704041e-01
3.920704498887062073e-02
-1.821717433631420135e-02
-4.852061346173286438e-02
3.218261897563934326e-02
2.182050421833992004e-02
7.507526129484176636e-02
2.868479676544666290e-02
5.996217206120491028e-02
-6.678787618875503540e-02
1.874820888042449951e-02
-7.889433950185775757e-02
-5.656523630023002625e-03
1.046656444668769836e-02
2.420951239764690399e-02
-2.151460759341716766e-02
-3.064296394586563110e-02
9.741047979332506657e-04
-4.825271666049957275e-03
5.798469763249158859e-03
-5.076849088072776794e-02
1.329392846673727036e-02
4.137744754552841187e-02
-2.344872802495956421e-02
2.427521906793117523e-02
6.498089525848627090e-03
-1.665150560438632965e-02
-1.161207538098096848e-02
-2.534408122301101685e-02
1.426217053085565567e-02
1.115775853395462036e-02
-1.705405884422361851e-03
-5.596866086125373840e-02
2.074321359395980835e-02
-8.318790234625339508e-03
-4.968082904815673828e-02
9.562759846448898315e-02
-2.032493613660335541e-02
-2.659670636057853699e-02
4.215316101908683777e-02
-8.241263218224048615e-03
5.899338424205780029e-02
-6.726175546646118164e-02
-3.398951841518282890e-03
-1.474228594452142715e-02
1.174594461917877197e-01
-4.405159875750541687e-02
-1.056780815124511719e-01
-2.321725338697433472e-02
1.087500751018524170e-01
-2.942154556512832642e-02
1.248905956745147705e-01
2.496935725212097168e-01
-1.244919449090957642e-01
-1.791766136884689331e-01
-1.064737141132354736e-02
-6.776034832000732422e-02
2.131986618041992188e-01
-7.620883733034133911e-02
1.250189542770385742e-01
