-9.064007550477981567e-02
-6.644950062036514282e-02
9.882571548223495483e-02
-8.599786460399627686e-02
-1.720745489001274109e-02
1.008833274245262146e-01
-6.476884707808494568e-03
-1.411082595586776733e-01
8.896883577108383179e-02
3.141743317246437073e-02
-1.411665081977844238e-01
-7.110621780157089233e-02
1.325807571411132812e-01
-4.443556070327758789e-02
3.007329441606998444e-02
1.057667434215545654e-01
3.637195751070976257e-02
-1.026745587587356567e-01
4.225811362266540527e-02
2.089490368962287903e-02
4.545117914676666260e-02
-3.999063372611999512e-02
1.321140024811029434e-02
-4.874864965677261353e-02
4.541291669011116028e-02
-8.929728530347347260e-03
5.400963500142097473e-02
-7.802433520555496216e-02
-9.778567403554916382e-02
-5.040059331804513931e-03
-3.954847157001495361e-02
-6.210141628980636597e-02
-3.746884688735008240e-02
9.385658055543899536e-02
9.444348514080047607e-03
-1.091009937226772308e-02
-7.341151684522628784e-02
-2.223737910389900208e-02
2.997783012688159943e-02
2.182410657405853271e-02
-6.710174679756164551e-02
-1.051483768969774246e-02
5.385814979672431946e-02
-7.279539853334426880e-02
9.345641732215881348e-02
4.091349989175796509e-02
3.191884607076644897e-02
-1.480901520699262619e-02
-4.528854414820671082e-02
-1.057821959257125854e-01
-6.779532134532928467e-02
6.227912381291389465e-02
-1.795146800577640533e-02
1.854814402759075165e-02
5.627782270312309265e-02
-1.436319085769355297e-03
-6.761831790208816528e-02
4.109947755932807922e-02
2.150062471628189087e-02
6.767921149730682373e-02
6.436029821634292603e-02
-3.540040925145149231e-02
5.431255698204040527e-02
-1.344515383243560791e-01
-1.423065830022096634e-02
-2.503993734717369080e-02
-4.027037695050239563e-02
6.469346582889556885e-02
-1.952767185866832733e-02
-5.089754238724708557e-02
3.556588664650917053e-02
-9.897205978631973267e-03
-1.327739190310239792e-02
5.956638604402542114e-02
3.273533657193183899e-04
4.603753238916397095e-02
4.741787165403366089e-02
2.928078919649124146e-02
-5.811371654272079468e-02
7.037671655416488647e-02
-6.313069164752960205e-02
4.989931359887123108e-02
3.277883306145668030e-02
-9.172688424587249756e-02
-6.915141642093658447e-02
-7.207307498902082443e-03
3.657680377364158630e-02
1.174417883157730103e-01
3.257310716435313225e-03
-3.027303516864776611e-02
3.555484116077423096e-02
1.478597405366599560e-03
-1.054032891988754272e-01
1.108130998909473419e-02
-1.127325072884559631e-01
9.405349264852702618e-04
-7.766217738389968872e-02
4.249772056937217712e-02
-1.779849175363779068e-03
-2.448836900293827057e-02
-1.113859489560127258e-01
-1.140067470259964466e-03
-2.565294876694679260e-02
2.742002345621585846e-02
-7.029520720243453979e-02
-3.399167209863662720e-02
5.869703367352485657e-02
-1.513611152768135071e-02
1.937927305698394775e-02
6.211857777088880539e-03
-4.066404700279235840e-02
-1.743303611874580383e-02
9.661559015512466431e-03
-6.739339325577020645e-03
-9.488194435834884644e-02
-1.458126772195100784e-02
1.731336861848831177e-02
-5.336568504571914673e-02
-8.868958801031112671e-03
7.730661332607269287e-02
6.355729699134826660e-02
-1.863793283700942993e-02
-1.173923141323029995e-03
-8.535120636224746704e-03
-3.489282389637082815e-04
9.649284929037094116e-02
-8.472114801406860352e-02
-6.904547661542892456e-02
-6.883645057678222656e-02
-6.397201213985681534e-03
2.790351165458559990e-03
-3.131405636668205261e-02
5.359511822462081909e-02
1.600201614201068878e-02
1.598811335861682892e-02
-6.143030524253845215e-02
1.051267683506011963e-01
-2.410199306905269623e-02
-5.436340719461441040e-02
-6.149116158485412598e-02
-6.676704622805118561e-03
-7.069698721170425415e-02
3.562922775745391846e-02
7.662618905305862427e-02
5.243411287665367126e-02
2.749949134886264801e-02
-4.630324617028236389e-02
2.149597741663455963e-02
8.712850511074066162e-02
-6.402584165334701538e-02
4.335625469684600830e-02
-2.531177829951047897e-03
6.386888027191162109e-02
-9.568127244710922241e-02
-4.321508482098579407e-02
7.204584777355194092e-02
-1.049984619021415710e-02
8.259153366088867188e-02
-7.139628380537033081e-02
7.554502785205841064e-02
3.098097443580627441e-02
-1.447078585624694824e-02
-1.072003040462732315e-02
-6.342767272144556046e-03
-5.955716595053672791e-02
3.317524492740631104e-02
-4.716589674353599548e-02
2.348791249096393585e-02
1.050248276442289352e-02
-5.469369143247604370e-02
5.248473957180976868e-03
-8.431418240070343018e-02
7.078205049037933350e-02
2.755163609981536865e-02
-2.351436018943786621e-02
-4.973900690674781799e-02
1.931113377213478088e-02
-2.908556349575519562e-02
-2.479375340044498444e-03
3.103741817176342010e-02
-4.988742619752883911e-02
5.321558192372322083e-02
7.529827952384948730e-02
3.635695949196815491e-02
-6.599111855030059814e-02
7.122605107724666595e-03
-3.316961228847503662e-02
1.375896856188774109e-02
5.100440979003906250e-02
-5.216654017567634583e-02
1.293874718248844147e-02
-1.683270372450351715e-02
6.597455590963363647e-02
-9.543361514806747437e-02
1.192726567387580872e-01
3.903965279459953308e-02
1.132656559348106384e-01
4.777583107352256775e-02
9.438888728618621826e-02
4.182082787156105042e-02
-2.010698989033699036e-02
-9.269800968468189240e-03
2.700808458030223846e-02
-1.436795443296432495e-01
-2.217975631356239319e-02
-4.883287474513053894e-02
8.555983752012252808e-02
-2.001926302909851074e-02
2.695830725133419037e-02
-4.230544343590736389e-02
-2.647977136075496674e-02
-3.553747385740280151e-02
5.688982829451560974e-02
-2.999746054410934448e-02
2.522014267742633820e-02
-2.141603268682956696e-02
6.450722366571426392e-02
7.017873972654342651e-02
-6.883554160594940186e-03
5.991258472204208374e-02
4.051078483462333679e-02
-2.452316321432590485e-02
-9.620462357997894287e-02
-6.211411207914352417e-02
-8.352755010128021240e-02
-1.434887200593948364e-01
7.581889629364013672e-02
6.517974287271499634e-02
2.246794849634170532e-02
5.655146203935146332e-03
-2.622753977775573730e-01
8.013521134853363037e-02
-1.830273717641830444e-01
-6.936717778444290161e-02
4.609790444374084473e-02
5.968286469578742981e-02
-2.192815244197845459e-01
-6.456092000007629395e-02
-1.126422453671693802e-02
4.161828011274337769e-02
-1.888324879109859467e-02
6.116123124957084656e-02
1.121335849165916443e-01
-1.681680977344512939e-01
-7.924854755401611328e-02
-3.670159261673688889e-03
3.532153496053069830e-04
3.656169027090072632e-02
-2.045971713960170746e-02
9.373138844966888428e-02
