-7.414245605468750000e-02
-4.028911143541336060e-02
5.514752492308616638e-02
-3.749527037143707275e-02
-2.783623313007410616e-05
7.424772530794143677e-02
5.459078028798103333e-02
-7.951673865318298340e-02
1.323844194412231445e-01
4.680823534727096558e-02
-7.529003173112869263e-02
-5.762803554534912109e-02
7.352130115032196045e-02
-2.332022227346897125e-02
-8.553567342460155487e-03
3.261784464120864868e-02
1.823383569717407227e-02
-7.585844397544860840e-02
7.562728598713874817e-03
5.020214989781379700e-02
5.091425776481628418e-02
1.404113695025444031e-02
-3.369363769888877869e-02
-1.830060221254825592e-02
1.193468179553747177e-02
-1.964721083641052246e-02
2.265221253037452698e-02
-2.181238494813442230e-02
-1.263168156147003174e-01
-6.372521631419658661e-03
-5.952576175332069397e-02
-5.461740121245384216e-02
3.249718248844146729e-02
1.336272209882736206e-01
-1.133930496871471405e-02
-4.526563733816146851e-02
-5.131098628044128418e-02
-1.475366763770580292e-02
-3.392161801457405090e-02
1.743062632158398628e-03
2.572765341028571129e-03
-3.426982834935188293e-02
-6.291712634265422821e-04
-7.620076835155487061e-02
1.042051240801811218e-01
1.451172530651092529e-01
8.072089403867721558e-02
-1.759599521756172180e-02
-6.809603422880172729e-02
-5.776353925466537476e-02
-2.560621313750743866e-02
1.539872884750366211e-01
-4.979168064892292023e-03
8.682676404714584351e-02
1.151510775089263916e-01
-2.010221034288406372e-02
-5.838422104716300964e-02
1.853523403406143188e-02
4.605670645833015442e-02
-1.987302675843238831e-02
3.347638994455337524e-02
-1.126001682132482529e-02
9.387737512588500977e-02
-1.630713194608688354e-01
4.075457341969013214e-03
2.394643612205982208e-02
-4.281285032629966736e-02
6.133923307061195374e-02
-5.589259415864944458e-02
-1.045511802658438683e-03
1.659214310348033905e-02
-5.801809579133987427e-02
-1.058896724134683609e-02
8.473588526248931885e-02
4.025810584425926208e-02
-4.678952042013406754e-03
1.632268913090229034e-02
3.403242677450180054e-02
-6.641603261232376099e-02
5.535301193594932556e-02
-4.561558738350868225e-02
5.545043945312500000e-02
3.999606147408485413e-02
-9.492635726928710938e-02
-6.285646557807922363e-02
1.658035675063729286e-03
2.153389342129230499e-02
7.473357021808624268e-02
-3.161283442750573158e-03
-6.811588257551193237e-02
2.969885431230068207e-02
2.481615170836448669e-02
-7.394666224718093872e-02
7.739287614822387695e-02
-1.128574907779693604e-01
-4.924374632537364960e-03
-8.289872854948043823e-02
3.928117081522941589e-02
-4.071411862969398499e-02
-1.454330049455165863e-02
-8.174946904182434082e-02
-3.340966627001762390e-02
-1.384980790317058563e-02
4.405142739415168762e-02
-3.382289037108421326e-02
-3.153979405760765076e-02
8.124098926782608032e-02
2.512302435934543610e-02
1.872317492961883545e-02
1.135172601789236069e-02
-8.741877228021621704e-02
3.052283637225627899e-02
-4.331750050187110901e-02
-6.767464429140090942e-02
-6.684211641550064087e-02
-4.149933904409408569e-02
6.440450251102447510e-02
-3.526514396071434021e-02
-6.691559217870235443e-03
8.522617816925048828e-02
2.402191981673240662e-02
-5.321673676371574402e-02
-2.319283597171306610e-02
6.565951276570558548e-03
4.675960540771484375e-02
6.361457705497741699e-02
-1.473733969032764435e-02
-8.863278478384017944e-02
-4.224583506584167480e-02
-3.410385549068450928e-02
2.582822553813457489e-02
-1.046707704663276672e-01
6.989768147468566895e-02
3.530701622366905212e-02
1.995704369619488716e-03
-6.843016296625137329e-02
1.128258854150772095e-01
-4.999753832817077637e-02
-9.267588146030902863e-03
6.606706883758306503e-03
-1.246082317084074020e-02
-7.043503224849700928e-02
7.887535542249679565e-02
5.660729855298995972e-02
3.123026899993419647e-02
2.159690298140048981e-02
-3.222775412723422050e-03
1.108097955584526062e-01
6.960810720920562744e-02
-3.494129702448844910e-02
4.950526356697082520e-02
-5.640127696096897125e-03
5.014756228774785995e-03
-8.596444875001907349e-02
2.770022489130496979e-03
8.117937296628952026e-02
2.644198946654796600e-02
5.152193084359169006e-02
-6.634853035211563110e-02
1.275616139173507690e-01
6.825914978981018066e-02
-2.914332970976829529e-02
1.126857381314039230e-02
-3.643792355433106422e-03
-3.662985190749168396e-02
-5.038760718889534473e-04
-1.013084407895803452e-02
-6.704901345074176788e-03
5.586032196879386902e-02
-1.355592068284749985e-02
3.418032452464103699e-02
-6.018595770001411438e-03
1.937487907707691193e-02
3.749707341194152832e-02
-7.317811995744705200e-02
-1.562713086605072021e-02
-3.399533033370971680e-02
1.718686660751700401e-03
7.334854919463396072e-03
1.410800963640213013e-02
-5.864180624485015869e-03
-1.710904389619827271e-02
-6.852292455732822418e-03
-7.272081822156906128e-02
-1.854760013520717621e-02
-2.012339234352111816e-02
-7.601812947541475296e-03
-1.856138184666633606e-02
4.996540024876594543e-02
-5.944593995809555054e-02
-3.821193054318428040e-02
-3.781845048069953918e-02
6.735637784004211426e-02
-1.613696366548538208e-01
1.187943816184997559e-01
8.081298321485519409e-02
1.894571185111999512e-01
4.224942997097969055e-02
1.012531593441963196e-01
-4.860823228955268860e-02
-8.730958215892314911e-03
-3.651506081223487854e-02
2.890503033995628357e-02
-1.543265432119369507e-01
-4.304809123277664185e-02
-4.152747616171836853e-02
6.119056046009063721e-02
2.480433508753776550e-02
-8.091419003903865814e-03
6.324184592813253403e-03
-1.147442497313022614e-02
-2.650106884539127350e-02
6.600251793861389160e-02
-8.676286041736602783e-02
-5.235405638813972473e-03
1.377775240689516068e-02
9.755905717611312866e-03
1.551572699099779129e-02
4.958531819283962250e-03
1.002008393406867981e-01
9.132000803947448730e-02
1.060112286359071732e-02
-9.364511817693710327e-02
-3.981717862188816071e-03
-6.962876021862030029e-02
-1.282334923744201660e-01
5.182744562625885010e-02
-4.393660929054021835e-03
-1.709100976586341858e-02
3.272126987576484680e-02
-1.265235990285873413e-01
5.992631986737251282e-02
-1.763883829116821289e-01
-1.250650454312562943e-02
6.049177423119544983e-02
9.620103985071182251e-02
-1.850893348455429077e-01
-7.520914077758789062e-02
-1.728199049830436707e-02
4.936983436346054077e-02
-1.698359497822821140e-03
1.206559687852859497e-01
1.729023754596710205e-01
-1.308064907789230347e-01
-7.398772984743118286e-02
-2.731045708060264587e-02
-5.518824607133865356e-02
1.216968148946762085e-01
-3.971197083592414856e-02
1.317295879125595093e-01
