-1.077065616846084595e-01
-6.976719945669174194e-02
9.476838260889053345e-02
-5.878753960132598877e-02
-4.304648190736770630e-02
6.995195895433425903e-02
8.096558973193168640e-03
-1.603733450174331665e-01
8.944647759199142456e-02
2.660313621163368225e-02
-1.360326409339904785e-01
-7.971011847257614136e-02
1.288359016180038452e-01
-2.565042674541473389e-02
2.714575454592704773e-02
1.390024088323116302e-02
4.813143983483314514e-02
-8.330994099378585815e-02
6.160649284720420837e-02
8.692389354109764099e-03
6.265194714069366455e-02
-6.186237558722496033e-02
1.055168919265270233e-02
-9.872019290924072266e-04
7.062494754791259766e-02
1.728896237909793854e-02
-6.972436676733195782e-05
-6.916828453540802002e-02
-5.715001747012138367e-02
-8.279569447040557861e-03
-2.825756743550300598e-02
-6.130114942789077759e-02
-6.103347241878509521e-02
7.405498623847961426e-02
-8.575490675866603851e-03
-3.594056144356727600e-02
-1.094532981514930725e-01
-1.049767713993787766e-02
2.938657440245151520e-02
5.419361218810081482e-02
-5.291626602411270142e-02
2.232854627072811127e-02
4.238968342542648315e-02
-7.136697322130203247e-02
1.249650716781616211e-01
2.343227714300155640e-02
2.125834487378597260e-02
-3.468846902251243591e-03
-4.010741040110588074e-02
-8.297328650951385498e-02
-7.374131679534912109e-02
6.025914847850799561e-02
-4.175402969121932983e-02
3.820060938596725464e-02
3.925290331244468689e-02
1.175338751636445522e-03
-6.221017614006996155e-02
4.599433450493961573e-04
2.856857888400554657e-02
5.629669874906539917e-02
7.710342109203338623e-02
-1.674001663923263550e-02
7.577858120203018188e-02
-8.312679827213287354e-02
1.039656251668930054e-02
-2.163416473194956779e-03
-6.407292187213897705e-02
7.014977931976318359e-02
-2.184143848717212677e-02
-4.369619861245155334e-02
4.389961436390876770e-02
8.372137323021888733e-03
-2.886471338570117950e-02
3.589256480336189270e-02
7.599037140607833862e-03
5.018047988414764404e-02
2.595836855471134186e-02
4.801307246088981628e-02
-9.078764170408248901e-02
5.215544998645782471e-02
-8.249119669198989868e-02
4.497470799833536148e-03
-9.743290022015571594e-03
-1.073654815554618835e-01
-5.904299765825271606e-02
-9.815395809710025787e-03
3.533483669161796570e-02
1.041514426469802856e-01
4.068402573466300964e-03
-2.772898972034454346e-02
2.970721572637557983e-02
1.139677129685878754e-02
-8.222559094429016113e-02
4.245350509881973267e-02
-8.848512172698974609e-02
7.309076376259326935e-03
-8.929411321878433228e-02
1.420214679092168808e-02
1.700918190181255341e-02
-1.663294062018394470e-02
-5.927437171339988708e-02
-1.604254171252250671e-02
-2.704350464046001434e-02
-4.409898072481155396e-02
-6.454904377460479736e-02
-3.827519714832305908e-02
7.422603666782379150e-02
-3.081004135310649872e-02
4.690875858068466187e-02
-3.326623514294624329e-02
-3.282345831394195557e-02
-1.454055681824684143e-02
1.868927106261253357e-02
-2.049841359257698059e-02
-6.329564750194549561e-02
1.129744108766317368e-02
-8.295156992971897125e-03
-8.007127046585083008e-02
7.447340060025453568e-03
9.108952432870864868e-02
3.813989087939262390e-02
-9.116668254137039185e-03
-1.792731881141662598e-02
3.143843263387680054e-02
-1.228529121726751328e-02
5.828125029802322388e-02
-6.599406898021697998e-02
-6.851790100336074829e-02
-9.376851469278335571e-02
-9.486009366810321808e-03
3.491630405187606812e-02
-2.591169252991676331e-02
2.006248012185096741e-02
-5.426464602351188660e-03
1.045191381126642227e-02
-5.198835954070091248e-02
5.040501058101654053e-02
-3.070411086082458496e-02
-6.764613837003707886e-02
-6.825514137744903564e-02
-3.751535713672637939e-02
-3.562517836689949036e-02
-4.768607672303915024e-03
6.706283986568450928e-02
8.451217412948608398e-02
1.543288026005029678e-02
-7.331174612045288086e-02
-4.792620986700057983e-02
7.379543036222457886e-02
-1.042112931609153748e-01
5.152697488665580750e-02
3.543975064530968666e-03
4.922891408205032349e-02
-9.334562718868255615e-02
1.390623860061168671e-02
2.164600975811481476e-02
-2.643173933029174805e-02
7.597771286964416504e-02
-2.097096852958202362e-02
4.894332587718963623e-02
-2.939702384173870087e-02
-1.269653439521789551e-03
6.049208808690309525e-03
3.830436151474714279e-03
-9.193498641252517700e-02
4.982428252696990967e-02
-7.520598173141479492e-02
2.823451161384582520e-02
6.687755812890827656e-04
-1.093218922615051270e-01
3.978061489760875702e-03
-9.738304466009140015e-02
1.179063990712165833e-01
2.929010242223739624e-02
-3.371819108724594116e-02
-5.883225053548812866e-02
1.070124842226505280e-02
-8.936420828104019165e-02
-9.675991721451282501e-03
2.605389617383480072e-02
-7.114619016647338867e-02
7.862851768732070923e-02
8.265826106071472168e-02
4.223519563674926758e-02
-8.602811396121978760e-02
3.176146000623703003e-02
-8.415054529905319214e-02
1.178212463855743408e-02
4.691692069172859192e-02
-6.702483445405960083e-02
3.160396357998251915e-03
-4.117526486515998840e-02
8.661577850580215454e-02
-8.486838638782501221e-02
1.154281497001647949e-01
3.143034875392913818e-02
1.788981705904006958e-01
4.061595723032951355e-02
1.074348613619804382e-01
3.180423518642783165e-03
-4.505574703216552734e-02
-1.327985338866710663e-02
3.202930092811584473e-02
-1.551514416933059692e-01
3.252725303173065186e-02
-3.799642994999885559e-02
7.151244580745697021e-02
-3.800874575972557068e-02
2.573903463780879974e-02
-4.765024781227111816e-02
-2.207086607813835144e-02
-4.780223220586776733e-02
8.166255056858062744e-02
-8.020111173391342163e-02
2.640194445848464966e-02
-4.749825224280357361e-02
1.018381640315055847e-01
8.883698284626007080e-02
-1.355091016739606857e-02
5.288676172494888306e-02
6.390029191970825195e-02
-4.010379314422607422e-02
-9.612530469894409180e-02
-8.255755156278610229e-02
-9.583707153797149658e-02
-1.562986969947814941e-01
1.013873070478439331e-01
7.180456817150115967e-02
2.138195186853408813e-02
-3.534369403496384621e-03
-2.361228615045547485e-01
1.052942350506782532e-01
-1.460157036781311035e-01
-6.653839349746704102e-02
2.987455017864704132e-02
1.713902503252029419e-02
-1.599150449037551880e-01
-3.160144761204719543e-02
-2.161725983023643494e-02
5.722452327609062195e-02
-4.174234345555305481e-02
3.197608888149261475e-02
1.221454218029975891e-01
-9.930087625980377197e-02
-7.601160556077957153e-02
3.603594750165939331e-02
1.133166160434484482e-02
3.989100083708763123e-02
-5.403316393494606018e-02
6.927543878555297852e-02
