-8.456334471702575684e-02
-3.136622160673141479e-02
9.165301918983459473e-02
-6.699135154485702515e-02
-4.267802834510803223e-02
1.081372648477554321e-01
2.847766503691673279e-02
-1.716713458299636841e-01
9.707864373922348022e-02
6.397297978401184082e-02
-1.422854959964752197e-01
-7.058752328157424927e-02
1.414133161306381226e-01
-9.375015273690223694e-03
5.145173054188489914e-03
6.529591977596282959e-02
2.199489809572696686e-02
-6.993058323860168457e-02
3.105121664702892303e-02
7.454976905137300491e-03
6.106424704194068909e-02
-6.707880645990371704e-02
2.188091352581977844e-02
-4.509302973747253418e-02
4.563021659851074219e-02
4.761482588946819305e-03
1.698807068169116974e-02
-9.960597008466720581e-02
-7.204670459032058716e-02
-3.185268491506576538e-02
-2.098517306149005890e-02
-5.878078937530517578e-02
-3.067387640476226807e-02
3.705782815814018250e-02
-1.535364543087780476e-03
-1.336980145424604416e-03
-4.549425467848777771e-02
-3.268084675073623657e-02
4.270918667316436768e-02
9.350262582302093506e-03
-4.598716646432876587e-02
1.908647827804088593e-02
4.189379513263702393e-02
-3.586301580071449280e-02
6.101245433092117310e-02
-1.830431632697582245e-02
-3.372043743729591370e-02
5.031880456954240799e-03
-2.064131945371627808e-02
-6.591520458459854126e-02
-5.431593954563140869e-02
-5.405610892921686172e-03
-2.254575677216053009e-02
-5.630272999405860901e-02
-7.559720892459154129e-03
4.966503754258155823e-02
-4.384772479534149170e-02
-3.990575205534696579e-03
2.049712650477886200e-02
8.741745352745056152e-02
6.411384046077728271e-02
1.783064566552639008e-02
4.695797711610794067e-02
-9.071545302867889404e-02
-2.973300218582153320e-02
-5.584857240319252014e-02
-3.976227715611457825e-02
6.448139250278472900e-02
-5.330496281385421753e-02
-3.486979007720947266e-02
-3.056728281080722809e-02
2.916425094008445740e-02
-2.006823755800724030e-02
2.183818072080612183e-02
-8.465809747576713562e-03
8.117384463548660278e-02
3.820412606000900269e-02
3.460033237934112549e-02
-4.369874298572540283e-02
4.512129351496696472e-02
-6.218818947672843933e-02
1.611624099314212799e-02
1.403071335516870022e-03
-8.282789587974548340e-02
-3.856856375932693481e-02
-3.040939010679721832e-02
5.663660541176795959e-02
9.822160750627517700e-02
-1.059355400502681732e-02
1.941764168441295624e-02
2.206470444798469543e-02
-3.607974946498870850e-02
-1.126744672656059265e-01
-3.139168769121170044e-02
-5.951924994587898254e-02
3.017028234899044037e-02
-8.688823133707046509e-02
5.226399004459381104e-02
-1.676170900464057922e-02
-1.795952394604682922e-02
-7.656754553318023682e-02
1.347555313259363174e-02
1.369623094797134399e-02
1.647270983085036278e-03
-6.029435992240905762e-02
-4.956950247287750244e-02
4.969441518187522888e-02
-1.683956012129783630e-02
2.766997925937175751e-02
-1.038604695349931717e-02
-2.514254488050937653e-02
6.856762804090976715e-03
1.914726011455059052e-02
1.036417111754417419e-02
-1.200489476323127747e-01
3.343873657286167145e-03
7.765975780785083771e-03
-7.611439377069473267e-02
-3.025140380486845970e-03
6.977751851081848145e-02
6.968390196561813354e-02
-3.095038421452045441e-02
2.322603389620780945e-02
-6.900835316628217697e-03
-3.050182422157377005e-04
6.646698713302612305e-02
-9.957476705312728882e-02
-8.734080195426940918e-02
-8.529765903949737549e-02
1.008224580436944962e-02
1.922119408845901489e-02
6.755481008440256119e-03
6.240765377879142761e-02
3.826930373907089233e-02
-8.095229044556617737e-03
-3.470031172037124634e-02
1.249690726399421692e-01
-7.854270935058593750e-02
-4.196992889046669006e-02
-1.064018011093139648e-01
-4.648197814822196960e-02
-3.025264479219913483e-02
3.415209800004959106e-02
6.399545818567276001e-02
5.300064384937286377e-02
3.231996297836303711e-02
-4.504166170954704285e-02
-4.238568991422653198e-02
5.571775883436203003e-02
-8.352013677358627319e-02
5.661166459321975708e-02
4.153189714998006821e-03
6.572159379720687866e-02
-7.173499464988708496e-02
1.279786694794893265e-02
2.697880566120147705e-02
-2.530657686293125153e-03
1.292637437582015991e-01
-5.190450698137283325e-02
5.357864871621131897e-02
-1.396303996443748474e-02
-4.266694188117980957e-03
-4.711285233497619629e-03
-4.847121611237525940e-02
-5.296454578638076782e-02
2.225751057267189026e-02
-9.816948324441909790e-03
1.762653701007366180e-02
-2.326261810958385468e-02
-4.766966775059700012e-02
-1.561986468732357025e-02
-6.702712923288345337e-02
5.506100133061408997e-02
3.658692166209220886e-02
-3.332192823290824890e-02
-3.524032980203628540e-02
1.567690446972846985e-02
-6.492822896689176559e-03
8.262401446700096130e-03
-9.176909923553466797e-03
-7.417467236518859863e-02
2.228301577270030975e-02
6.978182494640350342e-02
1.373744569718837738e-02
-6.614390015602111816e-02
3.306534513831138611e-02
-3.815906494855880737e-02
3.590374067425727844e-02
2.642120234668254852e-02
-3.205567225813865662e-02
1.833900250494480133e-02
-6.361545622348785400e-02
7.365743070840835571e-02
-3.676459565758705139e-02
8.589239418506622314e-02
3.185397386550903320e-02
1.042529568076133728e-01
3.237592801451683044e-02
1.028596013784408569e-01
3.084881789982318878e-02
-6.030062958598136902e-02
2.022031694650650024e-03
2.199439704418182373e-02
-1.566909402608871460e-01
4.127308353781700134e-02
-2.669739536941051483e-02
6.228856369853019714e-02
-4.136604070663452148e-02
-1.314042601734399796e-02
-5.640497431159019470e-02
-2.988822385668754578e-02
-6.149611622095108032e-02
8.553144335746765137e-02
-4.684656113386154175e-02
2.649367414414882660e-02
-2.461382746696472168e-02
7.705231010913848877e-02
1.242993399500846863e-01
1.657953485846519470e-02
4.960836097598075867e-02
7.230950891971588135e-02
-6.367663294076919556e-02
-6.263632327318191528e-02
-9.347989410161972046e-02
-1.042128205299377441e-01
-1.348559856414794922e-01
1.009195297956466675e-01
5.422088503837585449e-02
3.661447763442993164e-02
-3.588431747630238533e-03
-3.291055262088775635e-01
1.469072252511978149e-01
-1.972614824771881104e-01
-7.378582656383514404e-02
4.919901117682456970e-02
8.834278583526611328e-02
-2.393498569726943970e-01
-5.410319194197654724e-02
-3.958144783973693848e-02
1.905086264014244080e-02
3.692421363666653633e-03
8.747880160808563232e-02
7.207271456718444824e-02
-1.092823222279548645e-01
-4.282467067241668701e-02
9.906770661473274231e-03
-5.461647175252437592e-03
2.113617211580276489e-02
-1.196681242436170578e-02
4.832982271909713745e-02
