-9.486921131610870361e-02
-3.748187795281410217e-02
7.814521342515945435e-02
-9.360092878341674805e-02
4.977751057595014572e-03
1.138059422373771667e-01
-8.550915517844259739e-04
-1.393549889326095581e-01
8.379124104976654053e-02
3.280102834105491638e-02
-1.327747702598571777e-01
-7.785206288099288940e-02
1.129191368818283081e-01
-2.145616523921489716e-02
4.685143008828163147e-02
1.217036023736000061e-01
4.902406409382820129e-02
-8.792351931333541870e-02
2.439921349287033081e-02
3.332139551639556885e-02
2.321872301399707794e-02
-2.815479598939418793e-02
2.595128677785396576e-02
-4.769416153430938721e-02
2.779348008334636688e-02
-8.653893135488033295e-03
6.398838758468627930e-02
-5.620227754116058350e-02
-5.363706126809120178e-02
2.884051389992237091e-02
-2.444981224834918976e-02
-4.991808161139488220e-02
-2.995694801211357117e-02
4.247566685080528259e-02
4.883193410933017731e-03
1.538218557834625244e-02
-5.055212602019309998e-02
-1.434686873108148575e-02
3.928013518452644348e-02
8.384580723941326141e-03
-8.149304240942001343e-02
-9.904386475682258606e-03
4.126289859414100647e-02
-5.370624363422393799e-02
7.348652929067611694e-02
1.760753430426120758e-02
3.238473832607269287e-02
-2.182301320135593414e-02
-1.646036654710769653e-02
-1.180997565388679504e-01
-8.592586219310760498e-02
4.085673019289970398e-02
-3.488955646753311157e-02
7.291826419532299042e-03
3.026118874549865723e-02
-3.669160418212413788e-03
-4.547346383333206177e-02
6.957820802927017212e-02
1.073769200593233109e-02
8.402783423662185669e-02
7.037154585123062134e-02
-6.068348139524459839e-02
5.324158072471618652e-02
-1.442606896162033081e-01
-2.615949697792530060e-02
-3.492447361350059509e-02
-3.353682532906532288e-02
8.175616711378097534e-02
-6.937873084098100662e-03
-7.170537114143371582e-02
5.176292359828948975e-02
-3.358211601153016090e-03
-1.579763554036617279e-02
4.245115816593170166e-02
-1.686883158981800079e-02
4.368890076875686646e-02
5.917355790734291077e-02
2.076366357505321503e-02
-4.752586036920547485e-02
9.145568311214447021e-02
-6.966689229011535645e-02
5.941921845078468323e-02
4.623528942465782166e-02
-7.812810689210891724e-02
-7.305315136909484863e-02
-1.030404027551412582e-02
3.308394923806190491e-02
1.235117614269256592e-01
1.730632223188877106e-02
-3.012893348932266235e-02
3.559639304876327515e-02
-6.319873500615358353e-03
-1.142662763595581055e-01
9.352215565741062164e-03
-1.060464382171630859e-01
-9.122738847509026527e-04
-4.225591197609901428e-02
4.269963875412940979e-02
9.611951187252998352e-03
-2.871953323483467102e-02
-1.302878558635711670e-01
2.030002139508724213e-02
-2.432322502136230469e-02
3.745413571596145630e-02
-8.366986364126205444e-02
-3.004794940352439880e-02
5.519489571452140808e-02
-1.470805238932371140e-02
1.557341124862432480e-02
1.242909859865903854e-02
-5.888644978404045105e-02
-3.151539713144302368e-02
2.719762176275253296e-02
-4.727924242615699768e-03
-1.062156111001968384e-01
-2.588058449327945709e-02
1.144757028669118881e-02
-3.998217731714248657e-02
-1.582139357924461365e-02
5.686978623270988464e-02
8.216971904039382935e-02
-3.172866301611065865e-03
4.181201383471488953e-02
-2.883191220462322235e-02
-1.225294452160596848e-02
1.004445403814315796e-01
-1.010845303535461426e-01
-6.984186172485351562e-02
-4.536008834838867188e-02
-1.319765951484441757e-02
-9.552603587508201599e-03
-2.002213150262832642e-02
5.547904968261718750e-02
1.356864534318447113e-02
1.712412200868129730e-02
-3.843792900443077087e-02
9.840881824493408203e-02
-2.937765792012214661e-02
-5.226951465010643005e-02
-5.730958282947540283e-02
-2.248443104326725006e-02
-8.081630617380142212e-02
3.186677768826484680e-02
5.783689022064208984e-02
4.777086898684501648e-02
3.123326227068901062e-02
-4.609907418489456177e-02
3.716181218624114990e-02
6.681207567453384399e-02
-3.346536308526992798e-02
4.444024711847305298e-02
-1.967159658670425415e-02
5.398330092430114746e-02
-1.021617874503135681e-01
-7.225665450096130371e-02
8.908899873495101929e-02
8.558448404073715210e-03
9.442402422428131104e-02
-7.358286529779434204e-02
6.069594249129295349e-02
3.109414689242839813e-02
-1.891439035534858704e-02
-2.131840400397777557e-02
-1.731186360120773315e-02
-3.338389843702316284e-02
1.558555755764245987e-02
-3.749543428421020508e-02
2.243188396096229553e-02
5.347783677279949188e-03
-4.402535036206245422e-02
6.086273584514856339e-03
-7.669091224670410156e-02
4.071122407913208008e-02
2.455359324812889099e-02
1.843917998485267162e-03
-3.208180516958236694e-02
4.736132174730300903e-02
-1.183032337576150894e-02
9.276124648749828339e-03
3.785577043890953064e-02
-2.290988340973854065e-02
5.055261030793190002e-02
7.350411266088485718e-02
4.171736165881156921e-02
-6.979844719171524048e-02
1.177608873695135117e-02
-3.691643849015235901e-02
1.279027946293354034e-02
3.938592970371246338e-02
-3.598266839981079102e-02
2.134916000068187714e-02
-3.112110076472163200e-03
4.511711001396179199e-02
-7.107789814472198486e-02
1.045350208878517151e-01
2.407130226492881775e-02
6.145916134119033813e-02
5.644526705145835876e-02
7.109460979700088501e-02
5.462849512696266174e-02
-5.370345432311296463e-03
-5.942947696894407272e-03
4.154722765088081360e-02
-1.223457679152488708e-01
-1.401935797184705734e-02
-6.547587364912033081e-02
8.001341670751571655e-02
-1.282517239451408386e-02
3.285493329167366028e-02
-4.106623679399490356e-02
-3.716490790247917175e-02
-2.736806869506835938e-02
3.404161706566810608e-02
1.603962271474301815e-03
2.915859967470169067e-02
-1.668097451329231262e-02
5.465427413582801819e-02
7.258887588977813721e-02
-1.436533499509096146e-02
4.653518646955490112e-02
2.824125811457633972e-02
-3.843688219785690308e-02
-8.134986460208892822e-02
-6.089900434017181396e-02
-7.689478248357772827e-02
-1.330528557300567627e-01
5.830900743603706360e-02
6.743142008781433105e-02
2.801050618290901184e-02
1.563371717929840088e-02
-3.101404011249542236e-01
7.182836532592773438e-02
-2.029535472393035889e-01
-8.883455395698547363e-02
4.501631110906600952e-02
5.752841755747795105e-02
-2.198656350374221802e-01
-7.858943194150924683e-02
-1.032135728746652603e-02
5.588527023792266846e-02
-2.655979432165622711e-02
7.504499703645706177e-02
1.143724843859672546e-01
-2.101103514432907104e-01
-9.348255395889282227e-02
5.020075943320989609e-03
-3.757672850042581558e-03
4.886704310774803162e-02
-1.384875387884676456e-03
9.560573846101760864e-02
