-1.004687920212745667e-01
-7.026821374893188477e-02
9.840793907642364502e-02
-6.779832392930984497e-02
-6.761935353279113770e-02
9.311668574810028076e-02
3.018067590892314911e-02
-1.505907028913497925e-01
1.092223152518272400e-01
4.261799529194831848e-02
-1.275884807109832764e-01
-8.870651572942733765e-02
1.400742679834365845e-01
-2.144938893616199493e-02
-6.438502576202154160e-03
4.579722508788108826e-02
4.218278452754020691e-02
-9.266186505556106567e-02
3.330390527844429016e-02
3.514199331402778625e-02
6.760413199663162231e-02
-3.977435454726219177e-02
2.523687900975346565e-03
-2.539887651801109314e-02
6.556566059589385986e-02
-6.727245636284351349e-03
2.165379561483860016e-02
-8.670765906572341919e-02
-1.083405837416648865e-01
-2.508139982819557190e-02
-4.117682203650474548e-02
-6.543355435132980347e-02
-3.242602199316024780e-02
1.017868369817733765e-01
1.001575496047735214e-02
-2.100977115333080292e-02
-8.679062873125076294e-02
-4.207358136773109436e-02
3.424174338579177856e-02
3.509290143847465515e-02
-2.438393794000148773e-02
-6.378327030688524246e-03
4.111377894878387451e-02
-7.292220741510391235e-02
1.287955492734909058e-01
3.402223065495491028e-02
2.230400964617729187e-02
-9.102621115744113922e-03
-5.809815227985382080e-02
-1.026144698262214661e-01
-6.268783658742904663e-02
6.980088353157043457e-02
-3.218190371990203857e-02
2.709012292325496674e-02
5.836560204625129700e-02
5.352689418941736221e-03
-7.268747687339782715e-02
-1.042711082845926285e-02
3.450999781489372253e-02
4.873391613364219666e-02
6.994473934173583984e-02
9.998301044106483459e-03
6.617324054241180420e-02
-1.153785213828086853e-01
-4.797376226633787155e-03
-1.595989428460597992e-02
-4.608702659606933594e-02
5.036613717675209045e-02
-3.151152282953262329e-02
1.253915019333362579e-03
4.618660546839237213e-03
-5.450070835649967194e-03
-3.891041502356529236e-02
3.906921669840812683e-02
2.065423130989074707e-02
2.349707297980785370e-02
2.218824252486228943e-02
3.774594515562057495e-02
-7.247482985258102417e-02
4.597843438386917114e-02
-5.894205719232559204e-02
2.514204382896423340e-02
9.102051146328449249e-03
-1.165774986147880554e-01
-4.698627069592475891e-02
-2.910135313868522644e-02
4.786327108740806580e-02
1.094916686415672302e-01
-2.675268612802028656e-02
-2.109874598681926727e-02
2.818864956498146057e-02
7.751383353024721146e-03
-1.103582009673118591e-01
3.356350585818290710e-02
-1.081306636333465576e-01
9.692735038697719574e-03
-8.639784157276153564e-02
2.243864908814430237e-02
-1.078182179480791092e-02
-1.948150061070919037e-02
-7.540123909711837769e-02
-2.644630521535873413e-02
-1.521893497556447983e-02
6.977560697123408318e-04
-5.253636091947555542e-02
-5.447848141193389893e-02
7.797116786241531372e-02
-5.212886608205735683e-04
4.686939343810081482e-02
-1.428860519081354141e-02
-3.578590601682662964e-02
1.352511253207921982e-02
-1.329999766312539577e-03
-1.327221002429723740e-02
-6.826613098382949829e-02
5.793618503957986832e-03
6.935690529644489288e-03
-8.335068076848983765e-02
-8.708021603524684906e-03
8.845739811658859253e-02
2.778255380690097809e-02
-1.756598241627216339e-02
-1.168534997850656509e-02
2.105623250827193260e-03
1.212315354496240616e-02
5.790796875953674316e-02
-4.722150042653083801e-02
-8.996941894292831421e-02
-9.524331241846084595e-02
-1.487975381314754486e-02
3.303333371877670288e-02
-4.066543281078338623e-02
4.831887036561965942e-02
6.682442501187324524e-03
-1.427169656381011009e-03
-7.000525295734405518e-02
9.633278846740722656e-02
-7.153904438018798828e-02
-5.836991965770721436e-02
-7.775896787643432617e-02
-4.153911396861076355e-02
-3.501883894205093384e-02
3.107495419681072235e-02
5.364153906702995300e-02
5.043248459696769714e-02
2.081245183944702148e-02
-5.142223089933395386e-02
-1.097576599568128586e-02
8.046574145555496216e-02
-7.787585258483886719e-02
7.659658789634704590e-02
-1.090701483190059662e-02
4.906842857599258423e-02
-9.262300282716751099e-02
1.281649246811866760e-02
2.104114927351474762e-02
-1.471181772649288177e-02
8.357710391283035278e-02
-3.790307417511940002e-02
6.796351820230484009e-02
1.608686335384845734e-02
-4.488710546866059303e-04
6.302133202552795410e-03
-2.396380761638283730e-03
-6.467992067337036133e-02
3.187215700745582581e-02
-3.442740440368652344e-02
1.143943239003419876e-02
1.533329952508211136e-02
-6.194074079394340515e-02
5.358755122870206833e-03
-6.083824485540390015e-02
8.603078871965408325e-02
3.212981671094894409e-02
-5.208022892475128174e-02
-4.490265250205993652e-02
1.699310168623924255e-02
-5.267183110117912292e-02
5.533508956432342529e-03
-2.508842386305332184e-03
-5.556317418813705444e-02
4.345545917749404907e-02
6.305772811174392700e-02
-1.187934633344411850e-02
-5.473030358552932739e-02
1.712321862578392029e-02
-4.400840401649475098e-02
-3.610878047766163945e-05
4.365262016654014587e-02
-5.581367760896682739e-02
-4.840156063437461853e-03
-5.054415762424468994e-02
8.183521032333374023e-02
-1.161921843886375427e-01
1.022668406367301941e-01
4.376162588596343994e-02
1.605644822120666504e-01
4.673543944954872131e-02
1.294738203287124634e-01
1.101287198252975941e-03
-3.433434665203094482e-02
-5.951363127678632736e-03
3.419843688607215881e-02
-1.630635112524032593e-01
1.098550204187631607e-02
-2.100259438157081604e-02
6.505533307790756226e-02
-3.924896568059921265e-02
-1.292760390788316727e-02
-3.082595951855182648e-02
-2.375020273029804230e-02
-4.735008627176284790e-02
8.999476581811904907e-02
-8.722729980945587158e-02
2.087621204555034637e-02
-2.104747854173183441e-02
7.267969101667404175e-02
9.240414202213287354e-02
-9.211358701577410102e-06
6.064026802778244019e-02
6.517852097749710083e-02
-3.673508763313293457e-02
-7.043601572513580322e-02
-5.921832099556922913e-02
-7.835687696933746338e-02
-1.331493407487869263e-01
8.828388899564743042e-02
4.491003230214118958e-02
1.691990531980991364e-02
4.352034375187940896e-05
-2.219432592391967773e-01
1.081507652997970581e-01
-1.759610325098037720e-01
-5.758960917592048645e-02
5.063297599554061890e-02
7.791560888290405273e-02
-2.097283154726028442e-01
-6.132667139172554016e-02
-3.261693567037582397e-02
4.637482389807701111e-02
-1.143932901322841644e-02
8.765599876642227173e-02
1.378105431795120239e-01
-1.165409833192825317e-01
-7.703277468681335449e-02
1.719420403242111206e-02
-2.241823635995388031e-02
7.385640591382980347e-02
-3.556526452302932739e-02
8.996453136205673218e-02
