-1.263929009437561035e-01
-5.597818270325660706e-02
7.563640177249908447e-02
-5.724757909774780273e-02
-1.129986811429262161e-02
9.221162647008895874e-02
3.100544959306716919e-02
-1.544866561889648438e-01
9.278675913810729980e-02
4.509784653782844543e-02
-1.289591491222381592e-01
-6.740570068359375000e-02
1.146754398941993713e-01
-1.928932964801788330e-02
1.280241180211305618e-02
3.068031929433345795e-02
4.489041492342948914e-02
-7.348006218671798706e-02
1.727361232042312622e-02
5.082174390554428101e-02
7.277499139308929443e-02
-1.604508236050605774e-02
6.730334367603063583e-03
-1.036771945655345917e-02
4.166376590728759766e-02
7.634137757122516632e-03
-5.871091503649950027e-03
-3.616570308804512024e-02
-1.291593313217163086e-01
5.396052263677120209e-03
-3.341406583786010742e-02
-9.709931910037994385e-02
-6.842977833002805710e-03
7.581365853548049927e-02
-6.138795521110296249e-03
-2.272658608853816986e-02
-1.028430312871932983e-01
1.277730241417884827e-02
-4.786837846040725708e-03
3.830413147807121277e-02
-4.989013448357582092e-02
-2.566946297883987427e-02
3.370128199458122253e-02
-7.416310161352157593e-02
8.366489410400390625e-02
7.407832145690917969e-02
4.767636209726333618e-02
2.992533612996339798e-03
-6.610814481973648071e-02
-7.183939218521118164e-02
-7.342508435249328613e-02
1.221424117684364319e-01
-4.491522908210754395e-02
4.288597032427787781e-02
5.868397280573844910e-02
-1.859854534268379211e-02
-3.629053384065628052e-02
1.149552315473556519e-02
3.876314684748649597e-02
2.479934506118297577e-02
4.763335734605789185e-02
-2.763810195028781891e-02
8.009785413742065430e-02
-1.405067294836044312e-01
-1.440021116286516190e-02
-2.774949744343757629e-02
-3.764631599187850952e-02
9.363132715225219727e-02
-2.626034989953041077e-02
-5.907372757792472839e-02
3.573768958449363708e-02
-9.755192324519157410e-03
-1.145462784916162491e-02
5.917468294501304626e-02
9.841896593570709229e-03
2.948520705103874207e-02
3.944621235132217407e-02
5.601774901151657104e-02
-8.779797703027725220e-02
8.523584157228469849e-02
-1.019050106406211853e-01
7.627665530890226364e-03
2.324844710528850555e-02
-1.247861757874488831e-01
-7.988354563713073730e-02
-1.520225778222084045e-02
5.120366439223289490e-02
1.070795059204101562e-01
7.766205817461013794e-03
-2.219245210289955139e-02
2.868716418743133545e-02
6.785703822970390320e-03
-9.883935004472732544e-02
4.905163869261741638e-02
-1.062744855880737305e-01
5.611625034362077713e-03
-8.877976238727569580e-02
3.602753952145576477e-02
1.126687228679656982e-02
-1.341632474213838577e-02
-8.847819268703460693e-02
-1.687933877110481262e-02
-3.535005450248718262e-02
-3.185574430972337723e-03
-3.228388726711273193e-02
-5.460130050778388977e-02
8.019682019948959351e-02
-9.658332914113998413e-03
3.944041579961776733e-02
-1.565195433795452118e-02
-6.650672852993011475e-02
1.764251291751861572e-02
-1.274732686579227448e-02
-1.432656869292259216e-02
-9.103195369243621826e-02
-2.333947829902172089e-02
2.591315656900405884e-02
-6.243408843874931335e-02
-9.695324115455150604e-03
9.746110439300537109e-02
4.950706288218498230e-02
-5.060621351003646851e-02
-3.391395881772041321e-02
2.255549095571041107e-02
1.375078130513429642e-02
6.682404875755310059e-02
-5.022534728050231934e-02
-1.099536791443824768e-01
-4.206830635666847229e-02
-1.428460888564586639e-02
6.713642273098230362e-03
-3.942183777689933777e-02
3.524159267544746399e-02
2.763681486248970032e-02
2.097228728234767914e-02
-4.497436806559562683e-02
7.072926312685012817e-02
-1.631900854408740997e-02
3.407182404771447182e-03
-2.087921649217605591e-02
-3.957504406571388245e-03
-3.572425991296768188e-02
3.682863339781761169e-02
5.046493187546730042e-02
7.786799222230911255e-02
1.409720070660114288e-02
-3.085920028388500214e-02
5.147992074489593506e-02
6.052683666348457336e-02
-6.851093471050262451e-02
3.253123536705970764e-02
-1.311154011636972427e-02
2.338901534676551819e-02
-7.056812942028045654e-02
2.018864266574382782e-02
6.824735552072525024e-02
1.507309079170227051e-02
5.512528121471405029e-02
-3.959637135267257690e-02
7.818999141454696655e-02
1.525972504168748856e-02
-1.912775263190269470e-02
3.076288662850856781e-02
-1.826769299805164337e-02
-5.325740203261375427e-02
3.777455165982246399e-02
-2.721648849546909332e-02
8.437154814600944519e-03
2.870206162333488464e-02
-8.477141708135604858e-02
2.899379841983318329e-02
-6.401909142732620239e-02
6.328383833169937134e-02
3.160341456532478333e-02
-6.182554364204406738e-02
-3.423552960157394409e-02
-3.583494201302528381e-02
-3.421887010335922241e-02
-8.991147391498088837e-03
2.820799872279167175e-02
-2.380039356648921967e-02
-1.080500893294811249e-02
5.835014581680297852e-02
-3.098525293171405792e-02
-5.415173619985580444e-02
2.928988076746463776e-02
-4.178267344832420349e-02
2.632309310138225555e-02
3.928988426923751831e-02
-6.272769719362258911e-02
2.618049271404743195e-02
-6.576181203126907349e-02
5.913390591740608215e-02
-9.726417064666748047e-02
1.154807433485984802e-01
3.525021299719810486e-02
1.848823130130767822e-01
6.222915276885032654e-02
7.428933680057525635e-02
1.204554922878742218e-02
-3.522161021828651428e-02
-1.690614782273769379e-02
4.526305198669433594e-02
-1.634347140789031982e-01
2.244653366506099701e-02
-5.752677470445632935e-02
6.957281380891799927e-02
-1.026492752134799957e-02
-6.736862938851118088e-03
-4.303013533353805542e-02
8.290194906294345856e-03
-3.243969008326530457e-02
8.301665633916854858e-02
-8.373735100030899048e-02
1.186968386173248291e-02
-1.125338487327098846e-02
5.550876259803771973e-02
6.703792512416839600e-02
-8.791322819888591766e-03
7.919470965862274170e-02
9.879372268915176392e-02
-1.729604788124561310e-02
-9.142212569713592529e-02
-7.460259646177291870e-02
-9.582553058862686157e-02
-1.695029884576797485e-01
6.825578957796096802e-02
2.109008096158504486e-02
1.810943335294723511e-02
1.067200582474470139e-02
-2.382094860076904297e-01
9.386738389730453491e-02
-1.732167303562164307e-01
-6.900059431791305542e-02
2.555729262530803680e-02
5.808226019144058228e-02
-1.683697402477264404e-01
-3.760416060686111450e-02
1.242135372012853622e-02
5.201055109500885010e-02
-4.893710836768150330e-03
8.197863399982452393e-02
1.492563635110855103e-01
-1.348950415849685669e-01
-6.902761012315750122e-02
-1.226558443158864975e-02
-1.361438626190647483e-04
8.090712130069732666e-02
-4.706289619207382202e-02
1.102619245648384094e-01
