-7.456401735544204712e-02
-8.092259056866168976e-03
1.461395155638456345e-02
-2.165679074823856354e-02
1.820093952119350433e-02
5.506108701229095459e-02
6.594147533178329468e-02
-9.067197144031524658e-02
1.292635053396224976e-01
5.648942291736602783e-02
-6.716755032539367676e-02
-4.498095437884330750e-02
2.165888436138629913e-02
-5.388550925999879837e-03
3.436931967735290527e-02
-8.767145685851573944e-03
3.922089189291000366e-02
-6.014708057045936584e-02
-1.002230308949947357e-02
9.539019316434860229e-02
-2.302222652360796928e-03
3.403100743889808655e-02
-6.280785053968429565e-02
2.613049931824207306e-02
-2.596789412200450897e-02
-8.086141198873519897e-03
2.594302035868167877e-02
3.983533009886741638e-02
-7.640425860881805420e-02
3.359237313270568848e-02
1.404789648950099945e-02
-6.355306506156921387e-02
3.192296251654624939e-02
3.276052698493003845e-02
-4.506412521004676819e-02
-1.960264332592487335e-02
-2.951073274016380310e-02
5.099955573678016663e-02
-2.083642408251762390e-02
-1.554506551474332809e-02
-3.262861073017120361e-02
-2.783864550292491913e-02
-4.695733636617660522e-02
-5.512195825576782227e-02
1.331373751163482666e-01
1.354000419378280640e-01
9.752016514539718628e-02
-1.246223226189613342e-02
-6.311894208192825317e-02
-4.254712164402008057e-02
-5.613904073834419250e-02
1.494596898555755615e-01
-3.127091750502586365e-02
1.393787711858749390e-01
7.742695510387420654e-02
-4.789353534579277039e-02
1.695326529443264008e-02
6.693897396326065063e-02
2.183348685503005981e-02
-3.172866255044937134e-02
4.557397589087486267e-02
-3.323083743453025818e-02
1.287216395139694214e-01
-1.731592863798141479e-01
-1.255655102431774139e-02
1.999812945723533630e-02
-1.764396764338016510e-02
7.850290834903717041e-02
-3.476415202021598816e-02
-1.977883838117122650e-02
4.393744468688964844e-02
-5.273504182696342468e-02
-4.302125796675682068e-02
3.291669860482215881e-02
2.742576785385608673e-02
-5.524892732501029968e-02
-1.305741537362337112e-02
5.845487862825393677e-02
-4.428373277187347412e-02
6.448964029550552368e-02
-7.399550080299377441e-02
5.766533687710762024e-02
5.099965631961822510e-02
-8.756415545940399170e-02
-8.643316477537155151e-02
-1.425423752516508102e-02
-8.030883967876434326e-03
3.663912415504455566e-02
3.816803544759750366e-02
-9.826687723398208618e-02
4.589466005563735962e-02
4.245700687170028687e-02
-4.043974354863166809e-02
1.214981898665428162e-01
-8.773577213287353516e-02
-2.206544764339923859e-02
-5.798718333244323730e-02
2.302701771259307861e-02
-5.373451858758926392e-03
1.633431203663349152e-02
-6.639626622200012207e-02
-4.435295984148979187e-02
-3.214447200298309326e-02
6.197519600391387939e-02
-1.126228459179401398e-02
1.673446223139762878e-02
6.882626563310623169e-02
8.029970340430736542e-03
5.242957174777984619e-02
-9.957934729754924774e-03
-1.399149745702743530e-01
2.045791782438755035e-02
-5.974490568041801453e-02
-9.693036973476409912e-02
-8.531542122364044189e-02
-6.575913727283477783e-02
4.623911902308464050e-02
-4.168581217527389526e-02
8.713422343134880066e-03
3.151662647724151611e-02
4.785627499222755432e-02
-7.672005146741867065e-02
3.333372250199317932e-02
-2.144170179963111877e-02
2.826764620840549469e-02
5.001765117049217224e-02
-5.119109526276588440e-03
-1.098853573203086853e-01
4.331628791987895966e-03
-8.162388950586318970e-02
4.716634005308151245e-02
-1.551733911037445068e-01
1.093741655349731445e-01
1.369082555174827576e-02
2.254732511937618256e-02
-3.211498633027076721e-02
1.169406473636627197e-01
-8.936396241188049316e-02
-1.337990723550319672e-02
2.704484574496746063e-02
-5.760714039206504822e-02
-4.858767241239547729e-02
6.788316369056701660e-02
4.634572565555572510e-02
2.286557108163833618e-02
9.811300551518797874e-04
1.605463586747646332e-02
1.583127826452255249e-01
-1.710243523120880127e-02
2.650503814220428467e-02
3.304265066981315613e-02
-1.497768517583608627e-02
-3.454007580876350403e-02
-1.237175464630126953e-01
2.776675485074520111e-02
1.148483306169509888e-01
7.903178036212921143e-02
7.730854302644729614e-02
-7.072678208351135254e-02
1.305014491081237793e-01
8.660816401243209839e-02
-4.442134127020835876e-02
-1.420259661972522736e-02
4.979411605745553970e-04
-2.052611671388149261e-02
-8.496004156768321991e-03
-4.277260974049568176e-02
-6.657939404249191284e-02
2.782625332474708557e-02
-2.173908520489931107e-03
9.626559168100357056e-02
1.857870258390903473e-02
9.572749026119709015e-03
8.182502537965774536e-02
-6.331881880760192871e-02
4.579657316207885742e-02
1.542341709136962891e-02
3.275837749242782593e-02
2.243572659790515900e-02
3.404759988188743591e-02
6.369441002607345581e-02
-2.454658225178718567e-02
-2.947146445512771606e-02
-9.139350801706314087e-02
7.188139948993921280e-03
-1.732182502746582031e-02
-2.845106832683086395e-02
-7.666924595832824707e-02
4.160631075501441956e-02
-5.254828184843063354e-02
-7.994228601455688477e-02
-1.990009471774101257e-02
2.990646660327911377e-02
-1.342847198247909546e-01
7.625866681337356567e-02
9.541149437427520752e-02
1.169036403298377991e-01
6.824395805597305298e-02
9.113614261150360107e-02
-6.923102587461471558e-02
1.915996894240379333e-02
-5.024146288633346558e-02
2.224396727979183197e-02
-9.243729710578918457e-02
3.233798081055283546e-03
-1.029564589262008667e-01
6.573847495019435883e-04
2.715876512229442596e-02
1.755931787192821503e-02
1.644536294043064117e-02
-2.467567101120948792e-03
-2.377450093626976013e-02
6.255039572715759277e-02
-3.906713053584098816e-02
-5.649311933666467667e-03
1.065950654447078705e-02
-5.816149991005659103e-03
-1.478336565196514130e-02
-3.830229863524436951e-02
5.301484465599060059e-02
8.104382455348968506e-02
1.646591350436210632e-02
-6.968772411346435547e-02
4.457391798496246338e-02
-4.510229453444480896e-02
-9.844325482845306396e-02
3.456486389040946960e-02
-3.164351359009742737e-02
-2.743707597255706787e-02
5.695614963769912720e-02
-1.088740006089210510e-01
4.832630604505538940e-02
-1.312153488397598267e-01
-2.697680890560150146e-02
2.687203884124755859e-02
6.583937257528305054e-02
-1.214163228869438171e-01
-5.308196321129798889e-02
-3.684308752417564392e-02
5.899472162127494812e-02
4.410158842802047729e-03
7.848513871431350708e-02
1.816022396087646484e-01
-1.276625245809555054e-01
-8.614641427993774414e-02
-2.974600903689861298e-02
-3.737799823284149170e-02
1.570516675710678101e-01
-7.396920025348663330e-02
7.975021749734878540e-02
