-1.330889165401458740e-01
-3.809148445725440979e-02
8.399009704589843750e-02
-6.195095553994178772e-02
-4.940765723586082458e-02
1.469876468181610107e-01
3.235286101698875427e-02
-1.848785132169723511e-01
1.111083775758743286e-01
7.457681745290756226e-02
-1.447134912014007568e-01
-4.823329299688339233e-02
1.717626750469207764e-01
1.273590233176946640e-02
6.916019599884748459e-03
6.751192361116409302e-02
1.467932388186454773e-02
-9.076900035142898560e-02
3.481714054942131042e-03
4.653571173548698425e-02
4.298238828778266907e-02
-4.180874675512313843e-02
1.456844341009855270e-02
-4.987445473670959473e-02
2.558084577322006226e-02
4.107313230633735657e-03
6.072758138179779053e-02
-1.513161361217498779e-01
-8.947027474641799927e-02
-7.495872676372528076e-02
-2.473669499158859253e-02
-4.236774146556854248e-02
1.583906263113021851e-02
5.308722332119941711e-02
1.483963243663311005e-02
-3.033062443137168884e-02
-3.795453906059265137e-02
-3.898283466696739197e-02
3.807850554585456848e-02
-2.465573325753211975e-02
-7.311666011810302734e-02
6.928745191544294357e-03
2.616853080689907074e-02
-2.308336086571216583e-02
8.300344645977020264e-02
5.805151164531707764e-02
-2.038711868226528168e-02
-1.876165531575679779e-02
-3.880810737609863281e-02
-7.293544709682464600e-02
-6.029896438121795654e-02
1.923979446291923523e-02
-1.600898616015911102e-02
-3.521559387445449829e-02
2.539251744747161865e-02
2.648970670998096466e-02
-3.435464203357696533e-02
4.072658717632293701e-03
2.234135754406452179e-02
7.506974041461944580e-02
7.247624546289443970e-02
2.254817262291908264e-02
6.372980773448944092e-02
-1.132926866412162781e-01
-2.295259200036525726e-02
-3.724266216158866882e-02
-5.787023156881332397e-02
1.084872782230377197e-01
-9.400356560945510864e-02
-6.768655031919479370e-02
-9.805933572351932526e-03
-2.755719237029552460e-02
-1.615922898054122925e-02
9.113127738237380981e-02
-3.810374531894922256e-03
6.365728378295898438e-02
4.527706652879714966e-02
3.159147500991821289e-02
-7.550029456615447998e-02
5.548019707202911377e-02
-5.421826988458633423e-02
3.387199714779853821e-02
3.180461376905441284e-02
-6.176039576530456543e-02
-6.094719842076301575e-02
2.781154774129390717e-02
6.728844344615936279e-02
1.065807268023490906e-01
-5.029833875596523285e-03
6.957097910344600677e-03
2.868117392063140869e-02
-5.246493965387344360e-02
-1.161923557519912720e-01
-7.125678006559610367e-03
-8.660146594047546387e-02
2.743610739707946777e-02
-5.763981118798255920e-02
7.081667333841323853e-02
-5.485514551401138306e-02
-1.564155565574765205e-03
-8.453027904033660889e-02
3.952339291572570801e-02
2.265978604555130005e-02
1.030326820909976959e-02
-1.015686690807342529e-01
-2.383016608655452728e-02
4.642616584897041321e-02
-2.351144328713417053e-02
5.952924955636262894e-03
7.681026589125394821e-03
-5.022612959146499634e-02
-5.893198773264884949e-03
2.068154513835906982e-02
-2.642289921641349792e-02
-1.532186865806579590e-01
8.356332778930664062e-03
4.657693952322006226e-02
-9.897128492593765259e-02
2.723361738026142120e-02
4.998988285660743713e-02
1.287550479173660278e-01
-3.825239464640617371e-02
7.936315238475799561e-02
-5.434129014611244202e-02
2.040540799498558044e-02
8.230625838041305542e-02
-1.176465377211570740e-01
-5.658058449625968933e-02
-7.611049711704254150e-02
-1.582634449005126953e-02
4.229685291647911072e-02
-3.191294893622398376e-02
7.131288200616836548e-02
6.038801372051239014e-02
-4.910924658179283142e-02
-1.077134255319833755e-02
1.598390638828277588e-01
-1.144440397620201111e-01
-4.304810613393783569e-02
-9.270317107439041138e-02
-4.639922454953193665e-02
-4.821101203560829163e-02
2.265325747430324554e-02
6.775523722171783447e-02
3.985141590237617493e-02
3.826273977756500244e-02
-6.304778903722763062e-02
-1.688196137547492981e-02
6.388153880834579468e-02
-7.540573179721832275e-02
7.723461091518402100e-02
-2.287914045155048370e-02
4.850586503744125366e-02
-7.255702465772628784e-02
-5.881229788064956665e-02
4.833639785647392273e-02
1.524243783205747604e-02
1.583869457244873047e-01
-9.283807128667831421e-02
4.417252540588378906e-02
-3.343456611037254333e-02
-3.553535789251327515e-03
-1.086031924933195114e-02
-3.855967149138450623e-02
-4.765620827674865723e-02
1.305007282644510269e-02
1.697000861167907715e-02
-1.114802621304988861e-02
-2.559919096529483795e-02
-3.672171756625175476e-02
-5.406217183917760849e-03
-2.510666102170944214e-02
3.662632033228874207e-02
2.409275621175765991e-02
-6.468959152698516846e-03
-2.486272901296615601e-02
3.122421540319919586e-02
1.904873736202716827e-02
2.939200215041637421e-02
-4.259647335857152939e-03
-5.657886713743209839e-02
3.424654528498649597e-02
5.898863449692726135e-02
5.409868806600570679e-02
-6.067363917827606201e-02
2.498366683721542358e-02
-2.390483021736145020e-02
2.819666080176830292e-02
1.125188078731298447e-02
-1.205082144588232040e-02
1.905826968140900135e-03
-9.804867208003997803e-03
3.412471711635589600e-02
-1.258559059351682663e-02
7.277289032936096191e-02
1.842925697565078735e-02
5.314752459526062012e-02
-5.210247356444597244e-03
6.656524538993835449e-02
9.820948354899883270e-03
-4.097629338502883911e-02
1.562268193811178207e-02
5.152904894202947617e-03
-1.031185984611511230e-01
1.404420565813779831e-02
1.330541819334030151e-02
5.831276252865791321e-02
1.290339138358831406e-02
1.126312743872404099e-02
-4.837561398744583130e-02
-3.872431069612503052e-02
-5.958859249949455261e-02
3.827111423015594482e-02
3.307711100205779076e-03
6.480712443590164185e-03
-1.333495043218135834e-02
4.443978890776634216e-02
9.969252347946166992e-02
3.731107711791992188e-02
2.680739015340805054e-02
5.209481716156005859e-02
-5.394677445292472839e-02
-3.505092114210128784e-02
-7.737376540899276733e-02
-9.489591419696807861e-02
-8.837168663740158081e-02
7.311791181564331055e-02
4.871825501322746277e-02
6.094466149806976318e-02
-7.015510927885770798e-03
-2.750074863433837891e-01
9.819634258747100830e-02
-1.588246375322341919e-01
-8.617062866687774658e-02
4.827592894434928894e-02
8.710837364196777344e-02
-1.933131664991378784e-01
-3.172887489199638367e-02
-2.685611322522163391e-02
1.986500248312950134e-02
-2.711395500227808952e-03
9.275639802217483521e-02
2.331595681607723236e-02
-8.522346615791320801e-02
-4.500734806060791016e-02
1.635859347879886627e-02
1.023637410253286362e-02
5.299954209476709366e-03
2.379027567803859711e-02
4.627243429422378540e-02
