-3.715598955750465393e-02
-2.703422866761684418e-02
-4.783623386174440384e-03
-2.221953123807907104e-02
6.293778121471405029e-02
4.040285944938659668e-02
7.430650293827056885e-02
-1.373353227972984314e-02
9.562539309263229370e-02
1.525007467716932297e-02
-1.920104771852493286e-02
-4.921188205480575562e-02
1.320340577512979507e-02
-3.061967156827449799e-02
6.778857111930847168e-02
1.971744466572999954e-03
7.477536052465438843e-02
-6.213891878724098206e-02
-8.588792843511328101e-05
3.233616054058074951e-02
5.251932423561811447e-03
3.820359706878662109e-02
-3.670437633991241455e-02
-1.370634790509939194e-02
-1.196623034775257111e-02
-2.552901580929756165e-02
1.255650538951158524e-02
5.954914167523384094e-02
-1.068684160709381104e-01
5.782815814018249512e-02
-3.867241367697715759e-02
-1.229905262589454651e-01
-4.055982455611228943e-02
9.247276186943054199e-02
-1.193040981888771057e-02
-9.762061759829521179e-03
-7.637799531221389771e-02
4.720392450690269470e-02
-6.798640638589859009e-02
4.630929604172706604e-02
-2.818156965076923370e-02
-2.940645627677440643e-02
-2.228683419525623322e-02
-1.112983301281929016e-01
1.372776925563812256e-01
1.471034437417984009e-01
1.273507475852966309e-01
-1.554003823548555374e-02
-6.461453437805175781e-02
-5.933933705091476440e-02
-5.972556024789810181e-02
1.610134840011596680e-01
1.132021285593509674e-02
1.436930000782012939e-01
1.217296570539474487e-01
-5.250295251607894897e-02
-2.904457785189151764e-02
4.955303668975830078e-02
3.287089243531227112e-02
-6.370314210653305054e-02
2.444315329194068909e-02
-9.160146862268447876e-02
1.200476884841918945e-01
-1.816698312759399414e-01
-2.449819445610046387e-02
3.069494478404521942e-02
2.317496016621589661e-02
2.739261277019977570e-02
9.995750151574611664e-03
-4.714889824390411377e-02
9.333790093660354614e-02
-4.634835571050643921e-02
-5.359549075365066528e-02
2.121408842504024506e-02
7.084155920892953873e-03
-2.173539809882640839e-02
1.491568423807621002e-02
4.523179307579994202e-02
-4.863014072179794312e-02
8.554489910602569580e-02
-6.265931576490402222e-02
5.672611296176910400e-02
2.979240007698535919e-02
-9.833561629056930542e-02
-4.551123455166816711e-02
-1.992579735815525055e-02
-3.425909578800201416e-02
1.447251252830028534e-02
4.738536104559898376e-02
-1.194517537951469421e-01
1.845620223321020603e-03
9.068371355533599854e-02
-3.111281245946884155e-02
8.415268361568450928e-02
-1.004876345396041870e-01
6.774534471333026886e-03
-1.013642102479934692e-01
-1.214091945439577103e-02
2.110773324966430664e-02
-3.477009886410087347e-04
-7.107286155223846436e-02
-3.367582708597183228e-02
-3.038827516138553619e-02
7.930528372526168823e-02
2.366570569574832916e-02
2.620107494294643402e-02
4.651862382888793945e-02
1.758291758596897125e-02
7.754170149564743042e-02
2.404484897851943970e-02
-1.067610755562782288e-01
6.092655006796121597e-03
-7.014418393373489380e-02
-6.811174750328063965e-02
-6.050556153059005737e-02
-6.450925022363662720e-02
3.475943347439169884e-03
4.898232407867908478e-03
-3.196692839264869690e-02
2.294684387743473053e-02
1.141064520925283432e-02
-6.854921579360961914e-02
2.631993731483817101e-03
-2.302467450499534607e-02
5.528407171368598938e-03
6.109755858778953552e-02
-1.239860057830810547e-02
-6.831729412078857422e-02
2.391184866428375244e-02
-4.758571833372116089e-02
-2.749209757894277573e-03
-1.353817582130432129e-01
3.895403072237968445e-02
-5.797232501208782196e-03
8.561314642429351807e-02
-2.303845807909965515e-02
4.145796969532966614e-02
9.452844969928264618e-03
9.614687412977218628e-03
5.702883005142211914e-02
-1.814992912113666534e-02
-4.774592444300651550e-02
6.417840719223022461e-02
3.466896340250968933e-02
2.026162296533584595e-02
2.361029013991355896e-02
4.143350943922996521e-02
1.318318992853164673e-01
1.050815731287002563e-02
1.502485759556293488e-02
-6.526255980134010315e-03
1.844256184995174408e-02
-4.389559477567672729e-02
-1.026045233011245728e-01
1.906489022076129913e-02
1.049066111445426941e-01
4.803377389907836914e-02
4.391474649310112000e-02
-2.482186444103717804e-02
1.066575050354003906e-01
6.713363528251647949e-02
-2.675707265734672546e-02
3.823364619165658951e-03
1.337117329239845276e-02
-3.459900245070457458e-02
5.471614189445972443e-03
-4.586554318666458130e-02
-2.060109935700893402e-02
6.508911401033401489e-02
-2.274445258080959320e-02
6.352478265762329102e-02
1.522038318216800690e-02
8.656249381601810455e-03
6.559767574071884155e-02
-3.249790146946907043e-02
2.239614352583885193e-02
-9.458834305405616760e-03
-4.761814139783382416e-03
-1.331168413162231445e-02
4.163832962512969971e-02
2.809614874422550201e-02
-6.486786156892776489e-02
-3.580130264163017273e-02
-6.235864013433456421e-02
-1.489583216607570648e-02
-4.859673231840133667e-02
-4.470131173729896545e-02
-6.553717702627182007e-02
4.638271033763885498e-02
-4.248593002557754517e-02
-6.745110452175140381e-02
-1.600766927003860474e-02
4.898175969719886780e-02
-1.329140663146972656e-01
5.945230647921562195e-02
7.584251463413238525e-02
1.318998485803604126e-01
4.881083965301513672e-02
6.055231764912605286e-02
-3.712240839377045631e-03
1.361307874321937561e-02
-7.983342558145523071e-02
6.101758033037185669e-02
-1.056308150291442871e-01
-1.046736259013414383e-02
-1.264349073171615601e-01
5.729649960994720459e-02
-9.046248742379248142e-04
8.074887096881866455e-03
-5.197933875024318695e-03
5.689488258212804794e-03
5.870298948138952255e-03
3.511662781238555908e-02
-7.538369297981262207e-02
9.625490754842758179e-03
-1.929770573042333126e-03
1.814490929245948792e-02
2.121737971901893616e-02
-3.082133270800113678e-02
8.066386729478836060e-02
8.720290660858154297e-02
3.452188894152641296e-02
-1.031790673732757568e-01
1.914103701710700989e-02
-5.124417948536574841e-04
-8.590882271528244019e-02
-1.424667611718177795e-02
-2.498298697173595428e-02
-2.552063949406147003e-02
8.664092421531677246e-02
-7.998060435056686401e-02
6.597587466239929199e-02
-1.402500569820404053e-01
-7.761751301586627960e-03
6.512495130300521851e-02
5.779601633548736572e-02
-1.362120658159255981e-01
-5.502007156610488892e-02
-3.959726542234420776e-02
5.468404293060302734e-02
-1.666785962879657745e-02
1.109061315655708313e-01
2.051452547311782837e-01
-1.501570343971252441e-01
-6.935115158557891846e-02
-3.297728300094604492e-02
-5.015259236097335815e-02
1.745596081018447876e-01
-6.789102405309677124e-02
1.336202472448348999e-01
