-6.843210756778717041e-02
-4.400631040334701538e-02
1.300798356533050537e-02
2.243491262197494507e-02
-4.715376533567905426e-03
1.342247799038887024e-02
5.216077715158462524e-02
-4.094876348972320557e-02
8.841715753078460693e-02
6.625323742628097534e-02
-2.799794264137744904e-02
-4.130844771862030029e-02
3.563337028026580811e-02
3.956256434321403503e-02
-7.819627411663532257e-03
-2.791769057512283325e-02
-7.322834804654121399e-03
-5.233027040958404541e-02
-2.177444659173488617e-02
6.047699227929115295e-02
8.238563686609268188e-02
1.913494244217872620e-02
-4.627931490540504456e-02
1.545755378901958466e-02
2.362178079783916473e-02
-1.794020459055900574e-02
7.353044580668210983e-03
8.344157598912715912e-03
-1.154020726680755615e-01
2.215772867202758789e-02
-4.479744285345077515e-02
-7.180962711572647095e-02
4.131113365292549133e-02
1.218733116984367371e-01
-3.403393924236297607e-02
-6.521005183458328247e-02
-8.106043189764022827e-02
2.352899312973022461e-02
-6.054522842168807983e-02
2.076452411711215973e-02
2.141468226909637451e-02
-3.868456184864044189e-02
-1.748931221663951874e-02
-1.076090112328529358e-01
1.429813802242279053e-01
1.703343242406845093e-01
8.532033115625381470e-02
3.433562442660331726e-02
-1.103313863277435303e-01
-5.051268264651298523e-02
-6.907387822866439819e-02
2.008563131093978882e-01
-3.727229684591293335e-02
1.397997587919235229e-01
1.436192095279693604e-01
-7.623965293169021606e-02
-2.790350408758968115e-04
2.136897854506969452e-02
3.533787652850151062e-02
-7.566821575164794922e-02
3.716563433408737183e-02
-3.106509707868099213e-02
1.455663293600082397e-01
-1.299006938934326172e-01
2.663671597838401794e-02
6.888537853956222534e-02
-8.492181450128555298e-02
7.980833947658538818e-02
-4.217762500047683716e-02
-1.642152294516563416e-02
6.251509487628936768e-02
-5.603725463151931763e-02
-1.249737758189439774e-02
9.929972141981124878e-02
3.083164244890213013e-02
-3.016608022153377533e-02
-7.260778802447021008e-04
6.026721000671386719e-02
-8.391035348176956177e-02
9.428846836090087891e-02
-6.231936812400817871e-02
1.160123199224472046e-02
2.862389013171195984e-02
-1.125127151608467102e-01
-7.541847229003906250e-02
3.485926659777760506e-03
1.567710563540458679e-02
6.393102556467056274e-02
2.730100043118000031e-02
-8.586786687374114990e-02
-1.278832647949457169e-02
4.953033849596977234e-02
-6.398370116949081421e-02
1.296782046556472778e-01
-8.474962413311004639e-02
-4.289100319147109985e-02
-7.752344012260437012e-02
3.612316772341728210e-02
-2.615308947861194611e-02
-2.386328950524330139e-02
-4.435472190380096436e-02
-1.831005141139030457e-02
-2.494996972382068634e-02
3.260147944092750549e-02
-3.480215743184089661e-02
-1.706412993371486664e-02
7.388169318437576294e-02
1.687795668840408325e-02
5.220861360430717468e-02
-2.687235176563262939e-02
-1.107509210705757141e-01
5.612367019057273865e-02
-7.420114427804946899e-02
-9.174653142690658569e-02
-1.055551320314407349e-01
-8.072344958782196045e-02
4.587421938776969910e-02
-2.436328306794166565e-02
1.533125713467597961e-02
6.750413775444030762e-02
4.041146486997604370e-02
-7.173750549554824829e-02
-6.399092380888760090e-04
6.339167710393667221e-03
2.937169931828975677e-02
5.180485919117927551e-02
-1.623583026230335236e-02
-9.557612985372543335e-02
-5.840424448251724243e-03
-2.308894693851470947e-02
6.010955665260553360e-03
-1.006245911121368408e-01
2.747646532952785492e-02
3.940685465931892395e-02
1.720963604748249054e-02
-1.855550892651081085e-02
2.541963383555412292e-02
-9.437357075512409210e-03
-2.697874559089541435e-03
7.239412516355514526e-02
-6.485428195446729660e-03
-3.930304199457168579e-02
5.616908892989158630e-02
2.603532932698726654e-02
6.593795120716094971e-02
-5.229461006820201874e-03
-6.314936093986034393e-03
1.029014512896537781e-01
1.189275830984115601e-02
-1.589830778539180756e-02
1.903405971825122833e-02
-2.074030041694641113e-02
-4.777211323380470276e-02
-1.238104403018951416e-01
3.506889194250106812e-02
9.762231260538101196e-02
3.280411660671234131e-02
4.685552418231964111e-02
-5.726245418190956116e-02
1.029072776436805725e-01
2.922316640615463257e-02
-2.240337344119325280e-04
4.792109504342079163e-02
4.339588060975074768e-02
-4.013352096080780029e-02
2.510903030633926392e-02
-4.674760624766349792e-02
-5.942628532648086548e-02
4.856853932142257690e-02
-6.636864691972732544e-02
8.829143643379211426e-02
-4.531094804406166077e-02
5.620744451880455017e-02
6.140534952282905579e-02
-5.075598880648612976e-02
-2.058526501059532166e-02
-5.428208038210868835e-02
3.480379236862063408e-03
-9.909568354487419128e-03
1.608511246740818024e-02
1.251539029181003571e-02
-3.836776688694953918e-02
-6.847468204796314240e-03
-5.940850079059600830e-02
-2.535669878125190735e-02
1.490540336817502975e-02
-5.363682284951210022e-02
-5.137608945369720459e-02
5.944675579667091370e-02
-6.522652506828308105e-02
-5.010600015521049500e-02
-6.705196108669042587e-03
1.150726899504661560e-02
-1.215859949588775635e-01
1.060812845826148987e-01
7.371592521667480469e-02
1.567954570055007935e-01
5.640340968966484070e-02
3.515308722853660583e-02
-1.041087806224822998e-01
-4.462967161089181900e-03
-6.388877984136343002e-03
8.730788715183734894e-03
-9.992437064647674561e-02
-2.408446744084358215e-03
-1.216227747499942780e-02
4.818585701286792755e-03
4.627364873886108398e-02
1.160896476358175278e-02
1.343496236950159073e-02
2.305373363196849823e-02
4.783355165272951126e-03
2.390873059630393982e-02
-9.028848260641098022e-02
2.879123575985431671e-02
1.179613173007965088e-02
3.665263950824737549e-02
6.495891720987856388e-04
3.778822347521781921e-02
7.752035558223724365e-02
1.044355705380439758e-01
-6.610692944377660751e-03
-8.781576156616210938e-02
-9.847703389823436737e-03
-2.853750623762607574e-02
-1.304319947957992554e-01
4.632399650290608406e-04
-2.687088772654533386e-02
-7.709253579378128052e-03
3.164258226752281189e-02
-4.255883395671844482e-02
6.367994844913482666e-02
-9.067535400390625000e-02
-6.905655027367174625e-04
2.707728743553161621e-02
6.337659806013107300e-02
-6.849735230207443237e-02
-3.618924692273139954e-02
-2.655593212693929672e-03
4.799693450331687927e-02
2.822923706844449043e-03
1.029621064662933350e-01
2.084242254495620728e-01
-8.832000941038131714e-02
-1.334299445152282715e-01
2.389799337834119797e-03
-4.592459276318550110e-02
1.460285633802413940e-01
-8.292546123266220093e-02
1.255026161670684814e-01
