-8.796139061450958252e-02
-7.339048385620117188e-02
9.742730110883712769e-02
-6.788581609725952148e-02
-4.121273010969161987e-02
8.592201769351959229e-02
2.115875948220491409e-03
-1.326760500669479370e-01
1.028556302189826965e-01
3.043925575911998749e-02
-1.361598521471023560e-01
-7.985410839319229126e-02
1.298173069953918457e-01
-6.148526072502136230e-02
-4.214098677039146423e-02
7.522362470626831055e-02
2.441455982625484467e-02
-8.991527557373046875e-02
4.072770848870277405e-02
3.677724301815032959e-02
7.514398545026779175e-02
-5.069827660918235779e-03
2.557129599153995514e-02
-4.601409658789634705e-02
7.003223150968551636e-02
-1.364675583317875862e-03
8.400191436521708965e-04
-9.019626677036285400e-02
-1.054043993353843689e-01
-1.172745879739522934e-02
-6.114857643842697144e-02
-5.513459444046020508e-02
-2.788173267617821693e-03
9.649231284856796265e-02
3.126218914985656738e-02
-1.009434740990400314e-02
-6.889013200998306274e-02
-4.219174385070800781e-02
6.375070195645093918e-03
3.316878899931907654e-02
-2.727443538606166840e-02
-6.341938395053148270e-03
5.529012903571128845e-02
-7.178374379873275757e-02
6.382441520690917969e-02
1.628613844513893127e-02
2.561667561531066895e-02
-1.882169023156166077e-02
-5.944986641407012939e-02
-9.108933806419372559e-02
-2.027381025254726410e-02
8.674632757902145386e-02
-1.947351545095443726e-02
5.531211383640766144e-03
6.005297973752021790e-02
8.794968947768211365e-03
-6.590700894594192505e-02
4.830510821193456650e-03
1.543012820184230804e-02
4.712602123618125916e-02
3.158200904726982117e-02
4.316190257668495178e-02
9.038767777383327484e-03
-1.021725833415985107e-01
-4.717386327683925629e-03
-2.876861952245235443e-02
-3.241902962327003479e-02
3.633507713675498962e-02
-6.195177324116230011e-03
1.327228732407093048e-02
-2.880701608955860138e-02
-9.336307644844055176e-03
1.855385839007794857e-03
2.972751110792160034e-02
1.800214499235153198e-02
5.573869217187166214e-03
2.228339388966560364e-02
1.738325506448745728e-02
-3.024048358201980591e-02
1.166109740734100342e-02
-5.820957943797111511e-02
4.666592925786972046e-02
2.597620151937007904e-02
-9.488034248352050781e-02
-4.850989952683448792e-02
-7.198455277830362320e-03
4.852344095706939697e-02
1.040867492556571960e-01
-3.496826067566871643e-02
-2.966198371723294258e-03
4.954756051301956177e-02
8.043210022151470184e-03
-7.757274806499481201e-02
2.065768651664257050e-02
-1.229957044124603271e-01
5.488761700689792633e-03
-4.978763684630393982e-02
3.750484436750411987e-02
-9.994847699999809265e-03
-1.668510586023330688e-02
-7.990597188472747803e-02
-2.999447472393512726e-02
-9.387169033288955688e-03
1.291039865463972092e-02
-4.818245768547058105e-02
-4.853365570306777954e-02
6.630704551935195923e-02
-6.753428839147090912e-03
-2.916245721280574799e-03
1.524827722460031509e-02
-4.456870630383491516e-02
-8.633648976683616638e-03
-1.149336900562047958e-02
6.256195716559886932e-03
-4.820211231708526611e-02
1.131622772663831711e-02
3.666242957115173340e-02
-8.210138976573944092e-02
-1.270522177219390869e-02
1.093374043703079224e-01
2.156878449022769928e-02
-7.752687204629182816e-03
-4.784123972058296204e-02
6.446546874940395355e-03
2.956344000995159149e-02
6.400220841169357300e-02
-2.998162806034088135e-02
-6.044247746467590332e-02
-9.183597564697265625e-02
-2.802345715463161469e-02
5.328261107206344604e-02
-3.577922284603118896e-02
6.825652718544006348e-02
2.195049636065959930e-02
-5.862911930307745934e-04
-9.586529433727264404e-02
1.266092360019683838e-01
-6.427104771137237549e-02
-5.455035716295242310e-02
-8.337265998125076294e-02
-5.370578262954950333e-03
-4.643949121236801147e-02
5.902097094804048538e-03
6.346366554498672485e-02
4.724540188908576965e-02
1.597423851490020752e-02
-3.525736182928085327e-02
2.381364069879055023e-02
9.015128016471862793e-02
-1.027433499693870544e-01
8.803332597017288208e-02
-7.234559394419193268e-03
9.958987683057785034e-02
-7.859278470277786255e-02
-6.245639640837907791e-03
2.271371334791183472e-02
1.032574218697845936e-03
5.396479740738868713e-02
-5.023293942213058472e-02
8.832148462533950806e-02
6.930445879697799683e-02
4.387668799608945847e-03
-1.455201767385005951e-02
2.490700921043753624e-03
-6.531896442174911499e-02
2.624366991221904755e-02
-3.533342108130455017e-02
1.124760042876005173e-02
1.229755766689777374e-02
-6.527670472860336304e-02
1.050502993166446686e-02
-9.609046578407287598e-02
1.064853668212890625e-01
2.826119586825370789e-02
-8.531796187162399292e-02
-3.932018205523490906e-02
1.593565009534358978e-02
-5.570529773831367493e-02
2.089238353073596954e-02
-7.255948614329099655e-03
-5.023040249943733215e-02
6.297317147254943848e-02
6.974589079618453979e-02
1.972403936088085175e-02
-7.026607543230056763e-02
7.274472154676914215e-03
-2.242887206375598907e-02
3.051392920315265656e-02
4.829758405685424805e-02
-1.032702103257179260e-01
-7.112825755029916763e-03
-3.004657290875911713e-02
8.313056826591491699e-02
-1.118744611740112305e-01
1.269809901714324951e-01
3.015942312777042389e-02
1.697724610567092896e-01
4.977259039878845215e-02
1.293960064649581909e-01
9.409500285983085632e-03
-3.406387567520141602e-02
-4.113500937819480896e-02
1.667521521449089050e-02
-1.309884041547775269e-01
-3.253475949168205261e-02
-1.510704215615987778e-02
8.396138995885848999e-02
-2.858324162662029266e-02
-2.386267529800534248e-03
-3.774401918053627014e-02
-5.319748073816299438e-02
-2.525809407234191895e-02
8.713163435459136963e-02
-5.621758475899696350e-02
1.096136681735515594e-02
6.276868283748626709e-03
3.965576738119125366e-02
3.905291855335235596e-02
-4.384855739772319794e-03
8.616322278976440430e-02
4.019769281148910522e-02
2.484738104158168426e-07
-8.888659626245498657e-02
-5.141904577612876892e-02
-7.811411470174789429e-02
-1.462085545063018799e-01
1.284637600183486938e-01
5.421193689107894897e-02
1.116461679339408875e-02
-9.614590555429458618e-03
-1.982202976942062378e-01
5.586834624409675598e-02
-1.879511773586273193e-01
-4.495320841670036316e-02
3.460020199418067932e-02
9.240941703319549561e-02
-1.787997484207153320e-01
-1.030449867248535156e-01
-1.420119125396013260e-02
5.125876888632774353e-02
-1.624494977295398712e-02
9.686361253261566162e-02
1.521097570657730103e-01
-1.647263616323471069e-01
-8.990053832530975342e-02
-7.711500860750675201e-03
-2.514183893799781799e-02
7.876657694578170776e-02
-2.705601602792739868e-02
1.220811456441879272e-01
