-8.183842152357101440e-02
-6.407482177019119263e-02
8.204622566699981689e-02
-6.932406872510910034e-02
-5.029915645718574524e-02
1.124107912182807922e-01
4.064148664474487305e-02
-1.237081587314605713e-01
1.119880005717277527e-01
5.049975961446762085e-02
-9.687826782464981079e-02
-5.175225064158439636e-02
1.319501698017120361e-01
-1.485936064273118973e-02
2.114859968423843384e-02
5.669480562210083008e-02
2.487277612090110779e-02
-8.196044713258743286e-02
1.531943492591381073e-02
5.509942397475242615e-02
5.779692903161048889e-02
-7.326634600758552551e-03
-1.268633827567100525e-02
-4.531493410468101501e-02
5.412391573190689087e-02
-5.226736888289451599e-03
3.623389825224876404e-02
-8.044230937957763672e-02
-1.734607964754104614e-01
-3.460418432950973511e-02
-2.875255420804023743e-02
-9.730364382266998291e-02
-2.350418642163276672e-02
1.211111173033714294e-01
1.852061413228511810e-02
-2.473920211195945740e-02
-7.500240206718444824e-02
-1.771286129951477051e-02
2.179293520748615265e-02
3.013060055673122406e-02
-1.617496274411678314e-02
-1.948168314993381500e-02
2.836743555963039398e-02
-7.206267863512039185e-02
1.246471479535102844e-01
4.936216026544570923e-02
3.584614768624305725e-02
-8.212625980377197266e-04
-8.677172660827636719e-02
-7.311367243528366089e-02
-7.310064882040023804e-02
8.573899418115615845e-02
-1.827875152230262756e-02
2.819610573351383209e-02
8.356225490570068359e-02
2.870202588383108377e-04
-5.374787002801895142e-02
4.130543209612369537e-03
1.911620609462261200e-02
3.960489481687545776e-02
6.383690983057022095e-02
-1.472565345466136932e-02
7.570586353540420532e-02
-1.430766284465789795e-01
-2.348493784666061401e-02
-2.460581436753273010e-02
-3.860361501574516296e-02
4.655888676643371582e-02
-4.446176066994667053e-02
8.107830071821808815e-04
-1.619988866150379181e-02
-1.891505345702171326e-02
-3.517141938209533691e-02
4.270605370402336121e-02
7.347501814365386963e-03
7.257449760800227523e-05
2.863777987658977509e-02
4.214481636881828308e-02
-7.231140136718750000e-02
4.844296723604202271e-02
-5.408073216676712036e-02
4.017040133476257324e-02
2.324849553406238556e-02
-1.277635246515274048e-01
-5.698440596461296082e-02
-2.492870762944221497e-02
4.486896842718124390e-02
8.223132044076919556e-02
-3.498200699687004089e-02
-2.213513664901256561e-02
3.945099015254527330e-04
7.636247202754020691e-03
-9.016577899456024170e-02
4.761991649866104126e-02
-1.103697493672370911e-01
1.906562224030494690e-02
-9.875674545764923096e-02
1.779260300099849701e-02
1.350354682654142380e-02
-1.540178246796131134e-02
-7.776352018117904663e-02
-3.313482552766799927e-02
-7.627723738551139832e-03
4.424682259559631348e-02
-2.537701092660427094e-02
-3.135562315583229065e-02
5.965266376733779907e-02
4.717873875051736832e-03
5.335908755660057068e-02
-6.670861970633268356e-03
-6.632889807224273682e-02
3.155186399817466736e-02
-2.929480187594890594e-02
-2.754053100943565369e-02
-1.173918694257736206e-01
3.854440990835428238e-03
4.114733077585697174e-03
-9.095427393913269043e-02
-5.059928167611360550e-03
8.476923406124114990e-02
5.705921724438667297e-02
-6.097647175192832947e-02
6.301102694123983383e-03
-3.442806750535964966e-02
3.807558119297027588e-02
7.996674627065658569e-02
-6.611565500497817993e-02
-7.838071137666702271e-02
-7.517051696777343750e-02
-2.815228886902332306e-02
4.540120810270309448e-02
-8.998532593250274658e-02
4.752590879797935486e-02
2.493981271982192993e-02
-6.244748830795288086e-03
-3.973748534917831421e-02
1.255183219909667969e-01
-7.543791085481643677e-02
-5.227883905172348022e-02
-5.211292579770088196e-02
-2.732859738171100616e-02
-4.465174674987792969e-02
4.832564294338226318e-02
9.130886197090148926e-02
4.138547927141189575e-02
2.606567181646823883e-02
-1.392323337495326996e-02
2.887399680912494659e-02
4.800273850560188293e-02
-5.115072429180145264e-02
5.597426742315292358e-02
-1.894641853868961334e-02
2.516628988087177277e-02
-9.150003641843795776e-02
1.757439598441123962e-02
3.801342472434043884e-02
1.803529821336269379e-02
1.297665685415267944e-01
-6.860842555761337280e-02
8.189944177865982056e-02
4.823478311300277710e-02
2.392337098717689514e-02
-1.275124214589595795e-02
2.052953653037548065e-02
-8.292079716920852661e-02
4.514376819133758545e-02
-6.961290538311004639e-02
-3.677283599972724915e-02
-7.973817992024123669e-04
-1.025368347764015198e-01
6.679999828338623047e-02
-7.897090911865234375e-02
1.112071201205253601e-01
5.384022742509841919e-02
-6.495499610900878906e-02
-2.566898986697196960e-02
3.083104034885764122e-03
-2.699499763548374176e-02
1.148451212793588638e-02
5.517932120710611343e-03
-4.506514966487884521e-02
1.083492673933506012e-02
4.840149357914924622e-02
-1.321169664151966572e-03
-6.064056232571601868e-02
2.640856429934501648e-02
-5.175799131393432617e-02
-2.385521493852138519e-02
8.543776720762252808e-02
-8.465572446584701538e-02
-4.801783710718154907e-02
-4.071900621056556702e-02
7.934501022100448608e-02
-9.708415716886520386e-02
1.030282005667686462e-01
7.016062736511230469e-02
1.306899189949035645e-01
5.453158915042877197e-02
1.162193045020103455e-01
-2.708970755338668823e-02
-2.592518553137779236e-02
-3.640362620353698730e-02
2.135144546627998352e-02
-1.391324698925018311e-01
1.140229497104883194e-02
-3.141743689775466919e-02
5.973520502448081970e-02
-2.953362837433815002e-02
-2.772544696927070618e-02
-4.142025858163833618e-02
-2.596789412200450897e-02
-5.049210786819458008e-02
7.631234079599380493e-02
-6.699354201555252075e-02
2.508017048239707947e-02
-8.119657635688781738e-03
4.393412545323371887e-02
1.006930544972419739e-01
1.284370664507150650e-02
6.912188977003097534e-02
8.506911247968673706e-02
-7.028044201433658600e-03
-7.241722941398620605e-02
-4.251753538846969604e-02
-7.088058441877365112e-02
-1.288724094629287720e-01
6.278355419635772705e-02
4.293581098318099976e-02
2.239035442471504211e-02
-5.516659002751111984e-03
-1.975925862789154053e-01
1.051448881626129150e-01
-1.638538092374801636e-01
-5.602768808603286743e-02
6.234396249055862427e-02
8.302010595798492432e-02
-1.738105565309524536e-01
-6.335969269275665283e-02
-3.813091665506362915e-02
1.291713491082191467e-02
1.903392747044563293e-02
1.031606048345565796e-01
9.125199168920516968e-02
-1.053164079785346985e-01
-5.334024503827095032e-02
3.508576657623052597e-03
-2.316540665924549103e-02
6.281048804521560669e-02
-7.317082025110721588e-03
5.124681070446968079e-02
