-1.340832263231277466e-01
-8.694985508918762207e-02
6.895866245031356812e-02
-1.027034744620323181e-01
-8.129760622978210449e-02
1.653979569673538208e-01
6.597643345594406128e-02
-2.195196002721786499e-01
1.807503551244735718e-01
7.180945575237274170e-02
-1.372980475425720215e-01
-6.455662101507186890e-02
1.861413270235061646e-01
-2.173507399857044220e-02
7.719266228377819061e-03
8.703713119029998779e-02
2.007137984037399292e-02
-1.043017655611038208e-01
-2.961912192404270172e-03
8.879885077476501465e-02
3.740407899022102356e-02
4.786584526300430298e-03
-1.262220740318298340e-02
-8.170487731695175171e-02
2.827962860465049744e-02
-3.184836125001311302e-03
5.455610156059265137e-02
-1.246329247951507568e-01
-1.280216276645660400e-01
-3.754665330052375793e-02
-1.787744835019111633e-02
-6.315473467111587524e-02
-2.251341752707958221e-02
9.238089621067047119e-02
3.971039131283760071e-02
-2.677370561286807060e-03
-4.640443623065948486e-02
-4.110639169812202454e-02
3.572384268045425415e-02
1.947767450474202633e-03
-5.044847354292869568e-02
1.344018708914518356e-02
3.675923869013786316e-02
-5.795473232865333557e-02
1.588849127292633057e-01
1.983909308910369873e-02
1.963262073695659637e-02
3.171542426571249962e-03
-6.986874341964721680e-02
-7.544862478971481323e-02
-7.734631747007369995e-02
5.153260007500648499e-02
1.420859899371862411e-02
1.545747648924589157e-02
5.801810324192047119e-02
1.409861352294683456e-02
-4.440072178840637207e-02
3.918962553143501282e-03
4.296757746487855911e-03
4.829482734203338623e-02
7.256381213665008545e-02
3.128353878855705261e-02
5.749294534325599670e-02
-9.083353728055953979e-02
-3.790462389588356018e-02
-2.480116114020347595e-02
-3.237276896834373474e-02
1.960867084562778473e-02
-2.590290829539299011e-02
2.439788542687892914e-02
-1.000230945646762848e-02
-4.489583522081375122e-02
-8.702105283737182617e-02
2.739598229527473450e-02
2.483382076025009155e-02
-2.545715309679508209e-02
-4.094463307410478592e-03
1.756448857486248016e-02
-5.126047134399414062e-02
3.577851876616477966e-02
-2.077039331197738647e-02
5.440701544284820557e-02
2.963047102093696594e-02
-7.529031485319137573e-02
-2.345146052539348602e-02
-1.685726083815097809e-02
4.204098135232925415e-02
5.121284723281860352e-02
-3.243786841630935669e-02
-1.391781587153673172e-02
1.099851075559854507e-02
3.153267875313758850e-02
-8.732045441865921021e-02
3.206688910722732544e-02
-9.002861380577087402e-02
9.481091983616352081e-03
-6.165160238742828369e-02
2.821178734302520752e-02
-2.103410474956035614e-02
9.504568763077259064e-03
-7.080619037151336670e-02
-9.507374837994575500e-03
1.558537245728075504e-03
5.369742959737777710e-02
-4.595273360610008240e-02
1.018895581364631653e-02
1.420937292277812958e-02
5.687293596565723419e-03
4.974403232336044312e-02
2.548617683351039886e-02
-6.304004788398742676e-02
1.354952901601791382e-02
-2.362802810966968536e-02
-2.568059414625167847e-02
-1.397358030080795288e-01
-7.561096455901861191e-03
-1.416264567524194717e-02
-1.152201220393180847e-01
2.773895673453807831e-02
4.395833984017372131e-02
7.324916124343872070e-02
-5.640217661857604980e-02
9.142705053091049194e-02
-9.904423356056213379e-02
5.297224596142768860e-02
7.801572978496551514e-02
-6.981449574232101440e-02
-3.049079142510890961e-02
-9.010428935289382935e-02
-4.187101125717163086e-02
7.245711237192153931e-02
-9.331899881362915039e-02
7.911017537117004395e-02
1.266459096223115921e-02
-2.029172517359256744e-02
-2.918495610356330872e-02
1.652148216962814331e-01
-1.293091028928756714e-01
-9.459915757179260254e-02
-8.199723809957504272e-02
-7.995589822530746460e-02
-3.201432153582572937e-02
-5.047182552516460419e-03
7.152275741100311279e-02
1.312359585426747799e-03
4.121265560388565063e-02
-1.766726560890674591e-02
2.134044654667377472e-03
4.423207417130470276e-02
-5.562887713313102722e-02
8.758231252431869507e-02
-1.969374343752861023e-02
6.116140261292457581e-02
-1.246163845062255859e-01
-1.666959188878536224e-02
-6.511052139103412628e-03
2.954708784818649292e-02
1.674681603908538818e-01
-8.634135127067565918e-02
6.950642913579940796e-02
4.053827002644538879e-02
3.533218055963516235e-02
-5.518388748168945312e-02
3.289373591542243958e-02
-7.717176526784896851e-02
2.501131407916545868e-02
-6.374943256378173828e-02
-4.986250400543212891e-02
-2.315659262239933014e-02
-7.791937142610549927e-02
5.849295854568481445e-02
-6.572673469781875610e-02
1.045235767960548401e-01
7.386942207813262939e-02
-1.178409717977046967e-02
2.886797301471233368e-03
8.231094479560852051e-02
-3.517938312143087387e-03
2.473398856818675995e-02
-2.475246042013168335e-02
-4.293988272547721863e-02
4.395477101206779480e-02
3.395242616534233093e-02
5.969944596290588379e-02
-5.837037414312362671e-02
5.727089475840330124e-03
-4.397590830922126770e-02
-5.631861463189125061e-02
4.887109249830245972e-02
-6.119232997298240662e-02
-7.327914983034133911e-02
1.521527301520109177e-02
5.279906466603279114e-02
-5.255109816789627075e-02
5.239802226424217224e-02
3.916728496551513672e-02
2.795943245291709900e-02
1.438830234110355377e-02
1.252771914005279541e-01
-3.364240285009145737e-03
-2.711928915232419968e-03
-3.614076972007751465e-02
-6.803961470723152161e-03
-6.621330976486206055e-02
2.476637018844485283e-03
9.883657097816467285e-03
2.532482333481311798e-02
-4.040299728512763977e-02
-1.374036166816949844e-02
-3.519118949770927429e-02
-5.068407580256462097e-02
-3.222979605197906494e-02
5.890518054366111755e-02
1.320821885019540787e-02
3.005805984139442444e-02
-9.623870253562927246e-03
3.459215909242630005e-02
9.532830864191055298e-02
1.195805054157972336e-02
1.299641374498605728e-02
9.889380075037479401e-03
-3.221906349062919617e-02
-5.109267309308052063e-02
-1.923240907490253448e-02
-5.733084678649902344e-02
-6.213347986340522766e-02
8.685629814863204956e-02
5.645352974534034729e-02
1.246519107371568680e-02
5.802412517368793488e-03
-1.296871602535247803e-01
9.482928365468978882e-02
-1.060811355710029602e-01
-4.023551195859909058e-02
4.497858136892318726e-02
1.000881567597389221e-01
-1.531870961189270020e-01
-7.124178111553192139e-02
-5.421333014965057373e-02
8.844294585287570953e-03
3.686150768771767616e-03
9.028496593236923218e-02
4.373867064714431763e-02
-7.705835253000259399e-02
-5.985139310359954834e-02
1.197292841970920563e-02
-2.336801588535308838e-02
4.446514323353767395e-02
1.281189359724521637e-02
2.885366091504693031e-03
