-8.097817748785018921e-02
-5.053627118468284607e-02
2.938784658908843994e-02
-4.362830892205238342e-02
-5.349037703126668930e-03
6.813541799783706665e-02
4.721905291080474854e-02
-6.877338886260986328e-02
1.359388679265975952e-01
1.827962137758731842e-02
-5.275651812553405762e-02
-3.362170234322547913e-02
1.240913942456245422e-01
-3.234611451625823975e-02
1.783670112490653992e-02
2.202891930937767029e-02
1.882429979741573334e-02
-6.218172237277030945e-02
1.861932128667831421e-02
2.562117762863636017e-02
4.232823476195335388e-02
9.773503057658672333e-03
-1.238761376589536667e-02
-4.579294845461845398e-02
2.834860980510711670e-02
9.500870481133460999e-03
-7.534116506576538086e-03
-3.243840113282203674e-02
-1.675044894218444824e-01
-3.015431761741638184e-02
-5.754039436578750610e-02
-8.157457411289215088e-02
-6.865870673209428787e-03
1.672229915857315063e-01
2.750442549586296082e-02
-4.609943181276321411e-02
-9.723436832427978516e-02
-1.298112515360116959e-02
-3.538529574871063232e-02
5.621341615915298462e-02
3.729898715391755104e-03
-2.415364421904087067e-02
1.470571104437112808e-02
-6.905793398618698120e-02
1.248572766780853271e-01
1.141517460346221924e-01
8.891246467828750610e-02
-1.532177347689867020e-02
-6.810390949249267578e-02
-3.778634592890739441e-02
-2.082191780209541321e-02
1.238492950797080994e-01
2.493633888661861420e-02
4.951103776693344116e-02
9.785458445549011230e-02
-1.404131203889846802e-02
-7.895625382661819458e-02
-7.464860565960407257e-03
5.317157506942749023e-02
-3.321507945656776428e-02
2.539468184113502502e-02
-2.953977696597576141e-02
6.117906048893928528e-02
-1.247342824935913086e-01
-1.465591322630643845e-02
1.375424955040216446e-02
-1.270035747438669205e-02
-3.190650604665279388e-03
-3.767509013414382935e-02
-2.222082577645778656e-02
1.303498167544603348e-02
-3.284860774874687195e-02
-3.356239944696426392e-02
6.434732675552368164e-02
2.139558270573616028e-02
-1.018823869526386261e-02
1.158429589122533798e-02
4.536082595586776733e-02
-6.616685539484024048e-02
2.591857686638832092e-02
-2.149130403995513916e-02
3.585179895162582397e-02
9.322275407612323761e-03
-1.082308590412139893e-01
-3.635957837104797363e-02
2.574582025408744812e-02
2.847680076956748962e-02
3.480141609907150269e-02
-2.061348408460617065e-02
-4.247038811445236206e-02
-5.464022513478994370e-03
3.493932634592056274e-02
-4.084304720163345337e-02
5.900933966040611267e-02
-1.064804121851921082e-01
2.446359954774379730e-02
-1.025280505418777466e-01
1.277425978332757950e-02
7.095520384609699249e-03
1.753646414726972580e-03
-6.334108114242553711e-02
-4.583695158362388611e-02
-1.708067394793033600e-02
3.232946991920471191e-02
2.432310720905661583e-03
-9.584533050656318665e-03
5.961830914020538330e-02
2.856571227312088013e-02
5.010515823960304260e-02
1.537809614092111588e-02
-6.789260357618331909e-02
3.176303580403327942e-02
-3.455275669693946838e-02
-3.236450627446174622e-02
-6.100419163703918457e-02
7.415285799652338028e-03
1.911829598248004913e-02
-4.470165818929672241e-02
7.940222712932154536e-05
8.501629531383514404e-02
2.129016630351543427e-02
-6.867467612028121948e-02
-2.326448448002338409e-02
1.027471735142171383e-03
4.260107129812240601e-02
6.675237417221069336e-02
-1.903018541634082794e-02
-3.321470692753791809e-02
-4.634802788496017456e-02
-2.413391880691051483e-02
5.036504194140434265e-02
-1.303695142269134521e-01
3.749601170420646667e-02
1.742621883749961853e-02
9.245719760656356812e-03
-4.476177319884300232e-02
1.089353710412979126e-01
-3.911822289228439331e-02
-3.078848496079444885e-02
-1.614222535863518715e-03
-1.256747730076313019e-02
-6.617966294288635254e-02
4.855172708630561829e-02
8.316098898649215698e-02
3.528200462460517883e-02
4.522705450654029846e-02
2.115045674145221710e-03
4.703874886035919189e-02
6.947994232177734375e-02
-8.985278755426406860e-02
3.483804687857627869e-02
1.770148985087871552e-02
2.501178765669465065e-03
-6.368333846330642700e-02
1.157578732818365097e-02
1.707672141492366791e-02
1.146387588232755661e-02
1.044785305857658386e-01
-5.219538137316703796e-02
9.827534854412078857e-02
4.158789664506912231e-02
7.230708375573158264e-03
3.027770295739173889e-02
2.546083740890026093e-02
-7.623592019081115723e-02
2.942009270191192627e-02
-5.176660418510437012e-02
-1.077856030315160751e-02
2.758849970996379852e-02
-8.081252127885818481e-02
3.980806469917297363e-02
-3.396416082978248596e-02
5.787426605820655823e-02
4.479833692312240601e-02
-6.492312997579574585e-02
-2.909399382770061493e-02
-2.689903229475021362e-02
-5.351303517818450928e-02
-6.817546673119068146e-03
3.248039633035659790e-02
-5.079445987939834595e-02
-2.260119840502738953e-02
1.008601859211921692e-03
5.585276056081056595e-03
-5.311404168605804443e-02
-2.523364871740341187e-02
-4.884048551321029663e-02
-9.500425308942794800e-03
7.999838143587112427e-02
-8.028497546911239624e-02
-6.780293583869934082e-02
-4.472839459776878357e-02
9.658491611480712891e-02
-1.612512469291687012e-01
1.308017522096633911e-01
7.172002643346786499e-02
2.276659160852432251e-01
1.751117967069149017e-02
1.296233534812927246e-01
-4.344073310494422913e-02
-1.877882331609725952e-02
-8.653397113084793091e-02
2.576037682592868805e-02
-1.543691605329513550e-01
-2.986231446266174316e-02
-4.766963794827461243e-02
1.023307964205741882e-01
-4.570116288959980011e-03
-3.146716952323913574e-02
-2.670515514910221100e-02
-1.733630895614624023e-02
-4.812908545136451721e-02
8.848594129085540771e-02
-1.175428181886672974e-01
1.716483198106288910e-02
-1.555115636438131332e-02
3.881894424557685852e-02
7.378291338682174683e-02
-1.339335739612579346e-02
1.105600893497467041e-01
1.047495231032371521e-01
1.956433989107608795e-02
-1.226510703563690186e-01
-3.729385510087013245e-02
-7.657289505004882812e-02
-1.125126630067825317e-01
5.687078088521957397e-02
2.749861218035221100e-02
-8.778204210102558136e-03
2.920725382864475250e-02
-1.025088503956794739e-01
8.041874319314956665e-02
-1.360319107770919800e-01
-1.737187243998050690e-02
6.765164434909820557e-02
9.315733611583709717e-02
-1.744377017021179199e-01
-8.502388745546340942e-02
-2.886214479804039001e-02
5.640960484743118286e-02
-2.122037671506404877e-02
1.106410324573516846e-01
1.665159463882446289e-01
-1.020229756832122803e-01
-6.920155137777328491e-02
-2.826446481049060822e-02
-4.494035616517066956e-02
1.126094684004783630e-01
-1.534556690603494644e-02
1.270642578601837158e-01
