-7.153318822383880615e-02
-3.186941146850585938e-02
5.373274534940719604e-02
-5.499396845698356628e-02
-1.498758420348167419e-02
7.139801234006881714e-02
3.897958621382713318e-02
-1.104146316647529602e-01
8.746793121099472046e-02
5.014043301343917847e-02
-8.037128299474716187e-02
-5.743627250194549561e-02
8.513588458299636841e-02
-5.268492270261049271e-03
2.506033517420291901e-02
6.477467715740203857e-02
3.836993500590324402e-02
-6.949854642152786255e-02
6.576972547918558121e-03
5.160687863826751709e-02
3.777996078133583069e-02
-3.775023622438311577e-03
-1.558755245059728622e-02
-3.319699317216873169e-02
2.171186357736587524e-02
-1.244341954588890076e-02
3.998767584562301636e-02
-2.930765785276889801e-02
-1.214627847075462341e-01
1.637710630893707275e-02
-1.372938789427280426e-02
-9.117947518825531006e-02
-1.707543805241584778e-02
8.513168245553970337e-02
-6.466597318649291992e-03
-1.263543870300054550e-02
-7.836223393678665161e-02
7.165905553847551346e-03
7.310460787266492844e-04
1.835498958826065063e-02
-4.369151964783668518e-02
-2.595829963684082031e-02
8.823411539196968079e-03
-8.264423161745071411e-02
1.268907189369201660e-01
7.782826572656631470e-02
6.096102297306060791e-02
4.812510218471288681e-03
-6.998839229345321655e-02
-8.133824914693832397e-02
-8.851113170385360718e-02
1.242465302348136902e-01
-2.433400228619575500e-02
6.581421941518783569e-02
8.671206980943679810e-02
-2.355669066309928894e-02
-3.598713874816894531e-02
4.099714383482933044e-02
2.449681237339973450e-02
1.926099136471748352e-02
6.307893991470336914e-02
-4.578131064772605896e-02
1.055084839463233948e-01
-1.705818623304367065e-01
-2.381991967558860779e-02
-1.255648862570524216e-02
-3.838020190596580505e-02
7.464703172445297241e-02
-2.572685480117797852e-02
-3.933896496891975403e-02
4.149409011006355286e-02
-3.073639981448650360e-02
-2.928259596228599548e-02
5.596599355340003967e-02
7.540490478277206421e-03
-2.224042778834700584e-03
2.939455024898052216e-02
4.525753855705261230e-02
-7.132042944431304932e-02
9.414348006248474121e-02
-7.863562554121017456e-02
4.203689098358154297e-02
3.773262724280357361e-02
-1.191338375210762024e-01
-7.642901688814163208e-02
-2.620787918567657471e-02
3.791440278291702271e-02
9.391292929649353027e-02
8.358208462595939636e-03
-5.081287026405334473e-02
1.671702228486537933e-02
2.890442870557308197e-02
-1.102934107184410095e-01
6.788465380668640137e-02
-1.062798425555229187e-01
-1.494851894676685333e-03
-9.508442133665084839e-02
4.057444632053375244e-02
3.043618053197860718e-03
-2.166510373353958130e-02
-1.011973693966865540e-01
-2.405527606606483459e-02
-2.905323728919029236e-02
5.413220077753067017e-02
-3.528182953596115112e-02
-2.812559157609939575e-02
6.698548048734664917e-02
1.343685854226350784e-02
5.591724812984466553e-02
-5.123088601976633072e-03
-8.514685183763504028e-02
2.353771589696407318e-02
-3.394323959946632385e-02
-4.205361753702163696e-02
-1.216970831155776978e-01
-4.423993825912475586e-02
1.500291842967271805e-02
-6.048010662198066711e-02
-3.808546811342239380e-03
7.183251529932022095e-02
6.797713786363601685e-02
-6.203422695398330688e-02
1.641204766929149628e-02
-3.354582563042640686e-02
2.262201532721519470e-02
8.673954755067825317e-02
-6.402077525854110718e-02
-1.027165651321411133e-01
-3.931698575615882874e-02
-3.433819115161895752e-02
9.203625842928886414e-03
-8.163285255432128906e-02
5.932825431227684021e-02
2.156253717839717865e-02
1.758625730872154236e-02
-4.105203226208686829e-02
1.001795306801795959e-01
-5.107403546571731567e-02
-3.198965266346931458e-02
-1.760696806013584137e-02
-3.346949443221092224e-02
-5.253710970282554626e-02
5.759893730282783508e-02
6.175945699214935303e-02
4.494260996580123901e-02
2.537636272609233856e-02
-1.223679538816213608e-02
7.046618312597274780e-02
4.554914683103561401e-02
-2.027711458504199982e-02
3.006610460579395294e-02
-1.231301389634609222e-02
3.963512834161520004e-03
-1.049451082944869995e-01
9.587244712747633457e-04
8.192312717437744141e-02
2.875331044197082520e-02
1.032459214329719543e-01
-6.787431240081787109e-02
9.902515262365341187e-02
5.049018934369087219e-02
-1.583203673362731934e-02
-4.303460940718650818e-03
8.988631889224052429e-03
-5.975412204861640930e-02
2.557169646024703979e-02
-6.277222931385040283e-02
-3.114557825028896332e-02
2.227851748466491699e-02
-7.326927036046981812e-02
6.370929628610610962e-02
-6.591475009918212891e-02
7.360029965639114380e-02
6.875098496675491333e-02
-4.379824921488761902e-02
-1.367901451885700226e-02
8.959583938121795654e-03
-1.169335795566439629e-03
7.092355750501155853e-03
2.634112723171710968e-02
-4.237149376422166824e-03
-7.312067784368991852e-03
4.552986100316047668e-02
-2.398838847875595093e-02
-5.082394182682037354e-02
1.256369333714246750e-02
-4.618634656071662903e-02
-3.354364633560180664e-02
5.964557453989982605e-02
-5.555478855967521667e-02
-2.977341413497924805e-02
-2.728396281599998474e-02
5.096974596381187439e-02
-1.085164844989776611e-01
1.051980704069137573e-01
6.734308600425720215e-02
1.219793707132339478e-01
6.711082905530929565e-02
9.040846675634384155e-02
-1.010779850184917450e-02
-5.718141794204711914e-03
-2.489948272705078125e-02
3.464841842651367188e-02
-1.461861133575439453e-01
4.179423674941062927e-03
-6.160416826605796814e-02
5.351063981652259827e-02
-1.285471022129058838e-02
9.187563555315136909e-04
-3.237835317850112915e-02
-6.909206043928861618e-03
-3.350967541337013245e-02
6.244758144021034241e-02
-4.760866612195968628e-02
2.293461002409458160e-02
-6.139885634183883667e-03
4.034012183547019958e-02
7.341966778039932251e-02
3.062022151425480843e-03
6.384778767824172974e-02
8.328874409198760986e-02
-1.613716036081314087e-02
-8.305438607931137085e-02
-3.596228733658790588e-02
-7.189148664474487305e-02
-1.438255906105041504e-01
4.563072323799133301e-02
2.670489996671676636e-02
4.052099771797657013e-03
2.402342483401298523e-02
-2.171739041805267334e-01
9.984715282917022705e-02
-1.761194616556167603e-01
-5.819789320230484009e-02
5.547253042459487915e-02
8.436427265405654907e-02
-1.906342953443527222e-01
-6.509625911712646484e-02
-2.326626703143119812e-02
4.755328595638275146e-02
3.651838051155209541e-03
1.045776009559631348e-01
1.564884781837463379e-01
-1.565757095813751221e-01
-9.520791471004486084e-02
-7.027302868664264679e-03
-2.326759137213230133e-02
1.071251630783081055e-01
-3.454306721687316895e-02
9.373021125793457031e-02
