-1.100230664014816284e-01
-7.948619872331619263e-02
1.181303635239601135e-01
-8.472153544425964355e-02
-6.304582953453063965e-02
1.507572978734970093e-01
5.607404187321662903e-02
-1.834103316068649292e-01
1.302211731672286987e-01
6.635641306638717651e-02
-1.338135898113250732e-01
-8.266200125217437744e-02
1.333702504634857178e-01
-2.349503710865974426e-02
3.487273817881941795e-03
6.512134522199630737e-02
2.093785256147384644e-02
-9.156654030084609985e-02
4.817822948098182678e-03
6.114823371171951294e-02
6.161136925220489502e-02
-1.996107213199138641e-02
-2.390960045158863068e-02
-2.914957702159881592e-02
4.056937620043754578e-02
-1.327144820243120193e-02
4.518875107169151306e-02
-9.662436693906784058e-02
-1.449671387672424316e-01
-3.944089263677597046e-02
-3.625980764627456665e-02
-6.373861432075500488e-02
-2.014782838523387909e-02
1.116991415619850159e-01
2.255743369460105896e-03
-2.514561824500560760e-02
-4.042911157011985779e-02
-2.839412167668342590e-02
2.580102905631065369e-02
-6.459129974246025085e-03
-2.089416235685348511e-02
-5.766790825873613358e-03
4.396091401576995850e-02
-5.899315699934959412e-02
8.258035033941268921e-02
5.890679731965065002e-02
1.632782816886901855e-02
1.938145374879240990e-03
-6.707238405942916870e-02
-7.437423616647720337e-02
-8.084053546190261841e-02
7.573755085468292236e-02
-2.160223200917243958e-02
2.965457364916801453e-02
7.747076451778411865e-02
1.363637112081050873e-02
-6.925003975629806519e-02
-1.023813802748918533e-02
1.393553335219621658e-02
6.452234089374542236e-02
6.673897057771682739e-02
4.782919131685048342e-04
6.869944930076599121e-02
-1.308260113000869751e-01
-9.377004578709602356e-03
-2.532483078539371490e-02
-5.146610364317893982e-02
8.480031788349151611e-02
-6.727668642997741699e-02
3.407620266079902649e-02
-1.988069713115692139e-02
-3.754819184541702271e-02
-2.455792576074600220e-02
6.579881161451339722e-02
2.624533697962760925e-02
3.423217311501502991e-02
4.853421449661254883e-02
2.542492002248764038e-02
-9.566441178321838379e-02
5.858116224408149719e-02
-5.936656147241592407e-02
3.891162574291229248e-02
2.527116425335407257e-02
-9.134013205766677856e-02
-5.021402612328529358e-02
-4.819313436746597290e-02
3.722437098622322083e-02
9.020440280437469482e-02
-2.969576418399810791e-02
-1.893736608326435089e-02
1.809355989098548889e-02
-2.894026692956686020e-03
-9.672722220420837402e-02
2.452799491584300995e-02
-9.561166167259216309e-02
5.875036586076021194e-03
-9.824284911155700684e-02
1.527097914367914200e-02
-3.255573660135269165e-02
-3.257585316896438599e-02
-7.207558304071426392e-02
-1.530208904296159744e-02
-8.119150996208190918e-03
8.544969372451305389e-03
-5.469856783747673035e-02
-6.474120169878005981e-02
5.499902740120887756e-02
-1.421582233160734177e-02
2.501164935529232025e-02
-1.080061658285558224e-03
-3.932280465960502625e-02
3.067545406520366669e-02
-1.216908544301986694e-02
-4.206401109695434570e-02
-9.705004841089248657e-02
-1.362770516425371170e-02
1.585903950035572052e-02
-9.021306037902832031e-02
-1.203958224505186081e-02
8.644746989011764526e-02
4.302444681525230408e-02
-5.448943004012107849e-02
-8.091639727354049683e-03
-2.243823558092117310e-02
5.634003132581710815e-02
6.958377361297607422e-02
-5.677422136068344116e-02
-8.924046903848648071e-02
-9.269265830516815186e-02
2.186851110309362411e-03
1.873910240828990936e-02
-4.560384526848793030e-02
3.827480971813201904e-02
3.386462852358818054e-02
-1.730086281895637512e-02
-4.846913367509841919e-02
1.154837459325790405e-01
-5.693323537707328796e-02
-2.064602449536323547e-02
-4.912760481238365173e-02
-1.806208677589893341e-02
-3.732895106077194214e-02
5.098945647478103638e-02
6.949936598539352417e-02
4.015506058931350708e-02
1.778901182115077972e-02
-1.294865179806947708e-02
3.177501633763313293e-02
7.123704999685287476e-02
-3.745337203145027161e-02
6.071960926055908203e-02
-2.984212711453437805e-02
4.498299956321716309e-02
-8.052004128694534302e-02
-1.550150918774306774e-03
5.097007006406784058e-02
7.449609111063182354e-04
5.628758668899536133e-02
-6.360295414924621582e-02
8.276434242725372314e-02
2.155469357967376709e-02
9.333204361610114574e-04
-2.238084562122821808e-02
-9.789344854652881622e-03
-7.302665710449218750e-02
3.191617503762245178e-02
-2.167445421218872070e-02
1.223190873861312866e-02
3.145402297377586365e-02
-6.734580546617507935e-02
2.878804132342338562e-02
-4.776062816381454468e-02
7.610358297824859619e-02
2.317108400166034698e-02
-6.032224744558334351e-02
-2.989322692155838013e-02
-2.528211846947669983e-02
-9.230966679751873016e-03
-9.542803280055522919e-03
-1.207276433706283569e-02
-4.450692608952522278e-02
2.017812244594097137e-02
4.220832511782646179e-02
-4.252795130014419556e-02
-3.555196896195411682e-02
1.654100790619850159e-02
-1.526088174432516098e-02
-1.988699287176132202e-02
4.930205270648002625e-02
-6.310406327247619629e-02
2.255326136946678162e-03
-4.933984577655792236e-02
8.695605397224426270e-02
-1.105000525712966919e-01
1.073721721768379211e-01
6.627883017063140869e-02
1.441233158111572266e-01
4.341747984290122986e-02
1.150836348533630371e-01
-5.969351623207330704e-03
-3.743345662951469421e-02
-5.138212814927101135e-03
2.288369461894035339e-02
-1.663915812969207764e-01
5.051453132182359695e-03
-1.491413637995719910e-02
5.503196269273757935e-02
-1.828368753194808960e-02
-9.745319373905658722e-03
-2.633081190288066864e-02
-8.893964812159538269e-03
-4.475719481706619263e-02
7.211960107088088989e-02
-4.932164773344993591e-02
3.335556946694850922e-03
2.064928179606795311e-03
4.002733528614044189e-02
8.374928683042526245e-02
2.278921008110046387e-02
7.347644120454788208e-02
7.399941235780715942e-02
-1.759931817650794983e-02
-7.330459356307983398e-02
-3.494026884436607361e-02
-9.375096112489700317e-02
-1.472795009613037109e-01
7.840074598789215088e-02
3.362670540809631348e-02
2.143328823149204254e-02
-2.669870620593428612e-03
-2.185544520616531372e-01
1.078252941370010376e-01
-1.938836425542831421e-01
-6.530220806598663330e-02
6.625997275114059448e-02
8.363731950521469116e-02
-2.115276157855987549e-01
-4.360111430287361145e-02
-1.847019791603088379e-02
-1.470427494496107101e-03
2.295630797743797302e-02
1.087283641099929810e-01
5.783248320221900940e-02
-9.485271573066711426e-02
-2.373347990214824677e-02
2.212399849668145180e-03
-1.329005602747201920e-02
3.565468639135360718e-02
-1.356146391481161118e-02
3.070155158638954163e-02
