-9.881719946861267090e-02
-5.903372168540954590e-02
8.360797911882400513e-02
-4.631196707487106323e-02
-9.974990971386432648e-03
7.197988033294677734e-02
2.009009942412376404e-02
-1.153946667909622192e-01
1.072997301816940308e-01
4.558639228343963623e-02
-1.351302862167358398e-01
-5.765777453780174255e-02
1.145076528191566467e-01
-3.649120405316352844e-02
1.636616326868534088e-02
3.184824809432029724e-02
2.355620637536048889e-02
-9.434924274682998657e-02
4.484563693404197693e-02
1.193168666213750839e-02
7.582373917102813721e-02
-3.945930302143096924e-02
-1.167407818138599396e-02
-1.219063531607389450e-02
3.950318694114685059e-02
-1.199248712509870529e-02
1.226145867258310318e-02
-4.792954772710800171e-02
-1.187931299209594727e-01
-2.919346839189529419e-02
-5.337496101856231689e-02
-7.084738463163375854e-02
1.740685431286692619e-03
1.193705052137374878e-01
-1.951955258846282959e-02
-4.665592312812805176e-02
-8.308313041925430298e-02
-8.310130797326564789e-03
-4.921463783830404282e-03
1.932970620691776276e-02
-3.288516402244567871e-02
-2.125831693410873413e-02
2.734074182808399200e-02
-7.947859913110733032e-02
1.160378530621528625e-01
1.150606051087379456e-01
4.148361831903457642e-02
-1.576554775238037109e-02
-6.814367324113845825e-02
-7.464588433504104614e-02
-3.531884029507637024e-02
1.149187609553337097e-01
-1.964077726006507874e-02
5.451713129878044128e-02
7.438206672668457031e-02
-6.924497894942760468e-03
-5.908850207924842834e-02
1.808364503085613251e-02
5.072811990976333618e-02
1.555004995316267014e-02
5.552968010306358337e-02
-1.042182557284832001e-02
9.822629392147064209e-02
-1.422658860683441162e-01
4.084292333573102951e-03
-7.054827292449772358e-04
-5.368753522634506226e-02
7.015030086040496826e-02
-5.460110306739807129e-02
-5.272111296653747559e-02
3.037211298942565918e-02
-1.976470649242401123e-02
-9.695127606391906738e-03
8.172232657670974731e-02
2.128753997385501862e-02
4.619109630584716797e-02
1.978508196771144867e-02
5.436616018414497375e-02
-6.843346357345581055e-02
6.018218398094177246e-02
-6.612474471330642700e-02
2.901809290051460266e-02
1.996592991054058075e-02
-1.117283180356025696e-01
-7.590370625257492065e-02
8.350131101906299591e-03
4.067746177315711975e-02
1.100648939609527588e-01
1.329961512237787247e-02
-5.010777711868286133e-02
3.972312808036804199e-02
-6.065867491997778416e-04
-9.225247800350189209e-02
5.259405076503753662e-02
-1.110733598470687866e-01
4.108565859496593475e-03
-1.008030027151107788e-01
5.300565809011459351e-02
-1.947433874011039734e-02
-6.000241730362176895e-03
-7.985177636146545410e-02
-1.642802171409130096e-02
-1.734916307032108307e-02
1.002054568380117416e-02
-4.760334268212318420e-02
-3.050268068909645081e-02
9.024838358163833618e-02
-6.871719844639301300e-03
2.547661401331424713e-02
-1.014712452888488770e-02
-6.254050135612487793e-02
1.052486337721347809e-02
-1.998421736061573029e-02
-3.779293224215507507e-02
-9.076799452304840088e-02
-2.425575256347656250e-02
5.483838915824890137e-02
-4.423170164227485657e-02
-2.118325792253017426e-03
8.825226873159408569e-02
4.527835920453071594e-02
-4.312014579772949219e-02
-2.846813201904296875e-02
3.381297364830970764e-02
6.441123317927122116e-03
7.002872228622436523e-02
-6.207308918237686157e-02
-9.655685722827911377e-02
-6.360252946615219116e-02
-1.717412658035755157e-02
2.264020033180713654e-02
-6.326859444379806519e-02
6.540074944496154785e-02
3.150404617190361023e-02
1.316933985799551010e-02
-6.710609048604965210e-02
1.021849289536476135e-01
-3.511838242411613464e-02
-2.361959964036941528e-02
-3.205796703696250916e-02
-7.557706907391548157e-03
-6.192548573017120361e-02
6.560563296079635620e-02
8.286678045988082886e-02
6.176149845123291016e-02
1.635502092540264130e-02
-4.485659673810005188e-02
5.193877592682838440e-02
7.970611006021499634e-02
-7.504185289144515991e-02
4.243995249271392822e-02
1.000351551920175552e-02
3.628455102443695068e-02
-9.336955100297927856e-02
1.949345692992210388e-02
7.939758896827697754e-02
2.172843553125858307e-03
8.187171071767807007e-02
-6.291181594133377075e-02
1.060605123639106750e-01
2.077258378267288208e-02
-2.924566902220249176e-02
2.652508392930030823e-02
-2.244948036968708038e-02
-4.753098264336585999e-02
2.390696480870246887e-02
-2.160074934363365173e-02
8.341995999217033386e-03
2.187080122530460358e-02
-3.065989539027214050e-02
9.952979162335395813e-03
-4.491712525486946106e-02
4.227935522794723511e-02
2.977776527404785156e-02
-5.179911851882934570e-02
-4.423921555280685425e-02
-3.097538091242313385e-02
-2.265250869095325470e-02
-5.525226239114999771e-03
2.322049997746944427e-02
-4.954481869935989380e-02
9.087925776839256287e-03
3.809880837798118591e-02
-2.926997281610965729e-02
-4.008618369698524475e-02
9.392525069415569305e-03
-2.766206115484237671e-02
1.778406463563442230e-02
4.398058727383613586e-02
-5.005703493952751160e-02
-2.847008407115936279e-03
-5.067488551139831543e-02
6.956978142261505127e-02
-1.145988553762435913e-01
1.182923465967178345e-01
6.335110962390899658e-02
1.781793534755706787e-01
3.999410942196846008e-02
9.235035628080368042e-02
-1.223122328519821167e-02
-3.883009403944015503e-02
-1.233467925339937210e-02
2.768588624894618988e-02
-1.619870662689208984e-01
-1.187406200915575027e-02
-4.590358212590217590e-02
6.971339136362075806e-02
8.691259659826755524e-03
6.632530130445957184e-03
-1.858173310756683350e-02
-1.335179340094327927e-02
-4.201283678412437439e-02
7.878895848989486694e-02
-9.211393445730209351e-02
7.781165651977062225e-03
-1.894507557153701782e-02
6.258209794759750366e-02
4.210729524493217468e-02
-6.657187623204663396e-05
7.514870166778564453e-02
8.942071348428726196e-02
-1.689093746244907379e-02
-9.845176339149475098e-02
-5.134234949946403503e-02
-8.587315678596496582e-02
-1.479767560958862305e-01
6.815698742866516113e-02
2.106447145342826843e-02
7.764035370200872421e-03
1.710925064980983734e-02
-2.165620625019073486e-01
9.226244688034057617e-02
-1.735657602548599243e-01
-3.023406304419040680e-02
4.300635308027267456e-02
6.254852563142776489e-02
-2.002786248922348022e-01
-4.746358841657638550e-02
-1.769102178514003754e-02
4.578497260808944702e-02
-1.017282810062170029e-02
6.526175886392593384e-02
1.435408294200897217e-01
-1.178915798664093018e-01
-6.552839279174804688e-02
-1.178419217467308044e-02
-2.252211049199104309e-02
6.764607131481170654e-02
-5.884740874171257019e-02
1.124552711844444275e-01
