-3.414372727274894714e-02
-1.185798551887273788e-02
-4.693877324461936951e-02
-2.110087871551513672e-02
1.182760670781135559e-01
2.706546336412429810e-02
9.223746508359909058e-02
1.017730310559272766e-02
5.852458998560905457e-02
-4.494654387235641479e-02
2.253166213631629944e-02
1.445455569773912430e-02
-4.610837250947952271e-02
-4.717429727315902710e-02
6.820465624332427979e-02
-7.163000106811523438e-02
6.684844195842742920e-02
-1.410638168454170227e-02
-2.745882235467433929e-02
6.029760837554931641e-02
-1.523905061185359955e-02
1.147496476769447327e-01
-1.274736505001783371e-02
1.590947969816625118e-03
-1.593033410608768463e-02
2.419278398156166077e-02
-6.093207374215126038e-02
1.334465146064758301e-01
-6.264937669038772583e-02
8.571075648069381714e-02
-5.970841273665428162e-03
-1.238570958375930786e-01
2.322668675333261490e-03
3.271066024899482727e-02
6.359466351568698883e-03
3.348038299009203911e-03
-7.058485597372055054e-02
8.076532930135726929e-02
-1.148459985852241516e-01
7.056611776351928711e-02
-4.645098373293876648e-02
-7.840772159397602081e-03
-5.049774795770645142e-02
-7.483126968145370483e-02
6.146943196654319763e-02
1.380803138017654419e-01
1.469166576862335205e-01
-2.612990885972976685e-02
-4.749887064099311829e-02
2.548437751829624176e-02
-1.399311516433954239e-02
1.643910706043243408e-01
2.209772169589996338e-02
1.185688897967338562e-01
8.365241438150405884e-02
-6.232555210590362549e-02
1.987247541546821594e-02
3.688809648156166077e-02
9.666131809353828430e-03
-8.270774781703948975e-02
-4.375385120511054993e-02
-7.548213750123977661e-02
8.504723757505416870e-02
-1.358719319105148315e-01
-4.831218719482421875e-02
1.034135743975639343e-02
6.910565495491027832e-02
2.489163167774677277e-02
4.122129827737808228e-02
-6.710290908813476562e-02
9.778445959091186523e-02
-3.841993212699890137e-02
-2.732590213418006897e-02
-2.624396048486232758e-02
-1.504384074360132217e-02
-4.585780203342437744e-02
-1.364124193787574768e-02
5.838287249207496643e-02
-4.010389000177383423e-02
4.253986105322837830e-02
-7.648255676031112671e-02
4.215838015079498291e-02
2.992566674947738647e-02
-8.423360437154769897e-02
-5.117262154817581177e-02
2.988908812403678894e-02
-4.287862405180931091e-02
-4.197474196553230286e-02
6.527950614690780640e-02
-1.169538423418998718e-01
-7.071523927152156830e-03
9.210750460624694824e-02
5.812520161271095276e-02
1.149279773235321045e-01
-1.095181182026863098e-01
2.979282289743423462e-02
-5.194360390305519104e-02
-3.276164084672927856e-02
7.673134654760360718e-02
4.962033405900001526e-02
-5.558240413665771484e-02
-4.495362937450408936e-02
-2.128297090530395508e-02
7.044000923633575439e-02
7.992709428071975708e-02
9.285692870616912842e-02
3.732241690158843994e-02
4.585456568747758865e-03
6.297027319669723511e-02
3.501669317483901978e-02
-1.591097116470336914e-01
-1.782010681927204132e-02
-8.709516376256942749e-02
-5.281386896967887878e-02
-3.484867513179779053e-02
-4.460927844047546387e-02
1.056386064738035202e-02
-3.927515354007482529e-03
-3.898641839623451233e-02
2.116619795560836792e-02
2.117288997396826744e-03
-8.817680925130844116e-02
-9.446485899388790131e-03
-5.114303785376250744e-04
1.471793744713068008e-02
3.471405804157257080e-02
2.354316972196102142e-02
-3.478711098432540894e-02
8.285026252269744873e-02
-8.660850673913955688e-02
4.975083842873573303e-02
-1.827250719070434570e-01
3.813638910651206970e-02
-5.769074894487857819e-03
9.933731704950332642e-02
7.894930429756641388e-03
1.086388994008302689e-02
4.045465216040611267e-02
5.574723705649375916e-02
8.241292834281921387e-02
-1.504366472363471985e-02
-2.316048368811607361e-02
-6.475321948528289795e-03
1.673271879553794861e-02
1.172776333987712860e-02
1.643724367022514343e-02
5.409639701247215271e-02
1.749092489480972290e-01
-5.139464512467384338e-02
-9.881135076284408569e-03
-4.735938459634780884e-02
1.151468418538570404e-02
-4.390619695186614990e-02
-4.576586559414863586e-02
4.460830241441726685e-02
7.967574149370193481e-02
1.045068353414535522e-01
3.727442398667335510e-02
-1.062793936580419540e-02
7.004509866237640381e-02
9.327962249517440796e-02
-1.247348356992006302e-02
-5.263486877083778381e-03
1.873056031763553619e-02
-2.395239286124706268e-02
7.641962729394435883e-03
-5.173813551664352417e-02
-4.864470660686492920e-02
4.875751584768295288e-02
-4.502787441015243530e-02
1.078227385878562927e-01
2.518141828477382660e-02
2.913441881537437439e-02
4.124832153320312500e-02
-5.410917475819587708e-02
5.776394903659820557e-02
-2.430689148604869843e-02
-3.564336150884628296e-02
-1.053967163898050785e-03
4.045038670301437378e-02
6.797110289335250854e-02
-1.014230996370315552e-01
-6.074936687946319580e-02
-4.278977215290069580e-02
-1.438159495592117310e-02
-4.686596989631652832e-02
-7.684126496315002441e-02
-1.949544996023178101e-02
5.587366595864295959e-02
-9.201477468013763428e-02
-8.700512349605560303e-02
-2.681896463036537170e-02
6.033077370375394821e-03
-5.309004336595535278e-02
1.479122508317232132e-02
3.156325221061706543e-02
1.261078417301177979e-01
5.144716799259185791e-02
-5.617623683065176010e-03
-7.417046930640935898e-03
1.050041988492012024e-02
-1.424914449453353882e-01
5.488296970725059509e-02
-2.604148536920547485e-02
1.700475998222827911e-02
-1.594281941652297974e-01
4.475532472133636475e-02
-5.558681674301624298e-03
-1.258881669491529465e-02
-1.626117341220378876e-02
-1.619709841907024384e-02
2.892270497977733612e-02
3.102211095392704010e-02
-8.487481623888015747e-02
-1.997622661292552948e-02
-6.243168842047452927e-03
-4.264355823397636414e-02
-4.050905699841678143e-04
-7.330965250730514526e-02
7.378713786602020264e-02
8.372099697589874268e-02
7.228235900402069092e-02
-8.260580152273178101e-02
2.748680114746093750e-02
1.925474405288696289e-02
-2.446580678224563599e-02
-3.277326747775077820e-02
-4.821620881557464600e-02
-2.687959186732769012e-02
9.023447334766387939e-02
-1.645780913531780243e-02
1.832504943013191223e-02
-8.961993455886840820e-02
-6.875328719615936279e-03
3.650450706481933594e-02
3.549050912261009216e-02
-1.817652955651283264e-02
-4.691143333911895752e-02
1.646621339023113251e-02
6.462531536817550659e-02
-1.603758893907070160e-02
1.187448352575302124e-01
1.728408783674240112e-01
-1.181276738643646240e-01
-7.317603100091218948e-03
-4.531212151050567627e-02
-2.876416593790054321e-02
1.681582778692245483e-01
-4.722764715552330017e-02
9.775881469249725342e-02
