-9.045221656560897827e-02
-5.642334744334220886e-02
7.934978604316711426e-02
-3.234267607331275940e-02
-5.320060253143310547e-02
1.171012371778488159e-01
6.049671396613121033e-02
-1.201830804347991943e-01
1.318669319152832031e-01
7.816898077726364136e-02
-9.578189253807067871e-02
-5.655577778816223145e-02
1.015840917825698853e-01
-2.357556484639644623e-03
-5.063692852854728699e-02
4.811763763427734375e-02
5.963585805147886276e-03
-7.805833220481872559e-02
-2.962812222540378571e-02
1.009408608078956604e-01
6.809164583683013916e-02
3.837852180004119873e-02
-2.424985170364379883e-02
-3.225724399089813232e-02
2.611230127513408661e-02
-2.445811219513416290e-02
3.753487765789031982e-02
-9.428074955940246582e-02
-1.778827905654907227e-01
-4.096690937876701355e-02
-5.133592337369918823e-02
-7.174611836671829224e-02
5.187080428004264832e-02
1.111348047852516174e-01
1.774076558649539948e-02
-3.692176938056945801e-02
-3.647035732865333557e-02
-2.022892422974109650e-02
-1.215125247836112976e-02
-1.547700446099042892e-02
3.937433008104562759e-03
-4.015590995550155640e-02
1.938710920512676239e-02
-6.508070975542068481e-02
7.227148860692977905e-02
1.080322936177253723e-01
3.790978342294692993e-02
3.480510495137423277e-04
-1.073469370603561401e-01
-5.918275564908981323e-02
-3.948494046926498413e-02
1.487493962049484253e-01
-1.764247193932533264e-02
5.142351612448692322e-02
1.122406646609306335e-01
-2.967467764392495155e-03
-3.558080270886421204e-02
-1.085017994046211243e-02
2.665981277823448181e-02
8.014595950953662395e-04
3.087632358074188232e-02
4.295266792178153992e-02
6.408330053091049194e-02
-1.493249535560607910e-01
-5.490183364599943161e-03
-1.057708822190761566e-02
-4.456555843353271484e-02
8.171617984771728516e-02
-6.756144016981124878e-02
4.942826926708221436e-02
-5.370399355888366699e-02
-6.444273889064788818e-02
-5.921441130340099335e-03
7.969258725643157959e-02
4.334188997745513916e-02
-3.001125901937484741e-02
2.916404977440834045e-02
2.328612655401229858e-02
-7.548367977142333984e-02
4.170200601220130920e-02
-5.903355777263641357e-02
4.697166755795478821e-02
4.986712709069252014e-02
-8.846758306026458740e-02
-5.898589640855789185e-02
-1.882506906986236572e-02
4.490287229418754578e-02
7.620489597320556641e-02
-4.070997610688209534e-02
-1.671170815825462341e-02
2.636683918535709381e-02
2.861344953998923302e-03
-7.616795599460601807e-02
5.258223041892051697e-02
-1.147076413035392761e-01
-7.267893292009830475e-03
-6.565401703119277954e-02
4.050226509571075439e-02
-5.712235718965530396e-02
-1.720628887414932251e-02
-6.578774750232696533e-02
-2.867969684302806854e-02
4.870021075475960970e-04
4.947802424430847168e-02
-4.104066267609596252e-02
-4.954055696725845337e-02
5.330952629446983337e-02
1.858993666246533394e-03
-9.758385713212192059e-04
1.392751652747392654e-02
-7.906493544578552246e-02
4.538668319582939148e-02
-5.542571470141410828e-02
-5.171880125999450684e-02
-1.014683246612548828e-01
-3.357115760445594788e-02
6.518424302339553833e-02
-9.460609406232833862e-02
9.134166175499558449e-04
8.733358234167098999e-02
5.134043842554092407e-02
-6.980583816766738892e-02
-1.351723354309797287e-02
-4.905168712139129639e-02
7.798007130622863770e-02
6.053483858704566956e-02
-1.497075799852609634e-02
-9.265653043985366821e-02
-5.687044560909271240e-02
-3.470437228679656982e-02
3.911282867193222046e-02
-7.249645143747329712e-02
7.355929166078567505e-02
6.363548338413238525e-02
-3.524415567517280579e-02
-5.572292953729629517e-02
1.522517949342727661e-01
-9.481577575206756592e-02
-4.470747429877519608e-03
-2.374938875436782837e-02
-9.030395303852856159e-04
-2.675683423876762390e-02
5.593406781554222107e-02
4.895221069455146790e-02
2.376001141965389252e-02
5.509250331670045853e-03
1.219327375292778015e-02
8.962880074977874756e-02
5.328628793358802795e-02
-2.945265732705593109e-02
8.530881255865097046e-02
-3.793437778949737549e-02
2.739264443516731262e-02
-6.971069425344467163e-02
-1.573822111822664738e-03
7.010269910097122192e-02
4.023158922791481018e-02
4.581528902053833008e-02
-8.600122481584548950e-02
1.066261976957321167e-01
6.766987591981887817e-02
3.828652203083038330e-03
-5.411685444414615631e-03
2.687927801162004471e-03
-4.766263440251350403e-02
1.507988106459379196e-02
1.722728274762630463e-02
-4.163876920938491821e-02
4.512189328670501709e-02
-4.181949421763420105e-02
5.995486676692962646e-02
-2.272431366145610809e-02
6.295117735862731934e-02
4.094396531581878662e-02
-1.076009199023246765e-01
3.235036972910165787e-03
-3.718145936727523804e-02
3.255540505051612854e-02
2.057862281799316406e-02
-3.397499769926071167e-02
-2.816993044689297676e-03
-1.271968521177768707e-02
1.838714815676212311e-02
-6.811686605215072632e-02
-2.005458250641822815e-02
1.183083001524209976e-02
1.621166430413722992e-02
-2.203329466283321381e-02
4.025594517588615417e-02
-7.874696701765060425e-02
-2.937798015773296356e-02
-2.487708069384098053e-02
5.804293975234031677e-02
-1.158755570650100708e-01
9.794385731220245361e-02
6.859402358531951904e-02
1.384457647800445557e-01
3.797734156250953674e-02
9.507795423269271851e-02
-4.323243722319602966e-02
-2.532312832772731781e-02
-1.318010129034519196e-02
7.399807684123516083e-03
-1.118979379534721375e-01
-1.937578432261943817e-02
1.595837250351905823e-02
3.087686933577060699e-02
2.555154450237751007e-02
-1.673620939254760742e-02
-1.169333979487419128e-02
-1.108961924910545349e-02
-2.636229433119297028e-02
6.229843571782112122e-02
-3.016492910683155060e-02
-5.272560287266969681e-03
4.273592308163642883e-02
-1.454709377139806747e-02
2.324603870511054993e-02
4.655500501394271851e-02
8.693965524435043335e-02
7.250458747148513794e-02
1.434065215289592743e-02
-4.068715125322341919e-02
-8.787323720753192902e-03
-7.109682261943817139e-02
-1.306915581226348877e-01
8.163509517908096313e-02
-4.085861612111330032e-03
1.376932300627231598e-02
-1.938893838087096810e-04
-1.406920850276947021e-01
7.018625736236572266e-02
-1.841334551572799683e-01
-5.094550549983978271e-02
4.783129319548606873e-02
1.291795969009399414e-01
-1.591900885105133057e-01
-7.151689380407333374e-02
-1.488205045461654663e-02
7.964213378727436066e-03
3.481317311525344849e-02
1.601763218641281128e-01
1.243458464741706848e-01
-1.111448034644126892e-01
-6.428233534097671509e-02
-1.959525607526302338e-02
-3.644759207963943481e-02
1.020432859659194946e-01
-9.311515837907791138e-03
9.872559458017349243e-02
