-1.016178131103515625e-01
-5.106756836175918579e-02
4.900668933987617493e-02
-2.152754552662372589e-02
-5.353375896811485291e-02
5.048060044646263123e-02
4.556206241250038147e-02
-9.716071933507919312e-02
7.864972203969955444e-02
4.043324664235115051e-02
-8.014338463544845581e-02
-6.699189543724060059e-02
9.658761322498321533e-02
-2.313826698809862137e-03
3.728709649294614792e-03
-4.850093275308609009e-03
4.689815267920494080e-02
-5.428542196750640869e-02
-1.634781435132026672e-02
7.024986296892166138e-02
5.910754948854446411e-02
-5.256483331322669983e-03
-1.404459867626428604e-02
1.730509847402572632e-02
4.550264030694961548e-02
-8.821857161819934845e-03
-8.111701346933841705e-03
-2.183108590543270111e-02
-1.308578401803970337e-01
-3.406876465305685997e-03
-1.744564250111579895e-02
-8.525348454713821411e-02
-7.786146830767393112e-03
9.877808392047882080e-02
1.037145406007766724e-02
-1.812550053000450134e-02
-1.157682314515113831e-01
8.924364112317562103e-03
-2.354029711568728089e-04
4.826553165912628174e-02
-1.923860795795917511e-02
-3.990932554006576538e-02
1.382952556014060974e-02
-8.342204242944717407e-02
1.603465676307678223e-01
1.054171845316886902e-01
6.993769109249114990e-02
-6.017945706844329834e-03
-1.087114512920379639e-01
-1.075558885931968689e-01
-8.797746896743774414e-02
1.509785205125808716e-01
-5.393583327531814575e-02
9.899925440549850464e-02
1.012881845235824585e-01
-5.156948417425155640e-02
-3.813080117106437683e-02
-2.472841006238013506e-04
3.295715525746345520e-02
-1.125851459801197052e-02
6.628875434398651123e-02
-2.159488573670387268e-02
9.596199542284011841e-02
-1.514148116111755371e-01
-5.853998009115457535e-03
-2.437643473967909813e-03
-3.647779300808906555e-02
6.778421252965927124e-02
-2.858692593872547150e-02
-1.754099130630493164e-02
3.813724219799041748e-02
-2.163153700530529022e-02
-5.028667673468589783e-02
6.800437718629837036e-02
1.398020423948764801e-02
-3.674148395657539368e-02
2.316691726446151733e-02
6.612823158502578735e-02
-9.387601166963577271e-02
7.584077119827270508e-02
-8.543730527162551880e-02
1.265022996813058853e-02
2.148576639592647552e-02
-1.444279998540878296e-01
-7.304283976554870605e-02
-2.516463026404380798e-02
5.520552769303321838e-02
9.511093050241470337e-02
-1.211306825280189514e-02
-4.341599345207214355e-02
1.904585398733615875e-02
2.630513906478881836e-02
-9.565898030996322632e-02
9.721486270427703857e-02
-1.357969194650650024e-01
-4.560285015031695366e-04
-7.792109251022338867e-02
3.942566923797130585e-03
7.669999264180660248e-03
-7.273326627910137177e-03
-5.391874536871910095e-02
-4.326759278774261475e-02
-3.253478556871414185e-02
6.627310998737812042e-03
-2.197863161563873291e-02
-4.458649456501007080e-02
8.982809633016586304e-02
-5.247242515906691551e-04
7.202403992414474487e-02
-2.014555782079696655e-02
-7.918895781040191650e-02
3.541382774710655212e-02
-3.304214403033256531e-02
-3.641434013843536377e-02
-8.357639610767364502e-02
-1.847212761640548706e-02
1.092786155641078949e-02
-8.041869103908538818e-02
-1.260170992463827133e-02
8.142518252134323120e-02
3.884319961071014404e-02
-5.529038980603218079e-02
-9.192586876451969147e-03
-6.647543981671333313e-03
3.021817840635776520e-02
5.294763296842575073e-02
-2.465811185538768768e-02
-1.094284281134605408e-01
-5.457977578043937683e-02
-4.067974537611007690e-02
4.628514498472213745e-02
-9.680369496345520020e-02
3.710715845227241516e-02
9.128236211836338043e-03
5.198218394070863724e-03
-5.674536898732185364e-02
8.470261096954345703e-02
-6.531020998954772949e-02
-2.267698571085929871e-02
-2.379908459261059761e-03
-2.850670367479324341e-02
-2.420087158679962158e-02
4.722466692328453064e-02
5.100682750344276428e-02
5.044004321098327637e-02
9.438483975827693939e-03
-3.194418177008628845e-02
6.043005362153053284e-02
4.191311076283454895e-02
-5.091187357902526855e-02
6.461179256439208984e-02
-3.839252516627311707e-02
-1.995205879211425781e-03
-9.961136430501937866e-02
3.054793924093246460e-02
5.858109146356582642e-02
2.557121776044368744e-02
7.887214422225952148e-02
-5.148044228553771973e-02
7.538150250911712646e-02
2.482912503182888031e-02
-4.014251288026571274e-03
4.886807873845100403e-02
1.566794514656066895e-02
-6.268100440502166748e-02
4.671368375420570374e-02
-2.995852008461952209e-02
-2.872470766305923462e-02
3.548325598239898682e-02
-8.776127547025680542e-02
7.174910604953765869e-02
-4.972135275602340698e-02
7.335364073514938354e-02
5.174177885055541992e-02
-6.918665021657943726e-02
-1.855818368494510651e-02
-9.227995178662240505e-04
-4.766430705785751343e-02
-3.173463279381394386e-03
1.207450684159994125e-02
-1.258627418428659439e-02
-1.029040012508630753e-02
4.267606884241104126e-02
-4.839960858225822449e-02
-3.929970040917396545e-02
1.803484931588172913e-02
-6.019403040409088135e-02
-2.946613356471061707e-02
5.062774941325187683e-02
-7.011543214321136475e-02
-9.485193528234958649e-03
-5.198284238576889038e-02
4.856767132878303528e-02
-1.350929439067840576e-01
1.001069471240043640e-01
5.533098056912422180e-02
1.690261512994766235e-01
6.004406139254570007e-02
1.042333468794822693e-01
-2.645301260054111481e-02
-2.078314311802387238e-02
-1.729494333267211914e-02
4.005762562155723572e-02
-1.376754194498062134e-01
3.242604061961174011e-02
-4.520434141159057617e-02
4.707990586757659912e-02
-3.335594199597835541e-03
-1.407506596297025681e-02
-2.365717850625514984e-02
6.157965981401503086e-04
-4.448983445763587952e-02
8.598669618368148804e-02
-9.684739261865615845e-02
1.970859616994857788e-02
-8.510438725352287292e-03
5.469952151179313660e-02
6.020425632596015930e-02
-2.121721161529421806e-03
6.776958703994750977e-02
9.051213413476943970e-02
-1.102834288030862808e-02
-7.483442872762680054e-02
-2.980478107929229736e-02
-6.324374675750732422e-02
-1.363565325736999512e-01
4.615110903978347778e-02
3.806944238021969795e-03
3.968071192502975464e-03
1.735820248723030090e-02
-1.564463078975677490e-01
8.945421874523162842e-02
-1.442505717277526855e-01
-5.762115865945816040e-02
3.556227684020996094e-02
7.249089330434799194e-02
-1.426499634981155396e-01
-4.481406137347221375e-02
-3.449771553277969360e-03
5.491154268383979797e-02
-4.830196558032184839e-04
8.505312353372573853e-02
1.714036613702774048e-01
-1.151097342371940613e-01
-9.350597113370895386e-02
9.879690594971179962e-03
-2.337323874235153198e-02
1.152245700359344482e-01
-5.862443521618843079e-02
8.650422096252441406e-02
