-8.345326036214828491e-02
-6.139216199517250061e-02
3.700938820838928223e-02
-2.708505094051361084e-02
5.811579897999763489e-02
-4.471497959457337856e-04
-3.369545936584472656e-02
-2.846324071288108826e-02
3.892558068037033081e-02
4.009475931525230408e-03
-1.001663058996200562e-01
-2.451571449637413025e-02
4.792112857103347778e-02
-5.448125675320625305e-02
2.181430160999298096e-02
5.219320580363273621e-02
4.079497978091239929e-02
-7.718010991811752319e-02
3.682612627744674683e-02
1.948686316609382629e-02
7.555463910102844238e-02
1.928375847637653351e-02
2.166309859603643417e-03
-1.041206717491149902e-02
9.518340229988098145e-03
-2.181075885891914368e-02
-7.990977726876735687e-03
4.605325311422348022e-02
-1.545389145612716675e-01
3.995210304856300354e-02
-5.098892375826835632e-02
-1.175797507166862488e-01
1.558190118521451950e-02
9.705744683742523193e-02
-1.647751405835151672e-02
-2.006065286695957184e-02
-1.111755371093750000e-01
4.985343664884567261e-02
-5.137625336647033691e-02
4.295090958476066589e-02
-5.132769793272018433e-02
-7.918310165405273438e-02
3.112687170505523682e-02
-9.851352870464324951e-02
6.788954138755798340e-02
1.305731683969497681e-01
9.098191559314727783e-02
-1.216515316627919674e-03
-8.199006319046020508e-02
-6.048831716179847717e-02
-1.210509333759546280e-02
1.928167492151260376e-01
-1.885806769132614136e-02
9.502078592777252197e-02
7.771684229373931885e-02
-5.924025923013687134e-02
-2.109425887465476990e-02
5.567927658557891846e-02
6.257801502943038940e-02
-6.316135823726654053e-02
-4.920374136418104172e-03
-5.649763718247413635e-02
7.107196003198623657e-02
-1.396926045417785645e-01
2.880242653191089630e-03
4.153771442361176014e-04
1.777602592483162880e-03
3.944036364555358887e-02
4.538113623857498169e-02
-9.313937276601791382e-02
8.852194994688034058e-02
-3.366670012474060059e-02
7.870411500334739685e-03
5.736950412392616272e-02
2.839033119380474091e-02
-2.356140501797199249e-02
1.049636746756732464e-03
5.317826569080352783e-02
-4.161442071199417114e-02
8.438988029956817627e-02
-9.009499102830886841e-02
1.141921617090702057e-02
3.912606090307235718e-02
-1.303950101137161255e-01
-9.382732957601547241e-02
2.063181251287460327e-02
1.387085113674402237e-02
9.891223162412643433e-02
4.403867572546005249e-02
-6.382799148559570312e-02
4.914272204041481018e-02
5.550536140799522400e-02
-6.070695817470550537e-02
8.179541677236557007e-02
-1.124699860811233521e-01
-3.330768644809722900e-02
-8.604218810796737671e-02
5.146946012973785400e-02
4.104916006326675415e-02
1.714414916932582855e-02
-1.023866757750511169e-01
-3.858724981546401978e-02
-8.559196442365646362e-02
4.458338394761085510e-02
1.779718324542045593e-02
-1.513014640659093857e-02
7.301110774278640747e-02
6.749602966010570526e-03
1.411740854382514954e-02
-4.612320102751255035e-03
-6.969983875751495361e-02
1.319455448538064957e-02
-5.682110413908958435e-02
-2.330607268959283829e-03
-5.085512250661849976e-02
-6.352715939283370972e-02
6.050698831677436829e-02
9.507349692285060883e-03
-9.842734783887863159e-03
7.547696679830551147e-02
1.410811021924018860e-02
-5.410361662507057190e-02
-9.867881238460540771e-02
4.701290652155876160e-02
-1.439975108951330185e-02
7.154975086450576782e-02
1.582266122568398714e-05
-9.735061973333358765e-02
3.722195699810981750e-02
-2.703859470784664154e-02
-4.175014793872833252e-02
-4.397328197956085205e-02
4.831532761454582214e-02
-3.717283543664962053e-04
7.760486751794815063e-02
-6.397391855716705322e-02
2.795897051692008972e-02
7.192951440811157227e-02
2.551737613976001740e-02
5.492496117949485779e-02
6.986432522535324097e-02
-4.967815056443214417e-02
5.312325060367584229e-02
5.597259104251861572e-02
6.905355304479598999e-02
-1.072924770414829254e-02
2.470937091857194901e-03
1.392087489366531372e-01
6.507673114538192749e-02
-3.527070954442024231e-02
-2.177237160503864288e-02
2.651227638125419617e-02
9.168378077447414398e-03
-6.459469348192214966e-02
1.921673864126205444e-02
1.182797029614448547e-01
2.117309719324111938e-02
-1.493204385042190552e-02
-3.370851650834083557e-02
1.172756254673004150e-01
7.433311641216278076e-02
-4.416548460721969604e-02
6.312202662229537964e-02
5.163277382962405682e-04
1.391722937114536762e-03
3.176347911357879639e-02
-3.096787817776203156e-02
-5.411363206803798676e-03
5.456811934709548950e-02
-2.462546154856681824e-02
3.583778440952301025e-02
-5.787068605422973633e-02
2.507754974067211151e-02
2.134937047958374023e-02
-5.530199781060218811e-02
-3.381545469164848328e-02
-7.727370411157608032e-02
-1.212617196142673492e-02
-3.004760667681694031e-02
6.452876329421997070e-02
1.114202849566936493e-02
-4.260674118995666504e-02
4.442091286182403564e-02
-4.640939459204673767e-02
-1.025428343564271927e-02
6.845093797892332077e-03
1.978790014982223511e-02
2.103971131145954132e-02
3.581476956605911255e-02
-5.822193250060081482e-02
1.676023565232753754e-02
-2.322271838784217834e-02
3.062568046152591705e-02
-1.203956156969070435e-01
1.084662452340126038e-01
4.159289970993995667e-02
1.592808961868286133e-01
7.190455496311187744e-02
2.117426693439483643e-02
2.586744353175163269e-02
2.578848740085959435e-03
-3.098972886800765991e-02
4.000456631183624268e-02
-1.076784878969192505e-01
-4.928762465715408325e-02
-7.787088304758071899e-02
5.885324254631996155e-02
3.053191863000392914e-02
1.599208079278469086e-02
-1.347078010439872742e-02
3.991743549704551697e-02
1.697106845676898956e-02
5.930776521563529968e-02
-7.476677745580673218e-02
1.499376725405454636e-02
4.322261083871126175e-03
3.142766281962394714e-02
-4.023081064224243164e-02
-4.184657335281372070e-02
6.236683949828147888e-02
6.604471057653427124e-02
4.361769184470176697e-02
-9.827715158462524414e-02
-3.482311964035034180e-02
-3.753922879695892334e-02
-1.514642238616943359e-01
2.655726671218872070e-02
-6.106317974627017975e-03
-1.602079719305038452e-02
2.924183011054992676e-02
-9.504951536655426025e-02
9.954393841326236725e-03
-1.039727926254272461e-01
-1.234499923884868622e-02
-2.388626709580421448e-02
2.150163985788822174e-02
-9.077717363834381104e-02
-3.392517194151878357e-02
3.126022592186927795e-02
7.272535562515258789e-02
-1.302555669099092484e-02
2.314748428761959076e-02
2.291192114353179932e-01
-1.603703945875167847e-01
-9.749923646450042725e-02
-6.857892870903015137e-02
-3.947772085666656494e-03
1.221485212445259094e-01
-8.924157172441482544e-02
2.054407000541687012e-01
