-5.241299048066139221e-02
-1.378143485635519028e-02
-1.683402992784976959e-02
1.430394686758518219e-02
5.740909650921821594e-02
-5.029811058193445206e-03
4.085686802864074707e-02
-2.264732681214809418e-02
9.206882864236831665e-02
4.621546342968940735e-02
-2.107810974121093750e-02
-3.353202715516090393e-02
2.558822371065616608e-02
2.607063017785549164e-02
3.436382859945297241e-02
-1.222239062190055847e-02
2.439190261065959930e-02
-5.512915179133415222e-02
1.578556001186370850e-02
1.610043644905090332e-02
5.063579976558685303e-02
3.514328971505165100e-03
-3.501629829406738281e-02
-5.674300715327262878e-03
-4.146464169025421143e-03
-8.163647726178169250e-03
7.575692608952522278e-03
4.378281906247138977e-02
-8.891177922487258911e-02
5.088389292359352112e-02
-5.090070888400077820e-02
-8.804305642843246460e-02
1.269045937806367874e-02
1.010834872722625732e-01
-4.789582267403602600e-02
-6.043424829840660095e-02
-9.749414771795272827e-02
4.441579431295394897e-02
-7.267682254314422607e-02
3.588967770338058472e-02
-6.163910031318664551e-03
-3.416364639997482300e-02
-2.558448351919651031e-02
-1.078493297100067139e-01
1.330456435680389404e-01
1.623758822679519653e-01
1.056545674800872803e-01
2.328610420227050781e-02
-6.283403187990188599e-02
-3.283222392201423645e-02
-5.221438780426979065e-02
1.834172904491424561e-01
-1.275048684328794479e-02
1.264590173959732056e-01
1.122487783432006836e-01
-6.253368407487869263e-02
-7.890409789979457855e-03
4.991004243493080139e-02
6.161928921937942505e-02
-8.280650526285171509e-02
2.669479511678218842e-02
-7.955809682607650757e-02
1.481180638074874878e-01
-1.407233178615570068e-01
1.348878908902406693e-02
6.770383566617965698e-02
-5.399947613477706909e-02
5.818358808755874634e-02
-1.708958484232425690e-02
-8.590238541364669800e-02
1.030655577778816223e-01
-3.804671019315719604e-02
-1.253584958612918854e-02
7.333661615848541260e-02
2.068928070366382599e-02
5.215308163315057755e-03
8.448856533505022526e-04
5.944424495100975037e-02
-6.406557559967041016e-02
1.079770401120185852e-01
-6.118306517601013184e-02
1.388626545667648315e-02
1.986172609031200409e-02
-9.826432913541793823e-02
-6.942768394947052002e-02
1.836026459932327271e-02
-3.601094475015997887e-03
4.893194511532783508e-02
6.490568816661834717e-02
-9.819065034389495850e-02
-8.850439451634883881e-03
6.352049857378005981e-02
-5.745777487754821777e-02
9.816350042819976807e-02
-5.636588856577873230e-02
-2.797929942607879639e-02
-9.409103542566299438e-02
4.735234752297401428e-02
-3.170205978676676750e-03
-1.673979312181472778e-02
-7.008110731840133667e-02
-9.645909070968627930e-03
-3.907785192131996155e-02
4.189308360219001770e-02
-2.149289473891258240e-02
8.284224313683807850e-04
6.387193500995635986e-02
2.788679115474224091e-02
5.982715636491775513e-02
-1.760691590607166290e-02
-9.887699037790298462e-02
3.014540858566761017e-02
-5.576094239950180054e-02
-7.278113812208175659e-02
-8.520970493555068970e-02
-8.419803529977798462e-02
3.641278296709060669e-02
2.414362318813800812e-02
1.461213268339633942e-02
5.086750537157058716e-02
3.827996179461479187e-02
-5.959146469831466675e-02
-6.060841958969831467e-03
2.590104565024375916e-02
-1.320586632937192917e-02
6.071441248059272766e-02
-2.608579955995082855e-02
-8.136430382728576660e-02
3.030599653720855713e-02
-1.918193511664867401e-02
-3.273611143231391907e-02
-8.362527936697006226e-02
2.791096456348896027e-02
2.148058079183101654e-02
5.368995666503906250e-02
-7.654190529137849808e-03
2.114494796842336655e-03
3.140789642930030823e-02
4.281082190573215485e-03
7.622609287500381470e-02
-4.868317861109972000e-03
-5.895326659083366394e-02
6.478705257177352905e-02
2.169543318450450897e-02
7.157570868730545044e-02
1.435125991702079773e-02
3.092156257480382919e-03
9.242564439773559570e-02
2.338385954499244690e-02
-1.587508805096149445e-02
-1.964044198393821716e-02
2.674231491982936859e-02
-6.292642652988433838e-02
-1.046021804213523865e-01
2.655187621712684631e-02
1.019317433238029480e-01
2.304426766932010651e-02
4.658394306898117065e-02
-3.145134076476097107e-02
1.063504666090011597e-01
1.638768054544925690e-02
-3.063096664845943451e-02
5.153663456439971924e-02
1.914758421480655670e-02
-2.358370088040828705e-02
5.650022067129611969e-03
-5.357542634010314941e-02
-2.773737162351608276e-02
4.672250896692276001e-02
-4.149773344397544861e-02
4.370290413498878479e-02
-2.612520940601825714e-02
1.039713341742753983e-02
6.580855697393417358e-02
-2.291163988411426544e-02
-1.935298554599285126e-02
-5.072524398565292358e-02
7.335738278925418854e-03
-1.850660704076290131e-02
5.592203512787818909e-02
1.102635078132152557e-02
-5.361993610858917236e-02
-1.246067322790622711e-02
-4.044888168573379517e-02
-3.299081698060035706e-02
-7.674743887037038803e-03
-5.099276453256607056e-02
-3.141049668192863464e-02
4.565260931849479675e-02
-2.858492545783519745e-02
-4.644148796796798706e-02
-8.976202458143234253e-03
2.722204662859439850e-02
-1.216757744550704956e-01
1.053936183452606201e-01
6.751909106969833374e-02
1.671587228775024414e-01
4.713158309459686279e-02
2.474450692534446716e-02
-6.147582456469535828e-02
1.412343815900385380e-03
-2.829085290431976318e-02
3.274440020322799683e-02
-1.205760836601257324e-01
-1.239720918238162994e-02
-6.354945152997970581e-02
3.637841343879699707e-02
3.666099533438682556e-02
2.321957796812057495e-02
2.578557934612035751e-03
3.402780741453170776e-02
5.574976559728384018e-03
2.328914776444435120e-02
-8.933243900537490845e-02
3.169768676161766052e-02
-7.490107323974370956e-03
4.724638909101486206e-02
8.428747765719890594e-03
5.331889260560274124e-03
8.099566400051116943e-02
1.100343093276023865e-01
-7.173331454396247864e-03
-1.106887683272361755e-01
-3.351137414574623108e-02
-4.016799107193946838e-02
-1.353221088647842407e-01
-4.183668177574872971e-03
-1.597425527870655060e-02
-1.839674636721611023e-02
5.922445654869079590e-02
-8.690556883811950684e-02
7.169410586357116699e-02
-1.030627414584159851e-01
1.116827130317687988e-03
3.057202883064746857e-02
4.682948812842369080e-02
-1.087808534502983093e-01
-4.590591415762901306e-02
-2.079402841627597809e-02
7.648675888776779175e-02
-2.947940491139888763e-02
8.722332864999771118e-02
2.508392632007598877e-01
-1.254606246948242188e-01
-1.387325972318649292e-01
-2.277870662510395050e-02
-4.139476269483566284e-02
1.667210757732391357e-01
-8.705376833677291870e-02
1.827580481767654419e-01
