-1.344612389802932739e-01
-5.588427186012268066e-02
3.389568009879440069e-04
-1.460038498044013977e-02
1.017463300377130508e-02
4.966116696596145630e-02
6.502844393253326416e-02
-1.101030111312866211e-01
1.138673722743988037e-01
3.254480287432670593e-02
-7.842855900526046753e-02
-2.974921278655529022e-02
7.090134918689727783e-02
-1.696284394711256027e-03
1.286709774285554886e-02
-5.880247429013252258e-02
4.543593525886535645e-02
-5.454387515783309937e-02
-2.911320514976978302e-02
1.037577614188194275e-01
5.811543762683868408e-02
5.562047660350799561e-02
-1.764656789600849152e-02
2.270664274692535400e-02
2.596793323755264282e-02
1.374071184545755386e-02
-5.133637040853500366e-02
3.153211250901222229e-02
-9.566642343997955322e-02
2.876025810837745667e-02
-2.077108435332775116e-02
-9.485988318920135498e-02
3.731458261609077454e-02
6.864269077777862549e-02
2.132228808477520943e-03
-3.450133651494979858e-02
-1.188312396407127380e-01
4.597106203436851501e-02
-6.527569144964218140e-02
5.581364780664443970e-02
-5.174955725669860840e-02
-2.657471224665641785e-02
-1.483998633921146393e-02
-8.520566672086715698e-02
1.515338420867919922e-01
1.503416150808334351e-01
1.070808097720146179e-01
3.300549928098917007e-03
-1.140916943550109863e-01
-5.250103026628494263e-02
-5.551013350486755371e-02
2.072140276432037354e-01
-3.744324669241905212e-02
1.357510238885879517e-01
9.909619390964508057e-02
-7.303927838802337646e-02
2.024178206920623779e-02
2.164971083402633667e-02
2.866441570222377777e-02
-6.423003226518630981e-02
1.786865293979644775e-02
-1.215654984116554260e-02
1.100951805710792542e-01
-1.192422956228256226e-01
-1.106323208659887314e-02
2.306295000016689301e-02
-3.168879449367523193e-02
6.998208165168762207e-02
7.855674251914024353e-03
-4.183889552950859070e-02
7.508429884910583496e-02
-3.456867486238479614e-02
-4.619188979268074036e-02
4.556482285261154175e-02
1.318442542105913162e-02
-5.481058731675148010e-02
-5.426906514912843704e-03
6.521287560462951660e-02
-7.158063352108001709e-02
6.642521172761917114e-02
-9.445012360811233521e-02
1.079787686467170715e-02
2.315251529216766357e-02
-1.164861544966697693e-01
-8.161232620477676392e-02
2.672922238707542419e-02
3.141376376152038574e-02
3.957418352365493774e-02
3.818975016474723816e-02
-6.749553233385086060e-02
8.408141322433948517e-03
5.152865499258041382e-02
-1.657538488507270813e-02
1.337775886058807373e-01
-1.286601126194000244e-01
-5.335669033229351044e-03
-4.265113919973373413e-02
1.054109446704387665e-02
2.613523975014686584e-02
3.072506189346313477e-02
-4.761189222335815430e-02
-2.613889053463935852e-02
-3.439036011695861816e-02
1.951117068529129028e-02
1.262033591046929359e-03
2.962791360914707184e-02
6.387990713119506836e-02
-1.876930333673954010e-02
5.396139249205589294e-02
-4.486513324081897736e-03
-1.356546878814697266e-01
8.454016409814357758e-03
-6.582742929458618164e-02
-4.974696412682533264e-02
-8.849242329597473145e-02
-4.634508118033409119e-02
3.146366029977798462e-02
-5.991937592625617981e-02
1.088378392159938812e-02
6.143581494688987732e-02
5.269820615649223328e-02
-6.937050819396972656e-02
1.211173925548791885e-02
4.134773742407560349e-03
2.546239644289016724e-02
4.712092503905296326e-02
5.632414104184135795e-05
-7.024224102497100830e-02
2.656969591043889523e-04
-7.204401493072509766e-02
7.486954331398010254e-02
-1.302454471588134766e-01
5.066610872745513916e-02
1.189550105482339859e-02
3.311771899461746216e-02
-2.040166594088077545e-02
6.205403059720993042e-02
-3.473147004842758179e-02
-1.771506969816982746e-03
3.776291385293006897e-02
-2.527625486254692078e-02
-2.303853817284107208e-02
-1.909121870994567871e-02
3.184984251856803894e-02
6.062914803624153137e-02
2.787521341815590858e-03
-2.080296352505683899e-02
1.010863110423088074e-01
-9.520002640783786774e-03
-7.012702524662017822e-02
3.789661452174186707e-02
-3.251842409372329712e-02
-1.463069394230842590e-02
-1.037476360797882080e-01
3.339712321758270264e-02
7.037501782178878784e-02
7.288319617509841919e-02
7.115110009908676147e-02
-5.612163618206977844e-02
7.469431310892105103e-02
3.350624069571495056e-02
5.391175393015146255e-03
3.685512766242027283e-02
3.270266577601432800e-02
-4.789319634437561035e-02
3.594687208533287048e-02
-4.001668840646743774e-02
-5.637875944375991821e-02
2.449632994830608368e-02
-1.002823337912559509e-01
1.103689894080162048e-01
-3.944030404090881348e-02
7.940591126680374146e-02
6.108845397830009460e-02
-6.848163157701492310e-02
1.943334750831127167e-02
-1.546536688692867756e-03
-4.546623677015304565e-02
-1.004567020572721958e-03
1.075687538832426071e-02
1.980737783014774323e-02
-2.967702969908714294e-02
-2.059975406154990196e-03
-9.539401158690452576e-03
-4.048506543040275574e-02
6.814382504671812057e-03
-8.177962899208068848e-02
-1.873372495174407959e-02
4.089821130037307739e-02
-1.015492528676986694e-01
-4.548991471529006958e-02
-6.812587846070528030e-03
5.621187854558229446e-03
-7.318346202373504639e-02
7.189760357141494751e-02
3.009323962032794952e-02
1.539832204580307007e-01
4.654024168848991394e-02
3.010202571749687195e-02
-3.788225725293159485e-02
-1.108097750693559647e-02
-6.345965713262557983e-02
2.761611901223659515e-02
-5.609548464417457581e-02
3.263135254383087158e-02
-6.125850230455398560e-02
2.256098948419094086e-02
2.366188541054725647e-02
3.821716643869876862e-03
-1.197596918791532516e-02
-1.608383096754550934e-02
-1.010107225738465786e-03
4.860018938779830933e-02
-7.550956308841705322e-02
1.517250575125217438e-02
-1.151399500668048859e-02
1.294426247477531433e-02
7.013785187155008316e-03
-2.535092085599899292e-02
5.489802360534667969e-02
6.944828480482101440e-02
1.419801358133554459e-02
-8.643920719623565674e-02
-1.953670196235179901e-02
-3.884134441614151001e-02
-1.060844510793685913e-01
4.898728802800178528e-02
-1.577008515596389771e-02
-1.324258511886000633e-03
3.850428014993667603e-02
-9.518940746784210205e-02
6.123838946223258972e-02
-1.090922653675079346e-01
-4.332624375820159912e-02
-8.344157831743359566e-04
6.197234988212585449e-02
-6.573855131864547729e-02
-6.033005937933921814e-02
1.901932246983051300e-02
9.132008254528045654e-02
-2.796948328614234924e-02
1.061507314443588257e-01
2.225160151720046997e-01
-1.319527924060821533e-01
-1.215564236044883728e-01
-9.842556901276111603e-03
-3.082776628434658051e-02
1.648588478565216064e-01
-7.527104020118713379e-02
1.327324062585830688e-01
