-9.597309678792953491e-02
-2.779514342546463013e-02
6.003883201628923416e-03
-1.748813129961490631e-02
6.038344930857419968e-03
3.065193817019462585e-02
2.129991352558135986e-02
-5.335252359509468079e-02
1.074706390500068665e-01
3.816892206668853760e-02
-1.054128855466842651e-01
-5.594877526164054871e-02
9.426999092102050781e-02
-4.531684145331382751e-02
3.112408891320228577e-02
2.076921984553337097e-02
4.978150501847267151e-02
-7.245353609323501587e-02
1.954312622547149658e-02
3.678583353757858276e-02
3.649213910102844238e-02
-9.587631793692708015e-04
-2.192565798759460449e-02
6.436694413423538208e-03
1.147374883294105530e-02
-1.961120031774044037e-02
-1.190245989710092545e-02
2.574266120791435242e-02
-1.240337863564491272e-01
1.380105502903461456e-02
-3.069500252604484558e-02
-8.207378536462783813e-02
1.290701888501644135e-02
9.821600466966629028e-02
-9.587998501956462860e-03
-7.921985350549221039e-03
-9.541646391153335571e-02
2.673747949302196503e-02
-1.692873425781726837e-02
3.381776809692382812e-02
-2.921817824244499207e-02
-5.685085803270339966e-02
-5.015053320676088333e-03
-8.252103626728057861e-02
1.538753062486648560e-01
1.403170973062515259e-01
9.839147329330444336e-02
-3.577098995447158813e-02
-7.987210899591445923e-02
-1.041590794920921326e-01
-3.749120980501174927e-02
1.511481404304504395e-01
-1.847134158015251160e-02
1.168798208236694336e-01
7.811198383569717407e-02
-4.930599778890609741e-02
-2.916426956653594971e-02
5.861213803291320801e-02
4.789505153894424438e-02
-4.349226877093315125e-02
5.471570044755935669e-02
-4.169407114386558533e-02
9.209813922643661499e-02
-1.702126562595367432e-01
-1.989158801734447479e-03
2.166837221011519432e-03
-5.880166776478290558e-03
2.894428931176662445e-02
-1.367738563567399979e-02
-6.989845633506774902e-02
5.646601691842079163e-02
-9.428788907825946808e-03
-4.044669866561889648e-02
5.733231082558631897e-02
1.258326321840286255e-02
-2.459434419870376587e-02
6.917381659150123596e-03
6.079557538032531738e-02
-2.063501998782157898e-02
5.707312375307083130e-02
-6.024950370192527771e-02
3.533760830760002136e-02
3.438901901245117188e-02
-1.145686879754066467e-01
-7.061288505792617798e-02
1.062091439962387085e-02
3.889474645256996155e-02
7.847401499748229980e-02
2.524324692785739899e-02
-6.950950622558593750e-02
5.052465945482254028e-02
3.260528296232223511e-02
-7.210771739482879639e-02
9.309726953506469727e-02
-1.211931630969047546e-01
-2.191670471802353859e-03
-5.647177994251251221e-02
3.000706247985363007e-02
2.656682161614298820e-03
1.036402583122253418e-02
-6.460133194923400879e-02
-3.871144354343414307e-02
-3.590505570173263550e-02
3.064386919140815735e-02
-1.207112334668636322e-03
-1.178918313235044479e-02
8.766837418079376221e-02
1.328810770064592361e-02
4.830226302146911621e-02
5.821299739181995392e-03
-9.114160388708114624e-02
1.096627395600080490e-02
-3.856264427304267883e-02
-2.654941380023956299e-02
-5.257168039679527283e-02
-3.636135160923004150e-02
4.628017917275428772e-02
-5.817947094328701496e-04
-1.811357215046882629e-02
4.642114415764808655e-02
2.634787559509277344e-02
-4.421412944793701172e-02
-1.959654130041599274e-02
1.835724152624607086e-02
-1.127434545196592808e-03
5.175349488854408264e-02
-2.274197153747081757e-02
-9.201236069202423096e-02
-2.262559905648231506e-02
-4.999021813273429871e-02
3.487583622336387634e-02
-1.181652247905731201e-01
7.933130115270614624e-02
6.211575120687484741e-03
3.732467815279960632e-02
-6.456980109214782715e-02
1.032384261488914490e-01
-5.496534705162048340e-02
-1.025431510061025620e-02
1.384708005934953690e-02
-1.766427792608737946e-02
-5.898039415478706360e-02
8.234211802482604980e-02
6.848406046628952026e-02
3.408830985426902771e-02
9.604911319911479950e-03
-1.692468300461769104e-02
1.198913380503654480e-01
4.564071446657180786e-02
-3.584588319063186646e-02
4.373103752732276917e-02
1.597606693394482136e-03
1.263964804820716381e-03
-1.070780679583549500e-01
2.237544953823089600e-02
9.387125074863433838e-02
3.795065358281135559e-02
7.970258593559265137e-02
-6.284924596548080444e-02
1.107365787029266357e-01
6.213627010583877563e-02
-4.786190763115882874e-02
5.051299557089805603e-02
-7.328738924115896225e-03
-2.281241491436958313e-02
1.288220286369323730e-02
-1.685362122952938080e-02
-2.554422989487648010e-02
2.107731997966766357e-02
-8.585501462221145630e-03
4.344062134623527527e-02
-1.314083766192197800e-02
-1.072999183088541031e-02
6.087682396173477173e-02
-5.062371492385864258e-02
-2.771256724372506142e-03
1.465542521327733994e-02
-1.615702174603939056e-02
8.818210102617740631e-03
4.517301172018051147e-02
1.302934996783733368e-02
-2.977692149579524994e-02
-4.699674900621175766e-03
-5.648548901081085205e-02
-1.742477342486381531e-02
-2.406018972396850586e-02
-2.802700735628604889e-02
-1.426512002944946289e-02
2.944274246692657471e-02
-3.813308849930763245e-02
-2.610421180725097656e-02
-3.567304834723472595e-02
4.571377485990524292e-02
-1.594870388507843018e-01
1.065285429358482361e-01
6.202759593725204468e-02
1.563741564750671387e-01
4.667771980166435242e-02
1.035834327340126038e-01
-1.258312258869409561e-02
-3.424356458708643913e-03
-4.465667903423309326e-02
4.473887011408805847e-02
-1.187932118773460388e-01
-2.535699121654033661e-02
-9.681226313114166260e-02
6.719209998846054077e-02
2.260049991309642792e-02
-2.006772905588150024e-03
-1.269504427909851074e-03
-1.181370206177234650e-02
-2.842923067510128021e-02
7.818158715963363647e-02
-8.118791133165359497e-02
9.266720153391361237e-03
-9.322826750576496124e-03
3.850551322102546692e-02
-3.300429321825504303e-03
-4.035625234246253967e-02
7.140878587961196899e-02
8.047210425138473511e-02
1.114696729928255081e-03
-1.076841652393341064e-01
-9.437660686671733856e-03
-4.785550013184547424e-02
-1.217137053608894348e-01
4.231724143028259277e-02
-1.322657428681850433e-02
-2.489706873893737793e-02
5.245933309197425842e-02
-1.456909328699111938e-01
5.324136465787887573e-02
-1.422307342290878296e-01
-1.047488395124673843e-02
3.650353476405143738e-02
7.536797970533370972e-02
-1.668119579553604126e-01
-7.776699960231781006e-02
-1.431828830391168594e-02
8.474802970886230469e-02
-1.016368251293897629e-02
4.417757317423820496e-02
2.093264907598495483e-01
-1.607456207275390625e-01
-1.103412508964538574e-01
-3.269309550523757935e-02
-5.135009810328483582e-02
1.421695649623870850e-01
-7.368638366460800171e-02
1.427187323570251465e-01
