-7.383636385202407837e-02
-6.177613884210586548e-02
9.763702750205993652e-02
-3.861326351761817932e-02
-2.833814173936843872e-02
6.274568289518356323e-02
5.116999149322509766e-02
-8.397630602121353149e-02
9.343151003122329712e-02
1.994735561311244965e-02
-8.222147077322006226e-02
-5.143610760569572449e-02
6.763196736574172974e-02
-4.319944232702255249e-02
-2.276730723679065704e-02
-4.792220890522003174e-03
3.031395375728607178e-02
-7.088965177536010742e-02
1.634331233799457550e-02
4.543010890483856201e-02
7.289732247591018677e-02
1.000635605305433273e-02
-2.687261812388896942e-02
8.411137387156486511e-03
5.019597336649894714e-02
-1.445413567125797272e-02
-9.895227849483489990e-03
-2.615377493202686310e-02
-1.514886617660522461e-01
-2.514755912125110626e-02
-6.656326353549957275e-02
-6.787564605474472046e-02
2.175655961036682129e-02
1.441908180713653564e-01
-4.768421873450279236e-03
-5.156742036342620850e-02
-8.155677467584609985e-02
-1.741187646985054016e-02
-3.238423913717269897e-02
2.538538910448551178e-02
1.216053869575262070e-02
-2.948494255542755127e-02
7.940101437270641327e-03
-8.171748369932174683e-02
9.225162863731384277e-02
1.317518949508666992e-01
7.082843780517578125e-02
-2.593733929097652435e-02
-9.440683573484420776e-02
-5.708717182278633118e-02
-1.762628369033336639e-02
1.732459962368011475e-01
-2.568221092224121094e-02
8.664302527904510498e-02
1.254412084817886353e-01
-2.179315499961376190e-02
-7.184160500764846802e-02
-1.093613356351852417e-02
5.003547668457031250e-02
-5.965189076960086823e-03
1.999527215957641602e-02
1.257363427430391312e-02
8.041361719369888306e-02
-1.529538184404373169e-01
1.635559275746345520e-02
1.128414925187826157e-02
-4.754447191953659058e-02
7.080546766519546509e-02
-5.752241611480712891e-02
2.165621146559715271e-02
2.748528262600302696e-03
-4.266935586929321289e-02
4.861664026975631714e-03
8.240403980016708374e-02
3.907078132033348083e-02
-7.271256763488054276e-03
1.786589995026588440e-02
5.332784354686737061e-02
-8.948681503534317017e-02
3.904855251312255859e-02
-6.740729510784149170e-02
3.623487427830696106e-02
2.525679022073745728e-02
-1.202417537569999695e-01
-7.451631128787994385e-02
-7.523017004132270813e-03
4.312252625823020935e-02
8.873572945594787598e-02
-2.258810587227344513e-02
-5.394598096609115601e-02
3.243493288755416870e-02
7.992936298251152039e-03
-6.853958964347839355e-02
9.255825728178024292e-02
-1.416030377149581909e-01
8.771164342761039734e-03
-9.141112118959426880e-02
1.759177260100841522e-02
-2.115079574286937714e-02
-1.918142102658748627e-02
-5.562378466129302979e-02
-6.071275845170021057e-02
-1.620001532137393951e-02
8.308093994855880737e-03
-1.617617532610893250e-02
-5.409082025289535522e-02
1.043002158403396606e-01
1.164899021387100220e-02
1.374950446188449860e-02
-7.671037688851356506e-03
-6.072942540049552917e-02
3.198153898119926453e-02
-3.469602391123771667e-02
-4.893147945404052734e-02
-2.656854316592216492e-02
-8.757000789046287537e-03
5.801155790686607361e-02
-5.701993778347969055e-02
-3.034479171037673950e-02
1.186130493879318237e-01
-4.955151118338108063e-03
-4.335190355777740479e-02
-8.467080444097518921e-02
4.725874587893486023e-02
5.135022103786468506e-02
4.853631183505058289e-02
9.429519064724445343e-03
-9.869962930679321289e-02
-6.538116931915283203e-02
-3.661409020423889160e-02
4.310457035899162292e-02
-9.125423431396484375e-02
4.803047329187393188e-02
2.541971206665039062e-02
-2.459987299516797066e-04
-9.546753019094467163e-02
8.735995739698410034e-02
-3.223684430122375488e-02
1.047205086797475815e-02
-3.500301390886306763e-03
2.089824294671416283e-03
-4.023719578981399536e-02
6.928824633359909058e-02
5.919782817363739014e-02
3.748815506696701050e-02
1.604400575160980225e-02
-1.810650341212749481e-02
8.879745006561279297e-02
6.830248981714248657e-02
-5.314372852444648743e-02
4.470160230994224548e-02
-1.169317401945590973e-02
2.057400159537792206e-02
-5.139352008700370789e-02
3.973597660660743713e-02
6.234579533338546753e-02
1.725225150585174561e-02
1.540349982678890228e-02
-4.362226650118827820e-02
1.062145605683326721e-01
6.499227136373519897e-02
-2.077029459178447723e-02
2.577860653400421143e-02
-8.199824951589107513e-03
-5.866373702883720398e-02
2.022146806120872498e-02
-1.208978984504938126e-02
7.349488325417041779e-03
6.477953493595123291e-02
-4.278658702969551086e-02
4.465901106595993042e-02
-2.883280254900455475e-02
5.862484499812126160e-02
2.174204587936401367e-02
-1.165681034326553345e-01
-2.556194178760051727e-02
-6.085143610835075378e-02
-4.713094606995582581e-02
3.385775955393910408e-03
1.019653864204883575e-03
-2.288187295198440552e-02
-1.119422540068626404e-02
2.296848222613334656e-02
-9.354727715253829956e-02
-2.266584895551204681e-02
-1.026192959398031235e-02
-2.307029440999031067e-02
8.692021481692790985e-03
5.730899050831794739e-02
-9.102004766464233398e-02
-1.580085232853889465e-02
-7.309490442276000977e-02
7.346400618553161621e-02
-1.518963575363159180e-01
1.075876206159591675e-01
7.421357929706573486e-02
2.236471921205520630e-01
5.443516373634338379e-02
9.696970134973526001e-02
-4.221148788928985596e-02
-3.520590439438819885e-02
-3.321578353643417358e-02
3.208053484559059143e-02
-1.670680344104766846e-01
-1.862256973981857300e-02
-3.665688261389732361e-02
6.144184991717338562e-02
7.117742206901311874e-03
-1.911831460893154144e-02
4.401614423841238022e-03
-7.263699080795049667e-03
-3.656501695513725281e-02
8.836961537599563599e-02
-1.253208518028259277e-01
-1.948737539350986481e-02
7.843254134058952332e-03
1.077342405915260315e-02
1.319621875882148743e-02
7.163891103118658066e-03
1.033160760998725891e-01
1.022982597351074219e-01
2.726801857352256775e-02
-7.766755670309066772e-02
-9.982210583984851837e-03
-7.137395441532135010e-02
-1.284104734659194946e-01
5.195965990424156189e-02
-1.016950141638517380e-02
-1.561945863068103790e-02
9.934807196259498596e-03
-1.085404306650161743e-01
4.972701892256736755e-02
-1.620243340730667114e-01
-1.955598406493663788e-02
5.143837630748748779e-02
6.686905771493911743e-02
-1.389457136392593384e-01
-5.328847467899322510e-02
8.774297311902046204e-03
3.191778808832168579e-02
5.941251292824745178e-03
9.492535889148712158e-02
1.455439031124114990e-01
-9.007372707128524780e-02
-3.297074139118194580e-02
-1.291328668594360352e-02
-4.141461104154586792e-02
8.615547418594360352e-02
-4.761937633156776428e-02
9.525161236524581909e-02
