-8.957453072071075439e-02
-4.270850121974945068e-02
3.194600343704223633e-02
-2.699218504130840302e-02
-3.412473713979125023e-03
4.579301923513412476e-02
4.557130485773086548e-02
-9.920696914196014404e-02
1.135396882891654968e-01
5.794730782508850098e-02
-7.389457523822784424e-02
-7.370152324438095093e-02
8.328814804553985596e-02
1.615536212921142578e-02
9.091185405850410461e-03
2.216734923422336578e-02
3.689649701118469238e-02
-7.661714404821395874e-02
1.899921707808971405e-02
4.083017632365226746e-02
6.461921334266662598e-02
-9.573711082339286804e-03
-1.899143122136592865e-02
-1.748125813901424408e-02
2.302640117704868317e-02
-1.020237337797880173e-02
1.814015954732894897e-02
-1.381648052483797073e-02
-1.027587726712226868e-01
3.190898150205612183e-02
-4.172981902956962585e-02
-8.764898031949996948e-02
-5.700978916138410568e-03
9.980034083127975464e-02
-2.534577995538711548e-02
-4.168908298015594482e-02
-9.958904981613159180e-02
6.245971657335758209e-03
-2.450286969542503357e-02
3.589939326047897339e-02
-1.917475461959838867e-02
-2.815708145499229431e-02
6.242970004677772522e-03
-1.016368120908737183e-01
1.489221602678298950e-01
1.101978346705436707e-01
7.751191407442092896e-02
1.934723742306232452e-02
-6.220368295907974243e-02
-7.443439960479736328e-02
-7.346726953983306885e-02
1.512455791234970093e-01
-2.781097032129764557e-02
9.528754651546478271e-02
9.256380051374435425e-02
-3.911175578832626343e-02
-3.334456309676170349e-02
2.443203330039978027e-02
5.173655599355697632e-02
-2.948414534330368042e-02
5.482846125960350037e-02
-4.188382625579833984e-02
1.274973452091217041e-01
-1.415223032236099243e-01
2.826603827998042107e-03
3.093874827027320862e-02
-5.444417521357536316e-02
6.269136816263198853e-02
-1.573502831161022186e-02
-4.402209818363189697e-02
6.989030539989471436e-02
-3.140558302402496338e-02
-3.182368353009223938e-02
5.612150952219963074e-02
2.943433634936809540e-02
4.551091231405735016e-03
8.981717750430107117e-03
4.657513648271560669e-02
-7.490990310907363892e-02
9.614016860723495483e-02
-6.946733593940734863e-02
1.801473088562488556e-02
1.914788410067558289e-02
-1.165009215474128723e-01
-6.132148578763008118e-02
-1.545439846813678741e-02
1.950122974812984467e-02
8.606504648923873901e-02
2.612596191465854645e-02
-6.901330500841140747e-02
9.882427752017974854e-03
5.336171016097068787e-02
-9.856013208627700806e-02
7.910522073507308960e-02
-7.873234152793884277e-02
-2.218133769929409027e-02
-9.527689963579177856e-02
4.231945797801017761e-02
-9.076957590878009796e-03
-1.941502653062343597e-02
-8.661184459924697876e-02
-1.658041030168533325e-02
-3.839847818017005920e-02
2.955530956387519836e-02
-3.944790735840797424e-02
-3.039838001132011414e-02
7.558493316173553467e-02
2.225707843899726868e-02
6.615013629198074341e-02
-1.859923265874385834e-02
-8.513316512107849121e-02
3.151156753301620483e-02
-4.064680263400077820e-02
-5.429629981517791748e-02
-9.075336903333663940e-02
-6.120740994811058044e-02
2.070958353579044342e-02
-3.273051232099533081e-02
9.958907961845397949e-03
7.171028852462768555e-02
3.674973919987678528e-02
-4.780709743499755859e-02
2.104909159243106842e-03
1.325454912148416042e-03
3.223735373467206955e-03
6.121967360377311707e-02
-3.486359119415283203e-02
-1.037025228142738342e-01
-2.519383467733860016e-02
-2.030516229569911957e-02
-1.200405601412057877e-02
-6.742087006568908691e-02
4.223060607910156250e-02
1.448364835232496262e-02
3.322034701704978943e-02
-3.590970486402511597e-02
4.395571351051330566e-02
-2.400527708232402802e-02
-2.894019708037376404e-02
1.066399086266756058e-02
-3.180141746997833252e-02
-4.874915257096290588e-02
4.988654702901840210e-02
2.453942224383354187e-02
6.925736367702484131e-02
1.224859710782766342e-02
-2.048568241298198700e-02
5.646119639277458191e-02
5.620324611663818359e-02
-3.960921242833137512e-02
3.055050410330295563e-02
5.311674904078245163e-03
-1.947960257530212402e-02
-1.155685931444168091e-01
2.138386107981204987e-02
7.065545767545700073e-02
7.843436673283576965e-03
6.396406888961791992e-02
-3.327957168221473694e-02
1.013709679245948792e-01
1.962793618440628052e-02
-1.823102310299873352e-02
2.840743213891983032e-02
1.571373455226421356e-02
-3.903972730040550232e-02
1.510772295296192169e-02
-4.965563863515853882e-02
-1.780971325933933258e-02
4.180309548974037170e-02
-5.920606479048728943e-02
3.068179264664649963e-02
-4.430589452385902405e-02
5.278505757451057434e-02
5.880254879593849182e-02
-3.399698063731193542e-02
-2.982378564774990082e-02
-1.748513802886009216e-02
-1.513009518384933472e-02
-7.241666316986083984e-03
2.822214737534523010e-02
-7.448485586792230606e-03
-1.121426932513713837e-02
2.410537749528884888e-02
-3.856972604990005493e-02
-4.398856312036514282e-02
1.042386330664157867e-02
-4.778993874788284302e-02
-3.132775425910949707e-02
4.412162676453590393e-02
-3.909093141555786133e-02
-2.951835282146930695e-02
-2.656970731914043427e-02
5.176991224288940430e-02
-1.325999498367309570e-01
1.123636662960052490e-01
5.809641256928443909e-02
1.727741956710815430e-01
5.732850357890129089e-02
7.940958440303802490e-02
-3.834409639239311218e-02
-5.827885121107101440e-03
-1.365619804710149765e-02
4.132716730237007141e-02
-1.507481038570404053e-01
-3.326353908050805330e-04
-4.225633293390274048e-02
4.415623843669891357e-02
-6.218464695848524570e-04
4.978359211236238480e-03
-1.365264970809221268e-02
1.372104138135910034e-02
-1.256655249744653702e-02
5.736967548727989197e-02
-9.086153656244277954e-02
3.000016510486602783e-02
-9.674552828073501587e-03
6.333129107952117920e-02
5.367777496576309204e-02
1.578082097694277763e-03
7.185745239257812500e-02
9.503284096717834473e-02
-2.938522584736347198e-02
-9.410771727561950684e-02
-4.595035314559936523e-02
-6.111976876854896545e-02
-1.514171808958053589e-01
4.336938261985778809e-02
1.197931822389364243e-02
-2.452446147799491882e-03
3.756542131304740906e-02
-1.576871126890182495e-01
9.777931869029998779e-02
-1.486835032701492310e-01
-2.961907908320426941e-02
3.895705565810203552e-02
7.141609489917755127e-02
-1.669533550739288330e-01
-5.427200347185134888e-02
-2.717787399888038635e-02
7.352184504270553589e-02
-2.119326032698154449e-02
1.029802709817886353e-01
2.245017588138580322e-01
-1.347786635160446167e-01
-1.302080154418945312e-01
-2.327363239601254463e-03
-3.473940119147300720e-02
1.463195383548736572e-01
-7.051786035299301147e-02
1.559099555015563965e-01
