-9.537109732627868652e-02
-6.894783675670623779e-02
9.046721458435058594e-02
-7.321533560752868652e-02
-1.963488943874835968e-02
9.498176723718643188e-02
2.484003268182277679e-02
-1.119506582617759705e-01
8.710408955812454224e-02
1.827695220708847046e-02
-1.038734465837478638e-01
-4.064717516303062439e-02
1.197753846645355225e-01
-1.578534394502639771e-02
4.674498364329338074e-02
4.397801682353019714e-02
4.543055966496467590e-02
-9.639861434698104858e-02
3.198990225791931152e-02
3.411910310387611389e-02
5.414083600044250488e-02
-1.475935429334640503e-02
-2.642800332978367805e-03
-3.155939280986785889e-02
5.458373948931694031e-02
-1.866651233285665512e-03
3.974313661456108093e-02
-5.996398627758026123e-02
-1.553395986557006836e-01
-2.610200271010398865e-02
-3.883048519492149353e-02
-1.043521761894226074e-01
-2.639167755842208862e-02
1.239880770444869995e-01
4.980791360139846802e-03
-4.119931161403656006e-02
-1.057838872075080872e-01
-8.602268993854522705e-03
1.143509335815906525e-02
4.251803830265998840e-02
-4.433003813028335571e-02
-2.201892808079719543e-02
2.443562448024749756e-02
-8.049337565898895264e-02
1.278550326824188232e-01
8.614584058523178101e-02
5.351961776614189148e-02
-1.555715501308441162e-02
-7.515881955623626709e-02
-7.509239763021469116e-02
-6.607609987258911133e-02
1.070400625467300415e-01
-2.206180803477764130e-02
4.506493732333183289e-02
8.411629498004913330e-02
-1.533032488077878952e-02
-6.232725828886032104e-02
1.693217456340789795e-02
4.508568346500396729e-02
2.982084639370441437e-02
5.564081296324729919e-02
-4.674319177865982056e-02
9.843017905950546265e-02
-1.538319289684295654e-01
-1.170860044658184052e-02
-7.278702221810817719e-03
-4.154578596353530884e-02
7.066644728183746338e-02
-3.671478852629661560e-02
-5.647043883800506592e-02
4.692568629980087280e-02
-2.417232282459735870e-02
-2.190710045397281647e-02
6.376687437295913696e-02
6.063483189791440964e-03
2.376560494303703308e-02
3.029308095574378967e-02
5.936488509178161621e-02
-1.012712642550468445e-01
7.242602109909057617e-02
-7.232370972633361816e-02
3.167149424552917480e-02
2.277810871601104736e-02
-1.364258974790573120e-01
-8.285947144031524658e-02
9.396943263709545135e-03
3.827115520834922791e-02
1.063627973198890686e-01
6.266850978136062622e-04
-5.226198583841323853e-02
8.319859392940998077e-03
8.907281793653964996e-03
-9.134851396083831787e-02
6.625954061746597290e-02
-1.297402679920196533e-01
1.603611372411251068e-02
-1.078624129295349121e-01
2.525709383189678192e-02
2.538594417273998260e-02
-8.888222277164459229e-03
-9.926447272300720215e-02
-2.676925063133239746e-02
-2.855597622692584991e-02
2.960211783647537231e-02
-3.769920766353607178e-02
-1.747795194387435913e-02
7.959206402301788330e-02
-3.818808589130640030e-03
4.903057217597961426e-02
-1.548555586487054825e-02
-6.710290908813476562e-02
9.138684719800949097e-03
-1.510508079081773758e-02
-2.892846427857875824e-02
-1.005460470914840698e-01
-1.058713416568934917e-03
1.669558696448802948e-02
-6.909780204296112061e-02
-7.169167045503854752e-03
8.505852520465850830e-02
6.082144007086753845e-02
-4.873487725853919983e-02
-1.112294849008321762e-02
-1.413998310454189777e-03
4.528505727648735046e-03
8.861666917800903320e-02
-6.882406026124954224e-02
-7.985688745975494385e-02
-4.917443171143531799e-02
-2.827143855392932892e-02
1.947531290352344513e-02
-8.140899986028671265e-02
3.716664016246795654e-02
1.178120542317628860e-02
1.489934511482715607e-02
-3.813230618834495544e-02
7.979581505060195923e-02
-2.250235527753829956e-02
-3.740797191858291626e-02
-3.270478174090385437e-02
-1.466978993266820908e-02
-5.540201440453529358e-02
4.248683527112007141e-02
8.216837793588638306e-02
5.843279510736465454e-02
2.690217457711696625e-02
-4.026922211050987244e-02
3.115242160856723785e-02
6.145828589797019958e-02
-5.792956426739692688e-02
2.355861663818359375e-02
-4.231390543282032013e-03
1.209477614611387253e-02
-8.061256259679794312e-02
-2.164002973586320877e-03
6.532508879899978638e-02
6.571909878402948380e-03
1.063154786825180054e-01
-5.864547565579414368e-02
6.926100701093673706e-02
2.282209880650043488e-02
1.379117835313081741e-03
1.123693678528070450e-02
1.016046479344367981e-02
-6.936886906623840332e-02
4.414877668023109436e-02
-6.394604593515396118e-02
-1.275288499891757965e-02
1.573514565825462341e-02
-8.618371933698654175e-02
4.369682818651199341e-02
-6.481385231018066406e-02
9.320413321256637573e-02
2.870507352054119110e-02
-4.576741531491279602e-02
-4.262033104896545410e-02
-1.792212761938571930e-02
-4.647270217537879944e-02
-1.201421604491770267e-03
3.300978615880012512e-02
-4.324517399072647095e-02
1.167460251599550247e-02
6.163074076175689697e-02
7.855678908526897430e-03
-5.996102839708328247e-02
1.983808353543281555e-02
-5.917268246412277222e-02
2.755647525191307068e-03
7.544479519128799438e-02
-6.686881929636001587e-02
-2.809118479490280151e-02
-3.628681972622871399e-02
6.579416245222091675e-02
-9.453029185533523560e-02
1.018518805503845215e-01
5.638834089040756226e-02
1.497616171836853027e-01
5.253482609987258911e-02
7.738699018955230713e-02
-6.460163276642560959e-03
-2.677254192531108856e-02
-2.666564099490642548e-02
3.680623322725296021e-02
-1.486273407936096191e-01
6.696045864373445511e-03
-5.180595815181732178e-02
7.502361387014389038e-02
-1.531719230115413666e-02
-2.148285275325179100e-03
-3.701736405491828918e-02
-1.227949559688568115e-02
-4.435412213206291199e-02
6.388589739799499512e-02
-8.762928098440170288e-02
1.955031044781208038e-02
-3.030779957771301270e-02
5.556887388229370117e-02
9.193211048841476440e-02
-4.991555586457252502e-03
6.153411418199539185e-02
8.872134238481521606e-02
-6.497716531157493591e-03
-7.628285139799118042e-02
-6.088954582810401917e-02
-7.010900974273681641e-02
-1.251939088106155396e-01
3.507800400257110596e-02
4.235788062214851379e-02
2.664827555418014526e-02
7.374462205916643143e-03
-2.154795229434967041e-01
9.235959500074386597e-02
-1.600156277418136597e-01
-6.873199343681335449e-02
5.431855469942092896e-02
4.891707375645637512e-02
-1.714893579483032227e-01
-4.340640828013420105e-02
-1.571846753358840942e-02
4.103471338748931885e-02
-8.898480795323848724e-03
8.471437543630599976e-02
1.276086419820785522e-01
-1.160553246736526489e-01
-5.813451856374740601e-02
5.235178396105766296e-03
-5.979690700769424438e-03
6.565504521131515503e-02
-2.091779746115207672e-02
9.723503887653350830e-02
