-1.160999312996864319e-01
-6.150984391570091248e-02
8.141049742698669434e-02
-4.509904980659484863e-02
-5.748115107417106628e-02
7.782917469739913940e-02
9.358234703540802002e-03
-1.290855258703231812e-01
9.330482780933380127e-02
5.238695442676544189e-02
-1.196238473057746887e-01
-7.724141329526901245e-02
1.377062499523162842e-01
4.481868527363985777e-04
-4.780596587806940079e-03
5.331058055162429810e-02
3.922892361879348755e-02
-8.172602206468582153e-02
1.249398849904537201e-02
5.301247537136077881e-02
7.432881742715835571e-02
-2.961506880819797516e-02
2.766907680779695511e-03
-1.393014378845691681e-02
5.560038611292839050e-02
-1.134919468313455582e-02
2.390127442777156830e-02
-7.426677644252777100e-02
-1.503698974847793579e-01
-1.801325939595699310e-02
-4.612264782190322876e-02
-7.572495192289352417e-02
-6.641369778662919998e-03
1.051132753491401672e-01
8.928685449063777924e-03
-2.692571654915809631e-02
-1.080044135451316833e-01
-1.428494416177272797e-02
2.469064667820930481e-02
3.517530858516693115e-02
-2.142319269478321075e-02
-4.360777884721755981e-02
4.134553670883178711e-02
-7.447505742311477661e-02
1.181122288107872009e-01
6.426054239273071289e-02
4.010298475623130798e-02
-3.450512303970754147e-04
-8.595831692218780518e-02
-1.124421432614326477e-01
-7.692620158195495605e-02
1.176604330539703369e-01
-5.298339575529098511e-02
4.773715138435363770e-02
7.651582360267639160e-02
-2.506768517196178436e-02
-5.360028520226478577e-02
8.418527431786060333e-03
4.740372300148010254e-02
2.059786766767501831e-02
6.430067121982574463e-02
-1.839951984584331512e-02
6.562865525484085083e-02
-1.313693523406982422e-01
3.668355755507946014e-03
-1.160275191068649292e-02
-5.456164851784706116e-02
6.779449433088302612e-02
-2.876727469265460968e-02
-2.567438967525959015e-02
1.678649149835109711e-02
-7.698924280703067780e-03
-2.316421270370483398e-02
7.362886518239974976e-02
1.745819859206676483e-02
-1.563026307849213481e-04
4.070647805929183960e-02
4.839096963405609131e-02
-8.131015300750732422e-02
7.640843838453292847e-02
-7.279182225465774536e-02
1.102959737181663513e-02
2.266131155192852020e-02
-1.257634460926055908e-01
-7.008823007345199585e-02
-1.931818388402462006e-02
6.375366449356079102e-02
1.204885616898536682e-01
-2.158523723483085632e-02
-8.411320857703685760e-03
2.214623801410198212e-02
-2.406988991424441338e-03
-1.157415807247161865e-01
4.692457988858222961e-02
-1.115556955337524414e-01
-8.343757130205631256e-03
-7.312458753585815430e-02
3.089008666574954987e-02
-2.915555611252784729e-03
-2.920125983655452728e-02
-7.746633887290954590e-02
-2.313786931335926056e-02
-3.824307769536972046e-02
9.822271531447768211e-04
-5.188420042395591736e-02
-7.582326233386993408e-02
7.771439850330352783e-02
-4.660168488044291735e-04
3.724845498800277710e-02
-2.215722948312759399e-02
-3.510690480470657349e-02
2.919907495379447937e-02
-3.798148827627301216e-04
-4.857891239225864410e-03
-7.557199150323867798e-02
-1.031101215630769730e-02
1.892520487308502197e-02
-6.267425417900085449e-02
-5.711954552680253983e-03
9.250015765428543091e-02
4.416030272841453552e-02
-2.590578794479370117e-02
-2.803139016032218933e-02
5.493591539561748505e-03
1.254279352724552155e-02
6.673355400562286377e-02
-3.950210660696029663e-02
-9.839058667421340942e-02
-6.379883736371994019e-02
-8.028375916182994843e-03
5.282400641590356827e-03
-2.469437569379806519e-02
2.956915833055973053e-02
1.740220002830028534e-02
-5.788567941635847092e-03
-5.782743170857429504e-02
8.062914013862609863e-02
-4.232185333967208862e-02
-3.067318350076675415e-02
-3.026280924677848816e-02
-1.242933794856071472e-03
-3.755329921841621399e-02
4.965246841311454773e-02
4.793690890073776245e-02
6.569163501262664795e-02
1.414250209927558899e-02
-4.153029620647430420e-02
1.773284748196601868e-02
7.464529573917388916e-02
-5.956953763961791992e-02
6.393603980541229248e-02
-2.451203577220439911e-02
2.120721712708473206e-02
-8.011098206043243408e-02
-2.047021174803376198e-03
5.336616933345794678e-02
-8.336764760315418243e-03
5.644469335675239563e-02
-4.985016584396362305e-02
6.664386391639709473e-02
1.214321609586477280e-02
-3.993181511759757996e-03
4.628218710422515869e-02
2.521981252357363701e-03
-5.259398370981216431e-02
4.136357456445693970e-02
-2.152336575090885162e-02
2.828636439517140388e-03
2.712343633174896240e-02
-7.870241254568099976e-02
2.402021177113056183e-02
-7.134984433650970459e-02
6.376701593399047852e-02
3.391561657190322876e-02
-6.163787469267845154e-02
-4.579769819974899292e-02
-1.412827055901288986e-02
-3.562760353088378906e-02
-4.148504696786403656e-03
1.876170188188552856e-02
-3.702034801244735718e-02
1.716819033026695251e-02
7.185495644807815552e-02
-2.045141160488128662e-02
-5.182335153222084045e-02
2.752680517733097076e-02
-3.007395379245281219e-02
4.923314321786165237e-03
4.179409891366958618e-02
-5.328023061156272888e-02
2.181053534150123596e-02
-4.201154038310050964e-02
6.217940896749496460e-02
-1.291220635175704956e-01
1.225726082921028137e-01
4.263305664062500000e-02
1.636067628860473633e-01
5.446583777666091919e-02
9.820968657732009888e-02
-2.590225310996174812e-03
-2.689595706760883331e-02
1.040298864245414734e-02
3.392514213919639587e-02
-1.544639468193054199e-01
4.637969657778739929e-03
-1.439676247537136078e-02
6.247164309024810791e-02
-1.408922951668500900e-03
-4.644511733204126358e-03
-2.795154415071010590e-02
8.520284667611122131e-03
-4.325115680694580078e-02
7.642929255962371826e-02
-7.305806875228881836e-02
3.138200938701629639e-02
-5.386434961110353470e-03
6.634603440761566162e-02
6.295114755630493164e-02
1.165275089442729950e-02
7.010620832443237305e-02
7.621223479509353638e-02
-2.487066388130187988e-02
-7.366544008255004883e-02
-6.736494600772857666e-02
-8.474431931972503662e-02
-1.603756546974182129e-01
6.771216541528701782e-02
3.255764767527580261e-02
1.877357810735702515e-02
-6.730778142809867859e-03
-2.060609459877014160e-01
8.358155190944671631e-02
-1.579263210296630859e-01
-7.179500907659530640e-02
2.653944306075572968e-02
6.962502747774124146e-02
-1.757678538560867310e-01
-5.767786502838134766e-02
-5.278281867504119873e-03
5.244943499565124512e-02
-8.877949789166450500e-03
7.725802809000015259e-02
1.677521169185638428e-01
-1.362073868513107300e-01
-1.125979796051979065e-01
1.145524671301245689e-03
-1.429649256169795990e-02
8.636143803596496582e-02
-3.638972714543342590e-02
1.258739084005355835e-01
