-1.388772130012512207e-01
-4.419178515672683716e-02
1.824069395661354065e-02
-4.772121831774711609e-02
3.444106504321098328e-02
7.433778792619705200e-02
3.161629289388656616e-02
-1.360571831464767456e-01
1.368143856525421143e-01
5.984878167510032654e-02
-1.197626367211341858e-01
-6.156293302774429321e-02
9.863629937171936035e-02
-2.796179382130503654e-03
3.729185089468955994e-02
3.724399954080581665e-02
4.200703650712966919e-02
-8.598893135786056519e-02
2.522871829569339752e-02
5.858402326703071594e-02
6.026031449437141418e-02
8.107027970254421234e-03
-1.490825414657592773e-02
-1.520581077784299850e-02
6.503804121166467667e-03
2.150581451132893562e-03
2.941302256658673286e-03
1.446473877876996994e-02
-1.133857965469360352e-01
5.309744179248809814e-02
-3.707966208457946777e-02
-9.842617809772491455e-02
1.848389767110347748e-02
6.689605116844177246e-02
-3.807746991515159607e-02
-2.674826420843601227e-02
-9.116771817207336426e-02
3.898248076438903809e-02
-3.261174261569976807e-02
2.533837780356407166e-02
-4.742474481463432312e-02
-3.821532428264617920e-02
-1.192106516100466251e-03
-8.490869402885437012e-02
1.130903586745262146e-01
1.067803576588630676e-01
8.988634496927261353e-02
1.302033942192792892e-02
-5.148405581712722778e-02
-5.834611132740974426e-02
-6.541761010885238647e-02
1.540396809577941895e-01
-3.038432076573371887e-02
9.279212355613708496e-02
6.090277805924415588e-02
-4.549635574221611023e-02
-2.651707327459007502e-04
6.702797114849090576e-02
4.645389318466186523e-02
-3.308218345046043396e-02
4.198367148637771606e-02
-6.009390205144882202e-02
1.124319955706596375e-01
-1.389275193214416504e-01
-2.249253215268254280e-03
1.721466332674026489e-02
-4.012602195143699646e-02
7.334127277135848999e-02
3.127099014818668365e-03
-8.882824331521987915e-02
8.572848886251449585e-02
-2.414295822381973267e-02
-2.011244557797908783e-02
4.644953459501266479e-02
2.146180905401706696e-02
7.925581885501742363e-04
8.080489933490753174e-03
5.361253768205642700e-02
-5.052301287651062012e-02
9.917987883090972900e-02
-8.334813266992568970e-02
1.651331782341003418e-02
3.450951725244522095e-02
-1.088805049657821655e-01
-8.098594844341278076e-02
1.159235183149576187e-02
2.010797336697578430e-02
8.178680390119552612e-02
5.019588768482208252e-02
-6.759700179100036621e-02
2.649008855223655701e-02
4.693116620182991028e-02
-8.019514381885528564e-02
9.270905703306198120e-02
-6.966157257556915283e-02
-2.506165578961372375e-02
-6.771306693553924561e-02
5.248397961258888245e-02
1.797226816415786743e-02
-4.952581133693456650e-03
-9.924983233213424683e-02
-6.937207654118537903e-03
-5.445382371544837952e-02
2.444209158420562744e-02
-2.623177506029605865e-02
-1.775034330785274506e-02
6.857143342494964600e-02
1.624491065740585327e-02
4.402735829353332520e-02
-1.108681224286556244e-02
-1.050209477543830872e-01
1.883364096283912659e-02
-3.296421840786933899e-02
-3.657613322138786316e-02
-9.241250902414321899e-02
-6.627780944108963013e-02
3.528002277016639709e-02
-4.325544461607933044e-03
1.390290074050426483e-02
6.032127141952514648e-02
4.775093495845794678e-02
-5.247917398810386658e-02
-1.193589763715863228e-03
1.872838847339153290e-02
-9.023195132613182068e-03
6.886507570743560791e-02
-3.818036988377571106e-02
-9.735918790102005005e-02
8.372717536985874176e-03
-3.113758005201816559e-02
-1.348614413291215897e-02
-7.087671011686325073e-02
5.328699946403503418e-02
1.307551190257072449e-02
4.801782965660095215e-02
-1.758485101163387299e-02
4.545798525214195251e-02
-6.827797915320843458e-05
-3.927788231521844864e-03
3.270907700061798096e-02
-1.820026710629463196e-02
-6.079448387026786804e-02
4.362800717353820801e-02
3.784885257482528687e-02
7.796622812747955322e-02
7.971003651618957520e-03
-1.063664816319942474e-02
1.027587875723838806e-01
3.460720926523208618e-02
-3.239190578460693359e-02
5.383158568292856216e-03
5.730228498578071594e-03
-1.513039693236351013e-02
-1.140474975109100342e-01
1.274543348699808121e-02
9.574668109416961670e-02
3.876837342977523804e-02
6.248445436358451843e-02
-4.082478955388069153e-02
1.040823087096214294e-01
3.682929649949073792e-02
-3.135014325380325317e-02
2.789363823831081390e-02
5.593533162027597427e-03
-2.259778231382369995e-02
8.968083187937736511e-03
-5.874684080481529236e-02
-2.343301475048065186e-02
1.924481056630611420e-02
-5.930016562342643738e-02
4.434205964207649231e-02
-5.239746719598770142e-02
2.457855269312858582e-02
6.079138070344924927e-02
-2.805034630000591278e-02
-1.638125628232955933e-02
-1.884763501584529877e-02
-3.442561952397227287e-03
-3.396888496354222298e-03
5.724115297198295593e-02
2.023550495505332947e-02
-2.522007934749126434e-02
1.323776599019765854e-02
-2.413700520992279053e-02
-4.425815865397453308e-02
1.087512262165546417e-02
-4.117110744118690491e-02
-7.249944843351840973e-03
3.708396106958389282e-02
-4.748211055994033813e-02
-2.396900579333305359e-02
-1.903197169303894043e-02
3.565880283713340759e-02
-1.125668287277221680e-01
1.198756545782089233e-01
4.210235178470611572e-02
1.591144800186157227e-01
6.535036861896514893e-02
5.261938646435737610e-02
-2.774024195969104767e-02
3.309070365503430367e-03
-3.836583718657493591e-02
4.034622758626937866e-02
-1.253838688135147095e-01
-1.248322799801826477e-02
-7.730963081121444702e-02
4.713503271341323853e-02
1.735904067754745483e-02
1.158954389393329620e-02
-1.369120087474584579e-02
1.339747756719589233e-02
2.543615875765681267e-03
4.940616711974143982e-02
-6.516687572002410889e-02
2.559172920882701874e-02
-7.494075689464807510e-03
4.698615893721580505e-02
2.019931748509407043e-02
-3.022261150181293488e-02
6.503023207187652588e-02
9.271207451820373535e-02
-1.686640270054340363e-02
-1.163031458854675293e-01
-4.855775833129882812e-02
-6.528327614068984985e-02
-1.564088612794876099e-01
4.185966402292251587e-02
7.966872304677963257e-03
-9.956255555152893066e-03
4.224735125899314880e-02
-1.627610176801681519e-01
6.044971942901611328e-02
-1.284185498952865601e-01
-2.930588088929653168e-02
7.897350005805492401e-03
4.827922210097312927e-02
-1.246749237179756165e-01
-5.679788812994956970e-02
-3.187883645296096802e-03
8.743335306644439697e-02
-2.065426297485828400e-02
6.292281299829483032e-02
2.228327542543411255e-01
-1.582871526479721069e-01
-1.320460587739944458e-01
-3.046314045786857605e-02
-2.587923407554626465e-02
1.436214298009872437e-01
-6.972287595272064209e-02
1.645700186491012573e-01
