-1.246810406446456909e-01
-5.779651552438735962e-02
5.039074644446372986e-02
-9.192961454391479492e-02
-3.174872137606143951e-03
1.383486539125442505e-01
4.809810593724250793e-02
-1.503385454416275024e-01
1.641273349523544312e-01
4.275760799646377563e-02
-1.171926781535148621e-01
-3.340396657586097717e-02
1.279925554990768433e-01
-2.242952026426792145e-02
6.760632991790771484e-02
3.864042460918426514e-02
3.059901297092437744e-02
-1.066408902406692505e-01
2.552519179880619049e-02
8.240283280611038208e-02
1.110669970512390137e-02
1.407940778881311417e-02
-2.420199289917945862e-02
-3.233192116022109985e-02
2.616091445088386536e-02
1.172322686761617661e-02
5.275756493210792542e-02
-4.562066122889518738e-02
-1.094382181763648987e-01
-1.127301435917615891e-02
-1.652849465608596802e-02
-6.696347892284393311e-02
9.327349252998828888e-03
9.299301356077194214e-02
-1.757277757860720158e-03
-3.485275804996490479e-02
-5.766641348600387573e-02
3.793128125835210085e-04
1.602190360426902771e-02
1.331363432109355927e-02
-5.558976531028747559e-02
1.038645641529001296e-04
-3.692543366923928261e-03
-5.567425861954689026e-02
1.618869006633758545e-01
9.859956055879592896e-02
8.078148216009140015e-02
-3.304144367575645447e-02
-5.791175737977027893e-02
-6.256183981895446777e-02
-6.581149995326995850e-02
9.272966533899307251e-02
-1.195992622524499893e-02
7.605697214603424072e-02
7.037173956632614136e-02
-2.538540586829185486e-02
-2.261766418814659119e-02
6.422014534473419189e-02
2.099426649510860443e-02
3.647016733884811401e-02
6.634161621332168579e-02
-3.783749788999557495e-02
1.141797676682472229e-01
-1.555313766002655029e-01
-2.433015778660774231e-02
5.693504586815834045e-03
-4.361906647682189941e-02
6.379964947700500488e-02
-4.736017063260078430e-02
-5.308192595839500427e-02
4.696203023195266724e-02
-4.015953838825225830e-02
-4.962884262204170227e-02
5.502559244632720947e-02
4.067424219101667404e-03
-6.875468418002128601e-03
5.330841988325119019e-03
5.082471296191215515e-02
-6.575164943933486938e-02
5.003513395786285400e-02
-4.394190758466720581e-02
7.151214033365249634e-02
4.554994404315948486e-02
-8.957391977310180664e-02
-8.714772015810012817e-02
3.797844052314758301e-02
2.090414613485336304e-02
6.331936269998550415e-02
1.745366677641868591e-02
-8.004249632358551025e-02
1.994516141712665558e-02
1.592837832868099213e-02
-5.319519340991973877e-02
9.647463262081146240e-02
-1.223667263984680176e-01
4.595891106873750687e-03
-4.186338558793067932e-02
2.832318283617496490e-02
1.396523602306842804e-02
1.242495793849229813e-02
-9.150195866823196411e-02
-1.415570545941591263e-02
-9.253147989511489868e-03
5.727292969822883606e-02
-4.622772336006164551e-02
4.485148936510086060e-02
6.187973916530609131e-02
-1.482239691540598869e-03
4.382211714982986450e-02
8.629498071968555450e-03
-1.241629719734191895e-01
-1.388545148074626923e-02
-1.908665709197521210e-02
-6.521537899971008301e-02
-1.211265176534652710e-01
-1.695699058473110199e-02
2.265547774732112885e-02
-6.316647678613662720e-02
1.570837199687957764e-02
4.960478842258453369e-02
8.599749207496643066e-02
-4.579760506749153137e-02
7.637451589107513428e-02
-3.320689126849174500e-02
1.997590065002441406e-02
8.446794003248214722e-02
-8.185736089944839478e-02
-4.489072412252426147e-02
-4.572060704231262207e-02
-6.671395897865295410e-02
7.307106256484985352e-02
-1.634101867675781250e-01
8.597618341445922852e-02
2.025278098881244659e-02
6.060482934117317200e-03
-1.962539181113243103e-02
1.358895748853683472e-01
-9.227412939071655273e-02
-6.953962147235870361e-02
-3.198883682489395142e-02
-7.131343334913253784e-02
-8.497585356235504150e-02
2.333404868841171265e-02
9.259865432977676392e-02
2.852712944149971008e-02
3.524928167462348938e-02
-3.405075147747993469e-02
8.158323913812637329e-02
1.732627488672733307e-02
-3.669968992471694946e-02
4.649495333433151245e-02
-1.899485848844051361e-02
5.486276000738143921e-03
-1.322860270738601685e-01
-2.568907849490642548e-02
6.931708008050918579e-02
5.389592051506042480e-02
1.667460650205612183e-01
-1.009783595800399780e-01
8.678578585386276245e-02
5.741944909095764160e-02
1.206260756589472294e-03
-4.253731667995452881e-02
3.184536099433898926e-02
-6.626087427139282227e-02
1.264163479208946228e-02
-8.957201987504959106e-02
-5.696558952331542969e-02
-2.135717868804931641e-02
-6.746089458465576172e-02
7.933160662651062012e-02
-3.964099287986755371e-02
7.251954078674316406e-02
6.309816986322402954e-02
-1.987711712718009949e-02
4.816239699721336365e-03
6.362310051918029785e-02
-2.571171708405017853e-02
3.586741164326667786e-02
3.702186793088912964e-02
-5.280472803860902786e-03
3.689347580075263977e-02
8.848268771544098854e-04
3.862639144062995911e-02
-5.685204267501831055e-02
-6.878989748656749725e-03
-8.223785459995269775e-02
-3.177982568740844727e-02
7.984084635972976685e-02
-7.078104466199874878e-02
-9.697039425373077393e-02
8.079860359430313110e-03
4.269940406084060669e-02
-8.418241143226623535e-02
8.098651468753814697e-02
6.152717396616935730e-02
8.270906656980514526e-02
3.857875242829322815e-02
8.642723411321640015e-02
-4.153500869870185852e-02
9.139627218246459961e-03
-5.692506209015846252e-02
1.426757778972387314e-02
-7.370886951684951782e-02
-8.068508468568325043e-03
-7.290380448102951050e-02
4.899574816226959229e-02
6.020285654813051224e-04
1.512968447059392929e-02
-1.087588723748922348e-02
-5.688667669892311096e-02
-3.541076928377151489e-02
4.330949485301971436e-02
-2.976735681295394897e-02
1.101505942642688751e-02
-2.706336230039596558e-02
2.176168374717235565e-02
5.606173351407051086e-02
-3.184412419795989990e-02
4.344838112592697144e-02
5.014210566878318787e-02
-1.469469815492630005e-02
-8.050309121608734131e-02
-6.478719413280487061e-03
-5.801993608474731445e-02
-7.508248090744018555e-02
3.956201672554016113e-02
3.468404710292816162e-02
8.812515065073966980e-03
3.225911781191825867e-02
-1.587713062763214111e-01
5.632546171545982361e-02
-1.235918626189231873e-01
-4.286960512399673462e-02
4.788836836814880371e-02
4.882779344916343689e-02
-1.234403923153877258e-01
-6.620792299509048462e-02
-3.347055241465568542e-02
4.877771064639091492e-02
-1.621016114950180054e-02
6.158510595560073853e-02
8.840620517730712891e-02
-1.186916157603263855e-01
-7.046587020158767700e-02
4.923568572849035263e-03
-3.257837519049644470e-02
6.590335071086883545e-02
-9.046029299497604370e-03
3.972703590989112854e-02
