-9.547065943479537964e-03
1.607021875679492950e-02
-7.900645583868026733e-02
1.151884905993938446e-02
-1.236998364329338074e-01
-1.732401177287101746e-02
4.536578804254531860e-02
-3.250629827380180359e-02
8.394683897495269775e-02
2.960707806050777435e-02
7.594136893749237061e-02
-7.519156206399202347e-03
1.384778469800949097e-01
2.530729211866855621e-02
-6.856802105903625488e-02
4.501817747950553894e-02
-6.646688561886548996e-03
4.389609768986701965e-02
-3.904912993311882019e-02
2.121656015515327454e-02
-3.156671673059463501e-02
2.564661391079425812e-02
7.401834242045879364e-03
-1.036857664585113525e-01
-2.314953133463859558e-02
2.166900970041751862e-02
-2.223737165331840515e-02
-9.449809044599533081e-02
-1.349033266305923462e-01
-6.584064662456512451e-02
3.345665335655212402e-02
-4.280610010027885437e-02
-5.753997340798377991e-02
8.073275536298751831e-02
1.105294153094291687e-01
1.623327843844890594e-02
-6.611918658018112183e-02
-4.012099653482437134e-02
1.265825331211090088e-02
4.541058838367462158e-02
3.287892416119575500e-02
-3.853797679767012596e-03
2.629268541932106018e-02
1.527925394475460052e-02
1.130225136876106262e-01
-6.275884062051773071e-02
6.154323928058147430e-03
4.079788178205490112e-02
-2.577732317149639130e-02
9.214522317051887512e-03
-1.420335378497838974e-02
1.538451062515377998e-03
8.988799899816513062e-02
-6.062119826674461365e-02
-2.310177776962518692e-03
3.930361941456794739e-02
-6.820464879274368286e-02
-1.055399999022483826e-01
2.507276087999343872e-02
-6.014324724674224854e-02
1.748180016875267029e-02
5.800519511103630066e-02
-6.232037022709846497e-02
4.549096152186393738e-02
-5.312326550483703613e-02
-4.326735809445381165e-02
6.891015917062759399e-02
-1.615987420082092285e-01
2.547344751656055450e-02
9.143067896366119385e-02
-9.798629581928253174e-02
-2.170065417885780334e-02
-1.038319915533065796e-01
-3.858710825443267822e-02
3.552298620343208313e-02
-1.096145510673522949e-01
-3.355357423424720764e-02
-3.038330376148223877e-02
4.656120203435420990e-03
-6.008051708340644836e-02
7.163014262914657593e-02
-2.526466362178325653e-02
-4.664691910147666931e-02
-1.788280531764030457e-02
1.099715381860733032e-01
-4.149150103330612183e-02
4.874560236930847168e-02
-8.765474706888198853e-02
-1.031362414360046387e-01
1.037855967879295349e-01
-4.731330275535583496e-02
7.143887132406234741e-02
-1.692325621843338013e-02
-4.886621609330177307e-02
3.911923617124557495e-02
3.871564939618110657e-02
-6.887227296829223633e-02
-1.799760200083255768e-02
-9.771466255187988281e-03
2.245464362204074860e-02
3.783940896391868591e-02
-6.229999288916587830e-02
-1.858737692236900330e-02
2.387981675565242767e-02
6.662421673536300659e-02
-2.691815420985221863e-02
-6.825143843889236450e-02
6.801315397024154663e-02
8.442693203687667847e-02
3.115061111748218536e-02
5.240421369671821594e-02
8.074487745761871338e-02
-3.641230612993240356e-02
4.028349742293357849e-02
-2.061596326529979706e-02
5.373509600758552551e-02
-9.329881519079208374e-02
-1.079630479216575623e-01
4.988906905055046082e-02
1.013901317492127419e-03
-2.387996995821595192e-03
-8.568129688501358032e-02
4.320001974701881409e-02
-1.502676457166671753e-01
9.211341291666030884e-02
-1.047411933541297913e-02
5.086941644549369812e-02
6.329566240310668945e-02
-6.128342449665069580e-02
1.624866621568799019e-03
5.604420602321624756e-02
-5.090526118874549866e-02
5.025547579862177372e-04
-2.704369835555553436e-02
-5.519590899348258972e-02
3.594148205593228340e-03
1.185489520430564880e-01
-1.452958136796951294e-01
-8.146151900291442871e-02
-5.751964449882507324e-02
-6.313336640596389771e-02
4.925780743360519409e-02
-3.121015802025794983e-02
1.248175837099552155e-02
-4.218688979744911194e-02
5.222706124186515808e-02
6.928551197052001953e-02
-1.307363212108612061e-01
5.922234430909156799e-02
-7.428363710641860962e-02
7.053757458925247192e-02
3.718645870685577393e-02
-5.040603224188089371e-03
2.661602012813091278e-02
1.723554544150829315e-02
-1.894862055778503418e-01
-2.974447980523109436e-02
1.141873747110366821e-01
1.016642991453409195e-02
1.908663846552371979e-02
-2.468637935817241669e-02
5.959764868021011353e-02
7.153318263590335846e-03
6.766441464424133301e-02
-8.487655222415924072e-02
2.644885145127773285e-02
-3.297091647982597351e-02
-5.602980405092239380e-02
-1.254832558333873749e-02
-1.075863391160964966e-01
1.198656857013702393e-02
-1.433001272380352020e-02
8.302050828933715820e-02
8.592321723699569702e-02
-2.295288443565368652e-02
2.006332203745841980e-02
5.614339187741279602e-02
-2.063079550862312317e-02
-5.900830030441284180e-03
-4.343560710549354553e-02
-6.011937931180000305e-02
-2.549296617507934570e-02
1.485427748411893845e-02
6.490220129489898682e-02
-2.880433015525341034e-02
-2.144336141645908356e-02
1.149541046470403671e-02
-9.995559602975845337e-02
7.828605361282825470e-03
-2.786542754620313644e-03
-8.963321894407272339e-02
7.849406101740896702e-04
1.002657711505889893e-01
-9.860661625862121582e-02
3.491479530930519104e-02
2.371918968856334686e-02
7.788991183042526245e-02
-6.881298869848251343e-02
1.867658793926239014e-01
-1.600577309727668762e-02
5.704850424081087112e-03
-7.607774436473846436e-02
-1.188811566680669785e-02
-4.501831158995628357e-02
7.399858906865119934e-03
8.921832591295242310e-02
4.234852641820907593e-02
-7.046227902173995972e-02
-8.743106573820114136e-02
-5.698902159929275513e-02
8.520422503352165222e-03
-6.154360994696617126e-02
9.926436841487884521e-02
1.921833492815494537e-03
4.140342399477958679e-02
8.409168571233749390e-03
2.622061409056186676e-02
1.366837173700332642e-01
1.737402193248271942e-02
1.514925900846719742e-02
1.119678653776645660e-02
1.396131119690835476e-03
-5.132104735821485519e-03
-1.763754151761531830e-02
-4.425648227334022522e-02
-1.480470527894794941e-03
9.758906811475753784e-02
5.620821565389633179e-02
-1.520428992807865143e-02
-3.490594681352376938e-03
8.307032287120819092e-02
1.056672856211662292e-01
1.439470984041690826e-02
-1.085418369621038437e-02
4.953075200319290161e-02
1.511831730604171753e-01
-1.165653094649314880e-01
-8.696372061967849731e-02
-9.599818289279937744e-02
3.347658738493919373e-02
-9.449999779462814331e-03
1.194917261600494385e-01
8.437191694974899292e-02
3.335601836442947388e-02
-7.228515297174453735e-02
-1.775705628097057343e-02
-2.315811812877655029e-02
1.146854758262634277e-01
5.576844513416290283e-02
4.269896820187568665e-02
