-1.130448654294013977e-01
-7.674141973257064819e-02
7.734625786542892456e-02
-5.519109964370727539e-02
-9.750773315317928791e-04
7.534418255090713501e-02
1.966834068298339844e-02
-1.056508645415306091e-01
1.131037548184394836e-01
3.372465074062347412e-02
-1.062121316790580750e-01
-5.497884377837181091e-02
1.179083660244941711e-01
-1.650547608733177185e-03
3.180115669965744019e-02
2.739637345075607300e-02
3.068348579108715057e-02
-9.278491884469985962e-02
4.148723557591438293e-02
1.596275530755519867e-02
9.146302193403244019e-02
-2.845278754830360413e-02
-5.644518882036209106e-03
-2.192360721528530121e-02
4.652323573827743530e-02
-5.533779505640268326e-03
1.693221740424633026e-02
-3.641572594642639160e-02
-1.422253400087356567e-01
-6.962416227906942368e-03
-7.266076654195785522e-02
-8.530034869909286499e-02
-9.277335368096828461e-03
1.405795365571975708e-01
-1.892652921378612518e-02
-5.948107317090034485e-02
-1.086799502372741699e-01
-6.924127228558063507e-03
-1.292498968541622162e-02
4.495833814144134521e-02
-1.274679880589246750e-02
-2.870138362050056458e-02
3.118896484375000000e-02
-9.118431061506271362e-02
1.241737231612205505e-01
1.045212075114250183e-01
5.738751962780952454e-02
4.194321576505899429e-03
-6.734817475080490112e-02
-6.682875007390975952e-02
-5.167779698967933655e-02
1.315563023090362549e-01
-2.994486689567565918e-02
5.841892585158348083e-02
8.597481250762939453e-02
-2.610565349459648132e-02
-6.112775579094886780e-02
1.095570996403694153e-02
6.769753247499465942e-02
-6.523559335619211197e-03
4.475691169500350952e-02
-4.717520251870155334e-02
1.064167991280555725e-01
-1.208668649196624756e-01
1.521558500826358795e-02
2.654634416103363037e-02
-6.590805202722549438e-02
5.815189704298973083e-02
-2.723664231598377228e-02
-5.717124789953231812e-02
6.258679926395416260e-02
-2.380000799894332886e-02
-1.953301206231117249e-02
7.577592134475708008e-02
2.527021616697311401e-02
3.152271732687950134e-02
1.674551516771316528e-02
5.696186050772666931e-02
-9.741868078708648682e-02
8.426937460899353027e-02
-5.910754203796386719e-02
1.128193736076354980e-02
9.057304821908473969e-03
-1.343943476676940918e-01
-7.155936211347579956e-02
1.280218828469514847e-02
2.786580286920070648e-02
1.068589910864830017e-01
1.137553714215755463e-02
-5.282834917306900024e-02
1.574181835167109966e-03
2.152364887297153473e-02
-8.999399095773696899e-02
6.924867630004882812e-02
-9.848266094923019409e-02
-8.523741737008094788e-03
-1.068484038114547729e-01
3.546823561191558838e-02
1.551888044923543930e-02
-1.543608214706182480e-02
-8.775027096271514893e-02
-1.441209856420755386e-02
-4.026369377970695496e-02
8.064880967140197754e-03
-4.273597523570060730e-02
-3.666862100362777710e-02
8.432161062955856323e-02
8.149585686624050140e-03
4.189287871122360229e-02
-2.642369829118251801e-02
-5.354300141334533691e-02
2.630425617098808289e-02
-1.179109327495098114e-02
-3.363884240388870239e-02
-8.290209621191024780e-02
-2.344024926424026489e-02
2.533210441470146179e-02
-3.147013112902641296e-02
2.014097291976213455e-03
9.721625596284866333e-02
3.190374746918678284e-02
-3.563145920634269714e-02
-3.289528936147689819e-02
4.076149314641952515e-02
-3.954452928155660629e-03
7.557084411382675171e-02
-5.062645301222801208e-02
-8.110143244266510010e-02
-3.784666955471038818e-02
-2.237236127257347107e-03
-1.209840644150972366e-02
-4.761481657624244690e-02
1.704572327435016632e-02
9.293155744671821594e-03
2.577828429639339447e-02
-3.826999291777610779e-02
3.584667295217514038e-02
1.834766753017902374e-02
-2.922734804451465607e-02
3.731803968548774719e-03
5.061175674200057983e-03
-6.464018672704696655e-02
5.022354051470756531e-02
6.592031568288803101e-02
8.184622973203659058e-02
2.256277762353420258e-02
-3.991205245256423950e-02
2.826634980738162994e-02
7.544317096471786499e-02
-6.994014233350753784e-02
2.080031111836433411e-02
1.042878720909357071e-02
2.152790315449237823e-03
-9.224584698677062988e-02
1.589818112552165985e-02
6.002620607614517212e-02
-1.105602737516164780e-02
6.959825754165649414e-02
-3.592751920223236084e-02
8.527948707342147827e-02
7.011545822024345398e-04
-5.980804417049512267e-05
4.654491320252418518e-02
8.111263625323772430e-03
-4.656361043453216553e-02
3.532771021127700806e-02
-5.258861556649208069e-02
1.151350606232881546e-02
3.410020470619201660e-02
-7.686439156532287598e-02
1.868155598640441895e-02
-7.082103937864303589e-02
6.175732612609863281e-02
1.876018568873405457e-02
-3.546882793307304382e-02
-6.382296979427337646e-02
-5.573222041130065918e-02
-4.845913872122764587e-02
-2.405572682619094849e-02
3.869222104549407959e-02
-5.940613150596618652e-02
1.870690728537738323e-03
4.959959909319877625e-02
-7.674975786358118057e-03
-5.625414848327636719e-02
2.431639842689037323e-02
-4.620794206857681274e-02
1.123489812016487122e-02
6.602020561695098877e-02
-6.003304943442344666e-02
-1.194649934768676758e-02
-4.007508978247642517e-02
7.186076045036315918e-02
-1.161962822079658508e-01
1.217055469751358032e-01
5.559199303388595581e-02
1.907547712326049805e-01
4.965134710073471069e-02
6.479376554489135742e-02
-2.911644801497459412e-02
-2.800646424293518066e-02
-1.486170012503862381e-02
3.639975935220718384e-02
-1.627264022827148438e-01
-7.936634123325347900e-03
-2.650851011276245117e-02
6.735704094171524048e-02
6.250479258596897125e-03
-1.821700483560562134e-03
-1.819786988198757172e-02
1.048789452761411667e-02
-2.576410956680774689e-02
6.076753884553909302e-02
-1.182149574160575867e-01
3.434624522924423218e-02
-2.483176067471504211e-02
7.897058129310607910e-02
6.288050860166549683e-02
3.469429910182952881e-03
7.512086629867553711e-02
9.816586226224899292e-02
-1.661097258329391479e-02
-1.010604500770568848e-01
-7.223438471555709839e-02
-7.595834881067276001e-02
-1.548998653888702393e-01
3.765229135751724243e-02
3.595176339149475098e-02
1.250224001705646515e-02
1.060544047504663467e-02
-1.650808453559875488e-01
8.439832180738449097e-02
-1.371510773897171021e-01
-3.255827724933624268e-02
2.821367047727108002e-02
3.136758878827095032e-02
-1.492478251457214355e-01
-4.169877618551254272e-02
-1.479474082589149475e-02
5.432403087615966797e-02
-2.893910557031631470e-02
6.928757578134536743e-02
1.769964098930358887e-01
-1.081799268722534180e-01
-8.919817954301834106e-02
-8.842415409162640572e-04
-2.248201519250869751e-02
8.295264095067977905e-02
-5.150980874896049500e-02
1.454471349716186523e-01
