-2.091107331216335297e-02
-3.207417903468012810e-03
-1.358578167855739594e-02
-4.683437570929527283e-02
9.518519788980484009e-02
4.713884741067886353e-02
5.939206853508949280e-02
-4.584653675556182861e-02
8.052272349596023560e-02
-9.820472449064254761e-03
-5.262548569589853287e-03
-5.186224356293678284e-02
-2.630061702802777290e-03
-2.133518271148204803e-02
6.916113942861557007e-02
4.272320121526718140e-02
7.231326401233673096e-02
-5.381733551621437073e-02
1.012099906802177429e-03
3.347684815526008606e-02
-3.817081823945045471e-02
5.544181913137435913e-02
-6.037460640072822571e-03
-4.559884220361709595e-02
-1.627837866544723511e-02
1.113791950047016144e-02
3.396292030811309814e-02
5.117506906390190125e-02
-1.860160566866397858e-02
1.054981648921966553e-01
-9.287979453802108765e-03
-1.022670045495033264e-01
-5.546777322888374329e-02
3.047783672809600830e-02
-3.328150603920221329e-03
5.882698111236095428e-03
-6.038305163383483887e-02
4.417594894766807556e-02
-6.508454680442810059e-02
4.766390472650527954e-02
-7.548668235540390015e-02
1.112792734056711197e-02
-2.387290261685848236e-02
-9.304911643266677856e-02
7.165528088808059692e-02
8.156998455524444580e-02
1.210255324840545654e-01
-4.010844510048627853e-03
5.652609281241893768e-03
-2.725108899176120758e-02
-7.528346776962280273e-02
1.079165115952491760e-01
2.685693651437759399e-02
9.519881010055541992e-02
8.012212812900543213e-02
-3.568059206008911133e-02
-1.758441701531410217e-02
7.051045447587966919e-02
2.326312940567731857e-03
-2.646057493984699249e-02
1.361433044075965881e-02
-1.159816011786460876e-01
9.287248551845550537e-02
-1.536296755075454712e-01
-4.216703027486801147e-02
2.603312022984027863e-02
2.826380357146263123e-02
5.628958344459533691e-02
3.555753082036972046e-02
-8.049835264682769775e-02
1.167050525546073914e-01
-4.568360373377799988e-02
-2.487246505916118622e-02
-5.802774336189031601e-03
-1.394252385944128036e-02
9.392620995640754700e-03
3.205655887722969055e-02
2.291877567768096924e-02
-5.187877640128135681e-02
9.355770051479339600e-02
-7.617110759019851685e-02
6.709577888250350952e-02
4.002536460757255554e-02
-5.898142233490943909e-02
-4.549163207411766052e-02
1.221072860062122345e-03
-5.767619982361793518e-02
5.963770207017660141e-03
7.243798673152923584e-02
-1.156454607844352722e-01
3.357884124852716923e-04
1.016280353069305420e-01
-1.533803250640630722e-02
5.638461560010910034e-02
-7.664647698402404785e-02
2.370352391153573990e-03
-8.102893084287643433e-02
1.655701198615133762e-03
2.764376252889633179e-02
-1.229773461818695068e-02
-1.142475828528404236e-01
-1.048441324383020401e-02
-3.073529712855815887e-02
8.028899133205413818e-02
-8.849558420479297638e-03
4.992271587252616882e-02
1.739638671278953552e-02
9.804032742977142334e-03
6.435187160968780518e-02
3.535110875964164734e-02
-1.264081150293350220e-01
-3.513205051422119141e-02
-4.914042726159095764e-02
-6.401599943637847900e-02
-6.829029321670532227e-02
-6.936901062726974487e-02
-1.068248506635427475e-02
-1.698484993539750576e-03
-1.437514368444681168e-02
1.734795235097408295e-02
4.267815127968788147e-02
-5.913330987095832825e-02
3.142973780632019043e-02
-4.592202231287956238e-02
-1.099566742777824402e-02
7.950146496295928955e-02
-3.453673422336578369e-02
-3.627416118979454041e-02
4.460565000772476196e-02
-4.249877855181694031e-02
-1.544882822781801224e-02
-1.115723550319671631e-01
3.597805276513099670e-02
1.145045738667249680e-03
9.348947554826736450e-02
8.194181136786937714e-03
1.679588109254837036e-02
3.463193029165267944e-02
-7.066412828862667084e-03
3.543429076671600342e-02
-3.619545698165893555e-02
-5.943130701780319214e-02
-6.456677219830453396e-04
2.092336071655154228e-03
3.597943857312202454e-02
3.237663581967353821e-02
3.294791281223297119e-02
1.058107540011405945e-01
7.954316213726997375e-03
5.314029403962194920e-04
-3.231102600693702698e-02
2.357454597949981689e-02
-2.729832008481025696e-02
-9.289295971393585205e-02
-4.524546861648559570e-02
1.004037335515022278e-01
4.512365162372589111e-02
3.661859035491943359e-02
-2.259856276214122772e-02
7.955922186374664307e-02
6.198339909315109253e-02
-3.195535019040107727e-02
-4.083924740552902222e-02
2.492767386138439178e-02
-5.158763006329536438e-02
3.347095334902405739e-03
-8.345200121402740479e-02
-6.681876257061958313e-03
5.331910774111747742e-02
-4.824602976441383362e-02
4.703570902347564697e-02
-9.773661382496356964e-03
4.414808005094528198e-02
6.319811940193176270e-02
-2.102276543155312538e-03
1.720578595995903015e-02
1.969620026648044586e-02
-8.249120786786079407e-03
-1.111838151700794697e-03
6.308920681476593018e-02
5.043553933501243591e-02
-2.490296587347984314e-02
-1.502249110490083694e-02
1.896261051297187805e-02
-5.736069753766059875e-02
-5.033372342586517334e-02
-7.339891046285629272e-02
-4.574773088097572327e-02
4.380562901496887207e-02
-4.692685976624488831e-02
-6.873572617769241333e-02
1.771187968552112579e-02
3.928173333406448364e-02
-1.038930565118789673e-01
8.446240425109863281e-02
3.860596567392349243e-02
1.330053806304931641e-01
5.309797078371047974e-02
4.608391970396041870e-02
2.136694081127643585e-02
2.755062840878963470e-02
-9.655943512916564941e-02
5.651713535189628601e-02
-1.026575565338134766e-01
-1.562754251062870026e-02
-1.466936469078063965e-01
8.262470364570617676e-02
-2.361428923904895782e-02
4.221987351775169373e-02
-3.917911648750305176e-02
-9.283325634896755219e-03
2.223089896142482758e-02
1.208232529461383820e-02
-2.678471244871616364e-02
1.581762731075286865e-02
-1.399902347475290298e-02
1.143716555088758469e-02
5.486677587032318115e-02
-4.835138097405433655e-02
8.621736615896224976e-02
6.730283051729202271e-02
1.753153465688228607e-02
-1.212413460016250610e-01
-1.774107851088047028e-02
-2.121532894670963287e-02
-9.204526245594024658e-02
1.082275714725255966e-02
1.693532429635524750e-02
-1.011262089014053345e-02
9.200651943683624268e-02
-1.565112918615341187e-01
6.475306302309036255e-02
-1.636563539505004883e-01
-5.428900569677352905e-02
7.257526367902755737e-02
6.535266339778900146e-02
-1.642946302890777588e-01
-7.614466547966003418e-02
-1.910568214952945709e-02
8.505696803331375122e-02
-4.528910294175148010e-02
1.464575380086898804e-01
2.203699499368667603e-01
-2.059094309806823730e-01
-9.754479676485061646e-02
-2.575273811817169189e-02
-1.805929653346538544e-02
1.793466955423355103e-01
-3.226649016141891479e-02
1.531442701816558838e-01
