-9.698059409856796265e-02
-7.283690571784973145e-02
1.130441874265670776e-01
-8.500964939594268799e-02
-6.359751522541046143e-02
1.285583674907684326e-01
5.214431509375572205e-02
-1.880286037921905518e-01
1.198379769921302795e-01
6.250994652509689331e-02
-1.366864591836929321e-01
-8.319979161024093628e-02
1.373830884695053101e-01
-2.927330881357192993e-02
-2.584695816040039062e-03
6.377173960208892822e-02
2.433416433632373810e-02
-8.991187810897827148e-02
2.484637312591075897e-02
3.346873819828033447e-02
6.690728664398193359e-02
-4.265436902642250061e-02
-8.772882632911205292e-03
-4.042545706033706665e-02
4.542394727468490601e-02
-9.564922191202640533e-03
3.182421997189521790e-02
-9.833016246557235718e-02
-1.103222668170928955e-01
-3.451823443174362183e-02
-3.257934376597404480e-02
-6.459669023752212524e-02
-3.708591684699058533e-02
9.625077247619628906e-02
-3.954118437832221389e-05
-1.642428897321224213e-02
-5.132504552602767944e-02
-3.835136070847511292e-02
2.692183479666709900e-02
6.245380733162164688e-03
-3.302563354372978210e-02
1.187558099627494812e-02
4.778817296028137207e-02
-6.185461580753326416e-02
9.985589236021041870e-02
3.037611395120620728e-02
8.821228984743356705e-04
6.293696817010641098e-03
-5.186857283115386963e-02
-7.269389182329177856e-02
-6.984251737594604492e-02
5.332238227128982544e-02
-1.307117380201816559e-02
5.174435209482908249e-03
5.279079452157020569e-02
2.844547666609287262e-02
-7.145035266876220703e-02
-1.698924601078033447e-02
1.978725194931030273e-02
6.953817605972290039e-02
6.615443527698516846e-02
1.909666322171688080e-02
7.051722705364227295e-02
-1.115151345729827881e-01
-1.849764958024024963e-02
-3.212241455912590027e-02
-4.681408032774925232e-02
6.392309069633483887e-02
-5.214057117700576782e-02
2.087158896028995514e-02
-1.333931926637887955e-02
-2.009901963174343109e-02
-3.627891093492507935e-02
4.287569224834442139e-02
2.426268532872200012e-02
4.688050597906112671e-02
2.786840684711933136e-02
2.792128548026084900e-02
-7.972357422113418579e-02
5.138958245515823364e-02
-5.767745524644851685e-02
3.231925517320632935e-02
9.785520844161510468e-03
-9.475316107273101807e-02
-3.990462422370910645e-02
-4.806352406740188599e-02
4.331399872899055481e-02
9.403775632381439209e-02
-2.204630337655544281e-02
-1.636442169547080994e-02
2.281998097896575928e-02
3.735411446541547775e-03
-1.110519915819168091e-01
1.006017997860908508e-02
-8.615748584270477295e-02
1.327555254101753235e-02
-1.080626100301742554e-01
2.981345914304256439e-02
-2.939211577177047729e-02
-2.146524190902709961e-02
-7.450478523969650269e-02
-1.178430020809173584e-02
-2.111685695126652718e-03
9.031423367559909821e-03
-5.287461727857589722e-02
-5.139605700969696045e-02
5.681989714503288269e-02
-7.410627324134111404e-03
3.782702609896659851e-02
-2.372189890593290329e-03
-3.199051693081855774e-02
2.275972254574298859e-02
-9.677802212536334991e-03
-2.623066492378711700e-02
-1.051351726055145264e-01
-1.053510233759880066e-02
6.405046675354242325e-03
-9.579286724328994751e-02
-4.272323101758956909e-03
8.553343266248703003e-02
4.289388284087181091e-02
-4.639878496527671814e-02
4.741086158901453018e-03
-1.938390359282493591e-02
3.864051029086112976e-02
6.873017549514770508e-02
-6.901413202285766602e-02
-9.037107974290847778e-02
-1.024677604436874390e-01
-5.069102044217288494e-04
2.482661604881286621e-02
-3.498183563351631165e-02
5.514023452997207642e-02
2.485925145447254181e-02
-5.884260404855012894e-03
-5.752244219183921814e-02
1.204114034771919250e-01
-7.087288796901702881e-02
-4.214727878570556641e-02
-7.951477915048599243e-02
-4.376636072993278503e-02
-3.124440833926200867e-02
3.616213425993919373e-02
6.780701875686645508e-02
4.087747260928153992e-02
2.741503715515136719e-02
-2.773421816527843475e-02
-2.440825803205370903e-03
7.592905312776565552e-02
-6.485684961080551147e-02
6.256017833948135376e-02
-7.158634252846240997e-03
6.175095215439796448e-02
-9.052776545286178589e-02
1.777574606239795685e-02
2.696219645440578461e-02
-4.622159991413354874e-03
8.936518430709838867e-02
-5.183798447251319885e-02
8.240894228219985962e-02
1.218015514314174652e-02
3.458797000348567963e-04
-2.388111501932144165e-02
-1.649295352399349213e-02
-7.279023528099060059e-02
2.641587518155574799e-02
-3.051902540028095245e-02
1.349419914186000824e-02
1.485072635114192963e-02
-6.185659766197204590e-02
1.036562956869602203e-02
-6.041654199361801147e-02
8.702120929956436157e-02
3.611297160387039185e-02
-4.680782929062843323e-02
-3.369619324803352356e-02
4.106256237719208002e-04
-2.012549713253974915e-02
-5.917925387620925903e-03
-1.955411769449710846e-02
-6.481802463531494141e-02
2.929048798978328705e-02
5.556643754243850708e-02
-1.890192367136478424e-02
-4.854936525225639343e-02
1.723412610590457916e-02
-2.914390154182910919e-02
-1.003188360482454300e-02
4.356973618268966675e-02
-5.601934343576431274e-02
-5.574973765760660172e-03
-5.423490330576896667e-02
8.921823650598526001e-02
-8.725553005933761597e-02
9.257573634386062622e-02
5.608761310577392578e-02
1.337732225656509399e-01
3.856950998306274414e-02
1.247873529791831970e-01
8.792072534561157227e-03
-4.456538707017898560e-02
-8.168239146471023560e-03
2.220452576875686646e-02
-1.700253039598464966e-01
1.706670410931110382e-02
-1.527570467442274094e-02
5.449262261390686035e-02
-4.251495748758316040e-02
-1.248726621270179749e-02
-3.575561195611953735e-02
-2.097314782440662384e-02
-4.762877896428108215e-02
8.657418936491012573e-02
-5.910720676183700562e-02
1.123312301933765411e-02
-1.307312678545713425e-02
6.265150010585784912e-02
1.051821634173393250e-01
1.617817766964435577e-02
5.628504231572151184e-02
6.704645603895187378e-02
-3.733792528510093689e-02
-7.141952961683273315e-02
-5.250002816319465637e-02
-9.321820735931396484e-02
-1.361086815595626831e-01
9.376472234725952148e-02
4.358617961406707764e-02
1.868988946080207825e-02
2.262727124616503716e-03
-2.392416447401046753e-01
1.321725547313690186e-01
-1.890616267919540405e-01
-5.449103936553001404e-02
6.155701726675033569e-02
8.689784258604049683e-02
-2.245614081621170044e-01
-4.520728439092636108e-02
-3.550424054265022278e-02
7.349412422627210617e-03
1.255928445607423782e-02
9.776771068572998047e-02
6.861352175474166870e-02
-8.894085884094238281e-02
-2.831983380019664764e-02
8.464454673230648041e-03
-1.510876882821321487e-02
3.359470143914222717e-02
-2.423436194658279419e-02
3.178438171744346619e-02
