-7.865504920482635498e-02
-5.694305151700973511e-02
8.896979689598083496e-02
-5.973618477582931519e-02
-1.717702299356460571e-02
9.719219058752059937e-02
4.094478860497474670e-02
-1.167492046952247620e-01
9.546201676130294800e-02
4.303199052810668945e-02
-1.004903241991996765e-01
-6.065746396780014038e-02
9.412673115730285645e-02
-2.917781099677085876e-02
-3.740569809451699257e-04
5.205456167459487915e-02
2.652596682310104370e-02
-7.966705411672592163e-02
8.194937370717525482e-03
5.022875592112541199e-02
6.572824716567993164e-02
-3.502860665321350098e-03
-5.145012866705656052e-03
-2.831131964921951294e-02
4.034669697284698486e-02
-1.185233891010284424e-02
2.547511830925941467e-02
-5.017328634858131409e-02
-1.347216814756393433e-01
-7.868049666285514832e-03
-4.621854051947593689e-02
-8.004161715507507324e-02
4.660454578697681427e-04
1.103454381227493286e-01
7.439079927280545235e-04
-2.124142274260520935e-02
-6.619647145271301270e-02
-1.421929150819778442e-02
-1.075077336281538010e-02
2.180532366037368774e-02
-2.842130511999130249e-02
-2.075522392988204956e-02
2.730752900242805481e-02
-7.671527564525604248e-02
9.238076210021972656e-02
8.757030963897705078e-02
5.249826237559318542e-02
-7.429343182593584061e-03
-7.757756859064102173e-02
-7.476318627595901489e-02
-5.513596534729003906e-02
1.218466907739639282e-01
-2.473995462059974670e-02
4.296357184648513794e-02
8.960504829883575439e-02
-1.040436420589685440e-02
-5.408034101128578186e-02
1.300957147032022476e-02
3.103002347052097321e-02
2.792398445308208466e-02
3.774973377585411072e-02
-8.235584944486618042e-03
8.091968297958374023e-02
-1.597026288509368896e-01
-1.752614043653011322e-02
-1.698988489806652069e-02
-3.920016810297966003e-02
7.450629025697708130e-02
-4.068093001842498779e-02
-6.431273184716701508e-03
1.028040423989295959e-02
-2.866528742015361786e-02
-1.257895957678556442e-02
6.216137856245040894e-02
1.824446395039558411e-02
9.569096378982067108e-03
2.657457999885082245e-02
4.601630941033363342e-02
-7.680618017911911011e-02
6.485738605260848999e-02
-7.487520575523376465e-02
4.870822653174400330e-02
3.579539433121681213e-02
-1.141172572970390320e-01
-7.420455664396286011e-02
-1.742041669785976410e-02
4.171907901763916016e-02
9.740510582923889160e-02
-9.753516875207424164e-03
-4.443421587347984314e-02
2.604319900274276733e-02
7.018786855041980743e-03
-9.485358744859695435e-02
5.155817791819572449e-02
-1.293783038854598999e-01
3.067085053771734238e-03
-8.978042006492614746e-02
3.446205705404281616e-02
-1.062831282615661621e-02
-1.647183857858181000e-02
-9.478762745857238770e-02
-2.471039630472660065e-02
-1.227581128478050232e-02
4.094836488366127014e-02
-3.876542299985885620e-02
-3.513965755701065063e-02
7.996605336666107178e-02
2.556812949478626251e-03
2.764051780104637146e-02
3.454626770690083504e-03
-7.850386202335357666e-02
2.022068761289119720e-02
-2.911542914807796478e-02
-3.456873446702957153e-02
-9.900579601526260376e-02
-2.656942792236804962e-02
4.014369845390319824e-02
-6.894332170486450195e-02
-1.702404953539371490e-02
9.622301906347274780e-02
4.719774052500724792e-02
-5.123518779873847961e-02
-1.472246274352073669e-02
-5.823308136314153671e-03
3.817369043827056885e-02
8.288532495498657227e-02
-4.696984961628913879e-02
-1.010199412703514099e-01
-5.576662719249725342e-02
-2.649508044123649597e-02
2.701137959957122803e-02
-7.846754044294357300e-02
6.887024641036987305e-02
3.433014452457427979e-02
8.769148029386997223e-03
-6.430567800998687744e-02
1.190759763121604919e-01
-4.753283411264419556e-02
-1.659549959003925323e-02
-3.302403539419174194e-02
-1.633837446570396423e-02
-5.247285589575767517e-02
5.280943587422370911e-02
6.581027060747146606e-02
4.518398642539978027e-02
2.594534680247306824e-02
-1.620875857770442963e-02
7.661033421754837036e-02
5.592684820294380188e-02
-5.437199771404266357e-02
4.886853322386741638e-02
-1.440509315580129623e-02
3.587475046515464783e-02
-8.989097177982330322e-02
1.021735649555921555e-02
7.683240622282028198e-02
2.789760939776897430e-02
7.792485505342483521e-02
-6.881070137023925781e-02
1.019834280014038086e-01
6.236773356795310974e-02
-5.585765466094017029e-03
2.713471418246626854e-03
-5.716388579457998276e-03
-5.480990931391716003e-02
2.286266908049583435e-02
-2.740554325282573700e-02
-9.831009432673454285e-03
3.526490181684494019e-02
-5.756801739335060120e-02
4.756144061684608459e-02
-5.638119205832481384e-02
7.197628915309906006e-02
3.853470832109451294e-02
-7.695057988166809082e-02
-2.003663033246994019e-02
-1.867856644093990326e-02
-2.026466280221939087e-02
4.849101416766643524e-03
4.819965921342372894e-03
-2.938309125602245331e-02
-1.458887360058724880e-03
4.224277287721633911e-02
-3.534788638353347778e-02
-4.649493470788002014e-02
4.231306258589029312e-03
-3.511022403836250305e-02
2.223097952082753181e-03
6.683313101530075073e-02
-8.463008701801300049e-02
-2.220532484352588654e-02
-5.036809295415878296e-02
6.622015684843063354e-02
-1.135540530085563660e-01
1.085310131311416626e-01
6.496856361627578735e-02
1.586659550666809082e-01
6.074460968375205994e-02
9.722757339477539062e-02
-1.131365727633237839e-02
-2.914165705442428589e-02
-3.203093633055686951e-02
2.893805876374244690e-02
-1.563859432935714722e-01
-6.853493396192789078e-03
-4.892399534583091736e-02
6.373679637908935547e-02
-9.163920767605304718e-03
-6.381548475474119186e-03
-2.429988235235214233e-02
-1.948620378971099854e-02
-3.408379852771759033e-02
7.738140970468521118e-02
-7.829026877880096436e-02
7.317827083170413971e-03
2.281177788972854614e-03
3.291019424796104431e-02
5.893925949931144714e-02
5.964298732578754425e-03
8.508756756782531738e-02
8.533395081758499146e-02
-1.756552839651703835e-03
-8.316657692193984985e-02
-3.889492154121398926e-02
-7.588716596364974976e-02
-1.384025812149047852e-01
6.366646289825439453e-02
1.662358827888965607e-02
1.050560642033815384e-02
1.602670550346374512e-02
-2.127083986997604370e-01
9.208491444587707520e-02
-1.962050050497055054e-01
-5.091187730431556702e-02
5.422248691320419312e-02
9.224822372198104858e-02
-1.884188503026962280e-01
-6.571882218122482300e-02
-1.050265878438949585e-02
3.209321945905685425e-02
9.202696382999420166e-03
1.179248690605163574e-01
1.400006264448165894e-01
-1.421286016702651978e-01
-6.057991459965705872e-02
-1.155569776892662048e-02
-2.934651076793670654e-02
8.294573426246643066e-02
-2.973866462707519531e-02
9.472054988145828247e-02
