-7.785288244485855103e-02
1.408124063163995743e-02
-5.622065439820289612e-02
8.762325160205364227e-04
5.990419909358024597e-02
7.038362324237823486e-03
5.362472310662269592e-02
-8.257038891315460205e-02
1.017311587929725647e-01
4.184679687023162842e-02
-2.539816871285438538e-02
-7.407149672508239746e-02
3.552838787436485291e-02
1.527779083698987961e-02
-4.985799081623554230e-03
-1.273946021683514118e-03
7.204058021306991577e-02
-3.252933174371719360e-02
9.095027111470699310e-03
5.994355306029319763e-02
1.352165266871452332e-02
4.690195620059967041e-02
6.797336041927337646e-03
-2.354696951806545258e-02
-1.075067371129989624e-02
3.015208616852760315e-02
-3.378343209624290466e-02
4.489215090870857239e-02
-4.251626133918762207e-02
1.090466827154159546e-01
-1.012474391609430313e-02
-1.131261140108108521e-01
-6.190042477101087570e-03
-3.693776670843362808e-03
-1.095563173294067383e-02
-7.436201442033052444e-03
-1.102694049477577209e-01
5.541782826185226440e-02
-6.729375571012496948e-02
6.466115266084671021e-02
-4.916317015886306763e-02
-2.142468467354774475e-02
-2.164308726787567139e-02
-9.080796688795089722e-02
8.245322853326797485e-02
6.442957371473312378e-02
1.110269054770469666e-01
2.643370069563388824e-02
-8.295143954455852509e-03
-2.637356892228126526e-02
-6.513572484254837036e-02
1.518077403306961060e-01
-1.446795836091041565e-02
9.165058284997940063e-02
4.767642542719841003e-02
-4.480982944369316101e-02
1.862355694174766541e-02
3.773819282650947571e-02
3.399137407541275024e-02
-7.039896398782730103e-02
1.626687869429588318e-02
-5.700697004795074463e-02
8.408928662538528442e-02
-1.219947114586830139e-01
-2.761518582701683044e-02
1.502333953976631165e-02
1.272239070385694504e-02
5.166814476251602173e-02
4.822889342904090881e-02
-9.085391461849212646e-02
8.207817375659942627e-02
-1.962538622319698334e-02
-2.115269750356674194e-02
-1.587538048624992371e-02
1.289185136556625366e-02
-2.022537402808666229e-02
8.925104513764381409e-03
2.674936503171920776e-02
-3.124053217470645905e-02
8.726671338081359863e-02
-9.753835201263427734e-02
2.761724870651960373e-03
2.187149971723556519e-02
-8.365228027105331421e-02
-3.734406828880310059e-02
-1.104815397411584854e-02
-7.790622767060995102e-03
2.331532537937164307e-02
5.307238548994064331e-02
-5.172109231352806091e-02
1.894304901361465454e-02
9.949979931116104126e-02
-4.781895503401756287e-02
5.942833423614501953e-02
-3.034866787493228912e-02
-1.214428525418043137e-02
-5.681580677628517151e-02
3.536938503384590149e-02
1.898152567446231842e-02
-3.279057331383228302e-03
-8.494454622268676758e-02
-2.091277390718460083e-02
-5.010451748967170715e-02
2.832461334764957428e-02
8.589002303779125214e-03
-1.143187098205089569e-02
3.863339126110076904e-02
3.378503397107124329e-02
7.771904021501541138e-02
3.579560900107026100e-03
-1.143487021327018738e-01
5.693175829946994781e-03
-5.403908714652061462e-02
-3.193131461739540100e-02
-4.442406818270683289e-02
-6.672098487615585327e-02
4.334655590355396271e-03
-1.378593500703573227e-02
1.701276376843452454e-02
4.733845591545104980e-02
2.496952936053276062e-02
-5.063579976558685303e-02
-7.206236012279987335e-03
-1.050408557057380676e-02
-1.185142342001199722e-02
2.893757261335849762e-02
9.354634210467338562e-03
-8.061935007572174072e-02
4.108934476971626282e-02
-4.584831744432449341e-02
-1.558629702776670456e-02
-6.059240922331809998e-02
3.315512090921401978e-02
1.053411979228258133e-02
7.138174027204513550e-02
-4.206102341413497925e-03
2.684552688151597977e-03
-1.179244369268417358e-02
6.692647468298673630e-03
3.078122064471244812e-02
-3.707659617066383362e-02
-2.058646269142627716e-02
-7.002357859164476395e-03
-4.303215816617012024e-02
7.655917108058929443e-02
6.710201501846313477e-03
2.132245898246765137e-02
7.851487398147583008e-02
2.573904395103454590e-02
-4.033710435032844543e-02
1.023485790938138962e-02
2.219847962260246277e-02
-4.297720640897750854e-02
-7.176131755113601685e-02
1.997511088848114014e-02
4.643422737717628479e-02
3.616926819086074829e-02
1.266822125762701035e-02
2.322712726891040802e-02
8.707445114850997925e-02
3.424732014536857605e-02
-3.987547010183334351e-02
1.687986962497234344e-02
1.457394193857908249e-02
-2.879606746137142181e-02
-2.136848866939544678e-03
-5.474531278014183044e-02
-2.285748533904552460e-02
4.237145930528640747e-02
-7.484039664268493652e-02
2.120156213641166687e-02
-1.737795956432819366e-02
3.738801926374435425e-02
8.380852639675140381e-02
-3.869548812508583069e-02
1.214455813169479370e-02
3.377602668479084969e-03
-1.160487066954374313e-02
1.305905543267726898e-02
5.463089048862457275e-02
6.295647472143173218e-02
-4.350501671433448792e-02
-1.992720644921064377e-03
-2.319579571485519409e-02
-5.743503198027610779e-02
-5.589417647570371628e-03
-5.262043327093124390e-02
-1.765560172498226166e-02
2.634470118209719658e-03
-3.006864152848720551e-02
-3.088980168104171753e-02
-2.014622278511524200e-02
3.599991649389266968e-02
-1.188521087169647217e-01
1.047821640968322754e-01
9.285173378884792328e-03
2.031892836093902588e-01
5.921341851353645325e-02
6.237712502479553223e-02
-8.758901618421077728e-03
1.905994676053524017e-02
-6.768924742937088013e-02
6.393343955278396606e-02
-1.166800931096076965e-01
1.008488982915878296e-02
-9.605120122432708740e-02
6.041656434535980225e-02
-1.883243583142757416e-02
2.625741530209779739e-03
-4.618703201413154602e-02
2.444169856607913971e-02
2.159392647445201874e-02
5.681726336479187012e-02
-6.095468252897262573e-02
1.858977228403091431e-02
7.076454348862171173e-03
2.705308981239795685e-02
3.627764806151390076e-02
-4.402465373277664185e-02
9.095567464828491211e-02
9.779166430234909058e-02
-9.043913334608078003e-03
-1.053036153316497803e-01
-5.803548172116279602e-02
-5.460329726338386536e-02
-1.498937010765075684e-01
6.654834747314453125e-02
-3.041349351406097412e-03
-1.416361052542924881e-02
6.705784052610397339e-02
-1.280289590358734131e-01
6.636875867843627930e-02
-1.294811666011810303e-01
-3.911067917943000793e-02
1.580348424613475800e-02
7.917786389589309692e-02
-1.184792369604110718e-01
-7.003287225961685181e-02
-1.459512207657098770e-02
1.227794811129570007e-01
-4.612982645630836487e-02
1.286061853170394897e-01
2.948769330978393555e-01
-1.813006997108459473e-01
-1.598123311996459961e-01
-3.511552885174751282e-02
-1.891762949526309967e-02
2.323942184448242188e-01
-7.111775875091552734e-02
2.216644287109375000e-01
