-8.809900283813476562e-02
-7.278622686862945557e-02
1.088812649250030518e-01
-5.077215656638145447e-02
-2.651333436369895935e-02
6.447272747755050659e-02
-5.310293287038803101e-03
-1.053295359015464783e-01
7.561697065830230713e-02
4.788760840892791748e-02
-1.193612068891525269e-01
-2.770446799695491791e-02
1.063667014241218567e-01
-6.813625339418649673e-03
-1.703692949377000332e-03
6.454111635684967041e-02
1.247107144445180893e-02
-9.397402405738830566e-02
4.131397977471351624e-02
3.416166454553604126e-02
1.032442599534988403e-01
-1.540166698396205902e-02
-9.976239874958992004e-03
-3.094200417399406433e-02
4.915008321404457092e-02
-1.928484812378883362e-02
3.338498249650001526e-02
-6.612494587898254395e-02
-2.070745229721069336e-01
-3.330314904451370239e-02
-5.824327096343040466e-02
-1.048703342676162720e-01
1.893725618720054626e-02
1.323015242815017700e-01
-1.710792817175388336e-02
-6.089505925774574280e-02
-1.023238077759742737e-01
4.118333454243838787e-04
-5.012578913010656834e-04
1.605603285133838654e-02
-1.527824997901916504e-02
-5.387005954980850220e-02
3.962209820747375488e-02
-8.303280174732208252e-02
8.441960811614990234e-02
9.009791165590286255e-02
3.055551275610923767e-02
1.528379041701555252e-02
-1.058009564876556396e-01
-5.442163348197937012e-02
-3.559744358062744141e-02
1.616414487361907959e-01
-3.510177135467529297e-02
3.720428794622421265e-02
9.119514375925064087e-02
-1.275067869573831558e-02
-4.692644253373146057e-02
1.446570269763469696e-02
6.583346426486968994e-02
7.833886891603469849e-03
3.029931895434856415e-02
-9.507328271865844727e-03
8.824057132005691528e-02
-1.356538981199264526e-01
1.398487575352191925e-02
-9.556169621646404266e-03
-6.944734603166580200e-02
7.422916591167449951e-02
-3.524563461542129517e-02
-3.034039400517940521e-02
8.698327466845512390e-03
-2.762343361973762512e-02
2.038543485105037689e-02
8.176624029874801636e-02
3.522278368473052979e-02
9.269991889595985413e-03
2.110152877867221832e-02
5.398883298039436340e-02
-8.722335845232009888e-02
7.573133707046508789e-02
-7.626100629568099976e-02
9.391755796968936920e-03
2.501984499394893646e-02
-1.379328221082687378e-01
-9.536344558000564575e-02
-4.875723272562026978e-03
5.829201638698577881e-02
1.277634799480438232e-01
-7.607054896652698517e-03
-1.765466481447219849e-02
1.789973676204681396e-02
-6.688803434371948242e-03
-1.040620729327201843e-01
6.184483692049980164e-02
-9.984705597162246704e-02
-1.708249561488628387e-02
-1.114850267767906189e-01
6.565315276384353638e-02
1.041739154607057571e-02
-1.895124651491641998e-02
-9.108863025903701782e-02
-3.392954170703887939e-02
-4.885619506239891052e-02
2.940716780722141266e-02
-3.208531066775321960e-02
-6.083575636148452759e-02
7.972914725542068481e-02
3.899131435900926590e-03
8.882976137101650238e-03
-3.443389385938644409e-02
-3.732908144593238831e-02
4.501732438802719116e-02
-3.053229302167892456e-02
-1.390617433935403824e-02
-1.000389754772186279e-01
-2.981641143560409546e-02
5.070375651121139526e-02
-5.698892846703529358e-02
5.306872539222240448e-03
1.165946125984191895e-01
4.777359217405319214e-02
-5.637015402317047119e-02
-7.476697117090225220e-02
2.535266242921352386e-02
1.879834756255149841e-02
8.355308324098587036e-02
-4.229493439197540283e-02
-1.098841354250907898e-01
-4.085970669984817505e-02
-1.119592320173978806e-02
-2.129142358899116516e-02
-1.762001402676105499e-02
4.290997982025146484e-02
3.105121105909347534e-02
1.216071774251759052e-03
-6.038298830389976501e-02
7.611909508705139160e-02
3.146609524264931679e-03
-1.179802604019641876e-02
-9.116921573877334595e-03
3.994647786021232605e-02
-4.261626303195953369e-02
7.138460129499435425e-02
8.058217912912368774e-02
7.496093958616256714e-02
3.154493635520339012e-03
-2.214241772890090942e-02
4.855673387646675110e-02
7.756703346967697144e-02
-4.574123024940490723e-02
1.412729173898696899e-02
6.859629880636930466e-03
2.035029977560043335e-02
-5.661927536129951477e-02
3.058733418583869934e-02
7.991618663072586060e-02
-1.396298641338944435e-03
4.653287678956985474e-02
-6.142931059002876282e-02
1.023455709218978882e-01
3.803904354572296143e-02
-4.549326375126838684e-03
3.394414111971855164e-02
-4.650815390050411224e-04
-4.438551887869834900e-02
4.146916791796684265e-02
-4.470044746994972229e-02
-1.706631667912006378e-02
2.844427339732646942e-02
-7.750349491834640503e-02
4.217531904578208923e-02
-9.853326529264450073e-02
9.068176150321960449e-02
2.818736433982849121e-02
-8.753341436386108398e-02
-5.312068015336990356e-02
-8.572607487440109253e-02
-6.520357914268970490e-03
-1.220458932220935822e-02
1.833579689264297485e-02
-4.522094875574111938e-02
-3.026287537068128586e-03
8.558060973882675171e-02
-3.949864581227302551e-02
-4.050822183489799500e-02
4.906470701098442078e-02
5.217597354203462601e-04
1.664042659103870392e-02
6.862653046846389771e-02
-7.386017590761184692e-02
5.282999947667121887e-03
-4.184490442276000977e-02
6.112604588270187378e-02
-9.136429429054260254e-02
1.190061196684837341e-01
6.767538189888000488e-02
1.509501338005065918e-01
6.775332242250442505e-02
5.064380541443824768e-02
-2.337178587913513184e-02
-3.711708262562751770e-02
1.160962041467428207e-02
1.480258908122777939e-02
-1.497154086828231812e-01
-1.224080193787813187e-02
3.003577236086130142e-03
3.826062381267547607e-02
1.421603467315435410e-02
-3.654864616692066193e-03
-2.097977325320243835e-02
2.517062239348888397e-02
-3.225935995578765869e-02
6.927058100700378418e-02
-7.361185550689697266e-02
2.185758948326110840e-02
3.799695288762450218e-03
4.249795153737068176e-02
3.360157832503318787e-02
2.849563956260681152e-02
6.076415628194808960e-02
9.167679399251937866e-02
6.450393702834844589e-03
-5.667598545551300049e-02
-6.232485175132751465e-02
-8.681714534759521484e-02
-1.734157353639602661e-01
5.382711812853813171e-02
2.995497360825538635e-02
1.566990837454795837e-02
-2.526429295539855957e-02
-1.729965060949325562e-01
6.888911873102188110e-02
-1.390101909637451172e-01
-4.613193497061729431e-02
1.038134284317493439e-02
4.279208183288574219e-02
-1.286546736955642700e-01
-3.423108160495758057e-02
2.225530333817005157e-03
1.567054726183414459e-02
1.583718881011009216e-02
5.901718139648437500e-02
1.363183557987213135e-01
-9.206418693065643311e-02
-6.821165978908538818e-02
-2.090707980096340179e-02
-9.129015379585325718e-04
4.658581689000129700e-02
-4.076850041747093201e-02
1.205858737230300903e-01
