-9.933732450008392334e-02
-4.248584434390068054e-02
6.996122747659683228e-02
-3.807730227708816528e-02
-5.811542272567749023e-03
6.548877060413360596e-02
3.450077027082443237e-02
-1.078639626502990723e-01
1.022943258285522461e-01
4.247007146477699280e-02
-1.275916099548339844e-01
-7.337795197963714600e-02
9.408341348171234131e-02
-3.114454634487628937e-02
9.094566106796264648e-03
1.794207282364368439e-02
5.137443542480468750e-02
-8.978279680013656616e-02
3.593787550926208496e-02
3.106049261987209320e-02
6.124321743845939636e-02
-1.961548812687397003e-02
-1.856821123510599136e-03
4.086170520167797804e-04
3.938509896397590637e-02
-1.605756580829620361e-02
3.831150941550731659e-03
-3.652496263384819031e-02
-9.227831661701202393e-02
-6.229313090443611145e-03
-4.775410145521163940e-02
-7.841002941131591797e-02
3.290406661108136177e-03
8.210479468107223511e-02
-1.362524740397930145e-02
-3.097192570567131042e-02
-8.639695495367050171e-02
-2.999827265739440918e-03
-7.045540492981672287e-03
2.599027380347251892e-02
-4.314452409744262695e-02
-2.164818905293941498e-02
1.556451991200447083e-02
-8.216067403554916382e-02
1.237449347972869873e-01
1.099831536412239075e-01
5.520727857947349548e-02
-3.134341165423393250e-02
-6.525476276874542236e-02
-9.875015169382095337e-02
-4.101213812828063965e-02
1.299180537462234497e-01
-3.567349910736083984e-02
7.431830465793609619e-02
7.433004677295684814e-02
-1.450544688850641251e-02
-4.685696959495544434e-02
2.714422158896923065e-02
4.660174623131752014e-02
1.475922018289566040e-02
5.771850794553756714e-02
-4.906914196908473969e-03
9.967689216136932373e-02
-1.623350232839584351e-01
-3.279785159975290298e-03
-6.063739303499460220e-03
-3.848890960216522217e-02
7.834925502538681030e-02
-3.809910267591476440e-02
-5.152367055416107178e-02
3.766071796417236328e-02
-1.726177334785461426e-02
-1.488886214792728424e-02
5.987460911273956299e-02
1.599889621138572693e-02
2.580811269581317902e-02
2.313429117202758789e-02
4.977166280150413513e-02
-5.821852758526802063e-02
6.131210550665855408e-02
-8.339601010084152222e-02
3.806683048605918884e-02
2.741564437747001648e-02
-1.084263473749160767e-01
-7.723837345838546753e-02
-1.179811661131680012e-03
3.937327489256858826e-02
1.116897761821746826e-01
1.814158819615840912e-02
-5.720060318708419800e-02
5.263070762157440186e-02
6.007989402860403061e-03
-9.089262783527374268e-02
6.344655901193618774e-02
-1.270332038402557373e-01
7.168061565607786179e-03
-7.330626994371414185e-02
4.458425566554069519e-02
-1.554703991860151291e-02
-4.837831947952508926e-03
-8.005633205175399780e-02
-1.920361630618572235e-02
-1.582683250308036804e-02
1.464586146175861359e-02
-4.809678718447685242e-02
-2.672211825847625732e-02
9.789942204952239990e-02
-9.603175334632396698e-03
3.033573366701602936e-02
-2.505925716832280159e-03
-8.104277402162551880e-02
-6.309264339506626129e-03
-2.181022986769676208e-02
-3.910226374864578247e-02
-7.405068725347518921e-02
-2.810511551797389984e-02
5.320686846971511841e-02
-5.016569048166275024e-02
-1.385042071342468262e-02
7.836119830608367920e-02
4.198134690523147583e-02
-2.618184871971607208e-02
-1.364928577095270157e-02
1.839320361614227295e-02
1.059017376974225044e-03
5.773832648992538452e-02
-4.922568053007125854e-02
-1.045617610216140747e-01
-5.795522779226303101e-02
-4.360428825020790100e-02
3.448074683547019958e-02
-6.949742138385772705e-02
7.582590728998184204e-02
2.481984533369541168e-02
1.958004944026470184e-02
-7.473654299974441528e-02
1.030002385377883911e-01
-6.188167631626129150e-02
-2.353985980153083801e-02
-3.906877338886260986e-02
-2.599090896546840668e-02
-5.280085280537605286e-02
5.513438954949378967e-02
5.491124093532562256e-02
5.382816493511199951e-02
1.123488508164882660e-02
-4.681971296668052673e-02
6.540755182504653931e-02
6.975731998682022095e-02
-6.287552416324615479e-02
6.371921300888061523e-02
-1.472883159294724464e-03
3.327546268701553345e-02
-9.760123491287231445e-02
1.421738322824239731e-02
8.655817061662673950e-02
1.657880470156669617e-02
7.182855904102325439e-02
-5.191599205136299133e-02
1.008473932743072510e-01
3.262805193662643433e-02
-3.571913391351699829e-02
1.651993766427040100e-02
-2.697959356009960175e-02
-3.638470545411109924e-02
8.687094785273075104e-03
-7.207359652966260910e-03
3.852268448099493980e-03
3.111387044191360474e-02
-1.995587162673473358e-02
1.115267258137464523e-02
-2.639123797416687012e-02
3.633438795804977417e-02
3.643837198615074158e-02
-6.020480766892433167e-02
-1.988394744694232941e-02
-3.795371740125119686e-04
-2.763582393527030945e-02
1.382633764296770096e-02
1.467144861817359924e-02
-2.144974470138549805e-02
1.489076483994722366e-02
3.529233485460281372e-02
-4.235465824604034424e-02
-3.948954865336418152e-02
2.434067893773317337e-03
-3.461666777729988098e-02
1.084282435476779938e-02
2.676185965538024902e-02
-4.618005082011222839e-02
-2.400190802291035652e-03
-4.445490986108779907e-02
5.692872777581214905e-02
-1.129385083913803101e-01
9.867700934410095215e-02
5.176253244280815125e-02
1.630434840917587280e-01
4.697660356760025024e-02
9.073261171579360962e-02
-5.977766122668981552e-04
-3.063742630183696747e-02
-1.569279655814170837e-02
4.584169387817382812e-02
-1.414987593889236450e-01
-1.057900371961295605e-03
-6.164178252220153809e-02
6.484791636466979980e-02
6.300668232142925262e-03
1.245311275124549866e-02
-1.493515819311141968e-02
-2.885008975863456726e-02
-3.489476069808006287e-02
7.603918015956878662e-02
-8.168725669384002686e-02
-1.388192060403525829e-03
-1.033279579132795334e-02
4.948306456208229065e-02
2.919706702232360840e-02
-1.027692109346389771e-02
7.140458375215530396e-02
7.927029579877853394e-02
-1.520628388971090317e-02
-7.821328938007354736e-02
-3.613093495368957520e-02
-6.912903487682342529e-02
-1.360263824462890625e-01
6.931364536285400391e-02
1.019466388970613480e-02
6.777535658329725266e-03
3.024019859731197357e-02
-2.295815199613571167e-01
8.233714103698730469e-02
-1.967881917953491211e-01
-4.231213405728340149e-02
4.473953694105148315e-02
7.006895542144775391e-02
-1.954111456871032715e-01
-6.282293051481246948e-02
-2.406143397092819214e-02
6.691782921552658081e-02
-2.207302488386631012e-02
8.880899101495742798e-02
1.785328835248947144e-01
-1.530568450689315796e-01
-8.500463515520095825e-02
-9.024346363730728626e-04
-3.076365217566490173e-02
1.079667359590530396e-01
-6.321645528078079224e-02
1.331218332052230835e-01
