-6.481507420539855957e-02
-4.026256129145622253e-02
5.930697545409202576e-02
-4.319447651505470276e-02
-1.705941371619701385e-02
3.175750747323036194e-02
-3.766943002119660378e-03
-9.934961795806884766e-02
9.543746709823608398e-02
5.172593519091606140e-02
-1.119527295231819153e-01
-7.030096650123596191e-02
1.170989051461219788e-01
-2.452130243182182312e-02
-2.171979844570159912e-02
9.197662770748138428e-02
2.547656372189521790e-02
-8.844627439975738525e-02
5.692495033144950867e-02
-1.396953943185508251e-03
6.899937987327575684e-02
-3.730568662285804749e-02
1.064584776759147644e-02
-5.690610408782958984e-02
2.986307255923748016e-02
-1.851996779441833496e-02
2.257983759045600891e-02
-6.101232394576072693e-02
-1.178553253412246704e-01
1.234071096405386925e-03
-4.911604523658752441e-02
-8.332054316997528076e-02
-1.318129524588584900e-02
9.895776212215423584e-02
-6.930705625563859940e-03
-2.291229926049709320e-02
-9.055222570896148682e-02
-2.298085950314998627e-02
-1.347633311524987221e-03
2.932536229491233826e-02
-3.286265954375267029e-02
-3.089450113475322723e-02
4.032809287309646606e-02
-8.368540555238723755e-02
1.063237413763999939e-01
4.999383911490440369e-02
3.545621782541275024e-02
1.104899402707815170e-02
-4.404674842953681946e-02
-7.785556465387344360e-02
-2.478383667767047882e-02
1.051060110330581665e-01
2.776623296085745096e-04
2.016356214880943298e-02
4.896824806928634644e-02
7.149735465645790100e-03
-5.850437283515930176e-02
2.221000567078590393e-02
5.905012413859367371e-02
-2.099976409226655960e-03
4.003605991601943970e-02
2.046721056103706360e-03
6.477252393960952759e-02
-1.181042045354843140e-01
-8.470419794321060181e-03
-1.030062045902013779e-02
-2.974005974829196930e-02
1.959729939699172974e-02
-1.375633059069514275e-03
-4.002757370471954346e-02
1.855306699872016907e-02
-7.460994180291891098e-03
-1.037177257239818573e-02
3.761315718293190002e-02
3.248393163084983826e-02
2.077326364815235138e-02
6.906032562255859375e-03
2.798288315534591675e-02
-2.560050413012504578e-02
5.533994361758232117e-02
-5.279227718710899353e-02
2.410251088440418243e-02
1.393009629100561142e-02
-1.029136329889297485e-01
-4.712940379977226257e-02
-1.318507362157106400e-02
4.005851596593856812e-02
1.048081815242767334e-01
5.023939069360494614e-03
-2.497326955199241638e-02
4.002056270837783813e-02
3.060995973646640778e-02
-1.140305995941162109e-01
1.588633283972740173e-02
-7.194344699382781982e-02
-1.272926945239305496e-02
-1.025211438536643982e-01
7.656035572290420532e-02
-1.809111796319484711e-02
-1.422041840851306915e-02
-1.020077466964721680e-01
-2.259689383208751678e-02
-3.656436502933502197e-02
4.019992426037788391e-02
-3.562448546290397644e-02
-4.433601349592208862e-02
6.415382027626037598e-02
2.635101042687892914e-02
3.206851705908775330e-02
-2.811739686876535416e-03
-3.750150650739669800e-02
2.222417853772640228e-02
-2.769644930958747864e-02
1.171821146272122860e-03
-7.891283929347991943e-02
-3.756270557641983032e-02
3.424287214875221252e-02
-3.651631623506546021e-02
1.283744815737009048e-02
8.213669061660766602e-02
3.285296633839607239e-02
-3.490877151489257812e-02
-3.219063952565193176e-02
9.354411158710718155e-04
-4.310768097639083862e-03
7.163134962320327759e-02
-4.161554202437400818e-02
-9.345847368240356445e-02
-5.200926959514617920e-02
-8.519844152033329010e-03
-1.593825779855251312e-02
-1.976540498435497284e-02
7.895128428936004639e-02
1.846105605363845825e-02
2.818354591727256775e-02
-7.534354925155639648e-02
1.012534350156784058e-01
-4.337152466177940369e-02
-4.841307923197746277e-02
-5.045481771230697632e-02
-1.427446864545345306e-02
-5.087852850556373596e-02
5.360483750700950623e-02
4.743188992142677307e-02
5.716336145997047424e-02
1.906898804008960724e-02
-2.302091754972934723e-02
2.140326797962188721e-02
9.922185540199279785e-02
-7.551079988479614258e-02
4.064085334539413452e-02
3.918002918362617493e-02
4.251972585916519165e-02
-8.717051893472671509e-02
1.249056495726108551e-02
4.861619323492050171e-02
-1.522168610244989395e-02
7.026652991771697998e-02
-4.105807840824127197e-02
1.148117035627365112e-01
4.147177934646606445e-02
-2.847128361463546753e-02
1.991855353116989136e-02
-8.170976303517818451e-03
-3.495416790246963501e-02
9.752508252859115601e-03
-3.503626957535743713e-02
2.007610164582729340e-03
2.068674005568027496e-02
-2.877592109143733978e-02
-1.588239520788192749e-02
-6.706273555755615234e-02
5.532803386449813843e-02
5.785993859171867371e-02
-4.898117855191230774e-02
-4.409139230847358704e-02
-6.783301476389169693e-03
-7.403141353279352188e-03
1.140883890911936760e-03
1.965745352208614349e-02
-4.173573851585388184e-02
1.366541814059019089e-02
6.063756719231605530e-02
-8.207811042666435242e-03
-5.022629350423812866e-02
3.893387969583272934e-03
-3.531043883413076401e-03
6.633333396166563034e-03
3.294213116168975830e-02
-3.462142869830131531e-02
-1.293189078569412231e-02
-3.168730810284614563e-02
7.790692150592803955e-02
-1.319145709276199341e-01
1.278748810291290283e-01
5.213006585836410522e-02
1.684790253639221191e-01
4.629181697964668274e-02
1.181445419788360596e-01
8.313134312629699707e-03
-1.883035339415073395e-02
-1.426391582936048508e-02
2.699798159301280975e-02
-1.683203727006912231e-01
-3.340382128953933716e-02
-2.833066694438457489e-02
7.192354649305343628e-02
-2.042697556316852570e-02
5.730345728807151318e-04
-3.081760369241237640e-02
-1.644777250476181507e-03
-2.840065397322177887e-02
8.932120352983474731e-02
-7.052206993103027344e-02
3.084308095276355743e-02
-7.891396060585975647e-03
7.071003317832946777e-02
5.717469751834869385e-02
-5.270578898489475250e-03
6.818224489688873291e-02
7.116155326366424561e-02
-2.637947537004947662e-02
-9.260053932666778564e-02
-6.807304173707962036e-02
-8.103193342685699463e-02
-1.570446044206619263e-01
9.715673327445983887e-02
3.928434103727340698e-02
-2.291166456416249275e-03
1.919795759022235870e-02
-2.072803676128387451e-01
9.859916567802429199e-02
-1.693623960018157959e-01
-2.840166352689266205e-02
3.254495561122894287e-02
9.762448072433471680e-02
-2.250353395938873291e-01
-7.963023334741592407e-02
-3.787310793995857239e-02
6.683228164911270142e-02
-1.685094647109508514e-02
8.150608092546463013e-02
2.120986580848693848e-01
-1.508539766073226929e-01
-1.238828003406524658e-01
-2.894117310643196106e-02
-2.814954146742820740e-02
1.114799454808235168e-01
-5.382461845874786377e-02
1.754007637500762939e-01
