-9.875770658254623413e-02
-5.168548598885536194e-02
8.371198177337646484e-02
-4.713642597198486328e-02
-2.253279648721218109e-02
8.496244251728057861e-02
8.178684860467910767e-03
-7.712156325578689575e-02
9.919758141040802002e-02
3.676144033670425415e-02
-1.045355275273323059e-01
-3.064949065446853638e-02
1.002560257911682129e-01
1.496170531027019024e-03
3.395248949527740479e-02
2.724169939756393433e-02
2.754141576588153839e-02
-8.777549117803573608e-02
3.316371887922286987e-02
3.741610422730445862e-02
5.478473380208015442e-02
-8.918073959648609161e-03
-2.594886161386966705e-02
-4.193112836219370365e-04
3.389680385589599609e-02
-1.584205403923988342e-02
4.652084410190582275e-02
-6.236860528588294983e-02
-1.860806941986083984e-01
-6.626853346824645996e-02
-3.763328492641448975e-02
-9.463082253932952881e-02
1.577504910528659821e-02
1.289866417646408081e-01
-1.399416290223598480e-02
-6.964671611785888672e-02
-7.453963160514831543e-02
3.483037231490015984e-03
2.159899286925792694e-02
8.831879124045372009e-03
-1.096456591039896011e-02
-5.901033431291580200e-02
1.168755535036325455e-02
-5.439265072345733643e-02
9.936189651489257812e-02
1.128121837973594666e-01
3.780557215213775635e-02
-1.894421502947807312e-02
-7.638300210237503052e-02
-4.891676455736160278e-02
-3.916690871119499207e-02
1.130999550223350525e-01
-3.061555512249469757e-02
5.744775757193565369e-02
8.033990859985351562e-02
-1.535490620881319046e-03
-5.399781465530395508e-02
1.141192298382520676e-02
5.898033082485198975e-02
2.516642445698380470e-03
6.218807771801948547e-02
-3.359908610582351685e-02
9.881190955638885498e-02
-1.537854969501495361e-01
7.551891729235649109e-03
6.081061437726020813e-03
-4.532033205032348633e-02
7.846138626337051392e-02
-6.496749073266983032e-02
-4.275470599532127380e-02
3.270911984145641327e-03
-4.966770485043525696e-02
-6.133662071079015732e-03
8.617150783538818359e-02
3.184715285897254944e-02
7.823614403605461121e-03
2.863021194934844971e-02
5.077419802546501160e-02
-1.021705791354179382e-01
5.145790055394172668e-02
-6.497324258089065552e-02
1.789114996790885925e-02
2.853999473154544830e-02
-1.390436440706253052e-01
-8.810766041278839111e-02
2.158566936850547791e-02
2.970435842871665955e-02
1.093504726886749268e-01
-2.150480262935161591e-02
-4.204002022743225098e-02
2.747878991067409515e-02
-5.494891665875911713e-03
-7.428963482379913330e-02
8.443813771009445190e-02
-1.122169196605682373e-01
9.320299141108989716e-03
-1.120142340660095215e-01
3.309734910726547241e-02
7.596029900014400482e-03
-4.575608763843774796e-03
-8.404468744993209839e-02
-4.516192898154258728e-02
-3.596426919102668762e-02
1.982955075800418854e-02
-2.847339771687984467e-02
-3.983028233051300049e-02
8.419984579086303711e-02
1.851704786531627178e-03
2.506460808217525482e-02
-2.829201146960258484e-02
-6.828151643276214600e-02
3.920542076230049133e-02
-3.407257050275802612e-02
-5.332230776548385620e-02
-8.886934071779251099e-02
3.159455023705959320e-03
5.933415889739990234e-02
-6.856945157051086426e-02
1.667178049683570862e-02
8.412151783704757690e-02
5.294952169060707092e-02
-6.132340058684349060e-02
-4.231953248381614685e-02
8.768198080360889435e-03
1.539167668670415878e-02
6.809647381305694580e-02
-4.620442166924476624e-02
-9.282992780208587646e-02
-4.432562366127967834e-02
-3.322504833340644836e-02
2.263832092285156250e-02
-7.725615799427032471e-02
3.628451749682426453e-02
2.683216892182826996e-02
-1.570709608495235443e-02
-3.392751887440681458e-02
8.863341063261032104e-02
-4.114202782511711121e-02
-2.219549380242824554e-02
-1.562091335654258728e-02
1.509364601224660873e-02
-5.550433322787284851e-02
7.308668643236160278e-02
9.793013334274291992e-02
6.189834699034690857e-02
2.998054551426321268e-04
-2.460799552500247955e-02
5.790867283940315247e-02
7.161628454923629761e-02
-3.483637049794197083e-02
3.937879949808120728e-02
-1.205469481647014618e-02
-1.421689242124557495e-02
-5.843933299183845520e-02
5.843997932970523834e-03
7.741717994213104248e-02
2.742143580690026283e-03
7.353882491588592529e-02
-5.530017986893653870e-02
9.197113662958145142e-02
2.527616731822490692e-02
-1.407758239656686783e-02
2.394796907901763916e-02
6.615431513637304306e-03
-5.397353693842887878e-02
3.922438248991966248e-02
-3.985941782593727112e-02
-2.556896582245826721e-02
2.145859040319919586e-02
-6.124867126345634460e-02
3.955029696226119995e-02
-2.355978824198246002e-02
6.336760520935058594e-02
1.428569201380014420e-02
-6.680164486169815063e-02
-4.055172577500343323e-02
-6.607820093631744385e-02
-7.737303152680397034e-03
3.072591731324791908e-03
3.968969732522964478e-02
-2.167586982250213623e-02
-1.959294313564896584e-03
3.643053397536277771e-02
-4.362418130040168762e-02
-2.443395927548408508e-02
4.062876850366592407e-02
-1.731595955789089203e-03
-6.026361603289842606e-03
5.847001075744628906e-02
-5.010589957237243652e-02
-2.868598699569702148e-02
-4.177578538656234741e-02
8.449368178844451904e-02
-1.310589015483856201e-01
1.230099797248840332e-01
8.424718677997589111e-02
1.966761499643325806e-01
4.479947313666343689e-02
8.952789753675460815e-02
-5.310489237308502197e-02
-1.731280609965324402e-02
-1.474718283861875534e-02
3.180499374866485596e-02
-1.553989946842193604e-01
-1.579108461737632751e-02
-3.093738853931427002e-02
6.603488326072692871e-02
2.771893516182899475e-02
-1.734614185988903046e-02
-2.028775587677955627e-02
7.695359643548727036e-03
-5.191933363676071167e-02
7.053898274898529053e-02
-9.048131108283996582e-02
3.283723490312695503e-03
-1.047024037688970566e-02
3.677553310990333557e-02
5.278889834880828857e-02
9.184477676171809435e-05
7.497935742139816284e-02
1.089209169149398804e-01
2.046659216284751892e-02
-6.369915604591369629e-02
-4.435078054666519165e-02
-8.047734200954437256e-02
-1.443720012903213501e-01
4.445054009556770325e-02
1.982562802731990814e-02
2.300948649644851685e-02
-8.840059861540794373e-03
-1.866782158613204956e-01
7.466784864664077759e-02
-1.611967533826828003e-01
-6.091090664267539978e-02
4.048519209027290344e-02
4.994969442486763000e-02
-1.678775697946548462e-01
-3.465141728520393372e-02
-3.223364427685737610e-02
4.284588620066642761e-02
6.706493441015481949e-03
8.761946856975555420e-02
1.390414834022521973e-01
-9.972605854272842407e-02
-6.221173703670501709e-02
-1.840174570679664612e-02
-1.428910624235868454e-02
9.830828011035919189e-02
-2.473670989274978638e-02
1.377286165952682495e-01
