-6.141172721982002258e-02
-7.303363829851150513e-02
5.842457339167594910e-02
-7.596008479595184326e-02
4.725115373730659485e-02
7.825810462236404419e-02
1.028598174452781677e-01
-9.871187061071395874e-02
1.082111224532127380e-01
-2.469311654567718506e-02
-5.714642256498336792e-02
-4.622617736458778381e-02
2.120370790362358093e-02
-6.850091367959976196e-02
5.764921382069587708e-02
-4.778307303786277771e-02
7.886597514152526855e-02
-7.421043515205383301e-02
3.074075840413570404e-02
3.371839225292205811e-02
3.199940547347068787e-02
4.582079872488975525e-02
-2.357557602226734161e-02
-8.071956224739551544e-03
3.196483850479125977e-02
1.298063155263662338e-02
-3.496879339218139648e-02
5.431436002254486084e-02
-7.342693209648132324e-02
5.140642821788787842e-02
-3.355093300342559814e-02
-1.223584413528442383e-01
-5.664076656103134155e-02
8.620066195726394653e-02
-1.361178420484066010e-02
-1.843214035034179688e-02
-8.431965857744216919e-02
2.551061660051345825e-02
-7.103903591632843018e-02
6.938783079385757446e-02
-4.132481291890144348e-02
3.188389539718627930e-02
-1.377604715526103973e-02
-1.030318364500999451e-01
1.173421069979667664e-01
9.921904653310775757e-02
1.057721748948097229e-01
-2.031898498535156250e-02
-4.666081443428993225e-02
-1.072612404823303223e-02
-3.478543460369110107e-02
1.397742927074432373e-01
1.245786715298891068e-02
1.064111441373825073e-01
9.332630038261413574e-02
-2.124808169901371002e-02
-4.757937788963317871e-02
2.411230932921171188e-03
2.196331880986690521e-02
-1.577384397387504578e-02
-1.772852119756862521e-04
-3.791290894150733948e-02
1.142565086483955383e-01
-1.339593231678009033e-01
-2.539975941181182861e-02
1.526857446879148483e-02
1.701806113123893738e-02
3.920150175690650940e-02
1.563961431384086609e-02
-9.535607881844043732e-03
8.429442346096038818e-02
-3.831437602639198303e-02
-4.865315183997154236e-02
-2.744469046592712402e-02
1.510227099061012268e-02
3.220659215003252029e-03
-1.845501735806465149e-02
5.955672264099121094e-02
-8.463750034570693970e-02
4.234624281525611877e-02
-8.324085175991058350e-02
4.845735803246498108e-02
3.209361806511878967e-03
-1.199102252721786499e-01
-4.835798591375350952e-02
-1.575258746743202209e-02
-3.594847768545150757e-02
1.491041108965873718e-02
4.099656268954277039e-02
-1.244912222027778625e-01
7.490634918212890625e-03
9.281835705041885376e-02
-2.119493437930941582e-03
1.059592217206954956e-01
-1.216070428490638733e-01
2.968635037541389465e-02
-1.200023666024208069e-01
-3.220636770129203796e-02
5.449088662862777710e-02
2.462900988757610321e-02
-6.697417050600051880e-02
-5.656650289893150330e-02
-1.967872679233551025e-02
3.610852360725402832e-02
3.349104896187782288e-02
4.943578690290451050e-02
6.907097250223159790e-02
-2.601028420031070709e-03
7.637260109186172485e-02
8.847835473716259003e-03
-1.154240295290946960e-01
-1.262702140957117081e-02
-6.330495327711105347e-02
-6.660804152488708496e-02
-3.830909729003906250e-02
-2.389503084123134613e-02
-9.440295398235321045e-03
-5.712392181158065796e-02
-3.804183006286621094e-02
7.112804055213928223e-02
-1.913456991314888000e-02
-6.701202690601348877e-02
-3.133634105324745178e-02
2.253060974180698395e-02
1.685311086475849152e-02
5.032800883054733276e-02
-2.011369215324521065e-03
-6.750205159187316895e-02
-1.529459469020366669e-02
-6.672977656126022339e-02
5.368052050471305847e-02
-1.516956388950347900e-01
4.686418548226356506e-02
-2.558157034218311310e-02
8.959594368934631348e-02
-4.282651469111442566e-02
3.018141165375709534e-02
1.377297472208738327e-02
-2.845952520146965981e-03
5.119832698255777359e-03
-5.319340899586677551e-02
-2.687099389731884003e-02
-2.357824007049202919e-03
4.814637824892997742e-02
3.368990495800971985e-02
2.567404136061668396e-02
1.257079094648361206e-02
9.340520203113555908e-02
8.103407919406890869e-03
-4.875402525067329407e-02
-1.130297686904668808e-02
2.681655436754226685e-02
1.034551206976175308e-02
-9.086985141038894653e-02
7.195026427507400513e-02
4.856931418180465698e-02
5.287805199623107910e-02
5.164662748575210571e-02
2.652621129527688026e-03
9.403774142265319824e-02
6.850127130746841431e-02
-4.669358022511005402e-03
-3.646466881036758423e-02
1.165260002017021179e-02
-7.182306796312332153e-02
1.880061067640781403e-02
-8.955926448106765747e-02
-4.770852625370025635e-03
5.245399102568626404e-02
-6.770928949117660522e-02
7.164230942726135254e-02
-2.215104736387729645e-02
1.022462546825408936e-01
4.062355682253837585e-02
-6.527763605117797852e-02
1.122557651251554489e-02
-1.912567391991615295e-02
-8.140880614519119263e-02
-1.299991644918918610e-02
1.378303673118352890e-02
-7.452615536749362946e-03
-2.384461089968681335e-02
-9.003405459225177765e-03
-4.479826986789703369e-02
-3.980218619108200073e-02
-3.317467495799064636e-02
-9.256435930728912354e-02
-3.050005808472633362e-02
7.472317665815353394e-02
-1.118768230080604553e-01
-8.835236728191375732e-02
-5.569968372583389282e-02
7.636974751949310303e-02
-8.881161361932754517e-02
4.566637426614761353e-02
6.082820147275924683e-02
1.869048774242401123e-01
6.440411508083343506e-02
7.412932813167572021e-02
-9.835351258516311646e-03
-2.395052462816238403e-02
-1.185512393712997437e-01
5.679685249924659729e-02
-1.271882653236389160e-01
2.740832045674324036e-02
-1.301233172416687012e-01
5.504754185676574707e-02
-5.666652694344520569e-02
-7.738240528851747513e-03
-1.854505203664302826e-02
-2.913973480463027954e-02
4.557950596790760756e-04
7.674078643321990967e-02
-1.313254386186599731e-01
-1.280144043266773224e-02
-3.058864362537860870e-02
2.161314338445663452e-02
5.913116037845611572e-02
-5.943108722567558289e-02
7.279637455940246582e-02
9.195557981729507446e-02
3.616330772638320923e-02
-1.003132387995719910e-01
2.490959363058209419e-03
-2.169669233262538910e-02
-7.859192043542861938e-02
2.871415391564369202e-02
-1.487279805587604642e-04
-2.250928431749343872e-02
6.828875094652175903e-02
-9.877321869134902954e-02
8.286426961421966553e-02
-1.489363461732864380e-01
-1.248002983629703522e-02
6.256014108657836914e-02
2.982901781797409058e-02
-1.094463765621185303e-01
-4.194774106144905090e-02
-2.488588728010654449e-02
4.676222428679466248e-02
-2.277378551661968231e-02
1.105616763234138489e-01
1.594684869050979614e-01
-9.479621052742004395e-02
7.720082066953182220e-03
-6.231004372239112854e-03
-3.051163069903850555e-02
1.280870139598846436e-01
-7.198105007410049438e-02
6.661738455295562744e-02
