-9.638910740613937378e-02
-7.011105865240097046e-02
8.158717304468154907e-02
-6.456099450588226318e-02
-2.547355554997920990e-02
7.351873070001602173e-02
3.971420228481292725e-02
-1.359005123376846313e-01
1.267430782318115234e-01
4.891202598810195923e-02
-1.080138906836509705e-01
-7.442869991064071655e-02
1.034672260284423828e-01
-1.446791738271713257e-02
1.152362953871488571e-02
3.204090520739555359e-02
3.169282898306846619e-02
-9.886138886213302612e-02
5.225725471973419189e-02
2.511904202401638031e-02
7.583381235599517822e-02
-3.141922131180763245e-02
-2.775257453322410583e-02
-2.023502252995967865e-02
3.823102265596389771e-02
-9.318091906607151031e-03
2.578428387641906738e-02
-3.606523573398590088e-02
-1.140335947275161743e-01
8.138311095535755157e-04
-5.022425204515457153e-02
-7.318453490734100342e-02
-1.767488382756710052e-02
1.259444057941436768e-01
-3.426454588770866394e-02
-5.016377940773963928e-02
-8.586543798446655273e-02
-1.855239830911159515e-02
-3.119014203548431396e-03
2.374213933944702148e-02
-1.258599758148193359e-02
-1.308001764118671417e-02
1.880257762968540192e-02
-9.053851664066314697e-02
1.414381116628646851e-01
8.817591518163681030e-02
5.525291338562965393e-02
7.743193302303552628e-03
-5.314498394727706909e-02
-6.429028511047363281e-02
-5.464476719498634338e-02
1.226449832320213318e-01
-2.154714986681938171e-02
7.301974296569824219e-02
8.240413665771484375e-02
-1.260664034634828568e-02
-6.524688005447387695e-02
1.098863594233989716e-02
5.441190302371978760e-02
7.488792762160301208e-03
5.770443752408027649e-02
-2.015522122383117676e-02
1.187340617179870605e-01
-1.284111589193344116e-01
1.164722163230180740e-02
2.389054186642169952e-02
-6.467787921428680420e-02
5.603979527950286865e-02
-2.983529120683670044e-02
-1.485836040228605270e-02
5.063625052571296692e-02
-3.394484147429466248e-02
-2.986172586679458618e-02
5.294293910264968872e-02
4.423165321350097656e-02
2.299339137971401215e-02
-3.687037155032157898e-03
4.468272626399993896e-02
-8.405384421348571777e-02
7.174423336982727051e-02
-5.763008818030357361e-02
2.414634823799133301e-02
1.121998950839042664e-02
-1.224201694130897522e-01
-6.247375905513763428e-02
-1.977802067995071411e-02
2.293264679610729218e-02
1.003112569451332092e-01
8.110940456390380859e-03
-6.673036515712738037e-02
2.245261520147323608e-02
3.992400690913200378e-02
-1.046776175498962402e-01
7.611702382564544678e-02
-8.325038105249404907e-02
-1.369060575962066650e-02
-1.138783171772956848e-01
3.939316049218177795e-02
-8.108533918857574463e-03
-1.768986135721206665e-02
-8.695790171623229980e-02
-3.183528780937194824e-02
-3.631719574332237244e-02
1.314295176416635513e-02
-4.180659353733062744e-02
-4.009097814559936523e-02
8.853551745414733887e-02
2.200807631015777588e-02
5.314619839191436768e-02
-2.515423856675624847e-02
-5.838350206613540649e-02
3.060804679989814758e-02
-2.577683702111244202e-02
-5.226140096783638000e-02
-7.107874006032943726e-02
-3.350184112787246704e-02
2.340875007212162018e-02
-4.801837727427482605e-02
7.747661788016557693e-03
9.227467328310012817e-02
1.599489897489547729e-02
-3.614466637372970581e-02
-2.555269375443458557e-02
2.897296287119388580e-02
1.057180948555469513e-02
6.345192342996597290e-02
-3.533852845430374146e-02
-1.023610606789588928e-01
-6.168486550450325012e-02
-1.753362827003002167e-02
4.033761797472834587e-04
-6.365896016359329224e-02
4.913492873311042786e-02
1.032919855788350105e-03
2.087510935962200165e-02
-6.078587844967842102e-02
5.819381028413772583e-02
-2.657281979918479919e-02
-4.337155446410179138e-02
-2.294809743762016296e-02
-3.569615259766578674e-02
-5.601388588547706604e-02
5.315376818180084229e-02
5.590960383415222168e-02
6.467000395059585571e-02
1.670568808913230896e-02
-3.320970386266708374e-02
3.809262067079544067e-02
7.850016653537750244e-02
-5.043461173772811890e-02
3.278764337301254272e-02
1.373610924929380417e-02
1.119551621377468109e-02
-1.084372475743293762e-01
3.685766085982322693e-02
4.649494588375091553e-02
-8.907036855816841125e-03
6.500977277755737305e-02
-2.858048677444458008e-02
1.092238351702690125e-01
2.714449912309646606e-02
-1.844800077378749847e-02
7.037243340164422989e-03
7.817966863512992859e-03
-5.093161016702651978e-02
1.568523980677127838e-02
-6.672644615173339844e-02
2.927269553765654564e-03
3.290269896388053894e-02
-5.395800247788429260e-02
1.608736813068389893e-02
-5.479048565030097961e-02
7.263651490211486816e-02
4.100445657968521118e-02
-4.251534119248390198e-02
-4.688443243503570557e-02
-2.415942773222923279e-02
-3.543755039572715759e-02
-9.607030078768730164e-03
2.234181575477123260e-02
-3.731048107147216797e-02
1.877056062221527100e-02
3.636595606803894043e-02
-4.393850639462471008e-02
-3.892198204994201660e-02
1.272351853549480438e-02
-3.793023526668548584e-02
-2.181250229477882385e-02
5.761299654841423035e-02
-5.226390808820724487e-02
-3.344169259071350098e-02
-4.526276513934135437e-02
8.035708218812942505e-02
-1.368279010057449341e-01
1.146889403462409973e-01
7.094842940568923950e-02
1.868868172168731689e-01
5.917332321405410767e-02
1.054837554693222046e-01
-4.084499925374984741e-02
-1.790201105177402496e-02
-1.534891501069068909e-02
3.409256786108016968e-02
-1.798241883516311646e-01
-1.052292063832283020e-02
-3.397592157125473022e-02
4.828553274273872375e-02
-1.929886452853679657e-02
-4.138304386287927628e-03
-6.230433471500873566e-03
2.608383307233452797e-03
-2.656540460884571075e-02
7.773777097463607788e-02
-1.097989603877067566e-01
1.710596494376659393e-02
-2.004345692694187164e-02
6.796894222497940063e-02
6.122533231973648071e-02
-7.717211265116930008e-03
6.356710940599441528e-02
9.000181406736373901e-02
-2.517204917967319489e-02
-9.295897930860519409e-02
-4.277080297470092773e-02
-7.546015828847885132e-02
-1.494880616664886475e-01
6.032295152544975281e-02
2.779268100857734680e-02
-8.111250586807727814e-03
1.832084171473979950e-02
-1.586982607841491699e-01
9.678436815738677979e-02
-1.491369158029556274e-01
-1.682534627616405487e-02
4.359306395053863525e-02
5.184087157249450684e-02
-1.770470142364501953e-01
-4.544209316372871399e-02
-3.494860976934432983e-02
5.485791712999343872e-02
-1.411592029035091400e-02
7.196691632270812988e-02
1.729911714792251587e-01
-9.994528442621231079e-02
-8.291962742805480957e-02
2.899034298025071621e-04
-3.268946334719657898e-02
9.971418231725692749e-02
-6.736455857753753662e-02
1.166354268789291382e-01
