-8.249722421169281006e-02
-2.804110199213027954e-02
7.604781538248062134e-02
-1.287005934864282608e-02
-7.253818958997726440e-02
5.624848604202270508e-02
1.558929029852151871e-02
-1.350830048322677612e-01
8.276083320379257202e-02
7.910928875207901001e-02
-1.298119425773620605e-01
-9.900126606225967407e-02
1.207795068621635437e-01
-8.318281732499599457e-03
-6.822108477354049683e-02
5.829913541674613953e-02
3.046779707074165344e-02
-6.546437740325927734e-02
3.995719831436872482e-03
4.757948219776153564e-02
7.191056758165359497e-02
-3.497888147830963135e-02
1.435306575149297714e-02
-1.800708845257759094e-02
4.560236260294914246e-02
-1.775733008980751038e-02
6.199340801686048508e-03
-1.023630648851394653e-01
-9.648039191961288452e-02
-2.085018530488014221e-02
-3.244609385728836060e-02
-5.886263027787208557e-02
4.034216515719890594e-03
4.394669458270072937e-02
1.688667759299278259e-02
-5.003602709621191025e-03
-6.747887283563613892e-02
-2.932716719806194305e-02
2.623832784593105316e-02
8.246710523962974548e-03
-2.838812395930290222e-02
-2.653606794774532318e-02
4.456401243805885315e-02
-6.181387603282928467e-02
7.183722406625747681e-02
2.791983447968959808e-02
-5.446027964353561401e-03
5.256736185401678085e-03
-6.470704078674316406e-02
-1.097517460584640503e-01
-4.865000024437904358e-02
8.106081932783126831e-02
-4.293686896562576294e-02
9.347523562610149384e-03
4.111364111304283142e-02
1.395757962018251419e-02
-3.916230425238609314e-02
-1.460686139762401581e-02
2.769040688872337341e-02
3.447814285755157471e-02
5.917930230498313904e-02
5.468800663948059082e-02
3.066415153443813324e-02
-1.136437803506851196e-01
-7.088367361575365067e-03
-4.406523331999778748e-02
-3.591043129563331604e-02
7.092329114675521851e-02
-3.626152873039245605e-02
5.510528106242418289e-03
-4.836207255721092224e-02
3.907768521457910538e-03
-7.769692689180374146e-03
4.552086442708969116e-02
2.136825583875179291e-02
1.889622025191783905e-02
4.295207560062408447e-02
1.971502229571342468e-02
-3.382067754864692688e-02
4.260506480932235718e-02
-7.966919988393783569e-02
1.135143451392650604e-02
1.996601745486259460e-02
-8.397886902093887329e-02
-3.858724236488342285e-02
-5.004439502954483032e-02
6.708900630474090576e-02
1.120615974068641663e-01
-3.130204975605010986e-02
2.882703766226768494e-02
5.544815212488174438e-02
-1.474625710397958755e-02
-1.207909807562828064e-01
-1.284465752542018890e-02
-8.274967223405838013e-02
3.402047150302678347e-04
-6.135926023125648499e-02
5.454311892390251160e-02
-5.796849727630615234e-02
-2.693933621048927307e-02
-6.022862717509269714e-02
-1.232988480478525162e-02
-8.094435557723045349e-03
-1.125392504036426544e-03
-5.826169624924659729e-02
-9.392410516738891602e-02
6.034224107861518860e-02
-1.098287478089332581e-02
1.391305215656757355e-02
-5.859317723661661148e-03
-2.337307669222354889e-02
2.092468924820423126e-02
-1.245498936623334885e-02
6.679583340883255005e-03
-7.085094600915908813e-02
-2.033971995115280151e-02
3.969429433345794678e-02
-8.203669637441635132e-02
-6.368574686348438263e-03
8.025333285331726074e-02
4.124704003334045410e-02
-2.357843145728111267e-02
-2.844506315886974335e-02
-1.470218133181333542e-02
2.187548764050006866e-02
3.747623413801193237e-02
-2.850910276174545288e-02
-1.167435273528099060e-01
-8.401029556989669800e-02
-3.209422575309872627e-03
1.614522561430931091e-02
2.217610552906990051e-02
6.852030009031295776e-02
4.475808516144752502e-02
-1.880624517798423767e-02
-8.163325488567352295e-02
1.266266703605651855e-01
-1.001523435115814209e-01
-2.193563058972358704e-02
-8.235698938369750977e-02
-1.330184563994407654e-02
-3.911821171641349792e-03
4.308490455150604248e-02
1.655821315944194794e-02
5.068704485893249512e-02
-9.779371321201324463e-04
-3.329008445143699646e-02
-4.538047069218009710e-04
8.236775547266006470e-02
-7.224571704864501953e-02
1.016703918576240540e-01
-1.710540428757667542e-02
6.129402667284011841e-02
-6.271582841873168945e-02
7.218545768409967422e-03
4.284545406699180603e-02
-8.625822141766548157e-03
3.253448009490966797e-02
-4.344696551561355591e-02
7.562050223350524902e-02
1.543726306408643723e-02
-2.568190917372703552e-02
2.517437003552913666e-02
-3.903615102171897888e-02
-3.679750859737396240e-02
2.005335129797458649e-02
4.234422743320465088e-02
1.120544038712978363e-02
2.567708492279052734e-02
-2.176654711365699768e-02
-1.833748444914817810e-02
-4.080347716808319092e-02
4.296306148171424866e-02
4.191091284155845642e-02
-8.234927803277969360e-02
-2.484466694295406342e-02
3.697783686220645905e-03
7.455061655491590500e-03
1.699258014559745789e-02
-2.682910114526748657e-02
-2.841443382203578949e-02
2.089465036988258362e-02
6.792521476745605469e-02
-5.153867602348327637e-02
-3.532702103257179260e-02
2.392181567847728729e-02
1.184405200183391571e-02
1.751745119690895081e-02
-1.220646500587463379e-02
-2.745897136628627777e-02
5.123923718929290771e-02
-5.292934179306030273e-02
6.126402691006660461e-02
-1.067727059125900269e-01
1.041371896862983704e-01
2.723219618201255798e-02
1.463995575904846191e-01
3.821043670177459717e-02
1.202699393033981323e-01
2.757019922137260437e-02
-4.412275180220603943e-02
3.044846653938293457e-02
2.758701145648956299e-02
-1.465395539999008179e-01
1.255344040691852570e-02
3.926272969692945480e-03
4.999352619051933289e-02
-1.342961657792329788e-02
-5.461723078042268753e-03
-3.890582174062728882e-02
-4.979469813406467438e-03
-4.228701815009117126e-02
9.340644627809524536e-02
-3.603180870413780212e-02
1.280650217086076736e-02
1.898347400128841400e-02
5.083849653601646423e-02
4.970400407910346985e-02
2.968530915677547455e-02
7.097860425710678101e-02
5.768864601850509644e-02
-3.945264592766761780e-02
-4.623849689960479736e-02
-6.327046453952789307e-02
-8.949420601129531860e-02
-1.624896228313446045e-01
1.266891956329345703e-01
1.847582124173641205e-02
2.207804098725318909e-02
-6.000488530844449997e-03
-2.551540434360504150e-01
1.059806570410728455e-01
-2.049445807933807373e-01
-7.078722119331359863e-02
3.031933680176734924e-02
1.256583333015441895e-01
-2.325251549482345581e-01
-6.881766021251678467e-02
-2.038233168423175812e-02
4.669962823390960693e-02
6.405666936188936234e-03
1.154510527849197388e-01
1.676806658506393433e-01
-1.471898704767227173e-01
-1.089397817850112915e-01
-7.244386244565248489e-03
-1.472861878573894501e-02
9.926877915859222412e-02
-4.580066353082656860e-02
1.317494064569473267e-01
