-1.010453701019287109e-01
-5.746531486511230469e-02
9.940562397241592407e-02
-7.772913575172424316e-02
-1.707236841320991516e-02
1.189585328102111816e-01
2.998001500964164734e-02
-1.452707946300506592e-01
1.080409213900566101e-01
4.096623510122299194e-02
-1.323849856853485107e-01
-6.680795550346374512e-02
1.134577691555023193e-01
-3.238872811198234558e-02
2.399580180644989014e-02
6.717476248741149902e-02
4.762280359864234924e-02
-9.653917700052261353e-02
2.398578263819217682e-02
5.016621202230453491e-02
4.832546785473823547e-02
-1.237473357468843460e-02
-2.420668490231037140e-03
-2.966804243624210358e-02
3.887550905346870422e-02
-8.883565664291381836e-03
4.148555919528007507e-02
-6.701533496379852295e-02
-1.224437281489372253e-01
-1.037836819887161255e-02
-4.057049751281738281e-02
-8.071650564670562744e-02
-1.336264796555042267e-02
8.502622693777084351e-02
-1.329732243902981281e-03
-1.754436269402503967e-02
-6.599795818328857422e-02
-9.715211577713489532e-03
1.188854593783617020e-02
1.242317724972963333e-02
-5.121968686580657959e-02
-1.527732424437999725e-02
2.540636062622070312e-02
-6.932759284973144531e-02
9.001673758029937744e-02
6.580284237861633301e-02
4.118375852704048157e-02
-2.236839197576045990e-02
-6.134780868887901306e-02
-8.444473892450332642e-02
-6.363932043313980103e-02
9.620217978954315186e-02
-2.862146496772766113e-02
3.811179846525192261e-02
7.237444818019866943e-02
-1.213698880746960640e-03
-5.195403471589088440e-02
3.145356103777885437e-02
2.671007066965103149e-02
4.953171685338020325e-02
5.431206524372100830e-02
-2.136705815792083740e-02
7.548363506793975830e-02
-1.602019965648651123e-01
-1.503392867743968964e-02
-2.148712426424026489e-02
-3.764278814196586609e-02
8.923126012086868286e-02
-3.885745257139205933e-02
-3.356003388762474060e-02
1.880317740142345428e-02
-2.688134647905826569e-02
-1.674418523907661438e-02
5.523640662431716919e-02
9.946709498763084412e-03
2.104697749018669128e-02
3.871245682239532471e-02
4.280591383576393127e-02
-7.753285020589828491e-02
6.817625463008880615e-02
-8.178333938121795654e-02
5.181824415922164917e-02
3.917314484715461731e-02
-1.114787831902503967e-01
-8.114761114120483398e-02
-9.659730829298496246e-03
3.669730573892593384e-02
1.091100275516510010e-01
-2.457082970067858696e-03
-4.145801439881324768e-02
3.767589107155799866e-02
1.247788197360932827e-03
-9.728573262691497803e-02
4.702338948845863342e-02
-1.262100338935852051e-01
1.051167771220207214e-02
-8.315355330705642700e-02
3.389165550470352173e-02
-1.630059909075498581e-03
-1.612279377877712250e-02
-1.017001643776893616e-01
-1.861548237502574921e-02
-1.673100888729095459e-02
3.145194798707962036e-02
-5.299800634384155273e-02
-3.407892212271690369e-02
7.289501279592514038e-02
-9.812516160309314728e-03
2.161994576454162598e-02
1.965405652299523354e-03
-7.023992389440536499e-02
-8.752757566981017590e-04
-8.572534658014774323e-03
-3.080142289400100708e-02
-9.740345925092697144e-02
-1.205108594149351120e-02
3.352250903844833374e-02
-7.210283726453781128e-02
-1.216191425919532776e-02
8.466476202011108398e-02
6.146077439188957214e-02
-3.787172213196754456e-02
-6.093240343034267426e-03
-1.026980951428413391e-02
1.893641054630279541e-02
8.800201863050460815e-02
-6.493360549211502075e-02
-8.962688595056533813e-02
-5.919543281197547913e-02
-3.464899212121963501e-02
2.644915692508220673e-02
-6.361322849988937378e-02
6.541759520769119263e-02
2.377188578248023987e-02
7.626068312674760818e-03
-5.541695654392242432e-02
1.193647012114524841e-01
-5.180875584483146667e-02
-3.061968646943569183e-02
-4.900997504591941833e-02
-2.094441279768943787e-02
-5.773320049047470093e-02
4.495003074407577515e-02
7.536092400550842285e-02
4.866661131381988525e-02
2.626454271376132965e-02
-2.869538217782974243e-02
5.945583060383796692e-02
6.000705435872077942e-02
-4.630040377378463745e-02
5.120747536420822144e-02
-1.481904089450836182e-02
4.217670485377311707e-02
-9.050767123699188232e-02
-1.457516942173242569e-02
8.068276196718215942e-02
2.432742156088352203e-02
8.479599654674530029e-02
-6.663551926612854004e-02
8.926434814929962158e-02
4.806187003850936890e-02
-1.453793887048959732e-02
-1.189247425645589828e-02
-1.352146454155445099e-02
-5.965319275856018066e-02
2.402769587934017181e-02
-3.828322142362594604e-02
-2.663289196789264679e-04
1.946475543081760406e-02
-5.796866491436958313e-02
3.668747097253799438e-02
-5.855315551161766052e-02
6.887120753526687622e-02
3.706483915448188782e-02
-6.002368032932281494e-02
-2.225147560238838196e-02
1.963963033631443977e-03
-1.903251372277736664e-02
1.228635385632514954e-02
1.935190148651599884e-02
-2.749278582632541656e-02
2.339125424623489380e-02
5.516992136836051941e-02
-9.962409734725952148e-03
-5.632381513714790344e-02
9.698245674371719360e-03
-3.431948274374008179e-02
4.136459436267614365e-03
5.285137146711349487e-02
-7.185213267803192139e-02
-1.526891998946666718e-02
-3.459252044558525085e-02
6.947966665029525757e-02
-9.894308447837829590e-02
1.070173531770706177e-01
5.544143542647361755e-02
1.382630914449691772e-01
5.738962069153785706e-02
9.529435634613037109e-02
7.267382461577653885e-03
-2.592361345887184143e-02
-2.868770621716976166e-02
3.358060494065284729e-02
-1.501400917768478394e-01
-4.691704176366329193e-03
-5.840223655104637146e-02
7.128573209047317505e-02
-8.883816190063953400e-03
8.307414129376411438e-03
-3.258205205202102661e-02
-2.567733637988567352e-02
-3.895932808518409729e-02
6.813003867864608765e-02
-4.996114969253540039e-02
8.226466365158557892e-03
-6.066770758479833603e-03
3.770262002944946289e-02
6.291273236274719238e-02
-4.306149203330278397e-03
6.989703327417373657e-02
7.284873723983764648e-02
-5.416081752628087997e-03
-8.056069165468215942e-02
-4.624096304178237915e-02
-8.179145306348800659e-02
-1.401148885488510132e-01
7.046072930097579956e-02
3.612597286701202393e-02
1.708941534161567688e-02
1.151760108768939972e-02
-2.432166635990142822e-01
8.012005686759948730e-02
-1.944045275449752808e-01
-6.916900724172592163e-02
4.814173653721809387e-02
6.693246960639953613e-02
-1.883695423603057861e-01
-6.215577572584152222e-02
-1.796779036521911621e-02
3.672107681632041931e-02
-3.261903068050742149e-03
9.224568307399749756e-02
1.227040216326713562e-01
-1.518962830305099487e-01
-5.950769782066345215e-02
-6.070937495678663254e-03
-1.475047506392002106e-02
7.156835496425628662e-02
-2.156517282128334045e-02
9.166489541530609131e-02
