-1.043430566787719727e-01
-5.114346370100975037e-02
5.600875243544578552e-02
-4.987594857811927795e-02
1.420708093792200089e-02
7.077953219413757324e-02
3.588948398828506470e-02
-1.101260930299758911e-01
9.461513906717300415e-02
2.651567943394184113e-02
-9.942444413900375366e-02
-5.438591912388801575e-02
9.235864877700805664e-02
-1.167548075318336487e-02
3.835983574390411377e-02
1.587596721947193146e-02
4.778054729104042053e-02
-7.564747333526611328e-02
2.148849330842494965e-02
3.787433728575706482e-02
6.279793381690979004e-02
-8.823104435577988625e-04
1.582384138600900769e-04
-1.323322951793670654e-02
4.126586765050888062e-02
7.244910113513469696e-03
-1.737257349304854870e-03
-7.970487698912620544e-03
-1.207387298345565796e-01
2.138072624802589417e-02
-3.769128769636154175e-02
-1.070071682333946228e-01
-1.359085179865360260e-02
8.970632404088973999e-02
-1.149919815361499786e-02
-3.073899261653423309e-02
-1.077126637101173401e-01
1.982789672911167145e-02
-2.170023880898952484e-02
5.124862119555473328e-02
-4.297327250242233276e-02
-1.941563189029693604e-02
1.292989496141672134e-02
-8.792667835950851440e-02
1.073148027062416077e-01
9.382551163434982300e-02
7.055953890085220337e-02
-1.064436393789947033e-03
-6.223758310079574585e-02
-6.257029622793197632e-02
-6.724738329648971558e-02
1.342270523309707642e-01
-3.220780938863754272e-02
6.594996154308319092e-02
7.292918860912322998e-02
-2.976797521114349365e-02
-3.426885977387428284e-02
2.688283286988735199e-02
4.300244152545928955e-02
-6.009442149661481380e-04
4.172371327877044678e-02
-5.457884445786476135e-02
1.037762239575386047e-01
-1.455120593309402466e-01
-9.333774447441101074e-03
-9.585398402123246342e-06
-3.598263487219810486e-02
7.842709869146347046e-02
-1.550217811018228531e-02
-7.282158732414245605e-02
6.523714214563369751e-02
-1.393132843077182770e-02
-1.702873036265373230e-02
4.838568344712257385e-02
3.365605371072888374e-03
2.267646230757236481e-02
2.587535232305526733e-02
6.379529833793640137e-02
-8.605302870273590088e-02
8.636677265167236328e-02
-9.232786297798156738e-02
1.717551611363887787e-02
2.059276029467582703e-02
-1.306540668010711670e-01
-8.041898161172866821e-02
4.506980068981647491e-03
2.729110978543758392e-02
9.047777205705642700e-02
2.696502394974231720e-02
-5.757505074143409729e-02
1.230806577950716019e-02
2.767542749643325806e-02
-7.557672262191772461e-02
7.748629897832870483e-02
-1.105070337653160095e-01
4.130400717258453369e-03
-9.538072347640991211e-02
2.755242772400379181e-02
2.887770161032676697e-02
-8.743280544877052307e-03
-9.128649532794952393e-02
-2.090041153132915497e-02
-3.596574440598487854e-02
1.585886813700199127e-02
-2.504096738994121552e-02
-1.948406174778938293e-02
8.054323494434356689e-02
-3.819914301857352257e-03
5.167538300156593323e-02
-1.655815355479717255e-02
-8.978884667158126831e-02
9.777453728020191193e-03
-2.485194243490695953e-02
-3.175061196088790894e-02
-9.043223410844802856e-02
-3.067940287292003632e-02
2.043647505342960358e-02
-4.154375568032264709e-02
-1.144167967140674591e-02
8.362557739019393921e-02
4.625485837459564209e-02
-5.336685106158256531e-02
-2.154870145022869110e-02
2.194714173674583435e-02
-2.663173945620656013e-03
7.286670804023742676e-02
-5.048926547169685364e-02
-9.292997419834136963e-02
-2.055106684565544128e-02
-2.454023808240890503e-02
8.800783194601535797e-03
-7.243672758340835571e-02
3.418312966823577881e-02
1.624774187803268433e-02
4.061262309551239014e-02
-2.938853576779365540e-02
4.816195741295814514e-02
2.010809257626533508e-03
-8.410043083131313324e-03
-5.943704309174790978e-05
-1.230677124112844467e-02
-4.808110743761062622e-02
3.441258892416954041e-02
5.456103757023811340e-02
7.673659175634384155e-02
1.815581694245338440e-02
-2.684966288506984711e-02
6.006170436739921570e-02
4.225785285234451294e-02
-6.024270877242088318e-02
1.233836449682712555e-02
6.139823235571384430e-04
2.428652718663215637e-03
-8.890976756811141968e-02
1.914248801767826080e-02
7.916654646396636963e-02
2.237624861299991608e-02
7.426444441080093384e-02
-3.990940749645233154e-02
8.001821488142013550e-02
2.202881500124931335e-02
-1.284275110810995102e-02
2.950181998312473297e-02
5.784454988315701485e-04
-5.449983105063438416e-02
3.616720438003540039e-02
-5.481242388486862183e-02
-6.543041672557592392e-03
2.798601239919662476e-02
-8.382518589496612549e-02
4.516132548451423645e-02
-6.264969706535339355e-02
6.826874613761901855e-02
3.799303993582725525e-02
-4.927554726600646973e-02
-3.125061467289924622e-02
-3.236803412437438965e-02
-4.257062822580337524e-02
-8.198807016015052795e-03
4.117335006594657898e-02
-1.849357225000858307e-02
-1.595258340239524841e-02
4.206577315926551819e-02
-1.527090836316347122e-02
-5.981927365064620972e-02
1.706148125231266022e-02
-6.616269052028656006e-02
1.027038227766752243e-02
5.727897584438323975e-02
-6.989396363496780396e-02
-1.438419427722692490e-02
-4.643808305263519287e-02
5.589870736002922058e-02
-1.017631813883781433e-01
1.124773919582366943e-01
4.636463895440101624e-02
1.841991543769836426e-01
6.362880766391754150e-02
6.331996619701385498e-02
-9.821645915508270264e-03
-2.709874138236045837e-02
-3.940603137016296387e-02
4.690039902925491333e-02
-1.499620229005813599e-01
1.611967943608760834e-02
-7.674916833639144897e-02
7.086922228336334229e-02
-6.450326647609472275e-03
2.207945333793759346e-03
-3.493891283869743347e-02
-7.280604040715843439e-05
-2.292604185640811920e-02
6.744261085987091064e-02
-9.803606569766998291e-02
2.271301113069057465e-02
-2.277518808841705322e-02
5.734249949455261230e-02
6.586826592683792114e-02
-1.602424308657646179e-02
8.057779818773269653e-02
1.047903299331665039e-01
-1.023990288376808167e-02
-1.026164367794990540e-01
-6.581208854913711548e-02
-7.175493985414505005e-02
-1.517859101295471191e-01
4.281317815184593201e-02
2.242000773549079895e-02
1.194406207650899887e-02
2.879360690712928772e-02
-2.148047089576721191e-01
9.251776337623596191e-02
-1.660614013671875000e-01
-5.767880007624626160e-02
3.839787468314170837e-02
5.214790999889373779e-02
-1.582022756338119507e-01
-5.245047435164451599e-02
-1.789850997738540173e-03
6.788694113492965698e-02
-1.997318863868713379e-02
9.492237865924835205e-02
1.906795054674148560e-01
-1.459831595420837402e-01
-8.834730088710784912e-02
-5.718572996556758881e-03
-1.453426294028759003e-02
1.131041646003723145e-01
-5.247860401868820190e-02
1.341384649276733398e-01
