-9.993530809879302979e-02
-3.166856616735458374e-02
7.981511205434799194e-02
-2.827266044914722443e-02
-5.389168113470077515e-02
8.839579671621322632e-02
4.439073801040649414e-02
-1.527075022459030151e-01
9.870354086160659790e-02
7.796799391508102417e-02
-1.370232403278350830e-01
-8.375936001539230347e-02
1.227499991655349731e-01
-3.034271067008376122e-03
-2.810881286859512329e-02
3.254666551947593689e-02
3.288218751549720764e-02
-6.795494258403778076e-02
-3.634748281911015511e-03
4.923023656010627747e-02
7.300237566232681274e-02
-3.760932013392448425e-02
7.133631501346826553e-03
-1.203842181712388992e-02
4.354170337319374084e-02
-1.134222466498613358e-02
1.692361081950366497e-03
-8.377662301063537598e-02
-1.011101752519607544e-01
-2.527021802961826324e-02
-3.158835694193840027e-02
-7.041493058204650879e-02
5.546242464333772659e-03
4.624463245272636414e-02
2.105778781697154045e-03
-7.439157925546169281e-03
-6.671784073114395142e-02
-1.555571146309375763e-02
1.747042872011661530e-02
9.099217131733894348e-03
-3.247358649969100952e-02
-1.425333507359027863e-02
2.994189225137233734e-02
-6.028353050351142883e-02
8.296947181224822998e-02
4.995846748352050781e-02
-9.735561907291412354e-04
-5.677443114109337330e-04
-7.122852653264999390e-02
-9.463205933570861816e-02
-6.061803922057151794e-02
8.039155602455139160e-02
-4.540785029530525208e-02
1.065483503043651581e-02
4.376522079110145569e-02
1.127313356846570969e-02
-2.976054511964321136e-02
-6.838386412709951401e-03
2.921397238969802856e-02
4.174509644508361816e-02
6.039053574204444885e-02
3.169764578342437744e-02
6.349943578243255615e-02
-1.309645622968673706e-01
-1.740327663719654083e-02
-4.258507862687110901e-02
-4.081900790333747864e-02
8.952339738607406616e-02
-5.878026410937309265e-02
-1.940277032554149628e-02
-2.822205610573291779e-02
7.985950447618961334e-03
-1.920295506715774536e-02
5.343497171998023987e-02
5.645771976560354233e-03
3.713869675993919373e-02
4.303864389657974243e-02
4.638006910681724548e-02
-5.533941462635993958e-02
6.035445258021354675e-02
-8.621431887149810791e-02
1.426216587424278259e-02
2.007160708308219910e-02
-9.890092164278030396e-02
-5.605308338999748230e-02
-3.718420118093490601e-02
6.712637841701507568e-02
1.067670509219169617e-01
-1.134789921343326569e-02
6.823089905083179474e-03
3.699024021625518799e-02
-2.602418512105941772e-02
-1.156085357069969177e-01
7.280069869011640549e-03
-9.617009013891220093e-02
1.478264294564723969e-02
-7.302743941545486450e-02
4.947020113468170166e-02
-4.130895808339118958e-02
-1.948712952435016632e-02
-6.194884330034255981e-02
-3.152336925268173218e-03
4.958356264978647232e-03
3.273624228313565254e-03
-5.520012602210044861e-02
-6.824421882629394531e-02
6.889471411705017090e-02
-1.834656856954097748e-02
2.745760045945644379e-02
-8.867328055202960968e-03
-4.829894006252288818e-02
2.146438881754875183e-02
-9.477559477090835571e-03
-7.512350101023912430e-03
-1.072945296764373779e-01
-2.112008072435855865e-02
3.597190976142883301e-02
-7.991373538970947266e-02
-1.339032407850027084e-02
7.675072550773620605e-02
6.145168840885162354e-02
-4.216874763369560242e-02
-1.132117467932403088e-03
-6.953143514692783356e-03
1.818442344665527344e-02
5.150248855352401733e-02
-5.930535495281219482e-02
-1.201420873403549194e-01
-7.348932325839996338e-02
-1.024908851832151413e-02
2.699065022170543671e-02
-1.230640430003404617e-02
6.993864476680755615e-02
5.126523971557617188e-02
-1.090499106794595718e-02
-5.661565810441970825e-02
1.306272596120834351e-01
-9.305356442928314209e-02
-9.581264108419418335e-03
-6.877391785383224487e-02
-2.911164611577987671e-02
-1.362027693539857864e-02
5.296541377902030945e-02
3.854101151227951050e-02
5.155810341238975525e-02
1.360839232802391052e-02
-3.562466055154800415e-02
1.663413457572460175e-02
5.173327028751373291e-02
-6.714060157537460327e-02
8.102907240390777588e-02
-2.092410810291767120e-02
4.754542559385299683e-02
-7.773496955633163452e-02
2.212151885032653809e-02
6.167250126600265503e-02
1.673366688191890717e-02
8.069385588169097900e-02
-5.927219241857528687e-02
7.267601788043975830e-02
4.895693156868219376e-03
-1.968733966350555420e-02
2.767077088356018066e-02
-4.829056188464164734e-02
-4.077943414449691772e-02
2.161235548555850983e-02
3.286249563097953796e-02
2.179217524826526642e-03
1.424243766814470291e-02
-3.002780862152576447e-02
7.333171088248491287e-03
-3.749606758356094360e-02
3.329129144549369812e-02
4.484535753726959229e-02
-7.271587848663330078e-02
-1.718592457473278046e-02
-2.546306932345032692e-03
7.802081294357776642e-03
1.178218983113765717e-02
-2.122705616056919098e-02
-3.621589392423629761e-02
-6.031808443367481232e-03
5.414358153939247131e-02
-5.034534633159637451e-02
-4.095575585961341858e-02
2.501585334539413452e-02
-2.032295055687427521e-02
2.141523733735084534e-02
6.051548756659030914e-03
-3.680775687098503113e-02
3.476633131504058838e-02
-6.583061069250106812e-02
5.356398224830627441e-02
-8.006168901920318604e-02
9.000930935144424438e-02
3.782303258776664734e-02
1.347943395376205444e-01
4.179058969020843506e-02
9.911613911390304565e-02
1.678416505455970764e-02
-5.682663992047309875e-02
1.567251794040203094e-02
2.924788184463977814e-02
-1.492602378129959106e-01
3.997495770454406738e-02
-2.286877669394016266e-02
4.742951318621635437e-02
-7.910907268524169922e-03
-1.062017213553190231e-02
-3.741396963596343994e-02
-1.170421950519084930e-02
-5.131199583411216736e-02
8.884824812412261963e-02
-5.414887890219688416e-02
1.399872452020645142e-02
3.797467565163969994e-03
5.412351340055465698e-02
7.258080691099166870e-02
2.857657335698604584e-02
6.935996562242507935e-02
8.337382972240447998e-02
-4.503280296921730042e-02
-5.466657504439353943e-02
-6.636866182088851929e-02
-9.236204624176025391e-02
-1.500487476587295532e-01
9.473693370819091797e-02
9.515113197267055511e-03
2.604458667337894440e-02
7.458251435309648514e-03
-2.840686738491058350e-01
1.263541728258132935e-01
-2.073582410812377930e-01
-7.404938340187072754e-02
4.006264731287956238e-02
1.113662645220756531e-01
-2.232308983802795410e-01
-5.828303098678588867e-02
-1.995280012488365173e-02
3.220727667212486267e-02
1.185195986181497574e-02
1.156850010156631470e-01
1.378211081027984619e-01
-1.317368298768997192e-01
-7.610107213258743286e-02
5.181064479984343052e-04
-1.875677891075611115e-02
8.147273212671279907e-02
-4.231144115328788757e-02
9.198035299777984619e-02
