-7.858671993017196655e-02
-6.911325454711914062e-02
8.563655614852905273e-02
-4.907038435339927673e-02
6.010433193296194077e-03
5.991162359714508057e-02
5.358207505196332932e-03
-7.572391629219055176e-02
1.020789891481399536e-01
2.930340915918350220e-02
-9.125991910696029663e-02
-3.190534561872482300e-02
9.142471849918365479e-02
-2.607004158198833466e-02
-1.377259031869471073e-03
4.105173423886299133e-02
-1.177397090941667557e-02
-8.621529489755630493e-02
5.231688916683197021e-02
5.832189228385686874e-03
9.604507684707641602e-02
-7.398565765470266342e-03
-1.686006970703601837e-02
-2.904932387173175812e-02
4.752013087272644043e-02
-4.577198531478643417e-03
1.439450960606336594e-02
-3.543624281883239746e-02
-1.602599024772644043e-01
-2.142508327960968018e-02
-8.263301104307174683e-02
-6.538129597902297974e-02
2.984499558806419373e-02
1.720607280731201172e-01
-2.617356367409229279e-02
-7.676439732313156128e-02
-7.615043222904205322e-02
-1.667895913124084473e-02
-3.513060882687568665e-02
2.157065458595752716e-02
1.273965556174516678e-02
-3.048794530332088470e-02
2.355300076305866241e-02
-8.280801028013229370e-02
6.936059147119522095e-02
1.199500039219856262e-01
5.883903801441192627e-02
1.975383143872022629e-03
-6.641636788845062256e-02
-2.662800066173076630e-02
-9.636963717639446259e-03
1.501804143190383911e-01
-9.010895155370235443e-03
4.860952496528625488e-02
1.010738983750343323e-01
-1.483427453786134720e-02
-6.759352236986160278e-02
1.629197411239147186e-02
5.984416976571083069e-02
-1.032017171382904053e-02
1.768840104341506958e-02
-2.183112502098083496e-02
8.828416466712951660e-02
-1.204157099127769470e-01
2.781141921877861023e-02
2.992562390863895416e-02
-7.812408357858657837e-02
5.683932825922966003e-02
-4.905708879232406616e-02
-2.739199995994567871e-02
2.387938089668750763e-02
-4.001488536596298218e-02
3.245757892727851868e-02
9.485953301191329956e-02
3.888638317584991455e-02
3.183313086628913879e-02
8.282563649117946625e-03
4.596766829490661621e-02
-7.846771925687789917e-02
5.190174654126167297e-02
-4.422002285718917847e-02
2.596887014806270599e-02
2.271146513521671295e-02
-1.126865893602371216e-01
-7.794369757175445557e-02
3.052101656794548035e-02
3.362096473574638367e-02
1.005356237292289734e-01
-7.569789304398000240e-04
-5.042325705289840698e-02
1.307502295821905136e-02
8.214681409299373627e-03
-7.034406065940856934e-02
7.798941433429718018e-02
-9.641308337450027466e-02
-1.302340440452098846e-02
-1.016912534832954407e-01
5.760409310460090637e-02
-6.939379498362541199e-03
-2.678153477609157562e-02
-8.531327545642852783e-02
-3.096234612166881561e-02
-2.830654568970203400e-02
1.430723350495100021e-02
-3.628169745206832886e-02
-4.229502007365226746e-02
9.065135568380355835e-02
2.060545049607753754e-02
-1.543804071843624115e-03
-1.632703840732574463e-02
-5.859883874654769897e-02
3.409489989280700684e-02
-2.937353774905204773e-02
-4.397055134177207947e-02
-6.066355109214782715e-02
-2.238005213439464569e-02
6.768733263015747070e-02
-1.903763972222805023e-02
2.773471875116229057e-03
1.190294474363327026e-01
1.836043410003185272e-02
-4.267667233943939209e-02
-7.878387719392776489e-02
6.248699128627777100e-02
2.432766743004322052e-02
7.413762062788009644e-02
-3.036573156714439392e-02
-7.100377976894378662e-02
-4.277227818965911865e-02
-6.778634269721806049e-04
-3.173732897266745567e-03
-6.061419472098350525e-02
3.372080624103546143e-02
3.420208021998405457e-02
7.063984870910644531e-03
-5.821301788091659546e-02
5.290190503001213074e-02
2.524204552173614502e-02
-9.806813672184944153e-03
9.673389606177806854e-03
2.890330180525779724e-02
-7.735247910022735596e-02
6.372432410717010498e-02
8.268401771783828735e-02
7.427144795656204224e-02
1.634543202817440033e-02
-2.209217101335525513e-02
6.905466318130493164e-02
8.290333300828933716e-02
-6.671226024627685547e-02
5.410862620919942856e-03
1.761075854301452637e-02
1.955994218587875366e-02
-6.483765691518783569e-02
2.028419449925422668e-02
6.471723318099975586e-02
-7.256720680743455887e-03
3.974708542227745056e-02
-5.072645097970962524e-02
1.144778206944465637e-01
4.836478829383850098e-02
-9.814823977649211884e-03
2.807655930519104004e-02
1.225051842629909515e-02
-5.093244090676307678e-02
2.346888929605484009e-02
-5.991697683930397034e-02
2.573305740952491760e-03
3.598194941878318787e-02
-6.422808021306991577e-02
2.645388618111610413e-02
-7.839819788932800293e-02
7.003147900104522705e-02
1.377155166119337082e-02
-7.123436033725738525e-02
-6.503485143184661865e-02
-8.904904872179031372e-02
-3.503611311316490173e-02
-1.088062021881341934e-02
3.602920845150947571e-02
-4.698265716433525085e-02
4.415104049257934093e-04
3.344294056296348572e-02
-2.711907401680946350e-02
-4.736541211605072021e-02
1.408429164439439774e-02
-2.166376076638698578e-02
2.675863355398178101e-02
8.162409812211990356e-02
-8.595200628042221069e-02
-2.949360013008117676e-02
-4.264889657497406006e-02
7.849043607711791992e-02
-1.350438147783279419e-01
1.516855508089065552e-01
7.320027798414230347e-02
2.230933010578155518e-01
5.149865522980690002e-02
7.057526707649230957e-02
-6.658671051263809204e-02
-2.884532697498798370e-02
-3.108796291053295135e-02
1.370749156922101974e-02
-1.678334474563598633e-01
-5.443953722715377808e-02
-1.584810391068458557e-02
7.457149773836135864e-02
2.164635062217712402e-02
-5.872639827430248260e-03
-2.564517548307776451e-03
6.475526606664061546e-04
-1.827713474631309509e-02
5.975176393985748291e-02
-1.182207837700843811e-01
9.618177078664302826e-03
-4.789512604475021362e-03
3.990646824240684509e-02
2.001281268894672394e-02
1.224952843040227890e-02
1.027199551463127136e-01
1.066281795501708984e-01
1.231720950454473495e-02
-1.119175925850868225e-01
-5.273296311497688293e-02
-8.149875700473785400e-02
-1.580044627189636230e-01
4.778057709336280823e-02
2.495162002742290497e-02
-3.210312221199274063e-03
-8.196327253244817257e-04
-1.229899823665618896e-01
5.069972574710845947e-02
-1.384719759225845337e-01
-1.581363030709326267e-03
4.053742438554763794e-02
4.803933203220367432e-02
-1.340721100568771362e-01
-6.064603105187416077e-02
2.853174693882465363e-03
4.412918537855148315e-02
-6.672548595815896988e-03
7.599124312400817871e-02
1.601953059434890747e-01
-1.007096394896507263e-01
-7.313013821840286255e-02
-2.086073160171508789e-02
-3.558971732854843140e-02
7.279985398054122925e-02
-4.004346206784248352e-02
1.444810926914215088e-01
