-1.244187355041503906e-01
-7.168748229742050171e-02
9.708177298307418823e-02
-9.897211939096450806e-02
-2.044793404638767242e-02
1.187533661723136902e-01
-9.325049817562103271e-03
-1.458733528852462769e-01
8.342469483613967896e-02
2.460357546806335449e-02
-1.567493975162506104e-01
-8.922698348760604858e-02
1.362169682979583740e-01
-3.525113686919212341e-02
4.626965895295143127e-02
1.068480983376502991e-01
5.827600136399269104e-02
-1.027631238102912903e-01
2.864671312272548676e-02
3.235402330756187439e-02
4.342247918248176575e-02
-3.769963607192039490e-02
2.571321837604045868e-02
-2.910574898123741150e-02
4.304387792944908142e-02
-1.782215014100074768e-02
5.628886073827743530e-02
-6.344526261091232300e-02
-7.406496256589889526e-02
9.946814738214015961e-03
-3.517840057611465454e-02
-5.216392502188682556e-02
-3.933427855372428894e-02
6.977260112762451172e-02
1.088176202028989792e-02
1.247831527143716812e-02
-7.033618539571762085e-02
-2.250595018267631531e-02
4.878273233771324158e-02
2.145971730351448059e-02
-7.739216089248657227e-02
-2.091256342828273773e-02
5.855344980955123901e-02
-6.125045195221900940e-02
1.032091453671455383e-01
3.263187408447265625e-02
3.244525194168090820e-02
-3.079237788915634155e-02
-3.536503389477729797e-02
-1.431335210800170898e-01
-8.770448714494705200e-02
4.992192611098289490e-02
-4.400468245148658752e-02
2.753587067127227783e-02
3.787913918495178223e-02
-1.520553324371576309e-02
-6.275885552167892456e-02
5.008894950151443481e-02
2.091749012470245361e-02
7.476695626974105835e-02
7.800117880105972290e-02
-5.147029086947441101e-02
5.325296148657798767e-02
-1.328782141208648682e-01
-1.346980035305023193e-02
-2.995969913899898529e-02
-3.194713220000267029e-02
6.990616023540496826e-02
1.771509647369384766e-03
-5.826535448431968689e-02
6.399957835674285889e-02
-7.367639336735010147e-03
-3.610902279615402222e-02
5.036766827106475830e-02
-4.462672397494316101e-03
3.105948120355606079e-02
4.965573176741600037e-02
2.786249294877052307e-02
-6.419941782951354980e-02
8.524331450462341309e-02
-6.758689135313034058e-02
4.806814342737197876e-02
3.809481486678123474e-02
-9.967141598463058472e-02
-7.089576870203018188e-02
-1.040985248982906342e-02
3.610059618949890137e-02
1.388740539550781250e-01
6.564446724951267242e-03
-3.507693856954574585e-02
4.357894510030746460e-02
1.709963544271886349e-04
-1.173902824521064758e-01
2.491111122071743011e-02
-1.285995244979858398e-01
-6.527121178805828094e-03
-4.622891917824745178e-02
2.382504381239414215e-02
1.452625356614589691e-02
-1.742263510823249817e-02
-1.167609915137290955e-01
1.068309135735034943e-02
-3.705678135156631470e-02
1.547473203390836716e-02
-7.800797373056411743e-02
-3.589547798037528992e-02
6.923005729913711548e-02
-2.077557519078254700e-02
2.379483170807361603e-02
5.507525056600570679e-03
-4.371603950858116150e-02
-2.701416984200477600e-02
2.839049138128757477e-02
-5.725821392843499780e-05
-8.586604148149490356e-02
-1.295976433902978897e-02
8.089319802820682526e-03
-4.896804317831993103e-02
-2.034465037286281586e-02
6.165276095271110535e-02
6.008367985486984253e-02
5.354753695428371429e-03
2.312709949910640717e-02
-1.500249933451414108e-02
-1.288824994117021561e-02
9.128301590681076050e-02
-8.766069263219833374e-02
-7.255176454782485962e-02
-6.277269870042800903e-02
-1.218516938388347626e-02
-3.546196967363357544e-04
-2.211566083133220673e-02
4.392343387007713318e-02
-5.397690460085868835e-03
2.050041593611240387e-02
-5.409509316086769104e-02
8.461267501115798950e-02
-2.388398721814155579e-02
-5.647352337837219238e-02
-5.593881383538246155e-02
-1.526466757059097290e-02
-7.144999504089355469e-02
2.610706351697444916e-02
6.302517652511596680e-02
5.025186017155647278e-02
2.302184514701366425e-02
-6.220691278576850891e-02
3.079104982316493988e-02
8.309235423803329468e-02
-4.769517481327056885e-02
6.064568087458610535e-02
-2.623204141855239868e-02
6.244181841611862183e-02
-1.109892055392265320e-01
-6.121540069580078125e-02
7.772812992334365845e-02
-5.864484701305627823e-03
7.753551006317138672e-02
-6.224143132567405701e-02
5.451430752873420715e-02
1.993643492460250854e-02
-1.241721678525209427e-02
-3.330624604132026434e-04
-1.022025384008884430e-02
-3.469561785459518433e-02
2.976147830486297607e-02
-3.052821196615695953e-02
3.175209835171699524e-02
1.570792309939861298e-02
-4.556065425276756287e-02
1.223736908286809921e-03
-7.277155667543411255e-02
4.723786935210227966e-02
6.736445240676403046e-03
3.621794981881976128e-03
-4.556584358215332031e-02
4.194995015859603882e-02
-4.224342107772827148e-02
-3.898942144587635994e-03
3.302079439163208008e-02
-3.956430405378341675e-02
6.158578023314476013e-02
8.014008402824401855e-02
3.467500209808349609e-02
-5.967520177364349365e-02
1.335413381457328796e-02
-3.320896998047828674e-02
1.070932671427726746e-02
3.657603263854980469e-02
-4.017746075987815857e-02
3.042603842914104462e-02
-9.242040105164051056e-03
5.220755562186241150e-02
-8.987118303775787354e-02
9.993311017751693726e-02
2.045550569891929626e-02
7.946784049272537231e-02
5.342952534556388855e-02
8.252301067113876343e-02
5.831750482320785522e-02
-8.802075870335102081e-03
2.415566239506006241e-03
4.664053395390510559e-02
-1.250466406345367432e-01
-1.504303980618715286e-02
-5.346566438674926758e-02
7.991982996463775635e-02
-1.337229553610086441e-02
2.781248278915882111e-02
-3.226663172245025635e-02
-3.185664489865303040e-02
-2.734674327075481415e-02
4.686719551682472229e-02
-2.684085443615913391e-02
2.829827181994915009e-02
-2.385810576379299164e-02
7.417920231819152832e-02
6.578738987445831299e-02
-2.421217039227485657e-02
3.538890555500984192e-02
2.042813412845134735e-02
-3.508518263697624207e-02
-7.959582656621932983e-02
-5.869407951831817627e-02
-6.603880971670150757e-02
-1.266530901193618774e-01
5.637203156948089600e-02
6.381986290216445923e-02
2.905355952680110931e-02
1.060156896710395813e-02
-2.728376984596252441e-01
6.489691883325576782e-02
-1.819905042648315430e-01
-8.171879500150680542e-02
3.322453796863555908e-02
3.909623250365257263e-02
-2.042242139577865601e-01
-6.029444560408592224e-02
-5.555318668484687805e-03
5.711119994521141052e-02
-3.068227879703044891e-02
4.839098453521728516e-02
1.123143434524536133e-01
-1.858684718608856201e-01
-8.575683087110519409e-02
1.247871574014425278e-02
-2.912631258368492126e-03
4.092378914356231689e-02
-1.695121824741363525e-02
9.355002641677856445e-02
