-5.521497130393981934e-02
-6.859683990478515625e-02
9.299124032258987427e-02
-4.895387962460517883e-02
-9.289798885583877563e-02
7.697028666734695435e-02
6.197339668869972229e-02
-1.103986352682113647e-01
1.018266826868057251e-01
4.940305650234222412e-02
-6.795427203178405762e-02
-7.928257435560226440e-02
1.069961637258529663e-01
-1.921375631354749203e-03
-4.078271239995956421e-02
2.814827673137187958e-02
2.641830593347549438e-02
-7.326865196228027344e-02
6.061780732125043869e-03
4.965299367904663086e-02
7.678060978651046753e-02
-1.446523796766996384e-02
-1.598976179957389832e-02
-3.178514912724494934e-02
6.320542097091674805e-02
-1.982149109244346619e-02
2.318690158426761627e-02
-8.910859376192092896e-02
-1.367100477218627930e-01
-3.761426359415054321e-02
-3.938004374504089355e-02
-7.264614850282669067e-02
-2.454169094562530518e-02
1.260516494512557983e-01
2.015120536088943481e-02
-2.482138387858867645e-02
-7.160851359367370605e-02
-5.659463256597518921e-02
1.747358217835426331e-02
3.071036189794540405e-02
1.975762471556663513e-02
-1.125867292284965515e-02
2.965992875397205353e-02
-7.829701900482177734e-02
1.442504674196243286e-01
3.997034206986427307e-02
2.048987150192260742e-02
7.096370216459035873e-03
-8.589228987693786621e-02
-8.365792781114578247e-02
-5.364571884274482727e-02
9.099149703979492188e-02
-2.257332392036914825e-02
3.184001892805099487e-02
9.318551421165466309e-02
6.714483257383108139e-03
-7.560911774635314941e-02
-4.853722080588340759e-02
3.096244111657142639e-02
2.145115099847316742e-02
5.507896840572357178e-02
4.297943040728569031e-02
7.269278168678283691e-02
-1.142084896564483643e-01
-1.050840783864259720e-02
-6.009082309901714325e-03
-4.054439067840576172e-02
2.520738169550895691e-02
-3.659455850720405579e-02
7.246576994657516479e-02
-3.267131000757217407e-02
-3.055724501609802246e-02
-5.294013023376464844e-02
2.568001300096511841e-02
3.964044153690338135e-02
-2.183154784142971039e-02
-1.100192894227802753e-03
3.018185868859291077e-02
-7.882467657327651978e-02
2.991065010428428650e-02
-4.063163325190544128e-02
3.045120649039745331e-02
4.331993870437145233e-03
-1.316600739955902100e-01
-2.609371580183506012e-02
-5.742637813091278076e-02
4.084702581167221069e-02
8.569724857807159424e-02
-5.715674534440040588e-02
-2.437433600425720215e-02
5.575803574174642563e-03
2.824425138533115387e-02
-1.075346097350120544e-01
4.710845649242401123e-02
-1.058327257633209229e-01
8.731593377888202667e-03
-1.067563146352767944e-01
8.319587446749210358e-03
-2.008268982172012329e-02
-1.467498298734426498e-02
-5.722072347998619080e-02
-5.007047951221466064e-02
-2.401613863185048103e-03
3.262015059590339661e-02
-2.704638987779617310e-02
-5.395796895027160645e-02
7.255108654499053955e-02
2.335217595100402832e-02
6.502252072095870972e-02
-1.423051021993160248e-02
-4.241317138075828552e-02
5.151851102709770203e-02
-4.042959585785865784e-02
-3.360626846551895142e-02
-7.802763581275939941e-02
3.331882413476705551e-03
1.096139778383076191e-03
-1.146499812602996826e-01
-7.108902558684349060e-03
9.422196447849273682e-02
9.317895397543907166e-03
-4.266365990042686462e-02
-8.825863711535930634e-03
-3.045627847313880920e-02
4.924565181136131287e-02
4.785957559943199158e-02
-1.705250702798366547e-02
-9.890697151422500610e-02
-9.905689954757690430e-02
-2.753475308418273926e-02
4.912010952830314636e-02
-6.873593479394912720e-02
5.374649912118911743e-02
8.002602495253086090e-03
-1.544793508946895599e-02
-7.540313899517059326e-02
1.123732775449752808e-01
-1.034081280231475830e-01
-6.339158862829208374e-02
-6.984226405620574951e-02
-5.183646455407142639e-02
-1.424059644341468811e-02
3.988628461956977844e-02
4.611402377486228943e-02
2.719899080693721771e-02
1.955987326800823212e-02
-1.953229680657386780e-02
-5.127662443555891514e-04
6.696691364049911499e-02
-5.994156748056411743e-02
9.117843955755233765e-02
-1.791938580572605133e-02
3.274283930659294128e-02
-9.263505041599273682e-02
4.816130548715591431e-02
-4.539313726127147675e-03
-2.292597666382789612e-03
9.041260182857513428e-02
-3.293321281671524048e-02
8.507915586233139038e-02
4.306610673666000366e-02
2.569410763680934906e-02
-2.434294670820236206e-03
1.862562447786331177e-02
-6.702409684658050537e-02
2.999727241694927216e-02
-3.528291732072830200e-02
-2.292713522911071777e-02
3.083872608840465546e-02
-6.626150757074356079e-02
3.639020025730133057e-02
-4.996931180357933044e-02
1.145017147064208984e-01
4.471985250711441040e-02
-8.035130798816680908e-02
-2.890792489051818848e-02
4.098848439753055573e-03
-3.893063217401504517e-02
8.829435333609580994e-03
-4.003879427909851074e-02
-5.543782562017440796e-02
1.972744800150394440e-02
4.931066557765007019e-02
-5.047195777297019958e-02
-3.604440018534660339e-02
1.911632530391216278e-02
-3.225481510162353516e-02
-4.197643697261810303e-02
6.379314512014389038e-02
-7.547552883625030518e-02
-4.665641859173774719e-02
-5.547762289643287659e-02
8.766720443964004517e-02
-1.244762390851974487e-01
8.004347980022430420e-02
6.901161372661590576e-02
1.540091484785079956e-01
5.208329856395721436e-02
1.458339095115661621e-01
-4.075029492378234863e-02
-3.179248422384262085e-02
-1.405581459403038025e-02
2.343894168734550476e-02
-1.584205180406570435e-01
1.847112178802490234e-02
1.354737300425767899e-02
3.361561149358749390e-02
-4.907269775867462158e-02
-4.491500183939933777e-02
-2.028432115912437439e-02
-2.019508555531501770e-02
-4.675277695059776306e-02
9.809019416570663452e-02
-1.059827581048011780e-01
1.998349651694297791e-02
2.841441892087459564e-03
5.208416655659675598e-02
1.019515395164489746e-01
2.491365559399127960e-02
6.035531684756278992e-02
7.498278468847274780e-02
-1.858123578131198883e-02
-3.922020271420478821e-02
-2.713865227997303009e-02
-5.433103442192077637e-02
-1.102610379457473755e-01
7.771421968936920166e-02
2.549597807228565216e-02
9.943466633558273315e-03
-5.697072483599185944e-03
-1.407017111778259277e-01
1.201791763305664062e-01
-1.662332713603973389e-01
-3.575475513935089111e-02
6.255392730236053467e-02
1.083719432353973389e-01
-1.881486773490905762e-01
-6.209303438663482666e-02
-5.656634643673896790e-02
1.739001646637916565e-02
1.567994244396686554e-02
1.356667578220367432e-01
1.347657591104507446e-01
-7.255895435810089111e-02
-5.921182408928871155e-02
1.848945766687393188e-02
-4.338854923844337463e-02
9.829120337963104248e-02
-3.231853991746902466e-02
6.895487010478973389e-02
