-1.425145417451858521e-01
-5.811454728245735168e-02
6.921812146902084351e-02
-7.816459238529205322e-02
5.296827759593725204e-03
1.173814684152603149e-01
1.665658503770828247e-02
-1.415396481752395630e-01
1.148753762245178223e-01
3.063094988465309143e-02
-1.612118035554885864e-01
-6.758828461170196533e-02
1.408153474330902100e-01
-4.175945743918418884e-02
5.654413998126983643e-02
5.862374603748321533e-02
5.904775485396385193e-02
-1.035770624876022339e-01
2.882077172398567200e-02
3.608052432537078857e-02
4.053728282451629639e-02
-1.940309256315231323e-02
1.019885297864675522e-02
-2.058422565460205078e-02
2.772491425275802612e-02
-4.261679947376251221e-03
2.572334371507167816e-02
-4.557541757822036743e-02
-1.013749614357948303e-01
-1.051532384008169174e-02
-3.292440995573997498e-02
-8.155121654272079468e-02
-1.358490251004695892e-02
7.185058295726776123e-02
2.921518404036760330e-03
-6.479158066213130951e-03
-7.545821368694305420e-02
1.786708366125822067e-03
1.694929227232933044e-02
2.067834697663784027e-02
-7.998071610927581787e-02
-2.125247754156589508e-02
2.695846557617187500e-02
-5.968141183257102966e-02
1.082795634865760803e-01
8.668997883796691895e-02
4.786928370594978333e-02
-4.085152968764305115e-02
-4.129851609468460083e-02
-1.029460057616233826e-01
-5.922865867614746094e-02
7.387933135032653809e-02
-2.391724288463592529e-02
4.226460307836532593e-02
3.801040723919868469e-02
-1.156259141862392426e-02
-4.470760375261306763e-02
4.616995528340339661e-02
3.282748907804489136e-02
3.577755764126777649e-02
6.638633459806442261e-02
-4.331798478960990906e-02
7.514790445566177368e-02
-1.515617370605468750e-01
-1.906015537679195404e-02
-2.602788619697093964e-02
-1.456005591899156570e-02
7.646990567445755005e-02
-2.444763295352458954e-02
-9.395156055688858032e-02
5.810901522636413574e-02
-1.692024245858192444e-02
-3.487960249185562134e-02
5.564326047897338867e-02
-3.979358356446027756e-03
3.593685850501060486e-02
3.573603928089141846e-02
4.850674793124198914e-02
-6.093646213412284851e-02
6.862917542457580566e-02
-7.705102115869522095e-02
4.194156080484390259e-02
3.598172217607498169e-02
-1.080207675695419312e-01
-7.771783322095870972e-02
2.204591967165470123e-02
3.154573962092399597e-02
1.107198372483253479e-01
2.386787161231040955e-02
-5.015545338392257690e-02
4.975485429167747498e-02
2.393013099208474159e-03
-8.812045305967330933e-02
4.739144816994667053e-02
-1.284325271844863892e-01
1.562216877937316895e-02
-6.711774319410324097e-02
3.322556987404823303e-02
1.041777152568101883e-02
1.137422490864992142e-02
-1.037497371435165405e-01
6.807004683651030064e-04
-2.608900330960750580e-02
1.605584844946861267e-02
-4.997419938445091248e-02
-8.207544684410095215e-03
7.494823634624481201e-02
-2.085637673735618591e-02
2.964030764997005463e-02
9.246548637747764587e-03
-8.009882271289825439e-02
-2.200128696858882904e-02
1.687630428932607174e-03
-1.988481916487216949e-02
-9.663157165050506592e-02
-9.281693957746028900e-03
3.632250428199768066e-02
-4.677068069577217102e-02
-1.058402657508850098e-02
5.269820988178253174e-02
6.972157955169677734e-02
-3.267810121178627014e-02
1.748755387961864471e-02
-2.938959281891584396e-03
-1.084196195006370544e-02
8.166009932756423950e-02
-8.141434192657470703e-02
-7.482345402240753174e-02
-4.199795424938201904e-02
-3.373434022068977356e-02
3.016476146876811981e-02
-7.231804728507995605e-02
6.572722643613815308e-02
1.220920030027627945e-02
2.612821571528911591e-02
-3.822136670351028442e-02
1.095531731843948364e-01
-4.339602217078208923e-02
-2.915741503238677979e-02
-4.257582873106002808e-02
-2.107267826795578003e-02
-6.830384582281112671e-02
3.612089529633522034e-02
8.048522472381591797e-02
5.272807180881500244e-02
2.275579981505870819e-02
-4.832232743501663208e-02
6.239195913076400757e-02
6.500363349914550781e-02
-6.318790465593338013e-02
4.929161444306373596e-02
-8.814254775643348694e-03
4.162466526031494141e-02
-1.015175879001617432e-01
-3.247584030032157898e-02
8.780869841575622559e-02
2.317453920841217041e-02
1.069694757461547852e-01
-6.593511998653411865e-02
7.512618601322174072e-02
1.888776570558547974e-02
-2.868948504328727722e-02
1.156405080109834671e-02
-2.637078985571861267e-02
-3.613629564642906189e-02
2.422778680920600891e-02
-1.848321221768856049e-02
8.891997858881950378e-03
4.817502573132514954e-03
-3.100543282926082611e-02
1.167274545878171921e-02
-3.016063570976257324e-02
2.310120873153209686e-02
1.950905099511146545e-02
-1.379955746233463287e-02
-2.645249851047992706e-02
1.936075091361999512e-02
-2.706294693052768707e-02
6.032654549926519394e-03
4.302220419049263000e-02
-2.594665624201297760e-02
1.688146218657493591e-02
4.127956554293632507e-02
1.499835494905710220e-02
-4.808637499809265137e-02
2.918059239163994789e-03
-3.404771909117698669e-02
1.989758200943470001e-02
2.739124000072479248e-02
-3.890454024076461792e-02
1.239169505424797535e-03
-2.563897334039211273e-02
5.469054356217384338e-02
-9.143903851509094238e-02
9.996976703405380249e-02
3.245633840560913086e-02
1.258640140295028687e-01
3.779290989041328430e-02
8.334290981292724609e-02
3.255353868007659912e-02
-2.000140026211738586e-02
-3.258780390024185181e-02
4.681691154837608337e-02
-1.273595243692398071e-01
-7.978478446602821350e-03
-8.226964622735977173e-02
8.870908617973327637e-02
4.844975192099809647e-03
1.424848474562168121e-02
-3.545976802706718445e-02
-3.139337524771690369e-02
-3.502594679594039917e-02
6.281220912933349609e-02
-5.226387456059455872e-02
1.080079562962055206e-02
-2.655568905174732208e-02
5.800950527191162109e-02
5.799025669693946838e-02
-3.578824549913406372e-02
5.263474583625793457e-02
6.258822232484817505e-02
-1.749975793063640594e-02
-9.510710835456848145e-02
-5.587504431605339050e-02
-7.062115520238876343e-02
-1.210772991180419922e-01
5.838041007518768311e-02
3.638507798314094543e-02
2.436740137636661530e-02
3.067989274859428406e-02
-2.624140679836273193e-01
7.347862422466278076e-02
-1.816606223583221436e-01
-6.768011301755905151e-02
3.962399065494537354e-02
5.492585897445678711e-02
-2.027107626199722290e-01
-5.608496069908142090e-02
-1.415893621742725372e-02
7.012306898832321167e-02
-2.564547769725322723e-02
6.416489928960800171e-02
1.355961561203002930e-01
-1.673585325479507446e-01
-7.112394273281097412e-02
-1.052964478731155396e-02
-9.316779673099517822e-03
7.948561757802963257e-02
-3.182144090533256531e-02
1.181507483124732971e-01
