9.493866935372352600e-03
1.299338974058628082e-02
-3.099283389747142792e-02
-1.768383011221885681e-02
2.865820564329624176e-02
2.893796749413013458e-02
2.757946588099002838e-02
-2.212606370449066162e-02
9.837140887975692749e-02
5.423600599169731140e-02
2.680192410480231047e-04
-6.593902409076690674e-02
7.527404278516769409e-02
-1.003771647810935974e-02
2.886381000280380249e-03
1.149028167128562927e-01
2.597596123814582825e-02
-4.389316216111183167e-02
7.871706970036029816e-03
2.022995240986347198e-02
-2.918092068284749985e-03
2.194000780582427979e-02
2.372322836890816689e-03
-9.570914506912231445e-02
4.669188638217747211e-04
-6.336573045700788498e-03
3.178082033991813660e-02
-2.679635211825370789e-02
-1.288893371820449829e-01
5.805603414773941040e-02
-2.600743994116783142e-02
-1.157586947083473206e-01
-4.249569773674011230e-02
7.411163300275802612e-02
3.003134764730930328e-02
1.713668555021286011e-02
-5.859262868762016296e-02
6.743786390870809555e-03
-4.157519340515136719e-02
5.040840432047843933e-02
-1.291284710168838501e-02
-2.877455018460750580e-02
4.730187822133302689e-03
-8.507693558931350708e-02
7.645125687122344971e-02
1.936512067914009094e-02
8.487778902053833008e-02
2.606678195297718048e-02
-2.815287746489048004e-02
-5.420939251780509949e-02
-5.419526621699333191e-02
7.626998424530029297e-02
3.895837068557739258e-02
2.502467855811119080e-02
7.359637320041656494e-02
-9.272823110222816467e-03
-2.346990630030632019e-02
5.309814587235450745e-02
5.383249837905168533e-03
-4.059029370546340942e-02
2.010593563318252563e-02
-6.062320619821548462e-02
2.521812357008457184e-02
-1.349353194236755371e-01
-5.306400731205940247e-02
-6.111813243478536606e-03
2.985262311995029449e-02
-2.827492915093898773e-02
2.364106476306915283e-02
-2.734281867742538452e-02
-4.195611923933029175e-03
9.758499218150973320e-04
-1.727807149291038513e-02
-1.455415226519107819e-02
-1.075672172009944916e-02
-2.188898436725139618e-02
3.843955695629119873e-02
2.856709063053131104e-03
3.365668654441833496e-02
4.593583941459655762e-02
-2.584016509354114532e-02
6.126759946346282959e-02
2.789429947733879089e-02
-6.631552428007125854e-02
-1.025820500217378139e-03
-3.527516126632690430e-02
-6.117954384535551071e-03
1.296291127800941467e-03
-1.938819070346653461e-03
-2.982865646481513977e-02
-1.516628917306661606e-02
7.011929154396057129e-02
-5.516047775745391846e-02
-1.419284287840127945e-02
-3.195133805274963379e-02
4.389405250549316406e-03
-8.481813222169876099e-02
3.065704181790351868e-02
5.213995464146137238e-03
-3.549018874764442444e-02
-9.264542162418365479e-02
-2.033545076847076416e-02
-1.193794049322605133e-02
1.092582195997238159e-01
1.304283272475004196e-02
-1.488907914608716965e-02
-3.219532547518610954e-03
5.353277176618576050e-02
6.774228066205978394e-02
3.978100046515464783e-02
-7.693925499916076660e-02
2.657295390963554382e-02
-5.823437124490737915e-02
-4.216698464006185532e-03
-8.463822305202484131e-02
-4.116927087306976318e-02
-1.465548761188983917e-02
-2.532069105654954910e-03
-1.402220223098993301e-03
3.204211965203285217e-02
3.945305570960044861e-02
-6.723557412624359131e-02
1.789713837206363678e-02
-7.587702572345733643e-02
1.575545035302639008e-02
8.048321306705474854e-02
-3.136858344078063965e-02
-3.880003467202186584e-02
-2.260635374113917351e-03
-1.140809990465641022e-02
-9.404703974723815918e-03
-8.473188430070877075e-02
5.659374222159385681e-02
3.079353459179401398e-02
5.498992279171943665e-02
-1.602478325366973877e-02
1.058501526713371277e-01
-4.754933342337608337e-02
-3.873216733336448669e-02
-2.797161927446722984e-03
-2.122749388217926025e-02
-5.520610138773918152e-02
5.268927291035652161e-02
2.114730328321456909e-02
2.714840881526470184e-02
3.834125399589538574e-02
6.430155038833618164e-02
6.236900761723518372e-02
2.884495444595813751e-02
-2.602381072938442230e-02
1.563374884426593781e-02
3.465335071086883545e-02
-1.037735305726528168e-02
-8.570395410060882568e-02
-1.749155297875404358e-02
4.999643564224243164e-02
2.376984804868698120e-02
8.832255750894546509e-02
-3.885461762547492981e-02
1.058769822120666504e-01
9.773814678192138672e-02
6.387110333889722824e-04
-1.646993868052959442e-02
3.519034758210182190e-02
-6.034531071782112122e-02
7.374195381999015808e-03
-7.785790413618087769e-02
-3.976228460669517517e-02
1.332242228090763092e-02
-6.972239166498184204e-02
3.780439868569374084e-02
-5.448707938194274902e-02
5.009903013706207275e-02
1.139869689941406250e-01
-4.776848852634429932e-02
5.470979958772659302e-03
3.418500721454620361e-02
1.957637816667556763e-02
2.133614942431449890e-02
4.095310717821121216e-02
9.562661871314048767e-03
-3.562904521822929382e-02
-4.110902547836303711e-03
2.717928402125835419e-02
-7.101207971572875977e-02
-4.394238069653511047e-02
-3.749803081154823303e-02
-4.975375160574913025e-02
6.519207358360290527e-02
-5.182589963078498840e-02
-8.289618790149688721e-02
-5.289731197990477085e-04
7.345793396234512329e-02
-1.516070365905761719e-01
1.340728104114532471e-01
6.059925630688667297e-02
1.436112523078918457e-01
4.906776174902915955e-02
1.320739984512329102e-01
-8.224313147366046906e-03
2.116784825921058655e-02
-9.149190038442611694e-02
2.660628780722618103e-02
-1.301766932010650635e-01
-4.345144703984260559e-02
-8.825524151325225830e-02
9.495099633932113647e-02
-3.780484572052955627e-02
-1.209658384323120117e-02
-5.220917239785194397e-02
-8.285402320325374603e-03
-9.782533161342144012e-03
5.411526560783386230e-02
-3.275020048022270203e-02
5.081048607826232910e-02
2.258220687508583069e-02
3.162156417965888977e-02
7.914927601814270020e-02
-1.082140393555164337e-02
1.150970757007598877e-01
8.872488141059875488e-02
8.627874776721000671e-03
-1.325851380825042725e-01
-3.623575717210769653e-02
-3.236661478877067566e-02
-1.211656332015991211e-01
5.985035747289657593e-02
2.700745873153209686e-02
-8.440471254289150238e-03
5.332134664058685303e-02
-1.354864835739135742e-01
8.180314302444458008e-02
-1.537418514490127563e-01
-2.627767808735370636e-02
7.691670954227447510e-02
1.417772322893142700e-01
-2.018630206584930420e-01
-1.224938556551933289e-01
-5.870429053902626038e-02
5.460146442055702209e-02
-2.312281634658575058e-03
1.457015722990036011e-01
2.191722244024276733e-01
-1.936694830656051636e-01
-1.485515385866165161e-01
-5.406950786709785461e-02
-5.145205929875373840e-02
1.750462800264358521e-01
-8.615781553089618683e-03
1.685140728950500488e-01
