-8.373570442199707031e-02
-3.812084347009658813e-02
7.589495927095413208e-02
-3.740042448043823242e-02
-1.952075026929378510e-02
7.116048783063888550e-02
3.411901369690895081e-02
-1.058067455887794495e-01
1.062053591012954712e-01
4.885281622409820557e-02
-1.005749106407165527e-01
-5.585866048932075500e-02
8.622712641954421997e-02
-1.950536668300628662e-02
-8.769129402935504913e-03
2.229465357959270477e-02
3.156122937798500061e-02
-7.387474924325942993e-02
2.296791970729827881e-02
5.476222187280654907e-02
5.927954614162445068e-02
-1.638183952309191227e-03
-1.801832951605319977e-02
-4.045344423502683640e-03
3.370795398950576782e-02
-6.128162611275911331e-03
1.109251659363508224e-02
-4.310073703527450562e-02
-1.434351354837417603e-01
-2.005670778453350067e-02
-3.679693490266799927e-02
-8.203919231891632080e-02
1.960866153240203857e-02
9.448309987783432007e-02
-1.247889548540115356e-02
-4.076118394732475281e-02
-7.382288575172424316e-02
1.268820604309439659e-03
-7.038055919110774994e-03
1.678992062807083130e-02
-1.520844642072916031e-02
-3.555995225906372070e-02
8.317174389958381653e-03
-6.559881567955017090e-02
9.349974989891052246e-02
9.560903161764144897e-02
5.371247231960296631e-02
-1.250072196125984192e-02
-7.613983005285263062e-02
-5.784779787063598633e-02
-3.613235801458358765e-02
1.356887221336364746e-01
-3.438160568475723267e-02
5.981129035353660583e-02
8.119146525859832764e-02
-8.955381810665130615e-03
-4.122087359428405762e-02
1.219192799180746078e-02
4.460447654128074646e-02
5.358275026082992554e-03
4.104944318532943726e-02
2.496347995474934578e-03
8.271919935941696167e-02
-1.572021842002868652e-01
-5.113157909363508224e-03
-8.844026364386081696e-03
-3.807700797915458679e-02
7.527899742126464844e-02
-4.928549751639366150e-02
-1.449442654848098755e-02
-6.868002936244010925e-03
-2.860836870968341827e-02
-4.052571021020412445e-03
5.724463611841201782e-02
2.954001724720001221e-02
-5.633604712784290314e-03
1.822257973253726959e-02
5.100390315055847168e-02
-6.816301494836807251e-02
4.787453263998031616e-02
-7.906182855367660522e-02
3.333810344338417053e-02
3.129553422331809998e-02
-1.209232732653617859e-01
-7.902608811855316162e-02
-1.082418113946914673e-02
4.072485864162445068e-02
9.334787726402282715e-02
-1.322162151336669922e-02
-3.654816374182701111e-02
4.092524200677871704e-02
2.949352376163005829e-03
-8.123186975717544556e-02
6.891913712024688721e-02
-1.115703955292701721e-01
4.015269223600625992e-03
-8.954279124736785889e-02
3.992428258061408997e-02
-8.892211131751537323e-03
-8.148188702762126923e-03
-7.785766571760177612e-02
-4.609182849526405334e-02
-2.211423590779304504e-02
2.525381743907928467e-02
-2.562428079545497894e-02
-4.649423435330390930e-02
8.907122910022735596e-02
8.146951906383037567e-03
2.828038670122623444e-02
-1.434742845594882965e-02
-8.012939244508743286e-02
2.987723797559738159e-02
-3.471856191754341125e-02
-4.260718822479248047e-02
-7.401078194379806519e-02
-1.531885005533695221e-02
5.511587858200073242e-02
-7.002439349889755249e-02
-1.336036249995231628e-03
9.864598512649536133e-02
3.714495897293090820e-02
-5.429479852318763733e-02
-4.103072360157966614e-02
1.365789212286472321e-02
3.175874799489974976e-02
5.979392677545547485e-02
-2.177503332495689392e-02
-1.114550307393074036e-01
-5.179470777511596680e-02
-4.433098435401916504e-02
3.927123174071311951e-02
-8.151287585496902466e-02
7.331425696611404419e-02
3.322638943791389465e-02
-2.208074321970343590e-03
-6.774208694696426392e-02
1.180242449045181274e-01
-6.937106698751449585e-02
-1.456264313310384750e-02
-2.821582928299903870e-02
-1.296334527432918549e-02
-4.473581910133361816e-02
6.462111324071884155e-02
6.349277496337890625e-02
5.445302650332450867e-02
1.022296678274869919e-02
-1.577921211719512939e-02
7.897869497537612915e-02
5.703551322221755981e-02
-5.180169641971588135e-02
5.612386763095855713e-02
-7.630416192114353180e-03
1.543061714619398117e-02
-7.211903482675552368e-02
3.143225982785224915e-02
7.050800323486328125e-02
2.572428062558174133e-02
6.382995843887329102e-02
-5.279989540576934814e-02
1.128571107983589172e-01
6.074563041329383850e-02
-2.213099785149097443e-02
1.410707831382751465e-02
-1.166643388569355011e-02
-5.015717819333076477e-02
1.912206597626209259e-02
-2.684232406318187714e-02
-1.959536597132682800e-02
3.095617145299911499e-02
-5.040073767304420471e-02
4.327424988150596619e-02
-3.530276566743850708e-02
6.073850020766258240e-02
4.541485011577606201e-02
-9.931864589452743530e-02
-1.557749789208173752e-02
-3.338493034243583679e-02
-1.443522889167070389e-02
1.614679768681526184e-02
1.720405556261539459e-02
-1.133204158395528793e-02
-3.064743708819150925e-03
3.402021154761314392e-02
-6.323989480733871460e-02
-3.381525725126266479e-02
1.405082270503044128e-02
-1.960038393735885620e-02
-8.900546235963702202e-04
5.314778536558151245e-02
-7.431954145431518555e-02
-2.539012394845485687e-02
-6.107798963785171509e-02
7.427936047315597534e-02
-1.357557624578475952e-01
1.199651733040809631e-01
7.433654367923736572e-02
2.000934332609176636e-01
6.179372593760490417e-02
1.108440086245536804e-01
-4.043764621019363403e-02
-2.591871656477451324e-02
-3.102074377238750458e-02
2.972980216145515442e-02
-1.619158983230590820e-01
-4.407433327287435532e-03
-4.900220781564712524e-02
5.643753707408905029e-02
4.619417712092399597e-03
-1.343588158488273621e-02
-1.846749894320964813e-02
-6.847047246992588043e-03
-4.518206417560577393e-02
9.411384910345077515e-02
-9.052711725234985352e-02
-1.898546470329165459e-03
7.467661052942276001e-03
2.644530683755874634e-02
3.559232130646705627e-02
-4.805066622793674469e-03
8.958789706230163574e-02
1.050859540700912476e-01
1.044582109898328781e-02
-7.562460005283355713e-02
-3.244590386748313904e-02
-8.581779152154922485e-02
-1.501036286354064941e-01
7.758725434541702271e-02
5.664216354489326477e-03
2.454709960147738457e-03
7.925116457045078278e-03
-1.870359182357788086e-01
7.565715163946151733e-02
-1.788165867328643799e-01
-4.621013253927230835e-02
3.802569955587387085e-02
8.077578991651535034e-02
-1.711048036813735962e-01
-6.044786795973777771e-02
-2.143987081944942474e-02
4.711163043975830078e-02
5.505475215613842010e-03
1.014034077525138855e-01
1.674172431230545044e-01
-1.244605034589767456e-01
-7.182577997446060181e-02
-2.207192778587341309e-02
-2.659042179584503174e-02
1.111711934208869934e-01
-4.544263333082199097e-02
1.210086792707443237e-01
