-9.996206313371658325e-02
-5.203879997134208679e-02
8.057070523500442505e-02
-5.796518549323081970e-02
-2.092181891202926636e-02
8.976661413908004761e-02
3.218290582299232483e-02
-1.299399137496948242e-01
1.043255701661109924e-01
4.219057410955429077e-02
-1.179741546511650085e-01
-6.355534493923187256e-02
1.211476624011993408e-01
-1.935688965022563934e-02
1.949013955891132355e-02
4.453792795538902283e-02
4.116750136017799377e-02
-8.391160517930984497e-02
2.359143272042274475e-02
3.454535454511642456e-02
6.051946803927421570e-02
-2.638110704720020294e-02
1.861602504504844546e-04
-2.420003339648246765e-02
4.454775527119636536e-02
-5.206907633692026138e-03
1.766422949731349945e-02
-5.561227723956108093e-02
-1.311891376972198486e-01
-1.349583733826875687e-02
-4.451071470975875854e-02
-8.626550436019897461e-02
-1.507925428450107574e-02
1.016048192977905273e-01
-1.197088859044015408e-03
-2.785395644605159760e-02
-9.394662827253341675e-02
-7.940757088363170624e-03
3.127973293885588646e-03
3.368316590785980225e-02
-3.689303994178771973e-02
-2.015725523233413696e-02
2.745014242827892303e-02
-7.587938755750656128e-02
1.099755614995956421e-01
7.836657762527465820e-02
4.607998952269554138e-02
-9.911915287375450134e-03
-6.854312866926193237e-02
-8.258996158838272095e-02
-6.224636361002922058e-02
1.079867929220199585e-01
-2.724400162696838379e-02
4.077468812465667725e-02
7.310922443866729736e-02
-8.101403713226318359e-03
-5.526725202798843384e-02
1.658414676785469055e-02
4.355490580201148987e-02
2.667301148176193237e-02
5.413206666707992554e-02
-2.570150420069694519e-02
8.308660238981246948e-02
-1.467776745557785034e-01
-1.198295038193464279e-02
-1.389924809336662292e-02
-4.166212305426597595e-02
7.151623070240020752e-02
-4.059818014502525330e-02
-4.530194029211997986e-02
2.632493153214454651e-02
-9.928944520652294159e-03
-2.020237036049365997e-02
6.400340795516967773e-02
8.616350591182708740e-03
2.919515594840049744e-02
3.702601045370101929e-02
5.413073301315307617e-02
-7.857522368431091309e-02
7.177050411701202393e-02
-7.544040679931640625e-02
2.819455601274967194e-02
2.146892808377742767e-02
-1.185155138373374939e-01
-7.194186747074127197e-02
-7.537872530519962311e-03
4.753831773996353149e-02
1.023641973733901978e-01
6.309364689514040947e-04
-3.432152420282363892e-02
2.144941128790378571e-02
1.774414675310254097e-03
-9.852997213602066040e-02
4.535303637385368347e-02
-1.147400960326194763e-01
1.202163845300674438e-02
-9.412759542465209961e-02
3.577801957726478577e-02
-7.118128705769777298e-04
-1.836082153022289276e-02
-8.702186495065689087e-02
-1.895731687545776367e-02
-2.039508894085884094e-02
1.727144233882427216e-02
-4.233863577246665955e-02
-4.109125956892967224e-02
7.696399092674255371e-02
-2.703641308471560478e-03
3.914494439959526062e-02
-8.238811045885086060e-03
-5.939435213804244995e-02
1.422719750553369522e-02
-9.514470584690570831e-03
-2.023281157016754150e-02
-9.353245794773101807e-02
-1.541007217019796371e-02
2.445710077881813049e-02
-5.734565854072570801e-02
-1.073678024113178253e-02
8.776864409446716309e-02
5.205898731946945190e-02
-4.353308677673339844e-02
-1.482469867914915085e-02
8.422184735536575317e-03
1.098838448524475098e-02
7.694273442029953003e-02
-6.002132967114448547e-02
-9.286065399646759033e-02
-5.776662006974220276e-02
-1.801404356956481934e-02
1.805238984525203705e-02
-5.755764618515968323e-02
4.898541048169136047e-02
2.548831701278686523e-02
1.258225273340940475e-02
-5.213754624128341675e-02
9.747655689716339111e-02
-3.874850273132324219e-02
-2.343542687594890594e-02
-3.474386036396026611e-02
-1.810361258685588837e-02
-5.029286816716194153e-02
5.247958749532699585e-02
6.530969589948654175e-02
5.825539305806159973e-02
2.793610282242298126e-02
-3.399054333567619324e-02
3.599133342504501343e-02
6.394606828689575195e-02
-6.593884527683258057e-02
4.177651554346084595e-02
-3.939923830330371857e-03
2.545179799199104309e-02
-8.338440954685211182e-02
6.667582783848047256e-03
6.698439270257949829e-02
9.691796265542507172e-03
8.761462569236755371e-02
-5.717663839459419250e-02
8.180204033851623535e-02
2.193538285791873932e-02
-1.360528543591499329e-02
2.240207977592945099e-02
-1.237328536808490753e-02
-6.028101593255996704e-02
3.062812797725200653e-02
-3.141205385327339172e-02
4.796246532350778580e-03
2.227130718529224396e-02
-6.576770544052124023e-02
2.642271295189857483e-02
-5.794827640056610107e-02
5.890637263655662537e-02
4.077572003006935120e-02
-5.782692134380340576e-02
-3.412934392690658569e-02
-1.386728044599294662e-02
-3.056682087481021881e-02
-8.595940307714045048e-04
2.159913443028926849e-02
-4.100662469863891602e-02
2.391041489318013191e-03
5.129246041178703308e-02
-1.538873929530382156e-02
-5.724487826228141785e-02
1.030830387026071548e-02
-4.691266268491744995e-02
1.153643149882555008e-02
5.091943964362144470e-02
-5.918715894222259521e-02
-3.337420057505369186e-03
-5.102888867259025574e-02
6.878748536109924316e-02
-1.101094484329223633e-01
1.132197454571723938e-01
5.317291244864463806e-02
1.681631505489349365e-01
4.961871355772018433e-02
9.438826888799667358e-02
2.362828468903899193e-03
-3.475215658545494080e-02
-2.089509181678295135e-02
3.670881688594818115e-02
-1.636335998773574829e-01
8.421274833381175995e-03
-5.239664018154144287e-02
7.487786561250686646e-02
-9.647063910961151123e-03
-2.433119341731071472e-03
-3.323321044445037842e-02
-1.049342658370733261e-02
-4.554287344217300415e-02
7.835157960653305054e-02
-8.191962540149688721e-02
1.918977312743663788e-02
-1.701956801116466522e-02
5.856715142726898193e-02
7.605009526014328003e-02
7.401287439279258251e-04
7.861031591892242432e-02
9.155064821243286133e-02
-1.940499618649482727e-02
-9.086912870407104492e-02
-6.294091045856475830e-02
-8.688691258430480957e-02
-1.465573310852050781e-01
6.285333633422851562e-02
2.943955920636653900e-02
1.387108024209737778e-02
1.554757356643676758e-02
-2.353702187538146973e-01
1.013892367482185364e-01
-1.808570176362991333e-01
-6.156427040696144104e-02
4.838255792856216431e-02
7.232937961816787720e-02
-1.978078484535217285e-01
-5.921738594770431519e-02
-1.409748010337352753e-02
4.639042913913726807e-02
-9.416720829904079437e-03
9.091793000698089600e-02
1.499296426773071289e-01
-1.358759403228759766e-01
-7.531676441431045532e-02
-5.135101266205310822e-03
-1.942022517323493958e-02
7.993532717227935791e-02
-3.457243368029594421e-02
1.077929809689521790e-01
