-1.436185836791992188e-01
-8.155733346939086914e-02
9.465512633323669434e-02
-7.261878997087478638e-02
-1.770857162773609161e-02
9.501684457063674927e-02
1.981105655431747437e-02
-1.348672658205032349e-01
5.727049335837364197e-02
-1.133615523576736450e-02
-1.628361493349075317e-01
-5.739723518490791321e-02
1.114630997180938721e-01
-6.084777414798736572e-02
5.451715737581253052e-02
-6.829356774687767029e-03
9.548746049404144287e-02
-7.539132982492446899e-02
8.944217115640640259e-03
5.440028756856918335e-02
6.577793508768081665e-02
2.933975076302886009e-03
2.130328491330146790e-02
2.710677310824394226e-02
7.085788249969482422e-02
5.778491031378507614e-03
-4.634966701269149780e-02
6.609865929931402206e-03
-1.503606289625167847e-01
8.895136415958404541e-03
-2.093660645186901093e-02
-1.363903135061264038e-01
-3.806231170892715454e-02
4.397238418459892273e-02
1.329727191478013992e-02
2.312826365232467651e-02
-1.258557289838790894e-01
3.688283637166023254e-02
1.337428949773311615e-02
7.429564744234085083e-02
-6.472572684288024902e-02
-3.134845569729804993e-02
3.172483295202255249e-02
-6.976242363452911377e-02
7.597399502992630005e-02
3.921798244118690491e-02
4.467716440558433533e-02
-3.376915305852890015e-02
-8.594724535942077637e-02
-9.360183030366897583e-02
-6.448529660701751709e-02
1.045801714062690735e-01
-6.277684122323989868e-02
5.137496441602706909e-02
2.868287265300750732e-02
-2.769888937473297119e-02
-2.497034706175327301e-02
1.228708028793334961e-02
3.121910244226455688e-02
2.458259649574756622e-02
3.166213259100914001e-02
-3.661635890603065491e-02
4.670971259474754333e-02
-1.291021406650543213e-01
-1.765608787536621094e-02
-5.835906788706779480e-02
1.916890405118465424e-02
7.223348319530487061e-02
1.998226344585418701e-02
-6.413253396749496460e-02
4.458782821893692017e-02
2.932924591004848480e-02
-4.015129432082176208e-02
1.139956293627619743e-03
-1.656128093600273132e-02
-3.232004237361252308e-04
3.313195705413818359e-02
8.868171274662017822e-02
-8.093094825744628906e-02
5.813489481806755066e-02
-1.267441511154174805e-01
-6.343260873109102249e-03
1.310736779123544693e-02
-1.655244678258895874e-01
-8.693780004978179932e-02
-1.420599687844514847e-02
4.710740968585014343e-02
1.030244976282119751e-01
5.891060922294855118e-03
-2.642170153558254242e-02
3.907107189297676086e-02
5.703029688447713852e-03
-5.849348381161689758e-02
7.713533192873001099e-02
-1.576203405857086182e-01
3.025069832801818848e-02
-7.379449158906936646e-02
-2.554606832563877106e-02
8.092306554317474365e-02
1.620126329362392426e-02
-6.146900355815887451e-02
-4.897696524858474731e-02
-4.890092089772224426e-02
-2.240498363971710205e-02
2.401039004325866699e-02
-3.323723748326301575e-02
8.614027500152587891e-02
-4.193450137972831726e-02
4.663240909576416016e-02
-2.318949624896049500e-02
-5.816363170742988586e-02
-4.970266018062829971e-03
-4.492695443332195282e-03
3.310232982039451599e-02
-3.942823037505149841e-02
1.880768314003944397e-02
-2.716734772548079491e-03
-5.991090089082717896e-02
-5.964370444416999817e-02
7.732024043798446655e-02
1.270557101815938950e-02
-4.099688306450843811e-02
-7.788081467151641846e-02
4.971165582537651062e-02
-1.822844892740249634e-02
5.053963512182235718e-02
-2.394539676606655121e-02
-1.055967882275581360e-01
-2.547606080770492554e-02
-3.631626069545745850e-02
3.655085712671279907e-02
-5.011654272675514221e-02
2.388625033199787140e-02
-1.818812265992164612e-02
5.962231010198593140e-02
-4.637942463159561157e-02
4.140225797891616821e-02
1.131937373429536819e-02
2.663035504519939423e-02
-2.241077460348606110e-02
5.582501180469989777e-03
5.046366248279809952e-03
1.502067316323518753e-02
6.511004269123077393e-02
6.364283710718154907e-02
2.450090833008289337e-03
-3.308700025081634521e-02
5.941191688179969788e-02
1.182430889457464218e-02
-6.220857053995132446e-02
1.914904825389385223e-02
-2.390187792479991913e-02
3.945755958557128906e-02
-5.505467578768730164e-02
5.025319382548332214e-02
7.090491056442260742e-02
4.008360207080841064e-02
3.740615397691726685e-02
-1.789803057909011841e-02
2.974546328186988831e-02
2.898406609892845154e-02
-1.054353639483451843e-02
5.504885688424110413e-02
-2.708529680967330933e-02
-5.181147903203964233e-02
6.852935999631881714e-02
-2.235677838325500488e-02
9.114431217312812805e-03
1.735120639204978943e-02
-8.453305065631866455e-02
6.144242361187934875e-02
-6.431777775287628174e-02
6.590245664119720459e-02
1.130567304790019989e-02
-8.194283396005630493e-02
-1.629422232508659363e-02
-2.504667080938816071e-02
-8.436584472656250000e-02
-1.339213829487562180e-02
2.856462448835372925e-02
-1.567903533577919006e-02
-2.729274332523345947e-02
6.953284144401550293e-02
-4.159760102629661560e-02
-4.271020367741584778e-02
2.482471056282520294e-02
-6.120640411972999573e-02
4.673556238412857056e-02
3.327472507953643799e-02
-9.281086176633834839e-02
3.420703113079071045e-02
-8.625034242868423462e-02
5.322978645563125610e-02
-7.337404787540435791e-02
6.492947041988372803e-02
1.470887381583452225e-02
1.624774038791656494e-01
7.956510782241821289e-02
6.137977913022041321e-02
6.070060282945632935e-02
-5.215192958712577820e-02
-4.604056477546691895e-02
6.562867015600204468e-02
-1.258108466863632202e-01
5.961176380515098572e-02
-1.147278919816017151e-01
7.102526724338531494e-02
-3.192714601755142212e-02
-2.087001502513885498e-02
-4.559824615716934204e-02
6.227785488590598106e-04
-3.059157356619834900e-02
1.028496250510215759e-01
-1.075355559587478638e-01
1.163395773619413376e-02
-3.190777078270912170e-02
5.516578257083892822e-02
5.905208736658096313e-02
-5.611792206764221191e-02
5.368984118103981018e-02
8.580020070075988770e-02
1.242911536246538162e-02
-7.365475594997406006e-02
-6.722826510667800903e-02
-5.213526263833045959e-02
-1.275532096624374390e-01
4.420803487300872803e-02
5.827766843140125275e-03
1.711790263652801514e-02
1.520522125065326691e-02
-2.323202937841415405e-01
7.240094989538192749e-02
-1.512401103973388672e-01
-9.003960341215133667e-02
3.443066030740737915e-03
1.567062176764011383e-02
-1.117756962776184082e-01
-2.916211821138858795e-02
3.327790275216102600e-02
5.088493227958679199e-02
1.371214399114251137e-03
3.524544835090637207e-02
1.451213806867599487e-01
-1.324639320373535156e-01
-2.434130385518074036e-02
-8.936255238950252533e-03
6.965829525142908096e-03
7.715006172657012939e-02
-5.661521852016448975e-02
8.146241307258605957e-02
