-8.566099405288696289e-02
-7.089328765869140625e-02
7.188136130571365356e-02
-8.574504405260086060e-02
-1.854736357927322388e-02
9.070538729429244995e-02
6.116783246397972107e-03
-1.659327447414398193e-01
9.609120339155197144e-02
5.247485265135765076e-02
-1.245169863104820251e-01
-1.000826582312583923e-01
1.385987102985382080e-01
-5.404284223914146423e-02
-1.155117759481072426e-03
1.371119618415832520e-01
3.433172777295112610e-02
-8.814459294080734253e-02
2.923856116831302643e-02
2.119221724569797516e-02
5.773184075951576233e-02
-4.715573787689208984e-02
2.503618411719799042e-02
-7.989665120840072632e-02
2.953620254993438721e-02
-1.468539703637361526e-02
3.781414404511451721e-02
-6.396175920963287354e-02
-6.650280952453613281e-02
4.899761453270912170e-02
-4.989596456289291382e-02
-5.317295715212821960e-02
-6.300222128629684448e-02
8.837277442216873169e-02
1.587881334125995636e-02
2.360748872160911560e-02
-7.574256509542465210e-02
-3.155114874243736267e-02
1.806788495741784573e-03
3.439188003540039062e-02
-7.049001008272171021e-02
1.819059951230883598e-03
7.464441657066345215e-02
-9.647073596715927124e-02
1.066969409584999084e-01
1.483377721160650253e-02
4.494572430849075317e-02
1.598592102527618408e-02
-3.977901861071586609e-02
-1.230223476886749268e-01
-8.996841311454772949e-02
7.331729680299758911e-02
-1.965315546840429306e-03
2.153250016272068024e-02
6.170944869518280029e-02
-1.257383171468973160e-02
-6.745786964893341064e-02
3.845220431685447693e-02
9.859655052423477173e-03
5.384586751461029053e-02
5.228895694017410278e-02
-2.908155508339405060e-02
4.172298312187194824e-02
-1.102671921253204346e-01
-2.787231653928756714e-02
-2.525589242577552795e-02
-3.482287004590034485e-02
3.298954665660858154e-02
2.099269814789295197e-02
-2.784678339958190918e-02
5.589215829968452454e-02
-6.882289424538612366e-03
-4.322195798158645630e-02
4.664929211139678955e-02
9.880849160254001617e-03
3.051641769707202911e-02
3.613712638616561890e-02
1.043980754911899567e-02
-3.783398494124412537e-02
9.258270263671875000e-02
-5.562245473265647888e-02
5.208642035722732544e-02
2.817894704639911652e-02
-7.456612586975097656e-02
-3.677066043019294739e-02
-4.448308050632476807e-02
3.900441154837608337e-02
9.927178174257278442e-02
6.331227719783782959e-03
-2.297035604715347290e-02
2.795048430562019348e-02
4.636095464229583740e-02
-1.336647421121597290e-01
-1.652630977332592010e-02
-9.113798290491104126e-02
-1.614158414304256439e-02
-7.126192003488540649e-02
4.695841297507286072e-02
-1.794305071234703064e-02
-3.702875971794128418e-02
-1.129807233810424805e-01
1.649525202810764313e-02
-2.785052172839641571e-02
3.991313278675079346e-02
-6.490286439657211304e-02
-4.375893622636795044e-02
3.381019458174705505e-02
6.672260351479053497e-03
3.480793535709381104e-02
2.991163544356822968e-02
-2.316103130578994751e-02
-1.000440493226051331e-02
6.554539315402507782e-03
1.019193977117538452e-02
-9.962343424558639526e-02
-5.013387277722358704e-02
-1.586598716676235199e-02
-4.079061001539230347e-02
-9.615363553166389465e-03
7.567362487316131592e-02
4.633589833974838257e-02
-1.239365059882402420e-02
2.046148478984832764e-02
-2.862630039453506470e-02
1.587125472724437714e-02
9.972405433654785156e-02
-7.566789537668228149e-02
-6.371514499187469482e-02
-6.957062333822250366e-02
1.505295280367136002e-02
-2.500831335783004761e-02
-1.089310739189386368e-02
5.102068558335304260e-02
5.464344285428524017e-03
4.271780699491500854e-02
-7.334233820438385010e-02
9.913839399814605713e-02
-1.398765295743942261e-02
-6.050585210323333740e-02
-5.060572922229766846e-02
-2.585656568408012390e-02
-6.563260406255722046e-02
1.723333448171615601e-02
4.547507688403129578e-02
4.438639432191848755e-02
4.653462767601013184e-02
-2.610303089022636414e-02
1.906961388885974884e-02
9.379611909389495850e-02
-7.128107547760009766e-02
4.699396714568138123e-02
7.651110179722309113e-03
7.803149521350860596e-02
-1.236319467425346375e-01
-4.036365449428558350e-02
4.528787359595298767e-02
-1.055862475186586380e-02
7.344168424606323242e-02
-5.761630460619926453e-02
8.954454958438873291e-02
3.932563588023185730e-02
-9.079530835151672363e-03
-1.495899073779582977e-02
6.705194711685180664e-03
-5.986256897449493408e-02
2.115722931921482086e-02
-5.470177903771400452e-02
3.645224124193191528e-02
2.507053129374980927e-02
-6.817885488271713257e-02
9.519379818812012672e-04
-1.138135194778442383e-01
7.022500783205032349e-02
6.018536910414695740e-02
-1.522524864412844181e-03
-4.423540458083152771e-02
5.514017120003700256e-02
-2.949719689786434174e-02
-1.750701293349266052e-02
1.462924387305974960e-02
-5.650496855378150940e-02
4.621474072337150574e-02
7.071775197982788086e-02
5.141731351613998413e-02
-8.039891719818115234e-02
-1.495655905455350876e-02
-4.068488255143165588e-02
-5.970490165054798126e-03
4.282369837164878845e-02
-5.248714238405227661e-02
1.624571904540061951e-02
-7.126118522137403488e-03
6.122895702719688416e-02
-9.803240001201629639e-02
1.117301285266876221e-01
2.096137590706348419e-02
8.766704052686691284e-02
4.596756771206855774e-02
1.045756638050079346e-01
7.333534955978393555e-02
-5.518876481801271439e-03
-1.651149429380893707e-02
2.772803604602813721e-02
-1.445145159959793091e-01
-3.001669421792030334e-02
-4.072684794664382935e-02
8.134277909994125366e-02
-4.635314643383026123e-02
2.697459980845451355e-02
-4.476734995841979980e-02
-2.073223702609539032e-02
-8.580685593187808990e-03
5.538237467408180237e-02
-1.334540545940399170e-02
4.346125200390815735e-02
-1.069296523928642273e-02
7.936832308769226074e-02
7.443177700042724609e-02
-3.093580016866326332e-03
5.616145208477973938e-02
1.213508471846580505e-02
-4.601063579320907593e-02
-1.222385540604591370e-01
-6.062731891870498657e-02
-7.513862103223800659e-02
-1.486118137836456299e-01
8.826564997434616089e-02
6.667510420083999634e-02
-3.296683309599757195e-03
2.631549909710884094e-02
-2.030343413352966309e-01
8.594537526369094849e-02
-1.540252119302749634e-01
-3.293009474873542786e-02
3.439191728830337524e-02
7.421166449785232544e-02
-2.016822248697280884e-01
-7.187427580356597900e-02
-7.391465362161397934e-03
4.192414134740829468e-02
-2.421350218355655670e-02
5.508255958557128906e-02
1.253623664379119873e-01
-1.794201731681823730e-01
-1.031867042183876038e-01
-8.510074578225612640e-03
-1.699602231383323669e-02
4.389465972781181335e-02
-3.277133777737617493e-02
8.662085235118865967e-02
