-5.810784175992012024e-02
-4.780029505491256714e-02
1.039146259427070618e-02
-2.464263327419757843e-02
3.571755066514015198e-02
1.989717036485671997e-02
4.178325459361076355e-02
-2.656150609254837036e-02
7.829967141151428223e-02
1.794481836259365082e-02
-7.813366129994392395e-03
-1.097589079290628433e-02
3.226856514811515808e-02
3.310686675831675529e-03
2.007955126464366913e-02
9.893628768622875214e-03
3.171246126294136047e-02
-5.589016899466514587e-02
1.033220323733985424e-03
6.046273186802864075e-02
5.387249588966369629e-02
4.910049960017204285e-02
-2.875393629074096680e-02
-2.692367695271968842e-02
5.831568036228418350e-03
-8.327111601829528809e-03
1.240962278097867966e-02
3.432273864746093750e-02
-1.646005511283874512e-01
3.355105221271514893e-02
-4.309592023491859436e-02
-1.132142096757888794e-01
1.565832830965518951e-02
1.334507167339324951e-01
-4.572893027216196060e-03
-5.196421593427658081e-02
-1.121427491307258606e-01
3.246682509779930115e-02
-6.556672602891921997e-02
4.753156751394271851e-02
-9.292468428611755371e-03
-5.925813689827919006e-02
-5.624454934149980545e-03
-1.054287180304527283e-01
1.346262544393539429e-01
1.516971886157989502e-01
1.200793981552124023e-01
1.787625811994075775e-02
-9.987816959619522095e-02
-3.029224276542663574e-02
-4.589124396443367004e-02
2.138448059558868408e-01
-8.923186920583248138e-03
1.184154003858566284e-01
1.376379132270812988e-01
-6.910754740238189697e-02
-2.641587331891059875e-02
2.374838665127754211e-02
5.663535371422767639e-02
-7.441071420907974243e-02
7.163570728152990341e-03
-6.081577762961387634e-02
1.179151237010955811e-01
-1.551367938518524170e-01
-9.101102128624916077e-03
3.587976843118667603e-02
-2.413326315581798553e-02
3.577975183725357056e-02
9.936882182955741882e-03
-4.161008447408676147e-02
7.926455885171890259e-02
-6.741400063037872314e-02
-2.238386496901512146e-02
6.378963589668273926e-02
3.341672196984291077e-02
-5.543120577931404114e-02
-7.433249615132808685e-03
5.039383098483085632e-02
-8.267153799533843994e-02
9.213797003030776978e-02
-6.102237850427627563e-02
2.514158561825752258e-02
3.367703780531883240e-02
-1.347749531269073486e-01
-7.542904466390609741e-02
7.505772635340690613e-03
7.783671841025352478e-03
5.219889804720878601e-02
1.741750165820121765e-02
-8.082394301891326904e-02
-1.119598280638456345e-02
7.599446922540664673e-02
-5.830751731991767883e-02
1.138212084770202637e-01
-1.027988418936729431e-01
-1.842940598726272583e-02
-1.017421409487724304e-01
2.870519459247589111e-02
3.232328221201896667e-02
6.052205804735422134e-03
-9.027283638715744019e-02
-4.896840825676918030e-02
-5.886720493435859680e-02
7.549931108951568604e-02
1.656476221978664398e-02
1.029434497468173504e-03
6.528235971927642822e-02
4.162196442484855652e-02
6.357682496309280396e-02
-7.691670209169387817e-03
-1.018183678388595581e-01
4.574921354651451111e-02
-7.710684090852737427e-02
-5.717154964804649353e-02
-8.575911074876785278e-02
-6.065454706549644470e-02
2.677029184997081757e-02
-3.151528909802436829e-02
7.760874927043914795e-03
8.172886818647384644e-02
2.638723142445087433e-02
-7.986075431108474731e-02
-2.990887127816677094e-02
-5.285111255943775177e-03
3.065370209515094757e-02
7.077931612730026245e-02
3.202331718057394028e-03
-8.346109092235565186e-02
2.573129348456859589e-02
-4.969209060072898865e-02
-7.562025915831327438e-03
-1.164010241627693176e-01
2.853688970208168030e-02
5.681897979229688644e-03
4.323844239115715027e-02
-3.395777195692062378e-02
3.485884144902229309e-02
2.060978859663009644e-02
-3.498284146189689636e-03
6.705929338932037354e-02
1.529601495712995529e-02
-5.162090435624122620e-02
5.028630420565605164e-02
4.077450931072235107e-02
4.876294732093811035e-02
1.538296416401863098e-02
1.925754733383655548e-02
1.194045469164848328e-01
4.032282158732414246e-02
-1.723811216652393341e-02
-8.306989446282386780e-03
6.184599827975034714e-03
-5.052005127072334290e-02
-7.718563079833984375e-02
2.981207333505153656e-02
7.181923836469650269e-02
3.575718775391578674e-02
5.032536014914512634e-02
-3.733611851930618286e-02
1.129173859953880310e-01
7.033258676528930664e-02
-1.583113335072994232e-03
3.180287405848503113e-02
4.617508873343467712e-02
-3.368318453431129456e-02
2.639900706708431244e-02
-7.125173509120941162e-02
-4.887351021170616150e-02
6.014375016093254089e-02
-7.850883901119232178e-02
8.523990213871002197e-02
-4.346539452672004700e-02
6.936176866292953491e-02
5.240032076835632324e-02
-5.628035962581634521e-02
-1.479118037968873978e-02
-5.760833248496055603e-02
-1.337158214300870895e-02
-1.499035581946372986e-02
4.244507104158401489e-02
1.416605059057474136e-02
-5.663333833217620850e-02
1.277098897844552994e-02
-4.761594533920288086e-02
-2.310470119118690491e-02
6.388176232576370239e-03
-2.978447638452053070e-02
-4.223492369055747986e-02
7.857999950647354126e-02
-7.197626680135726929e-02
-5.595805123448371887e-02
-1.681221462786197662e-02
3.125957399606704712e-02
-1.214203909039497375e-01
8.855701982975006104e-02
6.832595169544219971e-02
1.566978096961975098e-01
6.578040868043899536e-02
3.387453407049179077e-02
-4.937712848186492920e-02
1.910427398979663849e-02
-5.010608583688735962e-02
3.374300897121429443e-02
-1.059317812323570251e-01
-2.066377550363540649e-02
-4.529654607176780701e-02
3.336821123957633972e-02
1.442055497318506241e-02
-1.469507534056901932e-02
-9.669385850429534912e-03
3.028351813554763794e-02
3.204938257113099098e-03
4.391289874911308289e-02
-9.296686202287673950e-02
2.025443129241466522e-02
7.683463860303163528e-03
9.948460385203361511e-03
1.865686848759651184e-02
-5.624777171760797501e-03
7.215514034032821655e-02
9.244077652692794800e-02
3.748303279280662537e-02
-7.751307636499404907e-02
-9.384666569530963898e-03
-3.247261419892311096e-02
-1.172304525971412659e-01
-5.434987135231494904e-03
-6.547509226948022842e-03
-1.692278124392032623e-02
2.961175329983234406e-02
-2.522896416485309601e-02
4.226564988493919373e-02
-8.863312005996704102e-02
-8.096418343484401703e-03
1.917201839387416840e-02
4.976851120591163635e-02
-7.397790253162384033e-02
-4.116577282547950745e-02
-3.653170075267553329e-03
5.624961107969284058e-02
-9.019088000059127808e-03
1.011700928211212158e-01
2.101857066154479980e-01
-1.110415235161781311e-01
-9.425841271877288818e-02
-3.813804313540458679e-02
-2.743631787598133087e-02
1.497919857501983643e-01
-5.691833049058914185e-02
1.552996486425399780e-01
