-8.927488327026367188e-02
-5.290301889181137085e-02
6.945254653692245483e-02
-2.981221675872802734e-02
-5.257831420749425888e-03
5.121416598558425903e-02
1.577464863657951355e-02
-8.269211649894714355e-02
9.186232089996337891e-02
4.416103661060333252e-02
-1.090809479355812073e-01
-4.516309872269630432e-02
9.224842488765716553e-02
-2.960622869431972504e-02
-1.513495226390659809e-03
2.742912247776985168e-02
2.177909761667251587e-02
-8.280046284198760986e-02
3.326769173145294189e-02
2.921826019883155823e-02
8.021031320095062256e-02
-1.137068681418895721e-02
-1.326267607510089874e-02
-7.921735756099224091e-03
3.459154069423675537e-02
-1.658918522298336029e-02
6.153113208711147308e-03
-3.393143787980079651e-02
-1.517243534326553345e-01
-2.338991872966289520e-02
-5.481675639748573303e-02
-8.605168014764785767e-02
2.319918014109134674e-02
1.252537667751312256e-01
-1.475081034004688263e-02
-5.032540857791900635e-02
-9.276031702756881714e-02
3.918847534805536270e-03
-2.244025096297264099e-02
2.379830181598663330e-02
-2.059901878237724304e-02
-4.578073695302009583e-02
2.196303568780422211e-02
-8.296361565589904785e-02
1.087621301412582397e-01
1.320797353982925415e-01
5.972493067383766174e-02
-1.153955981135368347e-02
-8.935455977916717529e-02
-6.713534891605377197e-02
-2.742388285696506500e-02
1.595807075500488281e-01
-2.463472634553909302e-02
7.210551947355270386e-02
9.402195364236831665e-02
-2.213309891521930695e-02
-4.858091473579406738e-02
1.737582497298717499e-02
5.790197849273681641e-02
-1.401717774569988251e-02
3.800088167190551758e-02
-7.148671895265579224e-03
9.563470631837844849e-02
-1.536321640014648438e-01
4.705210682004690170e-03
1.716855331324040890e-03
-4.621237888932228088e-02
6.595883518457412720e-02
-4.189324006438255310e-02
-4.191206395626068115e-02
2.434885874390602112e-02
-3.267001733183860779e-02
6.603645742870867252e-04
8.413324505090713501e-02
3.124801814556121826e-02
7.900724187493324280e-03
1.399677246809005737e-02
5.383166298270225525e-02
-6.877212226390838623e-02
6.034737825393676758e-02
-7.280342280864715576e-02
2.606430836021900177e-02
2.877884358167648315e-02
-1.228797584772109985e-01
-8.377817273139953613e-02
9.301766753196716309e-03
4.486338049173355103e-02
1.066144108772277832e-01
5.479976534843444824e-03
-4.836188256740570068e-02
3.955499455332756042e-02
8.993123658001422882e-03
-8.539620041847229004e-02
7.283672690391540527e-02
-1.188650429248809814e-01
-5.989696364849805832e-03
-9.456121921539306641e-02
5.403591692447662354e-02
-1.151570677757263184e-02
-2.712290035560727119e-03
-7.907650619745254517e-02
-3.300964832305908203e-02
-3.004885092377662659e-02
2.391746826469898224e-02
-2.742790058255195618e-02
-3.494646772742271423e-02
9.289173781871795654e-02
5.225359462201595306e-03
2.234313264489173889e-02
-1.010373048484325409e-02
-7.312506437301635742e-02
2.596320770680904388e-02
-4.104917868971824646e-02
-3.790428116917610168e-02
-8.249108493328094482e-02
-3.202947229146957397e-02
6.657029688358306885e-02
-4.540718346834182739e-02
-4.845895819016732275e-05
9.724296629428863525e-02
3.852951154112815857e-02
-5.294230207800865173e-02
-5.005314201116561890e-02
2.795201726257801056e-02
2.049966342747211456e-02
6.645025312900543213e-02
-3.452451154589653015e-02
-1.040147319436073303e-01
-4.434204846620559692e-02
-3.099735081195831299e-02
2.053408138453960419e-02
-7.283294200897216797e-02
6.513462215662002563e-02
3.438653424382209778e-02
1.205851044505834579e-02
-7.185912132263183594e-02
9.860808402299880981e-02
-3.222228214144706726e-02
-8.515652269124984741e-03
-7.242235355079174042e-03
1.101154554635286331e-02
-5.480777099728584290e-02
6.921453773975372314e-02
7.329718768596649170e-02
6.135934218764305115e-02
7.651488762348890305e-03
-2.616632916033267975e-02
8.476840704679489136e-02
7.553225010633468628e-02
-6.319794058799743652e-02
4.078450053930282593e-02
4.679929465055465698e-03
1.987579651176929474e-02
-7.935081422328948975e-02
2.860695496201515198e-02
8.502779155969619751e-02
1.438997685909271240e-02
5.772621929645538330e-02
-5.990879237651824951e-02
1.177383437752723694e-01
4.624311253428459167e-02
-2.614016644656658173e-02
3.685769811272621155e-02
-8.702853694558143616e-03
-4.075001552700996399e-02
2.361381240189075470e-02
-2.091048285365104675e-02
-1.228881906718015671e-02
3.595523536205291748e-02
-4.115967825055122375e-02
3.126487880945205688e-02
-4.470603168010711670e-02
5.021413788199424744e-02
3.479790687561035156e-02
-7.788995653390884399e-02
-3.333844244480133057e-02
-5.037363991141319275e-02
-1.710132323205471039e-02
-1.344553311355412006e-03
2.312444895505905151e-02
-2.774877473711967468e-02
-9.234923869371414185e-03
3.626594319939613342e-02
-5.003299564123153687e-02
-3.170645982027053833e-02
1.291945949196815491e-02
-1.348854694515466690e-02
1.119720283895730972e-02
5.014448240399360657e-02
-6.418088823556900024e-02
-1.111948955804109573e-02
-4.792748391628265381e-02
6.259898096323013306e-02
-1.285841166973114014e-01
1.215000748634338379e-01
6.792608648538589478e-02
1.902791708707809448e-01
5.047153681516647339e-02
8.330079168081283569e-02
-2.787218056619167328e-02
-2.859932370483875275e-02
-1.889055408537387848e-02
2.827394567430019379e-02
-1.509122997522354126e-01
-2.157410234212875366e-02
-3.892484679818153381e-02
6.136252731084823608e-02
2.143231034278869629e-02
-1.544584520161151886e-03
-1.294675376266241074e-02
-9.941256139427423477e-04
-3.282099217176437378e-02
8.042462170124053955e-02
-9.466156363487243652e-02
3.375131171196699142e-03
3.726059512700885534e-04
4.081253707408905029e-02
1.706171408295631409e-02
1.221521291881799698e-03
8.239413052797317505e-02
9.616728872060775757e-02
7.239519152790307999e-03
-8.735001087188720703e-02
-4.002788662910461426e-02
-7.694218307733535767e-02
-1.523504555225372314e-01
6.163533404469490051e-02
4.786749370396137238e-03
1.509783673100173473e-03
1.346394140273332596e-02
-1.687897145748138428e-01
7.076940685510635376e-02
-1.621755957603454590e-01
-2.581116370856761932e-02
3.059890866279602051e-02
6.820090115070343018e-02
-1.629566252231597900e-01
-5.088953673839569092e-02
-8.322244510054588318e-03
4.961011558771133423e-02
-1.757228979840874672e-03
7.755216956138610840e-02
1.716029793024063110e-01
-1.212749108672142029e-01
-7.853662967681884766e-02
-2.553666755557060242e-02
-2.674915641546249390e-02
9.605251997709274292e-02
-6.016700342297554016e-02
1.393022537231445312e-01
