-7.072970271110534668e-02
-3.372357413172721863e-02
5.841074511408805847e-02
-3.196594491600990295e-02
6.021627690643072128e-03
5.649316310882568359e-02
3.477748483419418335e-02
-6.806488335132598877e-02
9.955577552318572998e-02
3.961361572146415710e-02
-6.304360181093215942e-02
-3.222472220659255981e-02
5.645237490534782410e-02
-4.395746160298585892e-03
6.655383855104446411e-03
1.635493710637092590e-02
1.956071145832538605e-02
-7.147013396024703979e-02
2.140248939394950867e-02
5.813969299197196960e-02
5.098572373390197754e-02
1.816526427865028381e-02
-3.319965302944183350e-02
-4.239806905388832092e-03
1.806460507214069366e-02
-7.044588215649127960e-03
2.838526479899883270e-02
-1.497166417539119720e-02
-1.534023135900497437e-01
-1.225405558943748474e-02
-3.699906542897224426e-02
-8.143141120672225952e-02
3.764395043253898621e-02
1.159216687083244324e-01
-2.621632255613803864e-02
-5.983710661530494690e-02
-6.891282647848129272e-02
1.117382571101188660e-02
-2.449942007660865784e-02
1.147018838673830032e-02
-6.378769408911466599e-03
-4.752581939101219177e-02
-9.614746086299419403e-03
-6.795422732830047607e-02
1.022300124168395996e-01
1.358564794063568115e-01
8.266157656908035278e-02
-9.843576699495315552e-03
-7.670797407627105713e-02
-3.754388913512229919e-02
-3.188835084438323975e-02
1.644778996706008911e-01
-2.832463383674621582e-02
8.563257753849029541e-02
1.015776321291923523e-01
-2.968608215451240540e-02
-3.557171300053596497e-02
2.795164659619331360e-02
5.377051234245300293e-02
-1.978141441941261292e-02
3.056887350976467133e-02
-2.566535584628582001e-02
1.101777404546737671e-01
-1.715847253799438477e-01
-3.771314222831279039e-04
1.627266965806484222e-02
-4.531564563512802124e-02
7.502080500125885010e-02
-5.135643109679222107e-02
-2.475436404347419739e-02
2.222395502030849457e-02
-5.194620043039321899e-02
4.654125776141881943e-03
7.267089188098907471e-02
3.710031881928443909e-02
-2.075811848044395447e-02
3.752589458599686623e-03
5.490936711430549622e-02
-7.718876749277114868e-02
6.024246290326118469e-02
-6.814803928136825562e-02
4.133671522140502930e-02
4.172060638666152954e-02
-1.198419779539108276e-01
-9.198719263076782227e-02
7.527166977524757385e-03
2.608197554945945740e-02
8.390492200851440430e-02
8.051711483858525753e-04
-6.603589653968811035e-02
2.891379036009311676e-02
1.445400156080722809e-02
-7.044142484664916992e-02
9.949073195457458496e-02
-1.089117899537086487e-01
-9.650941938161849976e-03
-9.121380001306533813e-02
4.483925923705101013e-02
-6.659751525148749352e-04
-5.120977293699979782e-03
-9.022410959005355835e-02
-4.898232594132423401e-02
-3.219071775674819946e-02
4.714297875761985779e-02
-2.120646461844444275e-02
-2.537655457854270935e-02
9.497494995594024658e-02
2.353921160101890564e-02
3.104536235332489014e-02
-1.740208454430103302e-02
-1.022466942667961121e-01
3.682576864957809448e-02
-4.817821830511093140e-02
-6.842083483934402466e-02
-7.645802199840545654e-02
-3.084127232432365417e-02
6.657214462757110596e-02
-5.024617537856101990e-02
7.224450353533029556e-03
9.225685149431228638e-02
3.988007083535194397e-02
-6.309071928262710571e-02
-3.259241208434104919e-02
1.297567784786224365e-02
3.304270282387733459e-02
6.639004498720169067e-02
-1.358046662062406540e-02
-1.060204580426216125e-01
-2.035042457282543182e-02
-5.197702348232269287e-02
2.451117895543575287e-02
-1.130856797099113464e-01
7.155443727970123291e-02
3.098035044968128204e-02
1.930486992932856083e-03
-5.278819426894187927e-02
9.712291508913040161e-02
-4.643516615033149719e-02
-9.866498410701751709e-03
8.522259071469306946e-03
-6.482681725174188614e-03
-6.372064352035522461e-02
7.641869038343429565e-02
6.297691166400909424e-02
5.254382267594337463e-02
9.624576196074485779e-03
-5.859860219061374664e-03
1.144874691963195801e-01
4.740568250417709351e-02
-2.521720342338085175e-02
2.902569435536861420e-02
-3.976529464125633240e-03
-1.810218207538127899e-02
-7.376545667648315430e-02
2.539230138063430786e-02
8.763463795185089111e-02
3.238793835043907166e-02
6.432972848415374756e-02
-5.799425020813941956e-02
1.251374632120132446e-01
7.559587806463241577e-02
-2.261137403547763824e-02
1.339763868600130081e-02
6.722451187670230865e-03
-3.578709810972213745e-02
9.498054161667823792e-03
-4.550560563802719116e-02
-3.955489397048950195e-02
4.016493260860443115e-02
-4.466378316283226013e-02
6.153908371925354004e-02
-2.236407436430454254e-02
5.325609818100929260e-02
4.220984131097793579e-02
-8.855900913476943970e-02
-1.278688106685876846e-02
-5.113777890801429749e-02
-5.203143693506717682e-03
1.381919346749782562e-02
3.601056709885597229e-02
8.964264765381813049e-03
-1.736133359372615814e-02
1.554899103939533234e-02
-7.035366445779800415e-02
-2.103035338222980499e-02
9.689014405012130737e-03
-1.922061108052730560e-02
-1.780880987644195557e-02
7.334465533494949341e-02
-7.173653692007064819e-02
-5.344864726066589355e-02
-4.603374004364013672e-02
5.942242220044136047e-02
-1.437511295080184937e-01
1.196652799844741821e-01
8.945524692535400391e-02
1.925390809774398804e-01
6.623688340187072754e-02
8.590702712535858154e-02
-7.381268590688705444e-02
-4.701520781964063644e-03
-3.699877113103866577e-02
2.674930728971958160e-02
-1.483532488346099854e-01
-2.447783946990966797e-02
-5.274869874119758606e-02
4.654217883944511414e-02
2.386188134551048279e-02
-8.963354863226413727e-03
-6.453071837313473225e-04
3.338521113619208336e-03
-3.414272889494895935e-02
7.190783321857452393e-02
-9.762769937515258789e-02
-5.343796685338020325e-03
8.769839070737361908e-03
9.993901476263999939e-03
1.701181754469871521e-02
-8.275844156742095947e-03
8.684282004833221436e-02
1.121209487318992615e-01
2.536092139780521393e-02
-7.273313403129577637e-02
-1.247885823249816895e-02
-6.987335532903671265e-02
-1.323347985744476318e-01
3.797814249992370605e-02
-5.090288817882537842e-03
-3.561302088201045990e-03
1.561394892632961273e-02
-1.323495805263519287e-01
5.246919021010398865e-02
-1.517609953880310059e-01
-2.925467677414417267e-02
3.976931050419807434e-02
6.654288619756698608e-02
-1.378055810928344727e-01
-5.363371595740318298e-02
-1.896800659596920013e-02
5.175099149346351624e-02
4.558361135423183441e-03
1.017233058810234070e-01
1.764551401138305664e-01
-1.148548573255538940e-01
-7.522071152925491333e-02
-2.715827710926532745e-02
-3.092734888195991516e-02
1.230197325348854065e-01
-4.295688495039939880e-02
1.328829377889633179e-01
