-6.264598667621612549e-02
-3.187744319438934326e-02
6.015010550618171692e-02
-4.648143425583839417e-02
1.643141172826290131e-02
7.848531752824783325e-02
4.586800932884216309e-02
-7.000643014907836914e-02
1.209911182522773743e-01
3.126339986920356750e-02
-6.557782739400863647e-02
-4.059323668479919434e-02
7.997299730777740479e-02
-2.448957599699497223e-02
7.533825468271970749e-03
2.781595848500728607e-02
1.237403601408004761e-02
-7.284413278102874756e-02
2.737429179251194000e-02
3.015698306262493134e-02
5.359788984060287476e-02
4.557020962238311768e-03
-1.703401468694210052e-02
-2.798230014741420746e-02
3.201020509004592896e-02
2.051053452305495739e-04
1.503565814346075058e-02
-2.634253725409507751e-02
-1.318897306919097900e-01
-1.406089775264263153e-02
-6.655783206224441528e-02
-6.049052625894546509e-02
2.889014221727848053e-02
1.402324289083480835e-01
-1.115387305617332458e-02
-5.260557308793067932e-02
-6.106132268905639648e-02
-1.845249347388744354e-02
-3.658282756805419922e-02
2.181953191757202148e-02
6.508157122880220413e-03
-2.214520238339900970e-02
-2.605244750156998634e-03
-6.677871197462081909e-02
8.477779477834701538e-02
1.220370009541511536e-01
7.933247089385986328e-02
-2.524284832179546356e-02
-5.630330368876457214e-02
-4.052269086241722107e-02
-1.568714156746864319e-02
1.302705407142639160e-01
-7.078343536704778671e-03
4.852768033742904663e-02
1.015665382146835327e-01
-1.015720516443252563e-02
-6.290956586599349976e-02
2.220831625163555145e-02
4.870658367872238159e-02
9.190189302898943424e-06
2.351511456072330475e-02
-2.404968254268169403e-02
8.487916737794876099e-02
-1.610183119773864746e-01
-4.274665378034114838e-03
1.661713421344757080e-02
-4.649777337908744812e-02
5.615852400660514832e-02
-6.397369503974914551e-02
-2.534482069313526154e-02
1.099367905408143997e-02
-3.276858851313591003e-02
9.516812860965728760e-03
7.463256269693374634e-02
2.037314139306545258e-02
1.674694195389747620e-02
1.794879883527755737e-02
4.680684953927993774e-02
-6.292659789323806763e-02
4.451504722237586975e-02
-4.314497485756874084e-02
5.692978575825691223e-02
3.409153223037719727e-02
-1.017546430230140686e-01
-7.137558609247207642e-02
2.180844359099864960e-02
3.208708018064498901e-02
7.474435865879058838e-02
-4.467943217605352402e-03
-6.032769754528999329e-02
1.542675402015447617e-02
5.570456778514198959e-05
-6.685109436511993408e-02
6.903735548257827759e-02
-1.144007518887519836e-01
1.375457085669040680e-02
-8.270061761140823364e-02
4.156253114342689514e-02
-1.143849734216928482e-02
-1.751260831952095032e-02
-8.892624080181121826e-02
-3.254827111959457397e-02
-8.261664770543575287e-04
4.051115736365318298e-02
-3.261171281337738037e-02
-2.419427968561649323e-02
9.238701313734054565e-02
2.782284468412399292e-02
1.876436360180377960e-02
5.913665983825922012e-03
-9.119195491075515747e-02
2.046688459813594818e-02
-2.434332668781280518e-02
-5.256775766611099243e-02
-6.746896356344223022e-02
-1.155929546803236008e-02
6.152879819273948669e-02
-3.018308989703655243e-02
-1.086408644914627075e-02
1.004348322749137878e-01
3.150035440921783447e-02
-4.253210127353668213e-02
-2.659082040190696716e-02
3.073357418179512024e-02
3.362539783120155334e-02
7.422291487455368042e-02
-3.261590749025344849e-02
-7.436826825141906738e-02
-4.162554070353507996e-02
-3.447833284735679626e-02
3.846495598554611206e-02
-1.125594452023506165e-01
6.554104387760162354e-02
3.967171162366867065e-02
5.562818478210829198e-05
-5.896004289388656616e-02
1.107139140367507935e-01
-4.031836614012718201e-02
-1.380974985659122467e-02
-8.939464576542377472e-03
-1.386835519224405289e-02
-8.598129451274871826e-02
7.455888390541076660e-02
7.258658111095428467e-02
4.553033411502838135e-02
3.717138618230819702e-02
-1.373447943478822708e-02
9.326538443565368652e-02
5.924050137400627136e-02
-5.919138714671134949e-02
3.490190953016281128e-02
3.660096321254968643e-03
8.433505892753601074e-03
-7.166674733161926270e-02
1.057244837284088135e-02
6.786137074232101440e-02
2.663188613951206207e-02
8.744246512651443481e-02
-6.342221796512603760e-02
1.152897551655769348e-01
7.126859575510025024e-02
-1.605461165308952332e-02
1.237739808857440948e-02
-5.110319238156080246e-03
-4.691975191235542297e-02
2.270570257678627968e-03
-3.685688599944114685e-02
-5.234919488430023193e-03
3.242758661508560181e-02
-4.060047864913940430e-02
3.459439799189567566e-02
-2.954717539250850677e-02
3.645098581910133362e-02
3.412427380681037903e-02
-8.029092103242874146e-02
-2.592223510146141052e-02
-3.571373596787452698e-02
-2.550933510065078735e-02
1.651941426098346710e-02
3.039235621690750122e-02
-2.636644430458545685e-02
-1.312929578125476837e-02
3.600642783567309380e-03
-3.772330656647682190e-02
-4.619533196091651917e-02
-1.518431305885314941e-02
-4.039440304040908813e-02
1.349638029932975769e-02
8.063200116157531738e-02
-8.079546689987182617e-02
-5.186213552951812744e-02
-5.467444285750389099e-02
7.480580359697341919e-02
-1.430116891860961914e-01
1.314646750688552856e-01
7.771918177604675293e-02
2.075596749782562256e-01
4.916319623589515686e-02
9.749015420675277710e-02
-6.084932759404182434e-02
-2.198621816933155060e-02
-5.862101539969444275e-02
2.755023911595344543e-02
-1.668768972158432007e-01
-3.586989268660545349e-02
-5.829237774014472961e-02
8.274874091148376465e-02
1.348886545747518539e-02
-1.629206724464893341e-02
-4.951641429215669632e-03
-2.798719517886638641e-02
-3.954176604747772217e-02
6.984915584325790405e-02
-1.139723956584930420e-01
-9.863683953881263733e-04
1.235653413459658623e-03
1.787610538303852081e-02
4.005455598235130310e-02
-3.001332748681306839e-03
1.135426461696624756e-01
1.136715933680534363e-01
1.211959589272737503e-02
-1.045956164598464966e-01
-3.012443520128726959e-02
-7.724411040544509888e-02
-1.234504878520965576e-01
4.506648704409599304e-02
9.686142206192016602e-03
-7.107397541403770447e-03
2.321643754839897156e-02
-1.602139025926589966e-01
6.179006025195121765e-02
-1.770463138818740845e-01
-1.582140475511550903e-02
6.845881044864654541e-02
8.328938484191894531e-02
-1.721796989440917969e-01
-8.462464064359664917e-02
-1.778105646371841431e-02
5.073371157050132751e-02
-8.105520159006118774e-03
1.173181310296058655e-01
1.606135815382003784e-01
-1.296438872814178467e-01
-6.290287524461746216e-02
-2.187931165099143982e-02
-5.333130061626434326e-02
1.019471958279609680e-01
-2.119753509759902954e-02
1.273545175790786743e-01
