-1.153457760810852051e-01
-4.751906916499137878e-02
8.001887053251266479e-02
-3.913169354200363159e-02
-3.471896424889564514e-02
6.653010845184326172e-02
1.360078062862157822e-02
-1.401018500328063965e-01
9.348078817129135132e-02
5.371994525194168091e-02
-1.064132675528526306e-01
-6.867906451225280762e-02
1.117794066667556763e-01
2.410957403481006622e-02
-1.007488835602998734e-02
2.453013882040977478e-02
3.679492697119712830e-02
-7.613592594861984253e-02
3.711453452706336975e-02
4.621287807822227478e-02
8.382248878479003906e-02
-2.642408013343811035e-02
1.323297270573675632e-03
-7.641435600817203522e-03
5.590431019663810730e-02
8.710455149412155151e-03
1.398858148604631424e-02
-6.591302156448364258e-02
-1.304358989000320435e-01
-5.520417820662260056e-03
-4.880430921912193298e-02
-7.873804122209548950e-02
5.844223778694868088e-03
8.603076636791229248e-02
-1.925592124462127686e-02
-5.932307988405227661e-02
-1.147646382451057434e-01
-3.561456920579075813e-03
9.004749357700347900e-03
3.421209752559661865e-02
-1.610945723950862885e-02
-3.048078902065753937e-02
2.727187611162662506e-02
-7.203490287065505981e-02
8.829312026500701904e-02
6.012522801756858826e-02
3.710399940609931946e-02
1.337694469839334488e-02
-6.108110398054122925e-02
-6.648101657629013062e-02
-6.830993294715881348e-02
1.322775334119796753e-01
-6.221383437514305115e-02
4.271924123167991638e-02
6.749947369098663330e-02
-1.572992838919162750e-02
-4.290795326232910156e-02
2.763716736808419228e-03
6.041557714343070984e-02
2.032110095024108887e-02
5.357494577765464783e-02
-2.142942324280738831e-02
8.784664422273635864e-02
-1.182911247014999390e-01
1.592717505991458893e-02
3.725982503965497017e-03
-8.007005602121353149e-02
9.781152755022048950e-02
-3.628555685281753540e-02
-4.480603337287902832e-02
2.576695941388607025e-02
-1.301493775099515915e-02
8.094624616205692291e-03
6.867124140262603760e-02
2.715407870709896088e-02
2.514346875250339508e-02
3.506525605916976929e-02
4.723352566361427307e-02
-1.020707115530967712e-01
8.506450802087783813e-02
-8.894821256399154663e-02
-8.046562783420085907e-03
1.427992526441812515e-02
-1.224549710750579834e-01
-7.965897768735885620e-02
-1.059920433908700943e-02
5.692955106496810913e-02
1.221152395009994507e-01
-5.146445706486701965e-03
-7.816664874553680420e-03
1.675006933510303497e-02
-2.461683237925171852e-03
-1.084515377879142761e-01
5.687977373600006104e-02
-7.781508564949035645e-02
-1.137985941022634506e-02
-8.107224106788635254e-02
4.811645671725273132e-02
3.033310174942016602e-03
-3.630067408084869385e-02
-8.086302131414413452e-02
-2.145403809845447540e-02
-4.337568953633308411e-02
-2.121235243976116180e-02
-5.820952728390693665e-02
-8.294464647769927979e-02
8.557563275098800659e-02
3.809572430327534676e-03
3.069162368774414062e-02
-4.319567605853080750e-02
-3.938456997275352478e-02
2.952670678496360779e-02
2.403249265626072884e-03
-2.119926176965236664e-02
-6.557413190603256226e-02
-1.473428402096033096e-02
2.842955663800239563e-02
-6.060061231255531311e-02
1.211027149111032486e-02
1.123878806829452515e-01
4.242003709077835083e-02
-2.098266780376434326e-02
-5.005025118589401245e-02
3.688928857445716858e-02
2.917788922786712646e-03
5.526956170797348022e-02
-3.454788401722908020e-02
-1.044524088501930237e-01
-4.992413520812988281e-02
-7.678668014705181122e-03
-1.353318616747856140e-02
5.425488925538957119e-04
1.185257919132709503e-02
2.428203076124191284e-02
-8.356060832738876343e-03
-4.209124296903610229e-02
3.346515446901321411e-02
-1.604839786887168884e-02
-1.943713240325450897e-02
-2.261157892644405365e-02
9.077385184355080128e-04
-3.609463945031166077e-02
3.595324605703353882e-02
2.936892583966255188e-02
9.689734876155853271e-02
7.221701089292764664e-03
-4.650291800498962402e-02
2.788135316222906113e-03
7.769589126110076904e-02
-6.258913129568099976e-02
4.128072783350944519e-02
-1.014512870460748672e-02
1.085953204892575741e-03
-5.560284852981567383e-02
1.616362854838371277e-02
4.421755671501159668e-02
-1.755058392882347107e-02
3.042215108871459961e-02
-1.979474723339080811e-02
6.787740439176559448e-02
-8.941618725657463074e-03
-1.178691722452640533e-02
3.850923851132392883e-02
-1.383212627843022346e-03
-5.248829349875450134e-02
3.191852569580078125e-02
-4.219274222850799561e-02
9.759358130395412445e-03
2.955606207251548767e-02
-9.924928843975067139e-02
9.005642496049404144e-03
-7.685129344463348389e-02
8.110989630222320557e-02
2.697656117379665375e-02
-6.823136657476425171e-02
-5.532588437199592590e-02
-5.156137794256210327e-02
-3.893767669796943665e-02
-2.097730059176683426e-03
2.939427644014358521e-02
-3.031865321099758148e-02
2.148806303739547729e-02
7.711519300937652588e-02
-2.716577053070068359e-02
-6.246358156204223633e-02
5.072034150362014771e-02
-3.697356581687927246e-02
2.149869315326213837e-02
4.045453667640686035e-02
-5.033503472805023193e-02
2.431778050959110260e-02
-5.014152452349662781e-02
6.528765708208084106e-02
-1.082500293850898743e-01
1.310724616050720215e-01
3.716297447681427002e-02
2.004669159650802612e-01
6.136356294155120850e-02
6.755857169628143311e-02
-2.858510799705982208e-02
-3.308277577161788940e-02
1.708488352596759796e-02
3.836252540349960327e-02
-1.693466305732727051e-01
1.581230573356151581e-02
-4.428856540471315384e-03
5.391797795891761780e-02
9.876487310975790024e-04
-7.803557091392576694e-04
-2.911043725907802582e-02
2.308059670031070709e-02
-3.539802506566047668e-02
6.958334147930145264e-02
-8.679912239313125610e-02
2.207461185753345490e-02
-6.259445101022720337e-03
6.217439100146293640e-02
6.078056991100311279e-02
1.575978100299835205e-02
7.536365836858749390e-02
9.987333416938781738e-02
-2.834952250123023987e-02
-6.597676873207092285e-02
-8.874003589153289795e-02
-1.037272661924362183e-01
-1.844534575939178467e-01
7.186882942914962769e-02
3.628131002187728882e-02
2.103824168443679810e-02
-1.673864014446735382e-02
-2.068351805210113525e-01
8.096196502447128296e-02
-1.504760831594467163e-01
-6.948615610599517822e-02
1.651942729949951172e-02
3.995656594634056091e-02
-1.412243545055389404e-01
-4.095444828271865845e-02
-2.887712325900793076e-03
6.223014742136001587e-02
-2.094088122248649597e-02
8.212947845458984375e-02
1.789781153202056885e-01
-1.141895353794097900e-01
-1.098183169960975647e-01
7.532868534326553345e-03
-1.638459856621921062e-03
9.220412373542785645e-02
-4.263296723365783691e-02
1.486159116029739380e-01
