-1.195408329367637634e-01
-6.461075693368911743e-02
9.755121171474456787e-02
-7.124929875135421753e-02
-4.275834187865257263e-02
9.488643705844879150e-02
1.269022747874259949e-02
-1.697389632463455200e-01
1.069631949067115784e-01
6.003417447209358215e-02
-1.410961449146270752e-01
-7.399033755064010620e-02
1.336367279291152954e-01
-1.531156245619058609e-03
1.063007116317749023e-02
6.857683509588241577e-02
3.244100883603096008e-02
-9.046344459056854248e-02
3.070223517715930939e-02
4.098292440176010132e-02
7.634832710027694702e-02
-4.471826180815696716e-02
-4.038939252495765686e-03
-2.528177201747894287e-02
3.826335072517395020e-02
-6.587238050997257233e-03
3.700537234544754028e-02
-6.972274929285049438e-02
-1.213355213403701782e-01
-9.244587272405624390e-03
-3.335522487759590149e-02
-6.945782154798507690e-02
-1.633691228926181793e-02
8.484311401844024658e-02
-1.778713800013065338e-02
-2.742928452789783478e-02
-8.346229046583175659e-02
-1.285652443766593933e-02
3.025439381599426270e-02
1.238204818218946457e-02
-3.998075053095817566e-02
-2.225518412888050079e-02
4.080727323889732361e-02
-6.669379025697708130e-02
1.062119305133819580e-01
4.477695375680923462e-02
1.810665801167488098e-02
1.356049720197916031e-02
-5.703592300415039062e-02
-8.315277099609375000e-02
-7.692725211381912231e-02
9.069659560918807983e-02
-4.333963990211486816e-02
2.778342738747596741e-02
4.891390725970268250e-02
-3.739038249477744102e-03
-4.957238584756851196e-02
1.453502383083105087e-02
4.411314800381660461e-02
4.172917827963829041e-02
6.720204651355743408e-02
-1.863561943173408508e-02
8.463656157255172729e-02
-1.181277036666870117e-01
7.542284438386559486e-04
-1.396434474736452103e-02
-6.362285465002059937e-02
8.076132088899612427e-02
-2.918834984302520752e-02
-3.435482084751129150e-02
2.843374386429786682e-02
-1.619227416813373566e-02
-2.673646807670593262e-02
6.100120767951011658e-02
2.596856839954853058e-02
2.729160152375698090e-02
2.590159699320793152e-02
4.429252073168754578e-02
-8.816320449113845825e-02
8.638603985309600830e-02
-7.641962915658950806e-02
1.149290800094604492e-02
1.870500668883323669e-02
-1.221860796213150024e-01
-7.334481179714202881e-02
-2.506024204194545746e-02
4.826429486274719238e-02
1.249472126364707947e-01
-3.310941625386476517e-03
-1.690851151943206787e-02
2.769831568002700806e-02
4.524183925241231918e-03
-1.258479356765747070e-01
4.104665294289588928e-02
-8.442172408103942871e-02
-1.276097074151039124e-02
-9.712418168783187866e-02
4.851196333765983582e-02
-2.788261510431766510e-03
-2.085815183818340302e-02
-9.546747803688049316e-02
-1.247323770076036453e-02
-4.166154190897941589e-02
4.068749025464057922e-03
-5.966599658131599426e-02
-6.411737203598022461e-02
7.164020836353302002e-02
-7.872292771935462952e-04
3.580735251307487488e-02
-2.937124297022819519e-02
-3.736822679638862610e-02
2.796618454158306122e-02
1.534441369585692883e-03
-1.813327148556709290e-02
-1.037968397140502930e-01
-2.554490230977535248e-02
1.725309342145919800e-02
-6.818430125713348389e-02
1.007454562932252884e-02
9.133473038673400879e-02
5.412591621279716492e-02
-3.682097420096397400e-02
-1.302147004753351212e-02
7.565880659967660904e-03
8.143750019371509552e-03
7.791709899902343750e-02
-6.207641586661338806e-02
-1.077340692281723022e-01
-6.241858750581741333e-02
-3.379650879651308060e-03
-9.880460798740386963e-03
-1.251077931374311447e-02
4.405158013105392456e-02
1.243525091558694839e-02
1.663900096900761127e-03
-4.826835542917251587e-02
8.144523203372955322e-02
-3.313647955656051636e-02
-4.080472141504287720e-02
-4.191755875945091248e-02
-1.744098775088787079e-02
-4.537467285990715027e-02
4.471186921000480652e-02
6.188820302486419678e-02
7.255062460899353027e-02
1.695960015058517456e-02
-4.311560466885566711e-02
1.258064620196819305e-02
7.618074864149093628e-02
-5.472926050424575806e-02
4.431886970996856689e-02
-7.380065042525529861e-03
3.040849976241588593e-02
-9.427385032176971436e-02
5.967863835394382477e-03
5.496297776699066162e-02
-7.032531313598155975e-03
7.535584270954132080e-02
-4.939180240035057068e-02
8.241071552038192749e-02
4.691488109529018402e-03
-1.251033879816532135e-02
1.933660916984081268e-02
-9.278074838221073151e-03
-4.958865419030189514e-02
3.434403985738754272e-02
-4.320159554481506348e-02
8.050997741520404816e-03
1.616112887859344482e-02
-7.171989977359771729e-02
1.704521104693412781e-02
-8.199748396873474121e-02
7.073474675416946411e-02
3.473623842000961304e-02
-3.856595978140830994e-02
-5.013132840394973755e-02
-1.822667382657527924e-02
-1.778038963675498962e-02
-1.144918147474527359e-02
2.122980728745460510e-02
-4.605428129434585571e-02
2.537004277110099792e-02
7.831327617168426514e-02
-1.473999861627817154e-02
-5.150122568011283875e-02
3.994521498680114746e-02
-2.471312694251537323e-02
9.027859778143465519e-04
4.256844893097877502e-02
-4.720981419086456299e-02
1.405559759587049484e-02
-4.232963919639587402e-02
6.866229325532913208e-02
-1.003115773200988770e-01
1.165145859122276306e-01
4.954627528786659241e-02
1.449042707681655884e-01
5.970554426312446594e-02
9.210473299026489258e-02
1.273577654501423240e-04
-2.757996879518032074e-02
1.210811827331781387e-02
2.794449962675571442e-02
-1.694181561470031738e-01
9.908606298267841339e-03
-1.799247972667217255e-02
4.862693324685096741e-02
-1.270683389157056808e-02
1.789274509064853191e-03
-3.213147819042205811e-02
1.039816252887248993e-02
-4.048431664705276489e-02
7.807019352912902832e-02
-6.249646842479705811e-02
3.180537000298500061e-02
-1.595291309058666229e-02
7.501149177551269531e-02
7.842753082513809204e-02
5.712579004466533661e-03
4.918000102043151855e-02
7.412510365247726440e-02
-3.842074424028396606e-02
-7.666701823472976685e-02
-7.391913980245590210e-02
-1.005216836929321289e-01
-1.703822761774063110e-01
7.790791988372802734e-02
4.749373346567153931e-02
1.648673601448535919e-02
-5.849734880030155182e-03
-2.349681556224822998e-01
1.028402745723724365e-01
-1.593790352344512939e-01
-6.471484899520874023e-02
1.952934637665748596e-02
5.316622927784919739e-02
-1.871992200613021851e-01
-3.972436860203742981e-02
-1.642717793583869934e-02
4.319376870989799500e-02
-6.833868101239204407e-03
6.118566915392875671e-02
1.401831954717636108e-01
-1.196513772010803223e-01
-8.801368623971939087e-02
-4.103191604372113943e-04
-2.794528147205710411e-03
6.181159988045692444e-02
-4.271210730075836182e-02
1.008535176515579224e-01
