-1.068786978721618652e-01
-3.917451575398445129e-02
1.009065955877304077e-01
-7.562213391065597534e-02
-1.479305233806371689e-02
1.261907219886779785e-01
4.088228940963745117e-02
-1.711975783109664917e-01
1.490014344453811646e-01
5.363404005765914917e-02
-1.458923816680908203e-01
-6.052334979176521301e-02
1.112552508711814880e-01
-1.031360775232315063e-02
5.605824291706085205e-02
2.834823727607727051e-02
3.375229611992835999e-02
-9.342951327562332153e-02
4.094690084457397461e-02
4.451399296522140503e-02
2.607735246419906616e-02
-4.004315286874771118e-02
-3.529347479343414307e-02
-6.111265975050628185e-04
1.688945293426513672e-02
9.333082474768161774e-03
4.667857289314270020e-02
-5.266429111361503601e-02
-1.018176302313804626e-01
-3.423224762082099915e-02
-6.195222493261098862e-03
-5.950367823243141174e-02
-1.074967719614505768e-02
5.489943549036979675e-02
-4.401246830821037292e-02
-3.852179273962974548e-02
-2.949197404086589813e-02
6.363189313560724258e-03
4.253925383090972900e-02
-1.312692929059267044e-02
-3.869048133492469788e-02
3.213267482351511717e-04
5.152426310814917088e-04
-2.733389660716056824e-02
8.362315595149993896e-02
5.642346665263175964e-02
2.063143253326416016e-02
-1.471927575767040253e-02
-2.216838486492633820e-02
-3.659467771649360657e-02
-5.191493779420852661e-02
3.715488314628601074e-02
-3.127751871943473816e-02
2.645676583051681519e-02
1.623651944100856781e-02
2.415170893073081970e-02
-3.769628331065177917e-02
2.959438785910606384e-02
3.583950549364089966e-02
5.825460702180862427e-02
6.980797648429870605e-02
-2.932335808873176575e-02
9.486776590347290039e-02
-1.366778016090393066e-01
-9.344553574919700623e-03
-1.456717215478420258e-02
-4.027842357754707336e-02
9.084518253803253174e-02
-7.751508057117462158e-02
-3.443429991602897644e-02
-1.525796949863433838e-03
-9.950851090252399445e-03
-2.353604882955551147e-02
3.246780484914779663e-02
1.681053265929222107e-02
4.898444190621376038e-02
2.087621390819549561e-02
6.005691736936569214e-02
-7.396548241376876831e-02
4.731673747301101685e-02
-6.796553730964660645e-02
3.705257177352905273e-02
2.125647105276584625e-02
-9.571922570466995239e-02
-7.723578810691833496e-02
-1.402431819587945938e-02
1.041865628212690353e-02
7.963769137859344482e-02
9.131891652941703796e-03
-4.400203004479408264e-02
3.888401016592979431e-02
-2.225201204419136047e-02
-6.833615154027938843e-02
4.212263971567153931e-02
-6.915985792875289917e-02
1.199402380734682083e-02
-1.051542162895202637e-01
2.991972863674163818e-02
1.231967471539974213e-03
-2.941772108897566795e-03
-8.537772297859191895e-02
-2.498115412890911102e-02
-1.759431511163711548e-02
8.895121514797210693e-03
-5.106802284717559814e-02
-2.809887751936912537e-02
7.321029156446456909e-02
-1.842982880771160126e-02
3.510924428701400757e-02
-3.257068991661071777e-02
-7.280897349119186401e-02
1.246492285281419754e-02
5.154125392436981201e-03
-5.629376694560050964e-02
-9.217110276222229004e-02
-2.188386861234903336e-03
3.256794810295104980e-02
-6.550429016351699829e-02
7.980239577591419220e-03
6.252882629632949829e-02
5.757124349474906921e-02
-5.643451213836669922e-02
6.375941913574934006e-03
1.616651378571987152e-02
1.619342016056180000e-03
6.705639511346817017e-02
-6.128646060824394226e-02
-1.039493009448051453e-01
-5.294562876224517822e-02
-2.554533071815967560e-02
2.934289909899234772e-02
-7.442880421876907349e-02
8.172182738780975342e-02
2.006617560982704163e-02
-4.603615030646324158e-03
-2.495922893285751343e-02
1.231856867671012878e-01
-7.176809012889862061e-02
-3.519719466567039490e-02
-5.740983411669731140e-02
-4.502467438578605652e-02
-5.804444849491119385e-02
6.990235298871994019e-02
8.688585460186004639e-02
5.694501101970672607e-02
1.493795868009328842e-02
-2.698937244713306427e-02
3.825903683900833130e-02
3.309291973710060120e-02
-3.283068537712097168e-02
3.466746956110000610e-02
3.017211332917213440e-03
1.474638469517230988e-02
-8.668839931488037109e-02
1.707441732287406921e-02
7.720752805471420288e-02
1.659711450338363647e-02
1.056939586997032166e-01
-6.042806431651115417e-02
9.339340776205062866e-02
1.997560448944568634e-02
-3.011278994381427765e-02
-1.452627591788768768e-02
-3.889595717191696167e-02
-4.617074131965637207e-02
1.547530665993690491e-02
-4.006953909993171692e-02
-1.422730158083140850e-03
-3.275707829743623734e-03
-2.382072247564792633e-02
2.341031096875667572e-02
-1.262714527547359467e-02
3.120742179453372955e-02
3.255077823996543884e-02
-5.466865748167037964e-02
-1.722753793001174927e-02
-1.976197212934494019e-02
2.837262116372585297e-03
4.989496897906064987e-03
3.772052004933357239e-02
-2.416494116187095642e-02
1.940561644732952118e-02
2.706662751734256744e-02
-4.450196400284767151e-02
-2.619824372231960297e-02
1.864229701459407806e-02
-2.939024381339550018e-02
-1.069989521056413651e-02
5.193436145782470703e-02
-4.326097294688224792e-02
-3.083487600088119507e-02
-6.602553278207778931e-02
9.075901657342910767e-02
-1.121879667043685913e-01
1.128784939646720886e-01
8.865483105182647705e-02
1.665334701538085938e-01
5.425698310136795044e-02
1.222654879093170166e-01
-3.695283457636833191e-02
-3.351270779967308044e-02
-2.501128986477851868e-02
2.417709492146968842e-02
-1.754116564989089966e-01
2.199257537722587585e-02
-8.087153732776641846e-02
5.002756044268608093e-02
-6.114705465734004974e-03
4.039671737700700760e-03
-2.043111249804496765e-02
-7.114343810826539993e-03
-7.033333927392959595e-02
9.115222841501235962e-02
-7.152489572763442993e-02
4.960994236171245575e-03
-2.727233618497848511e-02
5.068445950746536255e-02
7.699441909790039062e-02
-2.747512236237525940e-02
6.340917944908142090e-02
1.051662787795066833e-01
-1.834622025489807129e-02
-7.914367318153381348e-02
-3.891954571008682251e-02
-1.076185330748558044e-01
-1.383802741765975952e-01
7.648070901632308960e-02
3.107578307390213013e-02
1.660791411995887756e-02
1.257126033306121826e-02
-2.780714631080627441e-01
1.092995703220367432e-01
-1.877148449420928955e-01
-7.425978779792785645e-02
4.825966432690620422e-02
5.112424492835998535e-02
-2.249095886945724487e-01
-4.089632630348205566e-02
-5.042862519621849060e-02
3.411377221345901489e-02
6.792679196223616600e-04
6.993891298770904541e-02
1.080722808837890625e-01
-1.025474965572357178e-01
-3.299145027995109558e-02
-1.012260373681783676e-02
-2.308608032763004303e-03
6.377675384283065796e-02
-3.487237542867660522e-02
6.196418032050132751e-02
