5.455800145864486694e-02
7.094861008226871490e-03
-3.652270883321762085e-02
3.155978024005889893e-02
-1.509557198733091354e-02
-3.148319944739341736e-02
7.194610685110092163e-02
6.122002378106117249e-02
7.779980450868606567e-02
3.176988661289215088e-02
1.158497408032417297e-01
-5.299029126763343811e-02
-1.001737359911203384e-02
7.814174890518188477e-02
-5.806380882859230042e-02
2.120915800333023071e-02
9.963608346879482269e-03
-1.183670759201049805e-02
-4.459738731384277344e-02
5.832343921065330505e-02
1.612521521747112274e-02
7.100922614336013794e-02
-2.471650019288063049e-02
-6.169293075799942017e-02
8.979424834251403809e-03
-2.012121304869651794e-02
4.412333667278289795e-02
-1.889385096728801727e-02
-7.735959440469741821e-02
5.236593633890151978e-02
-3.241183236241340637e-02
-6.571909785270690918e-02
-4.536720458418130875e-03
1.001729667186737061e-01
3.601557016372680664e-02
-3.363030031323432922e-02
-4.836887121200561523e-02
-3.560864180326461792e-02
-5.486699566245079041e-02
4.233863949775695801e-02
6.320448219776153564e-02
-2.572525665163993835e-02
-3.179866820573806763e-02
-9.718558937311172485e-02
1.329583376646041870e-01
6.506921350955963135e-02
8.558517694473266602e-02
4.195913299918174744e-02
-5.165749788284301758e-02
-3.541347756981849670e-02
-4.473978281021118164e-02
1.324781328439712524e-01
1.630153879523277283e-02
8.256060630083084106e-02
1.426781415939331055e-01
-4.014403000473976135e-02
-2.822744287550449371e-02
-2.274377457797527313e-02
1.717725582420825958e-02
-9.440971910953521729e-02
1.173940207809209824e-02
-1.496327295899391174e-02
7.566063851118087769e-02
-9.624768048524856567e-02
-1.064307522028684616e-02
7.612749189138412476e-02
-1.816660538315773010e-02
-2.081078104674816132e-02
1.526632253080606461e-02
6.810095906257629395e-02
2.938431221991777420e-03
-7.182458043098449707e-02
-4.200444743037223816e-02
2.042117062956094742e-03
3.329768031835556030e-02
-9.281852841377258301e-02
-8.447261527180671692e-03
-1.169889327138662338e-02
-3.813413158059120178e-02
4.345329105854034424e-02
3.191491356119513512e-03
4.782931879162788391e-02
1.658383943140506744e-02
-8.649149537086486816e-02
1.720482669770717621e-02
-3.674182668328285217e-02
-3.910914435982704163e-02
-4.612596705555915833e-03
-3.426932916045188904e-02
-6.140554696321487427e-02
-5.420874431729316711e-02
1.090509444475173950e-01
-4.292172938585281372e-02
6.602961570024490356e-02
-4.385891556739807129e-02
-2.345580235123634338e-02
-7.705125212669372559e-02
1.990627730265259743e-03
-2.416994050145149231e-02
-2.839059010148048401e-02
-5.945331975817680359e-02
-4.352914169430732727e-02
-6.298370659351348877e-03
1.149046123027801514e-01
-4.754403140395879745e-03
-3.811163129284977913e-03
1.249355264008045197e-02
7.772479951381683350e-02
8.530454337596893311e-02
6.574976257979869843e-03
-9.277924895286560059e-02
6.185634434223175049e-02
-9.265221655368804932e-02
-8.122752606868743896e-02
-6.576413661241531372e-02
-5.317039415240287781e-02
-1.600990258157253265e-02
-5.368912220001220703e-02
1.818796060979366302e-02
4.146621376276016235e-02
3.513858420774340630e-03
-5.731741711497306824e-02
4.108287766575813293e-02
-1.000430881977081299e-01
4.587075859308242798e-02
3.680333495140075684e-02
3.433040156960487366e-02
-3.968831151723861694e-02
1.994704827666282654e-03
-3.903662785887718201e-02
9.023496881127357483e-03
-1.035915762186050415e-01
2.118287421762943268e-02
1.134071871638298035e-02
1.325995475053787231e-02
-1.427061203867197037e-02
3.779859468340873718e-02
-6.871227920055389404e-02
-7.463154196739196777e-02
3.021780587732791901e-02
-4.513803869485855103e-02
-2.768620848655700684e-02
2.174095809459686279e-02
-3.784387558698654175e-02
9.637552313506603241e-03
1.940268278121948242e-02
4.505876451730728149e-02
3.516111895442008972e-02
2.404063567519187927e-02
-1.290178770432248712e-04
5.527843162417411804e-02
-2.348096575587987900e-03
-6.786236166954040527e-02
-9.309499710798263550e-02
-7.637600414454936981e-03
3.136698622256517410e-03
1.211949158459901810e-02
6.013666093349456787e-02
-1.203797757625579834e-02
8.789250254631042480e-02
7.276286929845809937e-02
4.169682040810585022e-02
-9.032650850713253021e-03
8.753964304924011230e-02
-4.345345124602317810e-02
3.950673621147871017e-03
-6.459774076938629150e-02
-7.159347832202911377e-02
6.674118340015411377e-02
-6.133584678173065186e-02
6.500675529241561890e-02
-1.483164913952350616e-02
9.421759843826293945e-02
8.056180179119110107e-02
-4.697996005415916443e-02
-8.528805919922888279e-04
1.030838210135698318e-02
8.112730458378791809e-03
2.394165284931659698e-02
-1.541134249418973923e-02
1.980841159820556641e-02
-2.099593728780746460e-02
-1.463063247501850128e-02
-2.170378342270851135e-02
-3.776210919022560120e-02
-1.448944304138422012e-02
-3.746935725212097168e-02
-1.137740239500999451e-01
6.892596185207366943e-02
-5.309036001563072205e-02
-1.228155568242073059e-01
3.031378239393234253e-02
4.247083142399787903e-02
-1.485590636730194092e-01
7.634460180997848511e-02
6.795305013656616211e-02
1.304489970207214355e-01
4.388254135847091675e-02
9.536494314670562744e-02
-1.013197600841522217e-01
4.291172698140144348e-02
-4.583218321204185486e-02
1.697017066180706024e-02
-8.264452964067459106e-02
-2.447379566729068756e-02
2.249029651284217834e-02
1.608844846487045288e-02
-1.913776248693466187e-02
-2.967672981321811676e-02
-1.009608432650566101e-02
6.267980206757783890e-04
9.229000657796859741e-03
2.081952802836894989e-02
-7.283644378185272217e-02
5.236503109335899353e-02
3.775545582175254822e-02
6.290523800998926163e-03
6.999700516462326050e-02
4.407246783375740051e-02
8.538065850734710693e-02
6.887570023536682129e-02
9.880935773253440857e-03
-4.080618917942047119e-02
1.417446788400411606e-02
1.665070652961730957e-02
-6.439491361379623413e-02
1.533221360296010971e-02
9.816486388444900513e-03
-9.313417598605155945e-03
3.386452421545982361e-02
4.267588630318641663e-02
6.361401081085205078e-02
-9.990932047367095947e-02
-3.844473278149962425e-03
6.960931420326232910e-02
1.329574584960937500e-01
-1.145051494240760803e-01
-9.927891939878463745e-02
-7.693562656641006470e-02
5.567620322108268738e-02
-1.970963180065155029e-02
2.220866680145263672e-01
2.599352300167083740e-01
-1.098308563232421875e-01
-1.625392884016036987e-01
6.079847458750009537e-03
-7.314637303352355957e-02
2.280261814594268799e-01
-1.407418027520179749e-02
1.764522343873977661e-01
