-6.537941098213195801e-02
-1.933090947568416595e-02
1.220989134162664413e-02
-1.823192834854125977e-02
-5.882298108190298080e-03
3.990328684449195862e-02
6.229650974273681641e-02
-6.946149468421936035e-02
9.178596735000610352e-02
5.267713218927383423e-02
-5.216152220964431763e-02
-6.031203269958496094e-02
4.190846160054206848e-02
-1.032194402068853378e-02
6.387531757354736328e-03
1.744212955236434937e-02
4.269225150346755981e-02
-4.896289482712745667e-02
-1.936220191419124603e-02
7.383032143115997314e-02
2.951985411345958710e-02
3.024454414844512939e-02
-3.515473008155822754e-02
-5.180818261578679085e-04
-2.277727937325835228e-03
-2.146041393280029297e-02
9.309154935181140900e-03
2.132802642881870270e-02
-1.050040498375892639e-01
3.396714106202125549e-02
-5.154332611709833145e-03
-8.656492829322814941e-02
8.114933036267757416e-03
7.067966461181640625e-02
-1.107452623546123505e-02
-2.470961306244134903e-03
-6.345420330762863159e-02
2.732866629958152771e-02
-2.907347865402698517e-02
1.370347011834383011e-02
-2.584619633853435516e-02
-3.932514786720275879e-02
-1.693020947277545929e-02
-8.415385335683822632e-02
1.420445740222930908e-01
1.212131604552268982e-01
9.003964066505432129e-02
-2.493785228580236435e-03
-8.301248401403427124e-02
-7.843340188264846802e-02
-7.240590453147888184e-02
1.643064171075820923e-01
-2.533243410289287567e-02
1.206748411059379578e-01
1.007595807313919067e-01
-4.757921770215034485e-02
-1.350037287920713425e-02
3.791283816099166870e-02
2.059347741305828094e-02
-3.375597298145294189e-02
5.004362389445304871e-02
-2.781888283789157867e-02
1.135542616248130798e-01
-1.773643493652343750e-01
-2.016143500804901123e-02
3.218925558030605316e-03
-1.387146767228841782e-02
6.034412607550621033e-02
-1.427906937897205353e-02
-1.262844447046518326e-02
4.329238459467887878e-02
-4.956456646323204041e-02
-4.723284766077995300e-02
4.395985975861549377e-02
2.281093783676624298e-02
-5.290781334042549133e-02
3.022884251549839973e-03
4.595163464546203613e-02
-5.290767177939414978e-02
7.881406694650650024e-02
-7.859211415052413940e-02
4.497696831822395325e-02
4.299950227141380310e-02
-1.149025261402130127e-01
-6.710442900657653809e-02
-3.219441324472427368e-02
2.109802328050136566e-02
6.326278299093246460e-02
1.345597021281719208e-02
-7.543797045946121216e-02
3.210697695612907410e-02
5.829294025897979736e-02
-8.143858611583709717e-02
1.045747548341751099e-01
-1.110464110970497131e-01
-1.142481341958045959e-02
-7.560110092163085938e-02
2.284005470573902130e-02
-7.399536669254302979e-03
-2.629773807711899281e-04
-7.280328124761581421e-02
-4.203818365931510925e-02
-2.992043644189834595e-02
5.977277830243110657e-02
-4.952132236212491989e-03
-1.250716205686330795e-02
7.198826223611831665e-02
2.060902118682861328e-02
6.379607319831848145e-02
4.320933483541011810e-03
-1.158165484666824341e-01
3.344517946243286133e-02
-6.855674833059310913e-02
-6.658601015806198120e-02
-9.440050274133682251e-02
-6.176790595054626465e-02
3.043542616069316864e-02
-5.342943221330642700e-02
-7.751636672765016556e-03
5.212296918034553528e-02
4.044233635067939758e-02
-7.354111969470977783e-02
1.508689299225807190e-02
-3.818225860595703125e-02
3.892188891768455505e-02
5.702114850282669067e-02
-1.594573818147182465e-02
-1.117207705974578857e-01
-1.816829107701778412e-02
-6.187421083450317383e-02
3.330989554524421692e-02
-1.256724596023559570e-01
7.794851064682006836e-02
1.454616617411375046e-02
2.673147246241569519e-02
-4.927709698677062988e-02
1.040251031517982483e-01
-7.574588805437088013e-02
-1.189133990556001663e-02
1.689656265079975128e-02
-4.208338260650634766e-02
-3.687965497374534607e-02
6.177245453000068665e-02
4.300783202052116394e-02
2.527274750173091888e-02
8.883260190486907959e-03
1.275669131428003311e-02
1.303869336843490601e-01
2.128005214035511017e-02
5.419375956989824772e-04
4.616335034370422363e-02
-2.073901705443859100e-02
-1.449380908161401749e-02
-1.166412755846977234e-01
2.745288610458374023e-02
8.958920836448669434e-02
5.874684825539588928e-02
7.619033753871917725e-02
-5.792177096009254456e-02
1.210266426205635071e-01
7.734502106904983521e-02
-2.711853757500648499e-02
5.054979585111141205e-03
1.249338779598474503e-02
-3.725276142358779907e-02
9.587353095412254333e-03
-3.718656674027442932e-02
-5.484620109200477600e-02
4.188096895813941956e-02
-3.937154263257980347e-02
8.557150512933731079e-02
-1.873382367193698883e-02
4.244632273912429810e-02
7.835897058248519897e-02
-6.040986627340316772e-02
2.183597721159458160e-02
1.249146461486816406e-02
9.730471298098564148e-03
1.170034054666757584e-02
1.518208440393209457e-02
3.648455068469047546e-02
-3.587845340371131897e-02
-4.210517727187834680e-05
-7.780383527278900146e-02
-1.512686535716056824e-02
-7.636473048478364944e-03
-3.049160167574882507e-02
-6.395141780376434326e-02
4.165359959006309509e-02
-5.751075968146324158e-02
-5.243501812219619751e-02
-2.664773911237716675e-02
3.867454454302787781e-02
-1.371286660432815552e-01
8.504722267389297485e-02
7.683858275413513184e-02
1.303026974201202393e-01
6.599387526512145996e-02
9.875704348087310791e-02
-3.629949316382408142e-02
9.318174794316291809e-03
-4.480585083365440369e-02
3.842204436659812927e-02
-1.162054762244224548e-01
-3.702375688590109348e-04
-7.546708732843399048e-02
3.008952923119068146e-02
5.636588204652070999e-03
-6.451901979744434357e-03
-7.532023824751377106e-03
-4.905140493065118790e-03
-1.719357632100582123e-02
6.817194819450378418e-02
-5.650156363844871521e-02
5.576909985393285751e-03
1.385084353387355804e-02
1.390910241752862930e-02
2.180560678243637085e-02
-1.267780363559722900e-02
6.514906883239746094e-02
8.208425343036651611e-02
7.303736638277769089e-03
-7.716683298349380493e-02
1.347060501575469971e-02
-4.175358265638351440e-02
-1.209251433610916138e-01
3.927684947848320007e-02
-1.786237396299839020e-02
-1.961570605635643005e-02
4.927282780408859253e-02
-1.294662207365036011e-01
7.587271928787231445e-02
-1.589976102113723755e-01
-2.710259333252906799e-02
4.628165811300277710e-02
9.777192771434783936e-02
-1.524213552474975586e-01
-6.716305017471313477e-02
-2.785371802747249603e-02
6.109377741813659668e-02
9.573543444275856018e-03
1.137375906109809875e-01
1.960590183734893799e-01
-1.514322459697723389e-01
-1.009933724999427795e-01
-1.995596289634704590e-02
-4.648802056908607483e-02
1.661542356014251709e-01
-6.498940289020538330e-02
1.059262529015541077e-01
