-6.221449375152587891e-02
-3.745003044605255127e-02
3.732047602534294128e-02
-8.650601655244827271e-02
5.894661694765090942e-02
1.026708260178565979e-01
6.650178879499435425e-02
-1.187044084072113037e-01
1.152243092656135559e-01
2.599872881546616554e-03
-6.001152098178863525e-02
-7.121966034173965454e-02
5.768790468573570251e-02
-2.383889630436897278e-02
8.777457475662231445e-02
5.070738866925239563e-02
6.680995970964431763e-02
-7.896213233470916748e-02
2.114659920334815979e-02
2.008677273988723755e-02
-1.267308648675680161e-02
1.097601559013128281e-02
-7.630986627191305161e-03
-4.954107478260993958e-02
7.329690735787153244e-03
1.512223668396472931e-02
4.390922933816909790e-02
7.373916916549205780e-03
-2.673758193850517273e-02
6.998579949140548706e-02
-1.885792426764965057e-02
-8.884035050868988037e-02
-7.869035750627517700e-02
5.833241343498229980e-02
-1.086348667740821838e-02
-4.484974313527345657e-03
-5.764478817582130432e-02
1.609700545668601990e-02
-2.849813923239707947e-02
4.184750467538833618e-02
-7.442322373390197754e-02
3.511884436011314392e-02
-6.114960997365415096e-04
-8.534788340330123901e-02
9.169677644968032837e-02
5.900465324521064758e-02
8.675261586904525757e-02
-4.320781212300062180e-03
1.257862057536840439e-02
-4.108996689319610596e-02
-9.291062504053115845e-02
6.235411390662193298e-02
1.856850460171699524e-02
6.400465220212936401e-02
6.269276887178421021e-02
-1.081511657685041428e-02
-4.856094717979431152e-02
5.130938440561294556e-02
5.164212081581354141e-03
2.524911798536777496e-02
4.425458982586860657e-02
-1.093192398548126221e-01
1.026319786906242371e-01
-1.378490775823593140e-01
-3.453424945473670959e-02
1.825014688074588776e-02
-3.876494942232966423e-03
6.705825030803680420e-02
4.438291303813457489e-03
-6.943096220493316650e-02
1.078782007098197937e-01
-3.465611487627029419e-02
-4.073164239525794983e-02
6.032506935298442841e-03
-1.250044163316488266e-02
5.473913624882698059e-02
3.871010243892669678e-02
2.924100682139396667e-02
-8.141333609819412231e-02
9.430722147226333618e-02
-6.863912194967269897e-02
6.138864159584045410e-02
2.296860888600349426e-02
-7.105560600757598877e-02
-4.332297667860984802e-02
-7.298047654330730438e-03
-4.368862137198448181e-02
3.291646763682365417e-02
5.912271887063980103e-02
-1.044154241681098938e-01
-6.164326798170804977e-03
7.598859071731567383e-02
-4.155161976814270020e-02
4.310471937060356140e-02
-7.739139348268508911e-02
1.251036208122968674e-02
-1.034872382879257202e-01
-2.678590826690196991e-03
2.478224225342273712e-02
-2.047652192413806915e-02
-1.143525168299674988e-01
2.604589797556400299e-03
-2.167009375989437103e-02
4.674365743994712830e-02
-3.830762952566146851e-02
3.179123252630233765e-02
2.895706333220005035e-02
-4.825175274163484573e-03
6.750620901584625244e-02
2.048170939087867737e-02
-9.991011768579483032e-02
-3.230137750506401062e-02
-1.652057655155658722e-02
-6.331052631139755249e-02
-8.769317716360092163e-02
-4.519464820623397827e-02
-2.608746103942394257e-02
-2.375158667564392090e-02
-1.429761480540037155e-02
3.392541036009788513e-02
4.853536561131477356e-02
-4.981100559234619141e-02
4.377270489931106567e-02
-2.981300279498100281e-02
-1.150803174823522568e-02
8.945269137620925903e-02
-7.244840264320373535e-02
-3.829187899827957153e-02
-5.194349680095911026e-03
-1.713661663234233856e-02
-9.648767299950122833e-03
-9.392800927162170410e-02
2.520302124321460724e-02
-3.738443832844495773e-03
7.472854107618331909e-02
7.887345738708972931e-03
2.702403068542480469e-02
2.675166353583335876e-02
-3.142040967941284180e-02
-2.696911804378032684e-03
-5.352617055177688599e-02
-6.919252872467041016e-02
1.217453856952488422e-03
3.489652648568153381e-02
4.840670898556709290e-02
4.322033748030662537e-02
1.874499837867915630e-03
5.016676336526870728e-02
2.901221625506877899e-02
-2.534070424735546112e-02
-1.858506351709365845e-02
1.922393776476383209e-02
-9.350719046778976917e-04
-1.098748743534088135e-01
-4.126578196883201599e-02
7.805886119604110718e-02
2.000122889876365662e-02
7.413828372955322266e-02
-2.867216430604457855e-02
6.849025189876556396e-02
2.120484784245491028e-02
-1.761087775230407715e-02
-4.707438871264457703e-02
1.372667029500007629e-02
-7.205111533403396606e-02
1.542872004210948944e-02
-9.380966424942016602e-02
1.996647380292415619e-02
3.548779711127281189e-02
-6.774985045194625854e-02
2.817685529589653015e-02
-3.284731134772300720e-02
6.291435658931732178e-02
4.510036110877990723e-02
1.484264899045228958e-02
-1.274699252098798752e-02
1.987852528691291809e-02
-3.288743644952774048e-02
-1.478965859860181808e-02
5.487117543816566467e-02
-3.192900447174906731e-03
7.361440919339656830e-03
6.812578067183494568e-03
3.728108108043670654e-02
-7.234650850296020508e-02
-3.232261538505554199e-02
-8.990362286567687988e-02
-3.555710986256599426e-02
5.647737532854080200e-02
-4.905293136835098267e-02
-5.621160566806793213e-02
-2.119038486853241920e-03
6.889617443084716797e-02
-9.571684151887893677e-02
9.525577723979949951e-02
4.496101289987564087e-02
1.415394991636276245e-01
4.683899879455566406e-02
7.079547643661499023e-02
2.204002439975738525e-02
1.758010359480977058e-03
-7.954101264476776123e-02
5.441908165812492371e-02
-1.427384465932846069e-01
1.931941253133118153e-03
-1.268250495195388794e-01
9.124363213777542114e-02
-4.053213074803352356e-02
3.627834469079971313e-02
-4.375164210796356201e-02
-2.004181779921054840e-02
-2.684927778318524361e-03
2.670867927372455597e-02
-4.752237349748611450e-02
2.371851541101932526e-02
-3.820038214325904846e-02
5.047978833317756653e-02
1.035453975200653076e-01
-3.916516527533531189e-02
7.795111835002899170e-02
7.242076843976974487e-02
-1.426362711936235428e-02
-1.306203454732894897e-01
-4.314606636762619019e-02
-5.160139501094818115e-02
-1.092505306005477905e-01
2.739924564957618713e-02
4.856378957629203796e-02
5.190087947994470596e-03
7.386742532253265381e-02
-2.231945395469665527e-01
1.040243655443191528e-01
-1.841175854206085205e-01
-6.504711508750915527e-02
8.604071289300918579e-02
5.142043530941009521e-02
-2.076019793748855591e-01
-6.521276384592056274e-02
-3.139939904212951660e-02
6.718577444553375244e-02
-4.607590660452842712e-02
1.289884746074676514e-01
1.636316031217575073e-01
-1.761932075023651123e-01
-6.812269240617752075e-02
8.990413043648004532e-04
-1.301741413772106171e-02
1.209433302283287048e-01
-2.463612332940101624e-02
1.036854833364486694e-01
