-1.268697232007980347e-01
-5.215850472450256348e-02
4.042847827076911926e-02
-4.016324132680892944e-02
-1.622533611953258514e-02
5.200519412755966187e-02
1.799126714468002319e-02
-1.165791749954223633e-01
8.786895871162414551e-02
4.395636543631553650e-02
-1.020349338650703430e-01
-6.510361284017562866e-02
1.085348650813102722e-01
-6.732841953635215759e-03
7.827606052160263062e-03
2.281132899224758148e-02
4.714865237474441528e-02
-7.239698618650436401e-02
2.465064637362957001e-02
5.532811209559440613e-02
6.925398111343383789e-02
-9.857184253633022308e-03
7.098704809322953224e-04
-2.743246266618371010e-03
3.629813715815544128e-02
1.267002662643790245e-03
-1.727747963741421700e-03
-1.925903558731079102e-02
-1.221614852547645569e-01
1.348360534757375717e-02
-3.133535385131835938e-02
-8.643894642591476440e-02
5.048790015280246735e-03
9.376794844865798950e-02
-5.288577172905206680e-03
-3.263763338327407837e-02
-1.258854866027832031e-01
1.249702461063861847e-02
-4.613754805177450180e-03
4.800143092870712280e-02
-4.157044738531112671e-02
-4.735803231596946716e-02
2.573083899915218353e-02
-8.468048274517059326e-02
1.439615786075592041e-01
1.021241471171379089e-01
7.760376483201980591e-02
-1.702997600659728050e-03
-7.683616131544113159e-02
-9.592997282743453979e-02
-7.547792792320251465e-02
1.567323505878448486e-01
-5.184318497776985168e-02
8.579338341951370239e-02
7.756241410970687866e-02
-4.946964979171752930e-02
-3.622658178210258484e-02
2.285053394734859467e-02
5.165633559226989746e-02
-7.426605559885501862e-03
6.114618852734565735e-02
-3.401105105876922607e-02
1.002817526459693909e-01
-1.467526257038116455e-01
-4.098213277757167816e-03
-2.454976551234722137e-03
-4.513530060648918152e-02
6.918273866176605225e-02
-6.835890002548694611e-03
-6.585266441106796265e-02
6.727409362792968750e-02
-2.446342259645462036e-02
-2.709207683801651001e-02
6.861820816993713379e-02
2.284409105777740479e-02
-1.175476610660552979e-02
1.585703156888484955e-02
5.159855261445045471e-02
-7.987175136804580688e-02
8.909986168146133423e-02
-8.627386391162872314e-02
7.958241738379001617e-03
2.642309665679931641e-02
-1.335266828536987305e-01
-8.239280432462692261e-02
-2.380564343184232712e-03
5.485930293798446655e-02
1.140790283679962158e-01
9.172336198389530182e-03
-3.979896008968353271e-02
3.306165337562561035e-02
3.036169335246086121e-02
-1.078330129384994507e-01
8.488930761814117432e-02
-1.111520975828170776e-01
-1.358260586857795715e-02
-6.858915835618972778e-02
4.033885151147842407e-02
1.554057095199823380e-02
-3.958785440772771835e-03
-8.772579580545425415e-02
-2.605225890874862671e-02
-5.297078937292098999e-02
4.637320060282945633e-03
-3.258093446493148804e-02
-4.338321462273597717e-02
9.452970325946807861e-02
1.209235750138759613e-02
5.782643705606460571e-02
-1.916551217436790466e-02
-7.769446820020675659e-02
2.051265910267829895e-02
-2.338803745806217194e-02
-2.646593563258647919e-02
-7.828205078840255737e-02
-3.046594373881816864e-02
2.856616675853729248e-02
-5.492903292179107666e-02
7.481813430786132812e-03
9.112992137670516968e-02
4.428423196077346802e-02
-3.458481281995773315e-02
-1.721253432333469391e-02
1.448892708867788315e-02
8.781512267887592316e-03
5.883394181728363037e-02
-3.554049134254455566e-02
-1.051566228270530701e-01
-3.777420148253440857e-02
-3.706936165690422058e-02
1.321962196379899979e-02
-6.599460542201995850e-02
3.757818415760993958e-02
8.908757939934730530e-03
1.761292666196823120e-02
-5.569430440664291382e-02
5.973469465970993042e-02
-3.499697893857955933e-02
-2.526827156543731689e-02
-4.933466203510761261e-03
-1.312163565307855606e-02
-4.887014627456665039e-02
3.637002408504486084e-02
4.235436022281646729e-02
7.467011362314224243e-02
8.276189677417278290e-03
-4.384214803576469421e-02
6.186589971184730530e-02
7.477194070816040039e-02
-6.292939186096191406e-02
5.016170814633369446e-02
-1.613900810480117798e-02
1.345986966043710709e-03
-9.297087788581848145e-02
1.680264249444007874e-02
5.677707120776176453e-02
8.574903942644596100e-03
6.524661183357238770e-02
-3.581120073795318604e-02
8.894190192222595215e-02
2.181560732424259186e-02
-1.931170001626014709e-02
4.177773743867874146e-02
1.197618991136550903e-02
-4.051059857010841370e-02
3.008369915187358856e-02
-4.466612637042999268e-02
-1.417465135455131531e-02
2.989735454320907593e-02
-8.457563817501068115e-02
3.383738920092582703e-02
-6.050333380699157715e-02
6.543862819671630859e-02
4.101937636733055115e-02
-4.415169358253479004e-02
-3.538178652524948120e-02
-8.650896139442920685e-03
-4.648591950535774231e-02
-1.369447796605527401e-03
3.965064510703086853e-02
-9.419965557754039764e-03
5.167926661670207977e-03
5.316732078790664673e-02
-2.378824353218078613e-02
-4.806878790259361267e-02
2.910450659692287445e-02
-4.303720965981483459e-02
-1.362171169603243470e-04
4.221888259053230286e-02
-5.048599094152450562e-02
5.281204823404550552e-03
-3.978209570050239563e-02
4.522242397069931030e-02
-1.238394305109977722e-01
1.161726489663124084e-01
3.644867241382598877e-02
1.762003302574157715e-01
6.136799231171607971e-02
7.989811897277832031e-02
-1.425865665078163147e-02
-5.945009645074605942e-03
-1.138085313141345978e-02
4.786390438675880432e-02
-1.397155523300170898e-01
1.805506413802504539e-03
-4.152755439281463623e-02
5.887852981686592102e-02
1.750128110870718956e-03
-4.009432159364223480e-03
-2.690284140408039093e-02
5.825333762913942337e-03
-2.524391002953052521e-02
7.486137002706527710e-02
-8.807398378849029541e-02
1.641093753278255463e-02
-1.109632942825555801e-02
5.921034887433052063e-02
4.259422048926353455e-02
-1.833855174481868744e-02
6.281094253063201904e-02
8.217631280422210693e-02
-1.795809902250766754e-02
-8.433950692415237427e-02
-5.578444153070449829e-02
-7.802107930183410645e-02
-1.578225940465927124e-01
5.667063221335411072e-02
2.018961869180202484e-02
7.104046642780303955e-03
1.350007578730583191e-02
-1.721536219120025635e-01
6.920737773180007935e-02
-1.386430859565734863e-01
-4.618437215685844421e-02
1.480376999825239182e-02
5.137929692864418030e-02
-1.405034065246582031e-01
-4.489433392882347107e-02
3.507688816171139479e-04
8.245280385017395020e-02
-2.329439669847488403e-02
6.371039897203445435e-02
1.906949579715728760e-01
-1.400717943906784058e-01
-1.170808374881744385e-01
-5.730447825044393539e-03
-1.301621273159980774e-02
1.156204119324684143e-01
-6.160041689872741699e-02
1.422191560268402100e-01
