-9.094102680683135986e-02
-6.612510234117507935e-02
9.499776363372802734e-02
-7.067701965570449829e-02
-3.482606029137969017e-03
9.786099195480346680e-02
-2.692903799470514059e-04
-1.143387183547019958e-01
1.027244403958320618e-01
3.035854548215866089e-02
-1.281639337539672852e-01
-5.115142092108726501e-02
1.345678567886352539e-01
-4.767020791769027710e-02
3.079501911997795105e-02
6.879810243844985962e-02
1.474411226809024811e-02
-9.130794554948806763e-02
5.412695556879043579e-02
4.455585964024066925e-03
6.857972592115402222e-02
-4.184136912226676941e-02
6.582785863429307938e-03
-3.838561475276947021e-02
5.117428302764892578e-02
1.198432059027254581e-03
2.383089996874332428e-02
-6.316015124320983887e-02
-1.356973499059677124e-01
-2.631073072552680969e-02
-6.259685009717941284e-02
-6.613460928201675415e-02
-1.482763420790433884e-02
1.348851025104522705e-01
-3.663496579974889755e-03
-3.842909261584281921e-02
-7.564745843410491943e-02
-1.948886550962924957e-02
5.345003679394721985e-03
3.349338099360466003e-02
-3.064182400703430176e-02
-1.477258186787366867e-02
4.403397813439369202e-02
-6.751657277345657349e-02
8.106755465269088745e-02
7.295943796634674072e-02
4.328072443604469299e-02
-1.758832484483718872e-02
-5.170530825853347778e-02
-6.857876479625701904e-02
-3.723789006471633911e-02
7.803737372159957886e-02
-1.236411929130554199e-02
1.478055771440267563e-02
6.365974247455596924e-02
2.372749382629990578e-03
-7.346473634243011475e-02
2.622391656041145325e-02
4.042274877429008484e-02
4.319250211119651794e-02
4.615638032555580139e-02
-3.403933718800544739e-02
6.196220219135284424e-02
-1.320145130157470703e-01
-2.560383640229701996e-03
-1.042363699525594711e-02
-5.169998481869697571e-02
5.486023053526878357e-02
-4.924819618463516235e-02
-5.252866074442863464e-02
1.804034411907196045e-02
-4.678771831095218658e-03
3.186529502272605896e-03
7.572931796312332153e-02
8.475068025290966034e-03
5.235897749662399292e-02
3.485299646854400635e-02
4.693745076656341553e-02
-6.541326642036437988e-02
4.982618615031242371e-02
-5.343570932745933533e-02
4.104011133313179016e-02
2.276774495840072632e-02
-1.035390570759773254e-01
-7.242218405008316040e-02
1.601853407919406891e-02
4.286030307412147522e-02
1.044095158576965332e-01
-5.987903568893671036e-03
-3.315726667642593384e-02
2.566928975284099579e-02
-1.247084140777587891e-02
-8.507456630468368530e-02
2.836640737950801849e-02
-1.107563823461532593e-01
1.052217837423086166e-02
-9.152215719223022461e-02
4.221703112125396729e-02
4.319499246776103973e-03
-2.090422064065933228e-02
-9.433180838823318481e-02
-1.215826533734798431e-02
-1.363487076014280319e-02
1.279080659151077271e-02
-5.002602934837341309e-02
-3.512657433748245239e-02
7.904425263404846191e-02
-3.954201936721801758e-03
1.258344855159521103e-02
-1.431097509339451790e-03
-4.929034039378166199e-02
2.456410322338342667e-03
6.258289329707622528e-03
-1.527115982025861740e-02
-8.138617873191833496e-02
3.042661352083086967e-03
3.833482041954994202e-02
-3.711288422346115112e-02
-8.564550429582595825e-03
9.883934259414672852e-02
4.735032841563224792e-02
-2.936630882322788239e-02
-3.198482096195220947e-02
3.374731540679931641e-02
9.915950708091259003e-03
9.028510749340057373e-02
-7.411188632249832153e-02
-6.469570100307464600e-02
-6.677487492561340332e-02
-5.510976916411891580e-05
1.687823608517646790e-02
-6.118639931082725525e-02
4.756451398134231567e-02
2.922045812010765076e-02
8.610825985670089722e-03
-5.860319361090660095e-02
1.045144349336624146e-01
-1.425178535282611847e-02
-3.528389707207679749e-02
-4.167416691780090332e-02
3.812953596934676170e-03
-8.201532810926437378e-02
5.712719634175300598e-02
1.018405780196189880e-01
6.320872157812118530e-02
3.306742757558822632e-02
-3.948870301246643066e-02
3.523156419396400452e-02
8.023622632026672363e-02
-8.586278557777404785e-02
3.071388788521289825e-02
9.485320188105106354e-03
4.802970215678215027e-02
-7.769180089235305786e-02
-7.357761263847351074e-03
6.450503319501876831e-02
-5.432913079857826233e-03
9.349776804447174072e-02
-6.667005270719528198e-02
9.021338820457458496e-02
3.500486537814140320e-02
-7.449614349752664566e-03
1.433468423783779144e-02
-7.285478524863719940e-03
-6.539848446846008301e-02
3.220153599977493286e-02
-5.141193419694900513e-02
1.835302822291851044e-02
7.867679931223392487e-03
-6.875708699226379395e-02
1.357323117554187775e-02
-8.175693452358245850e-02
6.329040229320526123e-02
2.187335118651390076e-02
-5.135268345475196838e-02
-5.729355290532112122e-02
-2.537221089005470276e-02
-4.706487059593200684e-02
-4.267672542482614517e-03
4.102847725152969360e-02
-6.723418831825256348e-02
2.760636992752552032e-02
5.016582086682319641e-02
2.116541378200054169e-02
-6.953381001949310303e-02
6.207718048244714737e-03
-4.483824223279953003e-02
3.686781600117683411e-02
7.856211066246032715e-02
-7.584262639284133911e-02
-1.297481078654527664e-02
-4.978404566645622253e-02
8.732049167156219482e-02
-1.144108250737190247e-01
1.406940519809722900e-01
5.891671404242515564e-02
1.798508316278457642e-01
4.209378734230995178e-02
1.013945564627647400e-01
-6.886955816298723221e-03
-3.521151840686798096e-02
-3.502155840396881104e-02
2.312639541923999786e-02
-1.674968898296356201e-01
-2.981932461261749268e-02
-5.331543460488319397e-02
1.004966795444488525e-01
-5.301832221448421478e-03
3.813680959865450859e-03
-3.272693604230880737e-02
-2.513212524354457855e-02
-4.682090878486633301e-02
7.347455620765686035e-02
-8.856353163719177246e-02
1.622608490288257599e-02
-2.407642826437950134e-02
6.296144425868988037e-02
6.452741473913192749e-02
-6.175109650939702988e-03
9.124004095792770386e-02
8.541189134120941162e-02
-8.661229163408279419e-03
-1.181576699018478394e-01
-6.780635565519332886e-02
-9.484999626874923706e-02
-1.489568650722503662e-01
6.900408118963241577e-02
5.038366839289665222e-02
1.496979966759681702e-02
3.503498155623674393e-03
-2.240034490823745728e-01
7.571449875831604004e-02
-1.665377169847488403e-01
-3.793016076087951660e-02
5.030873790383338928e-02
4.996288195252418518e-02
-1.828307509422302246e-01
-5.833359062671661377e-02
-7.558326236903667450e-03
3.362511098384857178e-02
-1.076480746269226074e-02
5.020127072930335999e-02
1.023672670125961304e-01
-1.253771632909774780e-01
-5.205170810222625732e-02
-9.789012372493743896e-03
-1.655568554997444153e-02
2.474874630570411682e-02
-1.853149570524692535e-02
9.299261122941970825e-02
