-1.341300159692764282e-01
-8.520117029547691345e-03
3.391083795577287674e-03
-2.682622056454420090e-03
-3.055568039417266846e-02
2.728502638638019562e-02
3.748788312077522278e-02
-1.587276011705398560e-01
1.029929667711257935e-01
8.324307948350906372e-02
-1.054920256137847900e-01
-9.222284704446792603e-02
1.079829335212707520e-01
1.814066246151924133e-02
-3.444984182715415955e-02
-6.508910097181797028e-03
5.102380737662315369e-02
-3.576657921075820923e-02
1.009880751371383667e-02
6.444602459669113159e-02
6.723763793706893921e-02
-2.487578615546226501e-02
6.143006496131420135e-03
1.185006834566593170e-02
1.771583035588264465e-02
1.919235661625862122e-02
-4.905254393815994263e-02
-1.532273460179567337e-02
-7.034201920032501221e-02
3.788547590374946594e-02
-3.845969680696725845e-03
-7.865167409181594849e-02
9.503845125436782837e-03
9.642171673476696014e-03
-1.657927036285400391e-02
-1.153633557260036469e-02
-1.190766543149948120e-01
2.821218967437744141e-02
-8.477299474179744720e-03
4.151571542024612427e-02
-3.961120918393135071e-02
-3.045170754194259644e-02
1.060462743043899536e-02
-6.642501801252365112e-02
1.170974224805831909e-01
5.087602138519287109e-02
4.785437509417533875e-02
2.656404674053192139e-02
-5.033190175890922546e-02
-7.601826637983322144e-02
-7.984845340251922607e-02
1.327885836362838745e-01
-6.368788331747055054e-02
6.324319541454315186e-02
2.882732450962066650e-02
-3.076889738440513611e-02
3.289350774139165878e-03
4.495752044022083282e-03
4.263164475560188293e-02
-1.919586583971977234e-02
6.267058104276657104e-02
4.254723899066448212e-03
8.103024214506149292e-02
-1.091132387518882751e-01
-1.041342411190271378e-02
-1.806362159550189972e-02
-3.719849884510040283e-02
7.761137187480926514e-02
-5.014974158257246017e-03
-6.520444154739379883e-02
3.152116388082504272e-02
4.787201993167400360e-03
-3.469367697834968567e-02
3.422873094677925110e-02
2.203862927854061127e-02
-9.824581444263458252e-03
1.443618349730968475e-02
4.864862561225891113e-02
-5.234507471323013306e-02
8.373314887285232544e-02
-1.070448905229568481e-01
-2.661365456879138947e-02
7.990776561200618744e-03
-1.165272220969200134e-01
-5.638363957405090332e-02
-3.390629589557647705e-02
6.457132846117019653e-02
9.047038853168487549e-02
1.122261304408311844e-02
3.673984436318278313e-03
4.388578981161117554e-02
3.183489665389060974e-02
-1.142863556742668152e-01
5.531907454133033752e-02
-5.114976316690444946e-02
-1.042825821787118912e-02
-5.979866161942481995e-02
5.268436670303344727e-02
-7.507782429456710815e-03
-5.494889337569475174e-03
-5.625881627202033997e-02
-2.018630504608154297e-02
-4.406708851456642151e-02
-2.898447588086128235e-02
-2.495440281927585602e-02
-7.534784823656082153e-02
7.680866867303848267e-02
1.471498422324657440e-02
6.913664937019348145e-02
-3.010302037000656128e-02
-6.924236565828323364e-02
3.678816929459571838e-02
-1.925544999539852142e-02
-1.210708729922771454e-02
-7.590819150209426880e-02
-3.835867345333099365e-02
1.657528616487979889e-02
-6.436098366975784302e-02
2.370289526879787445e-02
8.330640941858291626e-02
4.207681491971015930e-02
-4.301659017801284790e-02
-1.187149621546268463e-02
1.536238007247447968e-02
8.272924460470676422e-03
2.460946142673492432e-02
-1.843074522912502289e-02
-1.284152716398239136e-01
-3.902733325958251953e-02
-3.022077120840549469e-02
1.720453985035419464e-02
-2.320032007992267609e-02
4.563810676336288452e-02
2.106264047324657440e-02
1.170217711478471756e-02
-4.465041682124137878e-02
6.514132022857666016e-02
-7.937302440404891968e-02
-1.069748308509588242e-02
-1.901988685131072998e-02
-4.433258995413780212e-02
-8.312928490340709686e-03
2.304198779165744781e-02
6.156116724014282227e-04
8.718753606081008911e-02
2.000585896894335747e-03
-3.303474187850952148e-02
2.860056795179843903e-02
5.459544807672500610e-02
-7.781931012868881226e-02
6.806313246488571167e-02
-1.007599662989377975e-02
-2.431645989418029785e-03
-8.305060118436813354e-02
5.196176841855049133e-02
2.774879895150661469e-02
1.778366975486278534e-02
5.646364763379096985e-02
-5.614683032035827637e-03
8.501865714788436890e-02
-8.251256309449672699e-03
-3.601225465536117554e-02
5.467148497700691223e-02
-1.727693527936935425e-02
-3.873629122972488403e-02
1.929042488336563110e-02
-1.793269999325275421e-02
-1.171613857150077820e-02
1.691154763102531433e-02
-8.597593754529953003e-02
1.497594080865383148e-02
-5.119435489177703857e-02
4.230333864688873291e-02
7.599683851003646851e-02
-5.787954479455947876e-02
-1.528949569910764694e-02
5.032326094806194305e-03
-2.255838550627231598e-02
7.906253449618816376e-03
2.482287399470806122e-02
6.133135873824357986e-03
-1.403701957315206528e-02
4.741092398762702942e-02
-4.663408920168876648e-02
-5.321584641933441162e-02
3.837788477540016174e-02
-4.132966697216033936e-02
3.610208630561828613e-03
-6.049023475497961044e-03
-2.860336378216743469e-02
2.865289524197578430e-02
-6.599638611078262329e-02
4.545496404170989990e-02
-1.134759113192558289e-01
1.159716695547103882e-01
1.750492863357067108e-02
2.013729959726333618e-01
5.743298679590225220e-02
1.020468100905418396e-01
-1.278651505708694458e-02
-1.935210824012756348e-02
-5.122604314237833023e-03
4.740761965513229370e-02
-1.544835269451141357e-01
4.550440609455108643e-02
-3.867242112755775452e-02
4.139592871069908142e-02
-1.121396292001008987e-02
-1.580128446221351624e-02
-4.416247829794883728e-02
2.343795448541641235e-02
-3.178180754184722900e-02
1.046608984470367432e-01
-7.749712467193603516e-02
2.123343758285045624e-02
2.983111189678311348e-04
6.962817162275314331e-02
5.338595807552337646e-02
-1.461059600114822388e-02
6.699647009372711182e-02
1.013471782207489014e-01
-4.850833490490913391e-02
-8.533551543951034546e-02
-7.756884396076202393e-02
-1.054149717092514038e-01
-1.865767389535903931e-01
1.070458218455314636e-01
6.807929370552301407e-03
-2.062646439298987389e-03
1.811210997402667999e-02
-1.965287625789642334e-01
9.904807060956954956e-02
-1.343977451324462891e-01
-5.106085538864135742e-02
-7.468080148100852966e-03
7.635395228862762451e-02
-1.437464654445648193e-01
-4.198886826634407043e-02
-7.910277694463729858e-03
9.506017714738845825e-02
-2.157916128635406494e-02
6.765824556350708008e-02
2.210887223482131958e-01
-1.290910392999649048e-01
-1.413188725709915161e-01
-1.075572147965431213e-02
-9.141216985881328583e-03
1.493170559406280518e-01
-8.405578136444091797e-02
1.446264684200286865e-01
