-5.629680305719375610e-02
-4.395215213298797607e-02
4.148336127400398254e-02
-5.823787674307823181e-02
5.136356130242347717e-02
7.333758473396301270e-02
5.592007935047149658e-02
-6.249966472387313843e-02
1.232407838106155396e-01
4.978658631443977356e-03
-6.510098278522491455e-02
-5.574607476592063904e-02
4.798442125320434570e-02
-4.578133672475814819e-02
7.015345990657806396e-02
2.263472042977809906e-02
6.397668272256851196e-02
-8.867282420396804810e-02
3.689815849065780640e-02
1.745964027941226959e-02
7.489871233701705933e-03
1.114893145859241486e-02
-3.278841078281402588e-02
-1.942491717636585236e-02
6.640382576733827591e-03
-9.452089667320251465e-03
3.024997934699058533e-02
2.684928849339485168e-02
-8.853119611740112305e-02
3.830631449818611145e-02
-4.835980013012886047e-02
-9.031365066766738892e-02
-3.842305392026901245e-02
1.116273105144500732e-01
-2.588826604187488556e-02
-3.033296018838882446e-02
-7.026410102844238281e-02
1.814119145274162292e-02
-4.049130529165267944e-02
3.817683830857276917e-02
-3.269010409712791443e-02
-1.032818853855133057e-02
-1.305207516998052597e-02
-9.693752229213714600e-02
1.197832524776458740e-01
1.291398406028747559e-01
1.113835498690605164e-01
-2.956502698361873627e-02
-3.325068205595016479e-02
-4.748596623539924622e-02
-4.527408257126808167e-02
1.245079934597015381e-01
1.540526375174522400e-02
1.135807037353515625e-01
1.013326495885848999e-01
-2.613020129501819611e-02
-5.781478807330131531e-02
5.118157342076301575e-02
4.014654457569122314e-02
-2.316959574818611145e-02
3.359580785036087036e-02
-8.623918145895004272e-02
1.157454103231430054e-01
-1.688694655895233154e-01
-7.142445072531700134e-03
3.827263042330741882e-02
-6.631543859839439392e-03
4.700809344649314880e-02
-1.582879759371280670e-02
-5.235783755779266357e-02
8.890877664089202881e-02
-4.143546894192695618e-02
-3.417578339576721191e-02
3.519045561552047729e-02
1.763254590332508087e-02
1.876859739422798157e-02
1.547732949256896973e-02
4.667961969971656799e-02
-6.978467851877212524e-02
6.945714354515075684e-02
-5.640807375311851501e-02
6.353070586919784546e-02
2.861992456018924713e-02
-9.674159437417984009e-02
-6.003842130303382874e-02
5.792209412902593613e-03
-2.961982414126396179e-02
4.467401653528213501e-02
4.269206151366233826e-02
-1.209431514143943787e-01
1.844669133424758911e-02
6.769534200429916382e-02
-3.855480253696441650e-02
8.170353621244430542e-02
-1.058036908507347107e-01
6.984114181250333786e-03
-1.056622266769409180e-01
2.323914086446166039e-03
1.203975174576044083e-02
-8.157675154507160187e-03
-9.308294951915740967e-02
-3.402206674218177795e-02
-2.582974545657634735e-02
5.130583792924880981e-02
-1.054647378623485565e-02
1.946061290800571442e-02
6.540226936340332031e-02
1.307145971804857254e-02
5.370245128870010376e-02
1.396192796528339386e-02
-9.744930267333984375e-02
-9.187386371195316315e-03
-3.762492537498474121e-02
-7.005458325147628784e-02
-4.479134455323219299e-02
-3.921227157115936279e-02
1.949356496334075928e-02
-1.150028314441442490e-03
-2.106061764061450958e-02
4.900815710425376892e-02
1.221301686018705368e-02
-4.772466421127319336e-02
-1.531071588397026062e-02
1.346234511584043503e-02
-4.186212085187435150e-03
7.231124490499496460e-02
-2.923688106238842010e-02
-6.178662553429603577e-02
-7.726913318037986755e-03
-3.898447006940841675e-02
4.975167103111743927e-03
-1.283181160688400269e-01
4.879608750343322754e-02
-4.685244057327508926e-03
6.669062376022338867e-02
-3.652014583349227905e-02
5.073777586221694946e-02
1.025328971445560455e-02
-1.515833940356969833e-02
2.124503627419471741e-02
-2.970332093536853790e-02
-7.553372532129287720e-02
5.878496170043945312e-02
5.770920962095260620e-02
3.568503260612487793e-02
2.991924807429313660e-02
5.584437865763902664e-03
1.051392033696174622e-01
4.021295905113220215e-02
-1.640420407056808472e-02
-4.368211142718791962e-03
2.583892643451690674e-02
-1.547709386795759201e-02
-1.005217134952545166e-01
2.202888135798275471e-04
9.556534886360168457e-02
2.592135407030582428e-02
5.080837011337280273e-02
-3.388681262731552124e-02
1.074324324727058411e-01
6.069494038820266724e-02
-3.647855669260025024e-02
-9.002706035971641541e-03
8.383923210203647614e-03
-5.178890004754066467e-02
5.563332233577966690e-03
-6.693843752145767212e-02
5.983889102935791016e-03
5.118766799569129944e-02
-2.453262358903884888e-02
3.660472109913825989e-02
-2.205091062933206558e-03
2.587489783763885498e-02
4.589708149433135986e-02
-3.450407460331916809e-02
-9.706430137157440186e-03
-1.165389735251665115e-02
-2.913085930049419403e-02
-7.310007698833942413e-03
5.433430895209312439e-02
3.436397528275847435e-03
-1.515726838260889053e-02
-1.946850307285785675e-02
-3.424805402755737305e-02
-3.624833747744560242e-02
-4.466467350721359253e-02
-5.592823401093482971e-02
-3.321919217705726624e-02
6.155493855476379395e-02
-5.523996800184249878e-02
-7.156120985746383667e-02
-2.497015148401260376e-02
7.813370972871780396e-02
-1.524345129728317261e-01
1.012226641178131104e-01
7.792332768440246582e-02
1.854821443557739258e-01
4.868418350815773010e-02
8.890193700790405273e-02
-1.626264117658138275e-02
1.958995591849088669e-03
-7.851817458868026733e-02
5.290377512574195862e-02
-1.520751714706420898e-01
-3.002420999109745026e-02
-1.250094026327133179e-01
8.384498953819274902e-02
-7.432305254042148590e-03
1.741260103881359100e-02
-6.327755283564329147e-03
-1.151116751134395599e-02
-1.228576060384511948e-02
4.940014332532882690e-02
-9.520298987627029419e-02
3.024610225111246109e-03
-2.430454269051551819e-02
3.154258802533149719e-02
3.966687992215156555e-02
-4.316511005163192749e-02
9.156555682420730591e-02
9.233598411083221436e-02
1.876798458397388458e-02
-1.257008910179138184e-01
-8.397020399570465088e-03
-4.219312593340873718e-02
-1.065480560064315796e-01
1.879519969224929810e-02
7.349498569965362549e-03
-2.202837355434894562e-02
7.180566340684890747e-02
-1.367610991001129150e-01
6.708527356386184692e-02
-1.616664528846740723e-01
-1.757024601101875305e-02
7.299782335758209229e-02
4.431239143013954163e-02
-1.742263138294219971e-01
-6.152028590440750122e-02
-3.172199800610542297e-02
6.115082278847694397e-02
-2.776036784052848816e-02
8.893309533596038818e-02
1.846987903118133545e-01
-1.450263559818267822e-01
-5.594991147518157959e-02
-2.149114757776260376e-02
-4.286349937319755554e-02
1.328124403953552246e-01
-5.042644217610359192e-02
1.287061125040054321e-01
