-8.728515356779098511e-02
-2.770057879388332367e-02
4.661716893315315247e-02
-5.292411521077156067e-02
2.734055370092391968e-02
8.003733307123184204e-02
4.323717206716537476e-02
-1.031611040234565735e-01
8.295274525880813599e-02
2.295409701764583588e-02
-9.906261414289474487e-02
-4.922633990645408630e-02
7.775188237428665161e-02
-3.507703170180320740e-02
5.027636513113975525e-02
2.502381615340709686e-02
6.291414797306060791e-02
-6.971491873264312744e-02
1.314209681004285812e-02
4.134371876716613770e-02
2.723396569490432739e-02
7.780705112963914871e-03
2.659398363903164864e-03
-1.423893496394157410e-02
2.789758145809173584e-02
2.937263576313853264e-03
2.352242590859532356e-03
-6.348673719912767410e-03
-1.084946021437644958e-01
1.787214539945125580e-02
-1.918567158281803131e-02
-1.159827634692192078e-01
-2.103948220610618591e-02
5.985707417130470276e-02
-2.255791187053546309e-04
-7.858878932893276215e-03
-9.086690098047256470e-02
3.048801235854625702e-02
-2.118453569710254669e-02
4.252345860004425049e-02
-6.878712028264999390e-02
-1.716276817023754120e-02
3.866228507831692696e-03
-7.883874326944351196e-02
9.526255726814270020e-02
9.095335751771926880e-02
7.123975455760955811e-02
-2.302418090403079987e-02
-5.918546393513679504e-02
-6.769329309463500977e-02
-6.867768615484237671e-02
1.174965873360633850e-01
-2.098952978849411011e-02
6.392925232648849487e-02
6.884542107582092285e-02
-1.950353756546974182e-02
-2.668540365993976593e-02
4.313035681843757629e-02
2.394468709826469421e-02
1.486349757760763168e-02
4.519082978367805481e-02
-5.455183610320091248e-02
9.189578890800476074e-02
-1.758916527032852173e-01
-3.611126169562339783e-02
-2.580007538199424744e-02
-3.536975244060158730e-03
8.374556899070739746e-02
-2.087594009935855865e-02
-8.434964716434478760e-02
5.236615985631942749e-02
-1.336484402418136597e-02
-1.956534944474697113e-02
4.022323340177536011e-02
-1.420863997191190720e-02
2.326897159218788147e-02
4.175652936100959778e-02
5.957946181297302246e-02
-6.602161377668380737e-02
7.811208069324493408e-02
-1.017984226346015930e-01
3.881825506687164307e-02
3.433775529265403748e-02
-1.172084063291549683e-01
-8.232470601797103882e-02
1.581287826411426067e-03
2.711503393948078156e-02
7.857685536146163940e-02
2.926379814743995667e-02
-5.929278582334518433e-02
2.806058153510093689e-02
2.060379832983016968e-02
-6.819109618663787842e-02
6.272312998771667480e-02
-1.278686225414276123e-01
2.738772146403789520e-02
-8.813089877367019653e-02
2.466679736971855164e-02
2.456495538353919983e-02
-2.338127698749303818e-03
-9.332077950239181519e-02
-2.251302450895309448e-02
-1.992434822022914886e-02
3.663793578743934631e-02
-1.353347767144441605e-02
-2.718374133110046387e-03
7.055636495351791382e-02
-1.131411083042621613e-02
5.045897886157035828e-02
7.807477843016386032e-03
-1.040208563208580017e-01
-8.661967702209949493e-03
-3.162158653140068054e-02
-3.032968938350677490e-02
-1.012068390846252441e-01
-2.643563039600849152e-02
2.465439587831497192e-02
-4.937102273106575012e-02
-2.154789119958877563e-02
6.508640199899673462e-02
6.410465389490127563e-02
-6.244191899895668030e-02
-2.884904853999614716e-03
-4.919468425214290619e-03
2.740680007264018059e-03
7.731055468320846558e-02
-6.436919420957565308e-02
-9.021709114313125610e-02
-2.140270732343196869e-02
-4.670406877994537354e-02
3.276816383004188538e-02
-9.699789434671401978e-02
5.632929503917694092e-02
2.652909979224205017e-02
4.449136182665824890e-02
-3.320851922035217285e-02
9.068889170885086060e-02
-2.928248606622219086e-02
8.745183586142957211e-04
-1.628914661705493927e-02
-2.222146652638912201e-02
-4.677209258079528809e-02
3.881676867604255676e-02
6.272652745246887207e-02
5.338669940829277039e-02
2.498711086809635162e-02
-1.505951397120952606e-02
8.718203008174896240e-02
3.032194077968597412e-02
-4.777305200695991516e-02
1.909406855702400208e-02
-3.982297144830226898e-03
1.144955027848482132e-02
-8.274009078741073608e-02
6.144204642623662949e-03
9.670053422451019287e-02
4.512825235724449158e-02
9.210079163312911987e-02
-5.420034751296043396e-02
8.306149393320083618e-02
4.517586156725883484e-02
-2.796645648777484894e-02
4.481136798858642578e-03
-1.474608946591615677e-02
-6.083863601088523865e-02
2.908318862318992615e-02
-4.322715103626251221e-02
-1.320990547537803650e-02
2.082038111984729767e-02
-6.584650278091430664e-02
5.331059545278549194e-02
-3.816734999418258667e-02
5.357412993907928467e-02
5.318456143140792847e-02
-5.347955226898193359e-02
-2.419606316834688187e-03
-4.639364778995513916e-04
-2.432807534933090210e-02
9.422143921256065369e-03
3.987723588943481445e-02
9.646865655668079853e-04
-2.508723177015781403e-02
2.863303385674953461e-02
-1.540047395974397659e-02
-5.635830760002136230e-02
-1.493457471951842308e-03
-6.326903402805328369e-02
7.638391107320785522e-03
4.503342881798744202e-02
-6.338605284690856934e-02
-1.753516308963298798e-02
-4.572197794914245605e-02
5.040157213807106018e-02
-8.958684653043746948e-02
9.453622251749038696e-02
4.690764844417572021e-02
1.568174362182617188e-01
5.837286263704299927e-02
7.159481197595596313e-02
2.019985951483249664e-02
-2.225495874881744385e-02
-5.739388242363929749e-02
5.212355405092239380e-02
-1.364252418279647827e-01
1.923945546150207520e-02
-1.140739992260932922e-01
8.290696889162063599e-02
-1.086597424000501633e-02
4.310579970479011536e-03
-4.527739062905311584e-02
-2.018260024487972260e-02
-3.053550794720649719e-02
6.880840659141540527e-02
-6.718579679727554321e-02
5.695684812963008881e-03
-1.731853559613227844e-02
3.515458479523658752e-02
6.461425125598907471e-02
-2.732117474079132080e-02
8.240829408168792725e-02
9.834221750497817993e-02
3.451264463365077972e-03
-9.952460974454879761e-02
-4.814209789037704468e-02
-6.498330086469650269e-02
-1.297040879726409912e-01
4.329959303140640259e-02
1.053493004292249680e-02
1.123434118926525116e-02
4.331162944436073303e-02
-2.474338114261627197e-01
9.223268181085586548e-02
-1.908524036407470703e-01
-6.848975270986557007e-02
5.424508824944496155e-02
6.893683969974517822e-02
-1.815845817327499390e-01
-5.980566143989562988e-02
-8.111961185932159424e-03
6.188275292515754700e-02
-1.055306103080511093e-02
1.065040454268455505e-01
1.634352207183837891e-01
-1.716480702161788940e-01
-6.641802191734313965e-02
-1.857886649668216705e-02
-1.528270263224840164e-02
1.171916201710700989e-01
-3.995993733406066895e-02
1.126693487167358398e-01
