-9.127479791641235352e-02
-5.909020453691482544e-02
5.074458941817283630e-02
-2.970230951905250549e-02
-1.771704107522964478e-02
3.404899686574935913e-02
3.548522293567657471e-02
-8.538629114627838135e-02
7.724064588546752930e-02
2.836250327527523041e-02
-7.624678313732147217e-02
-5.525558814406394958e-02
7.847683131694793701e-02
4.746018676087260246e-04
1.408454123884439468e-02
7.165289134718477726e-04
5.327229946851730347e-02
-7.358887791633605957e-02
1.751658879220485687e-02
4.857844114303588867e-02
7.169963419437408447e-02
4.160982090979814529e-03
-1.118068397045135498e-02
-3.267724532634019852e-03
4.440817981958389282e-02
-8.441937156021595001e-03
1.236808835528790951e-03
-9.185123257339000702e-03
-1.332170516252517700e-01
1.584004238247871399e-02
-3.272955492138862610e-02
-1.125372871756553650e-01
-1.401543989777565002e-02
1.031868010759353638e-01
-7.065675687044858932e-03
-3.761274740099906921e-02
-1.275638043880462646e-01
1.479760184884071350e-02
-1.771839149296283722e-02
5.659183487296104431e-02
-2.878534980118274689e-02
-3.652599081397056580e-02
1.179520413279533386e-02
-1.045274138450622559e-01
1.568592041730880737e-01
1.072695255279541016e-01
7.603696733713150024e-02
5.981374531984329224e-03
-9.182125329971313477e-02
-8.020929992198944092e-02
-6.964793056249618530e-02
1.702089160680770874e-01
-4.048879444599151611e-02
1.002501472830772400e-01
9.818911552429199219e-02
-4.649243131279945374e-02
-3.668634220957756042e-02
8.842998184263706207e-03
5.269265919923782349e-02
-2.643996290862560272e-02
4.871596395969390869e-02
-3.320218250155448914e-02
1.205179095268249512e-01
-1.464195251464843750e-01
-6.390652270056307316e-04
1.282639708369970322e-02
-3.972903639078140259e-02
6.262162327766418457e-02
-1.948555232957005501e-03
-4.306491836905479431e-02
6.846635788679122925e-02
-3.185857087373733521e-02
-3.682890906929969788e-02
4.887440428137779236e-02
2.488841861486434937e-02
-2.024012058973312378e-02
3.230570117011666298e-03
6.208050623536109924e-02
-9.398214519023895264e-02
8.630981296300888062e-02
-8.960397541522979736e-02
8.893386460840702057e-03
1.657013781368732452e-02
-1.507894247770309448e-01
-7.687817513942718506e-02
-1.211989298462867737e-02
3.156289085745811462e-02
9.804794192314147949e-02
1.287534926086664200e-02
-6.357546895742416382e-02
1.511016115546226501e-02
5.147784948348999023e-02
-9.036835283041000366e-02
1.026923358440399170e-01
-1.184345483779907227e-01
-9.442474693059921265e-03
-1.016781851649284363e-01
2.376872673630714417e-02
2.433875203132629395e-02
-1.572266453877091408e-03
-7.844370603561401367e-02
-4.194794595241546631e-02
-4.937350749969482422e-02
2.408060431480407715e-02
-1.534360274672508240e-02
-2.358051575720310211e-02
8.818802982568740845e-02
8.733442053198814392e-03
7.083728164434432983e-02
-2.747491374611854553e-02
-8.326905965805053711e-02
2.729048579931259155e-02
-4.747255146503448486e-02
-4.060447588562965393e-02
-8.230756223201751709e-02
-3.696044534444808960e-02
1.571589708328247070e-02
-6.293252110481262207e-02
-2.456712070852518082e-03
8.467884361743927002e-02
3.153679519891738892e-02
-5.304384231567382812e-02
-2.640509791672229767e-02
6.058190483599901199e-03
4.239801783114671707e-03
5.878148972988128662e-02
-2.385330572724342346e-02
-1.079774498939514160e-01
-2.754316106438636780e-02
-4.130869358777999878e-02
1.182089559733867645e-02
-7.847549021244049072e-02
3.557299450039863586e-02
-6.207727710716426373e-04
3.545089066028594971e-02
-4.909584298729896545e-02
4.143773019313812256e-02
-2.028345875442028046e-02
-2.633490972220897675e-02
3.412261139601469040e-03
-1.806313544511795044e-02
-2.858898974955081940e-02
3.532385081052780151e-02
4.210235178470611572e-02
6.741481274366378784e-02
5.816994234919548035e-03
-2.896774373948574066e-02
5.512031167745590210e-02
5.102583020925521851e-02
-4.903829470276832581e-02
3.127328306436538696e-02
-3.979734145104885101e-03
-1.055145822465419769e-02
-9.826992452144622803e-02
3.958714008331298828e-02
6.328392773866653442e-02
1.455298345535993576e-02
6.434929370880126953e-02
-2.910338900983333588e-02
8.781250566244125366e-02
2.690191939473152161e-02
-7.355210371315479279e-03
3.725477680563926697e-02
2.191547490656375885e-02
-5.083069205284118652e-02
3.953649848699569702e-02
-5.763703957200050354e-02
-2.904203161597251892e-02
4.128551855683326721e-02
-8.325979113578796387e-02
5.688561871647834778e-02
-5.941989645361900330e-02
9.120760858058929443e-02
4.815303534269332886e-02
-5.686118826270103455e-02
-2.885001152753829956e-02
-2.556725032627582550e-02
-4.570840299129486084e-02
-7.925212383270263672e-03
2.391824498772621155e-02
-1.242732442915439606e-02
-1.011795457452535629e-02
5.076709389686584473e-02
-3.883457928895950317e-02
-4.297736659646034241e-02
2.584147267043590546e-02
-5.442841351032257080e-02
-2.290207333862781525e-02
5.393041670322418213e-02
-6.423636525869369507e-02
-2.492871880531311035e-02
-3.722751885652542114e-02
4.925906285643577576e-02
-1.150119304656982422e-01
9.252073615789413452e-02
5.334340780973434448e-02
1.708660274744033813e-01
6.693043559789657593e-02
7.144750654697418213e-02
-2.387179061770439148e-02
-1.472224947065114975e-02
-1.984669826924800873e-02
4.591803252696990967e-02
-1.349927484989166260e-01
1.889201439917087555e-02
-4.553788527846336365e-02
4.211393743753433228e-02
-9.832172654569149017e-03
-4.728016909211874008e-03
-2.367248944938182831e-02
1.111916173249483109e-02
-1.956416480243206024e-02
7.266657799482345581e-02
-1.039260029792785645e-01
2.387105859816074371e-02
-1.557406503707170486e-02
5.770893394947052002e-02
5.362258106470108032e-02
-7.233691401779651642e-03
5.834686011075973511e-02
9.046018868684768677e-02
-5.704982671886682510e-03
-7.083191722631454468e-02
-4.364654049277305603e-02
-5.132341012358665466e-02
-1.410635709762573242e-01
3.826058283448219299e-02
1.268182508647441864e-02
4.321920219808816910e-03
2.191809378564357758e-02
-1.454976797103881836e-01
8.762177079916000366e-02
-1.372487694025039673e-01
-4.384862259030342102e-02
2.638090215623378754e-02
5.183704197406768799e-02
-1.310389786958694458e-01
-4.051722586154937744e-02
-1.478850003331899643e-02
6.763297319412231445e-02
-1.623701676726341248e-02
8.975367248058319092e-02
2.114333659410476685e-01
-1.201648861169815063e-01
-1.042082980275154114e-01
3.271254245191812515e-03
-1.871394366025924683e-02
1.350994706153869629e-01
-7.208767533302307129e-02
1.397872716188430786e-01
