-8.700804412364959717e-02
-4.237274825572967529e-02
5.567634850740432739e-02
-3.975051268935203552e-02
1.104416977614164352e-02
7.006607204675674438e-02
3.618161007761955261e-02
-7.041278481483459473e-02
9.298621863126754761e-02
1.645940728485584259e-02
-8.338826149702072144e-02
-4.418365284800529480e-02
7.101139426231384277e-02
-2.243836224079132080e-02
5.702504143118858337e-02
3.763213986530900002e-03
5.701581388711929321e-02
-7.539508491754531860e-02
9.680581279098987579e-03
5.609631910920143127e-02
2.606714330613613129e-02
9.160846471786499023e-03
-2.468256093561649323e-02
1.197769865393638611e-02
2.663475275039672852e-02
-5.565744824707508087e-03
2.122426219284534454e-02
2.526569413021206856e-03
-1.393375247716903687e-01
-2.364512532949447632e-03
-2.540603093802928925e-02
-9.728986024856567383e-02
-6.869694683700799942e-03
9.719233959913253784e-02
-9.347000159323215485e-03
-3.079926781356334686e-02
-8.816314488649368286e-02
3.006703220307826996e-02
-7.016897667199373245e-03
3.790237009525299072e-02
-3.455043956637382507e-02
-4.039121046662330627e-02
-4.648488014936447144e-03
-7.383577525615692139e-02
1.235409528017044067e-01
1.281166523694992065e-01
9.169097244739532471e-02
-3.085412830114364624e-02
-7.895028591156005859e-02
-7.560596615076065063e-02
-6.126800924539566040e-02
1.365361660718917847e-01
-3.544628247618675232e-02
1.020793244242668152e-01
9.093370288610458374e-02
-4.180386289954185486e-02
-3.726806491613388062e-02
4.012099280953407288e-02
4.167032614350318909e-02
-6.724399980157613754e-03
4.892586916685104370e-02
-6.542103737592697144e-02
1.031554490327835083e-01
-1.827870607376098633e-01
-1.135205663740634918e-02
3.798815887421369553e-03
-1.530557777732610703e-02
7.310935109853744507e-02
-3.584953024983406067e-02
-5.498802661895751953e-02
5.200400203466415405e-02
-2.631146647036075592e-02
-2.756169997155666351e-02
5.827822908759117126e-02
5.040115211158990860e-03
-1.123775448650121689e-02
2.745776996016502380e-02
7.159529626369476318e-02
-8.124885708093643188e-02
6.996186822652816772e-02
-8.226844668388366699e-02
4.217882454395294189e-02
3.684877976775169373e-02
-1.269113123416900635e-01
-9.134615212678909302e-02
4.338969476521015167e-03
1.584478095173835754e-02
7.592955231666564941e-02
1.444300822913646698e-02
-7.679118961095809937e-02
2.642759121954441071e-02
1.671355776488780975e-02
-5.432884767651557922e-02
9.341774880886077881e-02
-1.366242915391921997e-01
8.259229362010955811e-03
-8.663602173328399658e-02
4.140482749789953232e-03
2.736224792897701263e-02
-3.973989805672317743e-04
-8.122324198484420776e-02
-4.434625804424285889e-02
-3.505736961960792542e-02
3.484413772821426392e-02
-1.479675434529781342e-02
-9.483641944825649261e-03
8.728647232055664062e-02
-7.646345999091863632e-03
5.271260440349578857e-02
-1.197306904941797256e-02
-9.975019097328186035e-02
8.211650885641574860e-03
-2.941604703664779663e-02
-5.200583860278129578e-02
-6.873722374439239502e-02
-1.649358123540878296e-02
3.268558904528617859e-02
-4.173895344138145447e-02
-2.090551145374774933e-02
6.386814266443252563e-02
4.285863041877746582e-02
-5.710031837224960327e-02
-1.773963682353496552e-02
9.557466022670269012e-03
6.152388174086809158e-03
6.918611377477645874e-02
-2.968773618340492249e-02
-9.386352449655532837e-02
-1.615168154239654541e-02
-5.008156970143318176e-02
3.266280516982078552e-02
-1.231197789311408997e-01
5.319006741046905518e-02
9.944010525941848755e-03
2.864130213856697083e-02
-3.999802097678184509e-02
8.494530618190765381e-02
-3.016602247953414917e-02
-7.668285630643367767e-03
7.720910012722015381e-03
-9.541633538901805878e-03
-5.643983185291290283e-02
6.753796339035034180e-02
7.072774320840835571e-02
4.746912419795989990e-02
1.402380317449569702e-02
-1.452642772346735001e-02
1.014345660805702209e-01
2.692962251603603363e-02
-2.487759664654731750e-02
2.608057670295238495e-02
-1.376772392541170120e-02
-1.586486212909221649e-02
-8.617427945137023926e-02
9.142367169260978699e-03
1.033677533268928528e-01
3.514830023050308228e-02
7.336086779832839966e-02
-5.839167162775993347e-02
8.948123455047607422e-02
5.297261849045753479e-02
-2.300383336842060089e-02
2.611647732555866241e-02
1.455257443012669683e-04
-4.708734527230262756e-02
3.102185204625129700e-02
-3.924658522009849548e-02
-2.139197289943695068e-02
3.557338938117027283e-02
-4.778681322932243347e-02
6.658304482698440552e-02
-1.403871737420558929e-02
3.764448314905166626e-02
3.732593357563018799e-02
-6.737259775400161743e-02
-6.814297754317522049e-03
-2.137180417776107788e-02
-3.069095127284526825e-02
8.008709410205483437e-04
5.035716667771339417e-02
6.149693392217159271e-03
-1.865639351308345795e-02
1.621336489915847778e-02
-4.906299337744712830e-02
-2.681984752416610718e-02
-4.899705760180950165e-03
-4.959531500935554504e-02
-1.794399879872798920e-02
6.433206796646118164e-02
-6.540400534868240356e-02
-3.404210507869720459e-02
-4.694816842675209045e-02
5.750710889697074890e-02
-1.405300796031951904e-01
1.033698990941047668e-01
7.706822454929351807e-02
1.752127110958099365e-01
6.240550428628921509e-02
8.658661693334579468e-02
-2.430342324078083038e-02
-1.115328352898359299e-02
-4.719352349638938904e-02
4.586853459477424622e-02
-1.362897157669067383e-01
3.918496426194906235e-03
-1.030763834714889526e-01
6.739590317010879517e-02
1.237716712057590485e-02
4.671342205256223679e-03
-1.508784666657447815e-02
-2.809071913361549377e-03
-4.181579127907752991e-02
7.055424153804779053e-02
-9.280670434236526489e-02
5.123442970216274261e-03
-1.584324054419994354e-02
3.108689747750759125e-02
3.683320805430412292e-02
-3.136829659342765808e-02
8.316773921251296997e-02
1.017164885997772217e-01
2.199185639619827271e-02
-8.858759701251983643e-02
-1.659823022782802582e-02
-5.681768059730529785e-02
-1.202838718891143799e-01
2.239135280251502991e-02
-3.801454149652272463e-04
5.102983675897121429e-03
3.537103906273841858e-02
-1.834584921598434448e-01
6.663033366203308105e-02
-1.652238368988037109e-01
-6.094772368669509888e-02
4.862193018198013306e-02
5.157067626714706421e-02
-1.618253141641616821e-01
-5.255235359072685242e-02
-1.530753262341022491e-02
5.934565886855125427e-02
-9.777731262147426605e-03
8.639421314001083374e-02
1.769350618124008179e-01
-1.462062299251556396e-01
-6.995946913957595825e-02
-1.670883782207965851e-02
-2.020859345793724060e-02
1.221535578370094299e-01
-4.795824736356735229e-02
1.167825385928153992e-01
