-1.126683056354522705e-01
-4.506860673427581787e-02
1.115600764751434326e-01
-3.938616812229156494e-02
-5.312439426779747009e-02
1.090603619813919067e-01
1.427953969687223434e-02
-1.520466506481170654e-01
9.000258892774581909e-02
5.082011967897415161e-02
-1.571102738380432129e-01
-7.541260868310928345e-02
1.391854137182235718e-01
-1.042635925114154816e-02
-1.734472624957561493e-02
2.086522802710533142e-02
4.184293001890182495e-02
-8.345517516136169434e-02
1.957954093813896179e-02
4.531629011034965515e-02
7.461590319871902466e-02
-4.172138497233390808e-02
2.477811835706233978e-02
-2.094907686114311218e-03
8.423978090286254883e-02
6.197947077453136444e-03
2.159198746085166931e-03
-1.146447658538818359e-01
-1.175681501626968384e-01
-4.761262983083724976e-02
-5.401987954974174500e-02
-7.151667773723602295e-02
6.209219805896282196e-03
4.808751493692398071e-02
1.346092112362384796e-02
-2.762704901397228241e-02
-8.597860485315322876e-02
-2.143396250903606415e-02
3.307307884097099304e-02
2.728938311338424683e-02
-2.533705905079841614e-02
-1.483608968555927277e-02
3.868195414543151855e-02
-5.225636810064315796e-02
3.637180477380752563e-02
2.246660739183425903e-02
-1.309632882475852966e-02
-2.304635755717754364e-02
-6.904210895299911499e-02
-8.907639235258102417e-02
-4.755751416087150574e-02
5.518238618969917297e-02
-6.250955164432525635e-02
-1.391314156353473663e-02
4.176427796483039856e-02
1.767414808273315430e-02
-3.633568808436393738e-02
-8.731010369956493378e-03
2.911964803934097290e-02
6.764983385801315308e-02
5.237577483057975769e-02
2.188788354396820068e-02
2.646264992654323578e-02
-1.132135167717933655e-01
-4.388893023133277893e-03
-4.350527003407478333e-02
-4.802213236689567566e-02
1.040561497211456299e-01
-6.688950210809707642e-02
-4.057754203677177429e-02
-4.625750705599784851e-02
3.161664307117462158e-02
1.583544537425041199e-02
5.577028915286064148e-02
-1.345695275813341141e-02
6.191180646419525146e-02
7.090930640697479248e-02
5.207736045122146606e-02
-6.331153959035873413e-02
4.011926427483558655e-02
-8.930068463087081909e-02
4.975117277354001999e-03
2.030296996235847473e-02
-1.024374961853027344e-01
-6.841521710157394409e-02
-8.144801482558250427e-03
7.044754177331924438e-02
1.195028796792030334e-01
-2.623128704726696014e-02
2.983163110911846161e-02
3.077262081205844879e-02
-6.333974003791809082e-02
-9.065092355012893677e-02
-6.357642821967601776e-03
-1.091618388891220093e-01
3.261490166187286377e-02
-5.245976522564888000e-02
3.603312745690345764e-02
-1.736839674413204193e-02
-3.286132216453552246e-02
-5.611636489629745483e-02
-7.830301299691200256e-03
1.049620006233453751e-02
-2.602507546544075012e-02
-6.384225934743881226e-02
-8.334340900182723999e-02
7.165917009115219116e-02
-3.651429712772369385e-02
3.280654316768050194e-03
-1.972176693379878998e-02
-2.606506831943988800e-02
-1.379005610942840576e-03
2.256372384727001190e-02
1.737309247255325317e-02
-6.945004314184188843e-02
2.697557397186756134e-02
3.857792168855667114e-02
-7.672275602817535400e-02
-2.244158834218978882e-02
9.544548392295837402e-02
5.527829378843307495e-02
-1.081090886145830154e-02
-4.738366976380348206e-02
3.551801294088363647e-02
-5.402714014053344727e-03
4.669799283146858215e-02
-5.975364148616790771e-02
-9.493657201528549194e-02
-7.900901883840560913e-02
-6.473739631474018097e-03
3.585762158036231995e-02
1.620093546807765961e-02
3.322859480977058411e-02
5.676436796784400940e-02
-2.087854966521263123e-02
-5.106853321194648743e-02
9.916771948337554932e-02
-6.058429181575775146e-02
-5.283397156745195389e-03
-8.238774538040161133e-02
6.072553340345621109e-03
-1.544239744544029236e-02
3.578984737396240234e-02
4.142849892377853394e-02
7.382334768772125244e-02
9.191108867526054382e-03
-5.860021710395812988e-02
-1.362323015928268433e-02
5.518776923418045044e-02
-8.710400760173797607e-02
7.757683843374252319e-02
-2.914374694228172302e-02
5.572833120822906494e-02
-3.629643842577934265e-02
4.708218388259410858e-03
5.236112326383590698e-02
-3.409732133150100708e-03
5.050818249583244324e-02
-4.423190653324127197e-02
3.193449601531028748e-02
-5.102494731545448303e-03
-1.022210996598005295e-02
3.536836802959442139e-02
-4.894599691033363342e-02
-5.561725050210952759e-02
4.088490828871726990e-02
2.537465468049049377e-02
2.740707248449325562e-02
1.449680887162685394e-03
-5.184709653258323669e-02
-9.481425397098064423e-03
-5.079487711191177368e-02
4.702743515372276306e-02
1.353367231786251068e-02
-9.045754373073577881e-02
-4.421430453658103943e-02
-2.255790680646896362e-02
-2.528312057256698608e-02
2.082542702555656433e-02
-3.306653117761015892e-03
-4.782709106802940369e-02
2.001605182886123657e-02
7.265245169401168823e-02
-2.059511281549930573e-02
-6.180977448821067810e-02
3.926960751414299011e-02
-3.256893157958984375e-02
6.880166381597518921e-02
1.181618496775627136e-02
-5.181903019547462463e-02
6.220123171806335449e-02
-7.163196802139282227e-02
5.729881674051284790e-02
-6.557963043451309204e-02
1.045578867197036743e-01
1.358784176409244537e-02
1.647971868515014648e-01
4.384851828217506409e-02
7.653930783271789551e-02
2.229349687695503235e-02
-7.129587233066558838e-02
2.097294293344020844e-02
2.886857837438583374e-02
-1.439352929592132568e-01
4.179240390658378601e-02
-2.105655893683433533e-02
7.187204062938690186e-02
-4.848265089094638824e-03
-9.063953533768653870e-03
-4.619292914867401123e-02
-1.553382631391286850e-02
-5.676890537142753601e-02
7.774362713098526001e-02
-6.543330848217010498e-02
1.281826570630073547e-02
-1.289348118007183075e-03
5.246240273118019104e-02
6.948390603065490723e-02
2.590189501643180847e-02
8.642859756946563721e-02
8.828221261501312256e-02
-3.052444197237491608e-02
-5.080473795533180237e-02
-9.494045376777648926e-02
-9.371858835220336914e-02
-1.476827263832092285e-01
8.889093995094299316e-02
2.324136160314083099e-02
4.464735090732574463e-02
-2.370826154947280884e-02
-2.898608446121215820e-01
8.730824291706085205e-02
-1.870490312576293945e-01
-9.699252247810363770e-02
2.866918593645095825e-02
6.613373756408691406e-02
-1.803518831729888916e-01
-5.150475353002548218e-02
2.522836904972791672e-03
2.712594158947467804e-02
7.593452464789152145e-04
9.299386292695999146e-02
1.110294237732887268e-01
-1.247745826840400696e-01
-6.002187356352806091e-02
7.169561926275491714e-03
1.069023506715893745e-03
4.859078675508499146e-02
-1.854149252176284790e-02
1.009735912084579468e-01
