-1.122093945741653442e-01
-7.689339667558670044e-02
1.049658358097076416e-01
-8.778633177280426025e-02
-3.831789270043373108e-02
1.105058118700981140e-01
5.389654077589511871e-03
-1.724916100502014160e-01
1.005867198109626770e-01
3.659590333700180054e-02
-1.684626787900924683e-01
-7.382419705390930176e-02
1.507582515478134155e-01
-5.183239281177520752e-02
1.651043631136417389e-02
7.541938871145248413e-02
4.526924714446067810e-02
-1.042613312602043152e-01
4.551660269498825073e-02
3.276178613305091858e-02
6.344008445739746094e-02
-4.008228704333305359e-02
2.487990260124206543e-02
-4.018008708953857422e-02
6.219065189361572266e-02
-2.689436078071594238e-03
2.207844704389572144e-02
-9.053047001361846924e-02
-9.295317530632019043e-02
-1.608531549572944641e-02
-3.481383621692657471e-02
-7.272960990667343140e-02
-3.659724071621894836e-02
6.733634322881698608e-02
1.680958829820156097e-02
-1.252314657904207706e-03
-8.019284904003143311e-02
-2.529590576887130737e-02
3.596593812108039856e-02
3.273090347647666931e-02
-7.220212370157241821e-02
3.002906683832406998e-03
5.585587024688720703e-02
-6.767689436674118042e-02
1.066891700029373169e-01
1.132334489375352859e-02
1.191290374845266342e-02
-1.755760237574577332e-02
-5.663435906171798706e-02
-1.062890738248825073e-01
-5.706560611724853516e-02
5.155716463923454285e-02
-2.846268191933631897e-02
4.354012664407491684e-03
3.343430534005165100e-02
1.122679188847541809e-02
-5.261463299393653870e-02
2.187018841505050659e-02
1.693772524595260620e-02
7.462245970964431763e-02
6.306014955043792725e-02
1.065908838063478470e-02
4.548888653516769409e-02
-1.113247796893119812e-01
-2.107619307935237885e-02
-4.295692220330238342e-02
-3.266194090247154236e-02
5.460098758339881897e-02
-1.014998741447925568e-02
-3.700825572013854980e-02
1.191469468176364899e-02
6.912835408002138138e-03
-3.092425689101219177e-02
2.723809704184532166e-02
-3.609133418649435043e-04
3.371753543615341187e-02
2.760398760437965393e-02
3.676616027951240540e-02
-4.587904736399650574e-02
4.414043575525283813e-02
-7.311806827783584595e-02
3.872597962617874146e-02
2.015469782054424286e-02
-1.035398021340370178e-01
-6.240491941571235657e-02
-1.091253384947776794e-02
4.925491660833358765e-02
1.140878424048423767e-01
-7.856308482587337494e-03
-1.409426983445882797e-02
4.485761374235153198e-02
-3.407800337299704552e-03
-9.895857423543930054e-02
1.537220366299152374e-02
-1.194242537021636963e-01
1.447892561554908752e-02
-6.714338064193725586e-02
3.740810230374336243e-02
1.013395097106695175e-02
-2.555475337430834770e-03
-9.053689241409301758e-02
-7.465086411684751511e-03
-1.441830955445766449e-02
1.493077445775270462e-02
-5.749745666980743408e-02
-2.443991787731647491e-02
6.253570318222045898e-02
-2.523893304169178009e-02
2.590373344719409943e-02
1.521537662483751774e-03
-4.591188952326774597e-02
-2.114093117415904999e-02
6.387367378920316696e-03
8.121004328131675720e-03
-9.901414811611175537e-02
3.378446912392973900e-03
1.119307335466146469e-02
-8.542525768280029297e-02
-6.342641543596982956e-03
8.055486530065536499e-02
5.872207880020141602e-02
-1.559142023324966431e-02
6.876845844089984894e-03
-8.016432635486125946e-03
5.282879574224352837e-04
8.058226853609085083e-02
-8.110304921865463257e-02
-7.421685755252838135e-02
-8.825992792844772339e-02
-2.763878554105758667e-02
4.473797976970672607e-02
-3.518997505307197571e-02
7.061161845922470093e-02
1.023039501160383224e-02
1.300913002341985703e-02
-6.909020245075225830e-02
1.260181814432144165e-01
-6.457857787609100342e-02
-6.675698608160018921e-02
-9.472211450338363647e-02
-3.045826405286788940e-02
-4.568087309598922729e-02
8.757464587688446045e-03
7.934139668941497803e-02
5.100231617689132690e-02
2.358830720186233521e-02
-5.851066857576370239e-02
-4.526606062427163124e-06
7.131937891244888306e-02
-9.290083497762680054e-02
7.044595479965209961e-02
-5.030014552175998688e-03
8.617430180311203003e-02
-1.030177026987075806e-01
-7.152787409722805023e-03
4.342252388596534729e-02
5.142842419445514679e-03
1.119440719485282898e-01
-6.228959932923316956e-02
6.647851318120956421e-02
2.999251335859298706e-02
1.175340265035629272e-03
-1.599688082933425903e-02
-1.176340319216251373e-02
-6.431576609611511230e-02
3.649526834487915039e-02
-4.486037045717239380e-02
9.057513438165187836e-03
-1.123800221830606461e-02
-6.628925353288650513e-02
1.446367707103490829e-02
-9.351258724927902222e-02
9.598529338836669922e-02
3.604068234562873840e-02
-3.940139710903167725e-02
-3.623689711093902588e-02
4.314614832401275635e-02
-4.701492562890052795e-02
1.183575578033924103e-02
5.475861951708793640e-03
-6.114296987652778625e-02
6.214043125510215759e-02
8.264060318470001221e-02
4.325507581233978271e-02
-7.286030054092407227e-02
2.035000361502170563e-02
-4.800931736826896667e-02
2.234762348234653473e-02
4.430441930890083313e-02
-7.115776091814041138e-02
3.687257179990410805e-03
-2.889691479504108429e-02
6.393750011920928955e-02
-5.902822688221931458e-02
8.999506384134292603e-02
2.548143267631530762e-02
9.974315762519836426e-02
4.718196392059326172e-02
1.034031435847282410e-01
4.319828003644943237e-02
-3.523244708776473999e-02
-1.888036541640758514e-02
2.435865253210067749e-02
-1.204420551657676697e-01
9.346597827970981598e-03
-4.140503332018852234e-02
6.772998720407485962e-02
-3.781916573643684387e-02
1.180101744830608368e-02
-4.911382868885993958e-02
-4.801864549517631531e-02
-3.940766304731369019e-02
7.845132797956466675e-02
-3.758538141846656799e-02
2.353890426456928253e-02
-2.534194476902484894e-02
6.931903213262557983e-02
7.625829428434371948e-02
-1.338041387498378754e-02
4.098128899931907654e-02
3.323295339941978455e-02
-2.951129153370857239e-02
-7.622767984867095947e-02
-6.429620087146759033e-02
-7.674681395292282104e-02
-1.276069134473800659e-01
1.013809442520141602e-01
6.339739263057708740e-02
2.589839138090610504e-02
-2.731735818088054657e-03
-2.617592811584472656e-01
8.995236456394195557e-02
-1.720191389322280884e-01
-6.639401614665985107e-02
2.769850380718708038e-02
5.844015628099441528e-02
-1.875866055488586426e-01
-6.121348589658737183e-02
-2.192692458629608154e-02
3.871177881956100464e-02
-1.692646183073520660e-02
5.277176946401596069e-02
9.933307766914367676e-02
-1.442976146936416626e-01
-6.631547957658767700e-02
8.131944574415683746e-03
-5.424545379355549812e-04
3.255888819694519043e-02
-2.962932549417018890e-02
6.824972480535507202e-02
