-7.968513667583465576e-02
-1.636625453829765320e-02
-1.318527944386005402e-02
-6.446222309023141861e-03
1.975126564502716064e-02
1.675702817738056183e-02
3.538920357823371887e-02
-6.897985190153121948e-02
7.714884728193283081e-02
6.860175728797912598e-02
-4.178633168339729309e-02
-3.693701326847076416e-02
5.183448269963264465e-02
1.924512349069118500e-02
3.725976496934890747e-02
2.856307849287986755e-02
4.512600600719451904e-02
-4.816697910428047180e-02
-7.696607615798711777e-03
6.109396368265151978e-02
3.738870471715927124e-02
2.237442182376980782e-03
-3.955848142504692078e-02
-9.878312237560749054e-03
-2.150610461831092834e-02
-1.790541410446166992e-02
2.358700893819332123e-02
3.317416459321975708e-02
-1.381825655698776245e-01
4.567049443721771240e-02
-1.187894400209188461e-02
-1.066002622246742249e-01
-3.904562909156084061e-04
7.885167747735977173e-02
-2.789312414824962616e-02
-2.613780088722705841e-02
-1.107826158404350281e-01
6.215149909257888794e-02
-3.477848321199417114e-02
2.248385734856128693e-02
-3.750660642981529236e-02
-6.675992161035537720e-02
-7.649320643395185471e-03
-1.012003198266029358e-01
1.584418714046478271e-01
1.396784633398056030e-01
1.013239026069641113e-01
3.070556558668613434e-02
-9.768883883953094482e-02
-7.041587680578231812e-02
-9.890332818031311035e-02
1.925155073404312134e-01
-3.253515064716339111e-02
1.323135793209075928e-01
1.102193593978881836e-01
-7.441839575767517090e-02
1.291519613005220890e-03
5.634134262800216675e-02
4.807579517364501953e-02
-5.701155960559844971e-02
5.526775866746902466e-02
-8.198110014200210571e-02
1.363188624382019043e-01
-1.744902282953262329e-01
-1.348531153053045273e-02
1.520674955099821091e-02
-3.319984674453735352e-02
6.411484628915786743e-02
-2.369371708482503891e-03
-8.083538711071014404e-02
9.037027508020401001e-02
-4.304108396172523499e-02
-4.308517277240753174e-02
7.776165753602981567e-02
1.870766840875148773e-02
-3.662552312016487122e-02
1.658172532916069031e-02
5.536038801074028015e-02
-6.526920944452285767e-02
1.347772479057312012e-01
-8.152413368225097656e-02
9.687726385891437531e-03
3.722225129604339600e-02
-1.195456385612487793e-01
-8.075816929340362549e-02
-2.703700959682464600e-02
3.065077587962150574e-02
6.675940006971359253e-02
3.879619017243385315e-02
-6.000628322362899780e-02
5.566747393459081650e-03
6.092330813407897949e-02
-1.054417416453361511e-01
8.791158348321914673e-02
-6.737287342548370361e-02
-2.581986226141452789e-02
-9.483740478754043579e-02
4.585336893796920776e-02
9.278324432671070099e-03
-1.056772749871015549e-02
-7.988145947456359863e-02
-2.176871523261070251e-02
-6.447223573923110962e-02
5.746379494667053223e-02
-4.578889347612857819e-03
-3.079888597130775452e-02
5.509689077734947205e-02
2.991781756281852722e-02
7.953112572431564331e-02
-1.639519073069095612e-02
-8.320067822933197021e-02
4.889849573373794556e-02
-5.671415850520133972e-02
-4.984201490879058838e-02
-1.179238110780715942e-01
-8.651769906282424927e-02
1.367967668920755386e-02
-1.475507114082574844e-02
1.444242149591445923e-02
4.966538026928901672e-02
6.199304386973381042e-02
-7.953358441591262817e-02
8.213355205953121185e-03
-2.150723151862621307e-02
1.318924222141504288e-02
7.020913064479827881e-02
-3.291606158018112183e-02
-1.143221706151962280e-01
2.041931077837944031e-02
-3.304947912693023682e-02
-3.601571545004844666e-02
-7.634031027555465698e-02
3.251615911722183228e-02
1.185344997793436050e-02
3.917532414197921753e-02
-2.052016183733940125e-02
4.784918203949928284e-02
-7.184482179582118988e-03
4.643021151423454285e-03
6.421963870525360107e-02
-8.363584638573229313e-04
-4.156478866934776306e-02
8.078366518020629883e-02
3.588932007551193237e-02
5.467481538653373718e-02
1.232412364333868027e-02
1.472758967429399490e-02
1.077738329768180847e-01
3.079025074839591980e-02
1.570622250437736511e-02
-8.469687309116125107e-04
-3.095833351835608482e-03
-6.189372763037681580e-02
-1.011289209127426147e-01
2.530867978930473328e-02
9.886808693408966064e-02
3.440143540501594543e-02
6.282238662242889404e-02
-4.693263024091720581e-02
1.097931638360023499e-01
3.033490106463432312e-02
-3.362455964088439941e-02
4.542682692408561707e-02
1.708612963557243347e-02
-2.650838717818260193e-02
2.275172062218189240e-02
-5.036312714219093323e-02
-4.625486582517623901e-02
4.133637621998786926e-02
-6.553927063941955566e-02
7.399930059909820557e-02
-4.064502567052841187e-02
1.789121329784393311e-02
8.699565380811691284e-02
-2.400733903050422668e-02
-1.691143028438091278e-03
-2.171042561531066895e-02
3.215745091438293457e-02
-1.915641315281391144e-02
5.393942445516586304e-02
2.966866642236709595e-02
-6.516728550195693970e-02
1.889501698315143585e-02
-6.269494444131851196e-02
-1.752563565969467163e-02
1.456441637128591537e-02
-2.156935632228851318e-02
-5.912190675735473633e-02
3.495540097355842590e-02
-1.544936001300811768e-02
-9.993415325880050659e-03
-1.685038767755031586e-02
1.617224514484405518e-02
-1.138647794723510742e-01
8.758163452148437500e-02
6.635455042123794556e-02
1.060332581400871277e-01
6.294973194599151611e-02
3.967152163386344910e-02
-1.774751394987106323e-02
2.040106989443302155e-02
-7.519645616412162781e-03
3.950971737504005432e-02
-1.139244809746742249e-01
6.321429274976253510e-03
-6.061018258333206177e-02
1.946730539202690125e-02
2.346866205334663391e-02
5.083687603473663330e-03
-1.723119243979454041e-02
5.363077670335769653e-02
-1.006745547056198120e-02
4.070509970188140869e-02
-3.889910504221916199e-02
3.077966533601284027e-02
6.720132660120725632e-03
3.654132038354873657e-02
2.023001387715339661e-02
4.167882725596427917e-03
5.093108490109443665e-02
8.934932947158813477e-02
-4.215545952320098877e-03
-8.342044800519943237e-02
-1.997846923768520355e-02
-5.536440014839172363e-02
-1.517567932605743408e-01
2.557240426540374756e-03
-1.295443903654813766e-02
-1.708183810114860535e-02
3.904682770371437073e-02
-1.050201281905174255e-01
7.427045702934265137e-02
-9.549103677272796631e-02
-2.584189549088478088e-02
1.061396673321723938e-02
5.309898406267166138e-02
-1.141608282923698425e-01
-2.603852935135364532e-02
-1.321608293801546097e-02
5.723408609628677368e-02
3.072796098422259092e-04
5.805893987417221069e-02
1.982597112655639648e-01
-1.337269842624664307e-01
-1.266518533229827881e-01
-3.809756785631179810e-02
-1.618349924683570862e-02
1.441467106342315674e-01
-7.947459816932678223e-02
1.303005814552307129e-01
