2.655924111604690552e-02
1.141414977610111237e-03
-9.009185433387756348e-02
-1.498640794306993484e-02
-5.514976009726524353e-02
1.628304086625576019e-02
6.998741626739501953e-02
-2.523776143789291382e-02
6.881614774465560913e-02
4.596354439854621887e-02
1.160776615142822266e-01
-5.495379865169525146e-02
9.529954195022583008e-02
6.554959714412689209e-02
4.251477308571338654e-03
7.394442707300186157e-02
-1.839883509092032909e-03
2.993059158325195312e-02
-5.726307258009910583e-02
1.741548813879489899e-02
-2.122153155505657196e-02
-9.187160059809684753e-03
6.452193949371576309e-03
-1.034445539116859436e-01
1.634070998989045620e-03
1.477376930415630341e-02
6.886946037411689758e-03
-2.405322529375553131e-02
-9.255445003509521484e-02
5.466924607753753662e-02
1.625911891460418701e-02
-7.611872255802154541e-02
-1.056305766105651855e-01
6.613293290138244629e-02
6.562881916761398315e-02
5.870039016008377075e-02
-6.104357913136482239e-02
-2.663768455386161804e-02
-1.684558019042015076e-02
9.443140029907226562e-02
4.473075270652770996e-02
6.190705113112926483e-03
1.419709809124469757e-02
-3.437718376517295837e-02
1.256267279386520386e-01
-9.213509410619735718e-02
5.616997182369232178e-02
9.173791855573654175e-02
-1.330209989100694656e-02
-3.233474493026733398e-02
-1.011985987424850464e-01
-3.725429996848106384e-02
4.950624331831932068e-02
-3.610497713088989258e-02
2.846647053956985474e-02
-2.139901928603649139e-02
-1.913406886160373688e-02
-2.706217020750045776e-02
-1.318602543324232101e-02
-6.086206063628196716e-02
1.282817590981721878e-02
-6.199222803115844727e-02
-1.983002573251724243e-02
1.541012246161699295e-02
-7.621347159147262573e-02
9.482139721512794495e-03
4.723269492387771606e-02
-1.417463570833206177e-01
6.023541092872619629e-02
6.215945631265640259e-02
-2.251692116260528564e-03
4.221313074231147766e-02
-1.093546003103256226e-01
-7.054170221090316772e-02
-2.251575142145156860e-02
-7.737661153078079224e-02
2.549449913203716278e-03
1.669201650656759739e-03
2.873003110289573669e-02
2.718513086438179016e-02
5.779343843460083008e-02
3.313807537779211998e-03
-4.128040373325347900e-02
-4.447160661220550537e-02
9.182883799076080322e-02
-7.988772541284561157e-02
-2.801762428134679794e-03
-9.529893100261688232e-02
-4.662458598613739014e-02
1.214225310832262039e-02
-1.227785870432853699e-01
9.329864382743835449e-02
-3.968142718076705933e-02
-4.677195847034454346e-02
5.794068053364753723e-02
1.890681101940572262e-03
-7.031922787427902222e-02
-5.221800133585929871e-02
4.362416639924049377e-02
-3.438200429081916809e-02
-1.603385806083679199e-02
-6.523022428154945374e-03
-5.634430795907974243e-03
8.101411908864974976e-02
5.346909910440444946e-02
-7.378467824310064316e-03
-6.710416078567504883e-02
8.873146027326583862e-02
1.544899046421051025e-01
2.050768211483955383e-02
-4.848360083997249603e-03
8.864622563123703003e-02
-2.884642034769058228e-02
4.082267731428146362e-02
-7.432235032320022583e-02
-1.207936555147171021e-03
-1.495600640773773193e-01
-1.525684539228677750e-02
1.521532796323299408e-02
-1.954427547752857208e-02
2.165392739698290825e-03
-6.672252714633941650e-02
1.118936315178871155e-01
-1.251685768365859985e-01
3.212326392531394958e-02
4.762952774763107300e-02
-4.271021578460931778e-03
2.849821746349334717e-02
-6.488448474556207657e-03
4.333081096410751343e-02
-1.156276743859052658e-02
-7.709434628486633301e-02
-2.878318354487419128e-02
-2.663000859320163727e-02
3.937644138932228088e-02
5.856678634881973267e-02
2.945705316960811615e-02
-4.900426417589187622e-02
-7.171627134084701538e-02
2.020895667374134064e-02
-8.795034885406494141e-02
5.427290685474872589e-03
-5.520374514162540436e-03
-3.738656267523765564e-02
-1.385452598333358765e-02
7.043624669313430786e-02
8.370473980903625488e-02
-7.878961414098739624e-02
-3.924656659364700317e-02
-2.633052133023738861e-02
-3.851029789075255394e-03
1.734372228384017944e-02
-6.405284255743026733e-02
-7.843243330717086792e-02
1.588093861937522888e-02
-9.618370234966278076e-02
8.381432417081668973e-05
1.387468129396438599e-01
1.372917741537094116e-02
-3.705139737576246262e-03
1.455071009695529938e-02
9.508576989173889160e-02
1.694551669061183929e-02
1.004209518432617188e-01
-7.188919931650161743e-02
2.638589404523372650e-02
-1.068562865257263184e-01
-5.571628361940383911e-02
-1.634854264557361603e-02
-1.455884426832199097e-01
5.720641091465950012e-02
-6.449796259403228760e-02
7.110980153083801270e-02
1.242804527282714844e-01
2.353837713599205017e-02
8.094122633337974548e-03
8.589254319667816162e-02
-3.477683663368225098e-02
-2.177141793072223663e-02
3.924641758203506470e-03
-3.912219405174255371e-02
-5.940633267164230347e-02
-1.701580919325351715e-02
9.316170960664749146e-02
-7.253815978765487671e-02
-4.923765733838081360e-02
-1.027789339423179626e-01
-1.115368083119392395e-01
9.025946259498596191e-02
-3.557969629764556885e-02
-1.199836060404777527e-01
3.628632694017142057e-04
5.210115388035774231e-02
-1.079241484403610229e-01
5.694373697042465210e-02
2.908631600439548492e-02
5.299482494592666626e-02
1.358853187412023544e-02
1.398737728595733643e-01
-3.531732410192489624e-02
3.409781679511070251e-02
-9.229944646358489990e-02
5.446827854029834270e-04
-8.074446022510528564e-02
3.030678443610668182e-02
-1.996341161429882050e-02
4.269600659608840942e-02
-1.023855581879615784e-01
-6.827199459075927734e-02
-4.992895573377609253e-02
2.074999921023845673e-02
-2.163021266460418701e-02
4.503449425101280212e-02
-6.238961592316627502e-02
1.079777255654335022e-01
-8.549392223358154297e-03
8.252124488353729248e-02
1.942837685346603394e-01
-2.284357789903879166e-03
5.033839121460914612e-02
6.244361773133277893e-02
-4.162255302071571350e-02
-9.918971359729766846e-02
-3.994324430823326111e-02
1.415427122265100479e-02
-3.268371103331446648e-03
-7.373253349214792252e-03
3.476338088512420654e-02
-6.692694965749979019e-03
4.437190294265747070e-02
4.039070755243301392e-02
1.249888241291046143e-01
1.313613262027502060e-02
-1.493194699287414551e-02
6.510388106107711792e-02
1.288263052701950073e-01
-9.802342206239700317e-02
-7.601659744977951050e-02
-7.145132869482040405e-02
8.290989324450492859e-03
5.086911376565694809e-03
1.063213720917701721e-01
1.158233880996704102e-01
-2.842100895941257477e-02
-1.228867247700691223e-01
-7.473501376807689667e-03
-5.295315757393836975e-02
1.119752824306488037e-01
3.369032591581344604e-02
1.634988188743591309e-02
