-2.564915083348751068e-02
-3.794293478131294250e-02
2.016189508140087128e-02
-2.008123882114887238e-02
4.991785809397697449e-02
-2.549457736313343048e-02
-1.617820188403129578e-02
1.358001120388507843e-02
4.925643652677536011e-02
-3.127259202301502228e-03
-2.438931725919246674e-02
-1.915938779711723328e-02
2.343763597309589386e-02
1.580379204824566841e-03
2.949931100010871887e-02
6.699170917272567749e-02
4.387091472744941711e-02
-8.442509174346923828e-02
3.948494791984558105e-02
1.184965856373310089e-02
3.758874908089637756e-02
3.211818635463714600e-02
-1.631850376725196838e-02
-4.119410365819931030e-02
3.780346363782882690e-03
-2.659289166331291199e-02
5.328348651528358459e-02
2.585823833942413330e-02
-1.400447338819503784e-01
5.153778567910194397e-02
-4.878038913011550903e-02
-1.151304468512535095e-01
-5.674698855727910995e-03
1.164986193180084229e-01
-2.014793641865253448e-02
-4.734375700354576111e-02
-1.144503280520439148e-01
2.792840451002120972e-02
-4.688501358032226562e-02
4.198710992932319641e-02
-2.903172932565212250e-02
-6.514781713485717773e-02
-1.181478961370885372e-03
-1.115589067339897156e-01
1.162427589297294617e-01
1.268758922815322876e-01
1.075460687279701233e-01
1.090086065232753754e-02
-6.181212514638900757e-02
-4.769325628876686096e-02
-2.548026293516159058e-02
1.929271221160888672e-01
6.187988445162773132e-03
1.095131337642669678e-01
1.082057431340217590e-01
-5.749519169330596924e-02
-3.551169857382774353e-02
6.013365089893341064e-02
7.565978914499282837e-02
-8.204763382673263550e-02
4.295144695788621902e-03
-8.570800721645355225e-02
1.081024557352066040e-01
-1.400763988494873047e-01
1.354425959289073944e-02
5.053017660975456238e-02
-1.708636805415153503e-02
2.199833095073699951e-02
4.469139501452445984e-02
-7.354561984539031982e-02
1.112269163131713867e-01
-5.446781590580940247e-02
9.830715134739875793e-04
4.300178587436676025e-02
3.700314834713935852e-02
-3.524642065167427063e-02
-8.082054555416107178e-03
3.815666586160659790e-02
-5.707659199833869934e-02
9.437388926744461060e-02
-5.426340550184249878e-02
2.808003686368465424e-02
3.271624818444252014e-02
-1.155738756060600281e-01
-7.483520358800888062e-02
2.073151804506778717e-02
-1.668868772685527802e-02
7.681318372488021851e-02
4.990967735648155212e-02
-9.526453912258148193e-02
9.274374693632125854e-03
8.451348543167114258e-02
-6.063629314303398132e-02
9.383567422628402710e-02
-8.019615709781646729e-02
-4.474921524524688721e-02
-1.038444861769676208e-01
4.974721372127532959e-02
3.181047737598419189e-02
-4.460172262042760849e-03
-1.149616688489913940e-01
-4.182427376508712769e-02
-8.452609181404113770e-02
8.283098042011260986e-02
-3.371618455275893211e-03
6.436720024794340134e-03
5.499383434653282166e-02
3.811093792319297791e-02
4.082727804780006409e-02
-1.425328571349382401e-02
-7.061906158924102783e-02
1.784797944128513336e-02
-6.174521893262863159e-02
-3.606656193733215332e-02
-4.935523122549057007e-02
-7.484563440084457397e-02
3.255710005760192871e-02
1.670792885124683380e-02
9.203161112964153290e-03
5.462688207626342773e-02
1.852376572787761688e-02
-4.822909832000732422e-02
-5.532139167189598083e-02
3.850901848636567593e-04
-2.677631564438343048e-02
7.965420186519622803e-02
3.093819133937358856e-03
-7.180125266313552856e-02
4.737071692943572998e-02
-3.186663612723350525e-02
-6.565582752227783203e-02
-5.688365548849105835e-02
3.895003348588943481e-02
-1.509240176528692245e-02
7.075931131839752197e-02
-3.679810836911201477e-02
-5.824123974889516830e-03
6.451793015003204346e-02
-2.042233571410179138e-02
6.134809926152229309e-02
3.255078941583633423e-02
-5.837202444672584534e-02
5.334687605500221252e-02
2.259352616965770721e-02
5.708002671599388123e-02
2.413226058706641197e-03
9.371850639581680298e-03
9.471607953310012817e-02
6.221335381269454956e-02
1.944281742908060551e-03
-3.716389462351799011e-02
4.627168923616409302e-02
-4.009822383522987366e-02
-7.551053166389465332e-02
-9.482231922447681427e-03
1.029668077826499939e-01
4.501868534134700894e-05
1.803947146981954575e-03
-2.718816883862018585e-02
1.074224486947059631e-01
6.419820338487625122e-02
-3.105189092457294464e-02
3.592475503683090210e-02
3.988445922732353210e-02
-9.455258958041667938e-03
1.665456779301166534e-02
-7.454546540975570679e-02
-2.748440764844417572e-02
6.380348652601242065e-02
-2.704083174467086792e-02
3.465645387768745422e-02
-4.657837748527526855e-02
4.926627129316329956e-02
4.337738454341888428e-02
-3.141146898269653320e-02
-3.304389491677284241e-02
-5.681643635034561157e-02
-3.470233932603150606e-04
-1.742242090404033661e-02
6.485384702682495117e-02
1.967270858585834503e-02
-2.232774533331394196e-02
4.027128964662551880e-02
-2.213629521429538727e-02
-2.268038503825664520e-02
-7.835636846721172333e-03
-2.419256838038563728e-03
-3.569262847304344177e-02
5.461613833904266357e-02
-3.467655181884765625e-02
-4.854287579655647278e-02
2.359705604612827301e-02
3.323003649711608887e-02
-1.368401944637298584e-01
1.024781316518783569e-01
6.059925258159637451e-02
1.363185942173004150e-01
6.560019403696060181e-02
2.382172457873821259e-02
-1.748405210673809052e-02
2.630493789911270142e-02
-2.455507405102252960e-02
3.555537015199661255e-02
-1.070812642574310303e-01
-5.939169973134994507e-02
-5.262336507439613342e-02
4.323426261544227600e-02
1.930464245378971100e-02
3.159961849451065063e-02
-1.838381285779178143e-03
4.375187307596206665e-02
1.915883645415306091e-02
2.481970191001892090e-02
-6.466419249773025513e-02
3.598913922905921936e-02
-2.764571923762559891e-03
3.127358853816986084e-02
-5.107488483190536499e-03
-1.944776810705661774e-02
5.061666294932365417e-02
6.467947363853454590e-02
2.941517904400825500e-02
-7.456628978252410889e-02
-2.687113732099533081e-02
-1.614454761147499084e-02
-1.202166378498077393e-01
-4.035478457808494568e-03
1.509247627109289169e-02
-1.671142317354679108e-02
3.905087336897850037e-02
-5.747561529278755188e-02
2.502411045134067535e-02
-9.277142584323883057e-02
-1.854543201625347137e-02
1.438504643738269806e-02
3.439627960324287415e-02
-1.108784377574920654e-01
-5.503245443105697632e-02
-1.245505828410387039e-02
8.167710900306701660e-02
-3.345046564936637878e-02
7.261480391025543213e-02
2.743915617465972900e-01
-1.493291258811950684e-01
-1.420535445213317871e-01
-4.011450335383415222e-02
-1.690746471285820007e-02
1.622389107942581177e-01
-6.376384198665618896e-02
2.310457527637481689e-01
