-1.552711725234985352e-01
-8.091915398836135864e-02
5.121296271681785583e-02
-4.870770871639251709e-02
-2.385691367089748383e-02
7.287982106208801270e-02
8.413213305175304413e-03
-1.163580566644668579e-01
1.159853115677833557e-01
3.543642908334732056e-02
-1.416863352060317993e-01
-4.825162142515182495e-02
1.221049875020980835e-01
-1.284604519605636597e-02
2.675740048289299011e-02
1.177538279443979263e-02
3.868385404348373413e-02
-9.559105336666107178e-02
2.332246117293834686e-02
6.822217255830764771e-02
7.467690110206604004e-02
1.202377304434776306e-02
-1.230872422456741333e-02
6.954713258892297745e-03
4.462087526917457581e-02
-6.768600549548864365e-03
4.750347696244716644e-03
-1.777574606239795685e-02
-1.449717730283737183e-01
-2.597991144284605980e-03
-3.602923080325126648e-02
-8.832471072673797607e-02
2.403968945145606995e-02
1.105785667896270752e-01
-1.043356582522392273e-02
-4.496265947818756104e-02
-1.111799031496047974e-01
1.704186946153640747e-02
8.171116001904010773e-03
3.457922860980033875e-02
-3.639472648501396179e-02
-5.262252688407897949e-02
1.648092083632946014e-02
-8.959664404392242432e-02
1.451399475336074829e-01
1.195329204201698303e-01
7.118228822946548462e-02
-9.846893139183521271e-03
-9.193284809589385986e-02
-8.639747649431228638e-02
-6.085795164108276367e-02
1.611277163028717041e-01
-4.480841755867004395e-02
1.097311303019523621e-01
7.844370603561401367e-02
-4.950350150465965271e-02
-2.372285723686218262e-02
3.699510172009468079e-02
4.696650803089141846e-02
-1.977073773741722107e-02
6.501151621341705322e-02
-3.212409093976020813e-02
1.099482551217079163e-01
-1.334125995635986328e-01
2.249192260205745697e-02
1.550586428493261337e-02
-5.572878196835517883e-02
7.430934160947799683e-02
-1.103196572512388229e-02
-6.570169329643249512e-02
6.629764288663864136e-02
-3.571530804038047791e-02
-2.990755625069141388e-02
7.771854102611541748e-02
2.862961962819099426e-02
-1.681389659643173218e-02
6.159170996397733688e-03
5.985866487026214600e-02
-8.571149408817291260e-02
7.164281606674194336e-02
-8.105552941560745239e-02
3.515916410833597183e-03
3.289019688963890076e-02
-1.404936462640762329e-01
-9.356972575187683105e-02
3.245292603969573975e-02
4.312719777226448059e-02
1.158867031335830688e-01
9.659089148044586182e-03
-5.580337718129158020e-02
3.748257830739021301e-02
3.328051790595054626e-02
-7.623215019702911377e-02
1.284059882164001465e-01
-1.294305622577667236e-01
-1.734812743961811066e-02
-5.926538631319999695e-02
3.502701967954635620e-02
1.872193813323974609e-02
3.612947883084416389e-03
-7.784351706504821777e-02
-3.380989283323287964e-02
-5.484889447689056396e-02
-1.128887059167027473e-03
-3.114682435989379883e-02
-2.002748101949691772e-02
8.985818177461624146e-02
-7.403827738016843796e-03
3.331246227025985718e-02
-2.464330755174160004e-02
-9.303177148103713989e-02
1.670254021883010864e-02
-3.552151471376419067e-02
-3.679947555065155029e-02
-7.694852352142333984e-02
-2.993498370051383972e-02
4.326362907886505127e-02
-4.837160184979438782e-02
1.036606170237064362e-02
7.630835473537445068e-02
4.223886132240295410e-02
-4.189610853791236877e-02
-2.876660600304603577e-02
2.227103337645530701e-02
1.047066878527402878e-03
5.532795935869216919e-02
-3.546197339892387390e-02
-8.886769413948059082e-02
-3.298823162913322449e-02
-4.280385747551918030e-02
2.556152455508708954e-02
-8.376435190439224243e-02
3.572856634855270386e-02
5.309624131768941879e-03
1.659750193357467651e-02
-3.923741728067398071e-02
4.882058501243591309e-02
-2.174850739538669586e-02
-2.858249470591545105e-02
5.660611670464277267e-03
-2.576850820332765579e-03
-4.617826268076896667e-02
2.817308716475963593e-02
7.274062186479568481e-02
7.092538475990295410e-02
-1.132214348763227463e-02
-5.126671493053436279e-02
7.516007125377655029e-02
5.811698362231254578e-02
-5.196302384138107300e-02
4.196686670184135437e-02
-2.408533915877342224e-02
3.777157515287399292e-03
-1.065740212798118591e-01
8.162285201251506805e-03
7.643505930900573730e-02
1.815057359635829926e-02
6.654215604066848755e-02
-5.744795873761177063e-02
7.857684046030044556e-02
2.519301883876323700e-02
-1.425953861325979233e-02
3.821790590882301331e-02
2.992476150393486023e-02
-4.623477160930633545e-02
4.442733526229858398e-02
-5.431133136153221130e-02
-3.537153452634811401e-02
1.622186973690986633e-02
-7.858500629663467407e-02
6.197063997387886047e-02
-6.432361900806427002e-02
7.240797579288482666e-02
2.836276590824127197e-02
-3.971494361758232117e-02
-3.860968723893165588e-02
-1.870911195874214172e-02
-3.919517993927001953e-02
1.334756030701100826e-03
3.826433792710304260e-02
4.027503542602062225e-03
8.519862778484821320e-03
3.674840554594993591e-02
-1.899933256208896637e-02
-3.907297551631927490e-02
3.832350298762321472e-02
-4.002730920910835266e-02
-2.001904649659991264e-03
3.980764374136924744e-02
-6.288974732160568237e-02
-1.505174301564693451e-02
-1.459521334618330002e-02
3.961698338389396667e-02
-1.145979911088943481e-01
1.109425723552703857e-01
4.017577320337295532e-02
1.638059616088867188e-01
5.411353334784507751e-02
6.195395439863204956e-02
-3.403275087475776672e-02
-4.110297188162803650e-03
-1.510335691273212433e-02
3.610213845968246460e-02
-1.000468581914901733e-01
-1.154622994363307953e-02
-3.606446459889411926e-02
4.863176122307777405e-02
2.401849068701267242e-02
4.664080333895981312e-04
-1.446937676519155502e-02
-3.964921925216913223e-03
-9.994286112487316132e-03
5.492000654339790344e-02
-7.563464343547821045e-02
1.702216081321239471e-02
-2.366258203983306885e-02
4.640661552548408508e-02
1.736665517091751099e-02
-1.882524415850639343e-02
5.181995779275894165e-02
6.866063177585601807e-02
-7.500723935663700104e-03
-8.363428711891174316e-02
-4.212963953614234924e-02
-6.034745275974273682e-02
-1.472564786672592163e-01
4.944909736514091492e-02
1.967623271048069000e-02
5.309756379574537277e-03
9.925731457769870758e-03
-1.445571780204772949e-01
4.946433007717132568e-02
-1.178079918026924133e-01
-4.141993448138237000e-02
6.814296822994947433e-03
3.538990765810012817e-02
-1.062314510345458984e-01
-4.728421568870544434e-02
9.468883275985717773e-03
8.368638902902603149e-02
-1.500479970127344131e-02
4.765761643648147583e-02
1.877141743898391724e-01
-1.331801265478134155e-01
-1.169245615601539612e-01
1.201816368848085403e-03
-1.955042034387588501e-02
1.166530624032020569e-01
-6.061391904950141907e-02
1.435104012489318848e-01
