-6.588693708181381226e-02
-1.327612996101379395e-02
-3.139949962496757507e-02
2.959275059401988983e-02
6.044754758477210999e-02
-3.223719447851181030e-02
3.354612365365028381e-02
5.305268801748752594e-03
1.735447160899639130e-02
-3.698578570038080215e-03
-3.541346639394760132e-02
-1.632989384233951569e-02
-1.063672360032796860e-02
-3.721838444471359253e-02
3.094954788684844971e-02
-7.310475409030914307e-02
6.261781603097915649e-02
-2.004590630531311035e-02
-2.179280295968055725e-02
5.710942298173904419e-02
3.328162804245948792e-02
4.716367274522781372e-02
-5.754815880209207535e-03
5.305963009595870972e-02
1.514208782464265823e-02
-1.908675767481327057e-04
-6.913743913173675537e-02
9.687532484531402588e-02
-5.957852303981781006e-02
5.989136919379234314e-02
-7.976250723004341125e-03
-1.039943024516105652e-01
1.963139884173870087e-02
3.982196003198623657e-02
2.071634633466601372e-03
-9.755979292094707489e-03
-1.267569512128829956e-01
8.166093379259109497e-02
-7.918471843004226685e-02
6.914677470922470093e-02
-5.936331301927566528e-02
-4.568815976381301880e-02
-2.242283523082733154e-02
-1.002341359853744507e-01
1.287856251001358032e-01
1.728267371654510498e-01
1.233325600624084473e-01
-2.377690747380256653e-02
-1.102775037288665771e-01
-7.129715383052825928e-02
-4.746177792549133301e-02
2.129125595092773438e-01
-4.361244663596153259e-02
1.622733920812606812e-01
1.090026870369911194e-01
-9.560333937406539917e-02
2.190024219453334808e-02
4.413420334458351135e-02
2.001753076910972595e-02
-7.643217593431472778e-02
1.833552867174148560e-02
-4.835020750761032104e-02
1.041938811540603638e-01
-1.598585695028305054e-01
-1.414108648896217346e-02
9.458776563405990601e-03
8.528048172593116760e-03
6.969450414180755615e-02
2.264591492712497711e-02
-9.867803752422332764e-02
1.032459661364555359e-01
-2.172125317156314850e-02
-2.294395118951797485e-02
5.248633399605751038e-02
-1.408599037677049637e-02
-4.661915451288223267e-02
1.159550435841083527e-02
7.359229028224945068e-02
-4.779146984219551086e-02
7.762014120817184448e-02
-1.151138991117477417e-01
1.161134708672761917e-02
3.387555480003356934e-02
-1.188277155160903931e-01
-9.112195670604705811e-02
2.454152703285217285e-02
2.075012959539890289e-02
4.823535680770874023e-02
5.738920718431472778e-02
-8.663924038410186768e-02
3.422244265675544739e-02
5.521141365170478821e-02
-1.640389673411846161e-02
1.290174275636672974e-01
-1.461095660924911499e-01
4.475237336009740829e-03
-3.812047094106674194e-02
5.021943245083093643e-03
3.924961760640144348e-02
3.288728743791580200e-02
-3.973533958196640015e-02
-3.625996038317680359e-02
-3.866839781403541565e-02
2.384647540748119354e-02
2.610026858747005463e-02
2.909245155751705170e-02
8.109943568706512451e-02
-1.909684762358665466e-02
5.792417377233505249e-02
4.184240475296974182e-03
-1.366398185491561890e-01
-1.192745100706815720e-02
-7.366316765546798706e-02
-4.290030896663665771e-02
-6.339266151189804077e-02
-5.879399925470352173e-02
4.239429533481597900e-02
-2.057363465428352356e-02
-2.386157400906085968e-02
5.015728995203971863e-02
3.518322110176086426e-02
-6.170541793107986450e-02
-2.578489109873771667e-02
2.539971657097339630e-02
2.676260890439152718e-03
3.552751615643501282e-02
-3.723679576069116592e-03
-9.112183749675750732e-02
2.861773036420345306e-02
-8.103206753730773926e-02
5.819660797715187073e-02
-1.319704204797744751e-01
4.078035056591033936e-02
1.127045694738626480e-02
6.598687171936035156e-02
-4.614324122667312622e-02
3.581646829843521118e-02
2.383987652137875557e-03
3.403575718402862549e-02
6.697423756122589111e-02
9.891617111861705780e-03
-2.169751375913619995e-02
1.889468729496002197e-02
3.277562931180000305e-02
5.041848495602607727e-02
-9.792648255825042725e-03
-1.487969327718019485e-02
1.521123796701431274e-01
-3.577778814360499382e-03
-4.578809067606925964e-02
1.490800082683563232e-02
-2.071929536759853363e-02
-2.330012060701847076e-02
-8.528669923543930054e-02
4.250910505652427673e-02
1.143020913004875183e-01
7.468613982200622559e-02
3.664882108569145203e-02
-4.090289399027824402e-02
7.876291871070861816e-02
5.186456441879272461e-02
-3.448716551065444946e-02
5.861517041921615601e-02
8.568982593715190887e-03
-3.008704073727130890e-02
3.645498305559158325e-02
-1.744293607771396637e-02
-4.082612693309783936e-02
4.530458524823188782e-02
-5.403476953506469727e-02
9.401984512805938721e-02
-1.860549673438072205e-02
3.149015828967094421e-02
5.180092900991439819e-02
-5.952770635485649109e-02
2.060468122363090515e-02
-9.821970947086811066e-03
-3.981301933526992798e-02
-1.492554903961718082e-03
3.957114741206169128e-02
4.745100811123847961e-02
-5.880466848611831665e-02
-4.090355243533849716e-03
-4.974050819873809814e-02
-2.206520922482013702e-02
-6.007571239024400711e-03
-6.865762919187545776e-02
-4.345916677266359329e-03
2.341892383992671967e-02
-7.204328477382659912e-02
-2.519666217267513275e-03
-2.768210880458354950e-02
-1.536121126264333725e-02
-7.644005864858627319e-02
5.628310516476631165e-02
2.365463040769100189e-02
1.385277956724166870e-01
5.645927414298057556e-02
5.163941066712141037e-03
3.359471447765827179e-03
-3.416033461689949036e-03
-5.703220143914222717e-02
5.172072350978851318e-02
-4.395514354109764099e-02
2.777629904448986053e-02
-1.153728887438774109e-01
3.848328068852424622e-02
3.268583491444587708e-02
1.776005513966083527e-02
-1.906064338982105255e-02
-5.762086715549230576e-03
6.514482665807008743e-03
4.731119051575660706e-02
-7.551658153533935547e-02
-3.616414731368422508e-03
-3.550396766513586044e-03
9.113206528127193451e-03
-3.635713085532188416e-02
-3.761744499206542969e-02
6.598873436450958252e-02
7.404527068138122559e-02
3.445157036185264587e-02
-8.768150210380554199e-02
1.464535249397158623e-03
-1.137055736035108566e-02
-1.004079058766365051e-01
6.780410185456275940e-03
-4.394816234707832336e-02
-1.695337332785129547e-02
5.788768082857131958e-02
-8.395320177078247070e-02
2.858510240912437439e-02
-1.033726558089256287e-01
-2.251875400543212891e-02
8.250718819908797741e-04
3.519000113010406494e-02
-4.451845586299896240e-02
-3.254141658544540405e-02
3.693709895014762878e-02
8.864958584308624268e-02
-2.322313003242015839e-02
6.065266579389572144e-02
2.151684612035751343e-01
-1.536264568567276001e-01
-9.394356608390808105e-02
-2.469096146523952484e-02
-1.697320304811000824e-02
1.593401879072189331e-01
-1.025169119238853455e-01
1.288657784461975098e-01
