-6.849388033151626587e-02
-7.244127988815307617e-02
6.509491801261901855e-02
-7.362958788871765137e-02
1.461140997707843781e-02
9.334471076726913452e-02
4.075045511126518250e-02
-1.010071113705635071e-01
1.254527121782302856e-01
3.331691771745681763e-02
-8.464420586824417114e-02
-6.892295926809310913e-02
1.018028631806373596e-01
-2.082255855202674866e-02
7.237442582845687866e-02
7.115875184535980225e-02
4.466003924608230591e-02
-1.038310751318931580e-01
3.314835578203201294e-02
7.952832616865634918e-03
4.039306938648223877e-02
-2.571408450603485107e-02
-2.487394027411937714e-02
-5.484610795974731445e-02
1.885858364403247833e-02
-1.975560002028942108e-02
6.344313919544219971e-02
-3.020289167761802673e-02
-1.130444183945655823e-01
1.914137788116931915e-02
-5.244591832160949707e-02
-9.281171113252639771e-02
-6.848581135272979736e-02
1.331804394721984863e-01
-1.320806145668029785e-02
-2.719193883240222931e-02
-7.306963950395584106e-02
-3.206729656085371971e-03
-1.049280539155006409e-02
3.338068723678588867e-02
-3.713239729404449463e-02
-3.363440744578838348e-03
2.548672817647457123e-02
-1.051836013793945312e-01
1.481476426124572754e-01
9.126659482717514038e-02
7.018198817968368530e-02
5.838191602379083633e-03
-4.675821959972381592e-02
-7.712295651435852051e-02
-8.163113147020339966e-02
9.026176482439041138e-02
1.137931365519762039e-02
7.351586222648620605e-02
9.533904492855072021e-02
-1.799413189291954041e-02
-7.028702646493911743e-02
3.643134236335754395e-02
3.554469719529151917e-02
6.326544098556041718e-03
5.914909020066261292e-02
-8.456907421350479126e-02
1.147489175200462341e-01
-1.418796926736831665e-01
-1.088833808898925781e-02
2.788046002388000488e-02
-3.317998722195625305e-02
3.529338911175727844e-02
-1.284490153193473816e-02
-4.111171513795852661e-02
8.181939274072647095e-02
-3.717226162552833557e-02
-5.599921941757202148e-02
4.528441280126571655e-02
1.283200271427631378e-02
3.591411560773849487e-02
2.314610593020915985e-02
3.782305121421813965e-02
-7.886502146720886230e-02
9.439116716384887695e-02
-4.181126505136489868e-02
5.370460823178291321e-02
1.644577272236347198e-02
-1.040599048137664795e-01
-4.502680152654647827e-02
-1.892520301043987274e-02
-1.824379153549671173e-02
6.514333188533782959e-02
2.916730009019374847e-02
-9.059800952672958374e-02
-8.772761560976505280e-03
6.207467988133430481e-02
-8.058337122201919556e-02
4.192697629332542419e-02
-8.574324846267700195e-02
-5.170200485736131668e-03
-1.301851272583007812e-01
1.302044466137886047e-02
8.654102683067321777e-03
-2.035223320126533508e-02
-1.014209240674972534e-01
-4.864984657615423203e-03
-3.044747188687324524e-02
5.844964832067489624e-02
-4.133716225624084473e-02
1.856112270615994930e-03
4.226997494697570801e-02
6.281206849962472916e-03
6.683629006147384644e-02
3.903830191120505333e-03
-6.112751364707946777e-02
7.310647983103990555e-03
-2.503876388072967529e-02
-5.446180701255798340e-02
-1.068395599722862244e-01
-4.602346196770668030e-02
-1.255252398550510406e-02
-2.303452417254447937e-02
-6.978986319154500961e-03
4.916555061936378479e-02
4.106992855668067932e-02
-5.144090577960014343e-02
2.294421195983886719e-02
-2.261784113943576813e-02
-3.762998385354876518e-03
9.859373420476913452e-02
-7.319244742393493652e-02
-5.914755165576934814e-02
-3.280924633145332336e-02
2.170402003685012460e-04
-2.339618466794490814e-02
-7.885114848613739014e-02
3.203726559877395630e-02
-5.399201065301895142e-03
5.551698803901672363e-02
-2.242479659616947174e-02
5.777669325470924377e-02
1.381240412592887878e-02
-5.259291455149650574e-02
-1.498600235208868980e-03
-2.337273955345153809e-02
-7.409699261188507080e-02
5.312024801969528198e-02
7.261111587285995483e-02
4.716203734278678894e-02
3.823892772197723389e-02
-4.236321430653333664e-03
3.726543113589286804e-02
5.816083028912544250e-02
-2.766878530383110046e-02
5.816579330712556839e-03
2.392759174108505249e-02
3.108591772615909576e-03
-1.311711668968200684e-01
-1.470720209181308746e-02
7.794709503650665283e-02
-3.798814956098794937e-03
9.260492026805877686e-02
-4.961083084344863892e-02
9.561203420162200928e-02
2.071717567741870880e-02
-1.848196028731763363e-03
-8.195194415748119354e-03
1.955302432179450989e-02
-6.149319931864738464e-02
2.846815623342990875e-02
-7.934515178203582764e-02
8.248277008533477783e-03
3.511444851756095886e-02
-5.471883341670036316e-02
2.847067825496196747e-02
-5.392594635486602783e-02
5.845052003860473633e-02
4.740864038467407227e-02
3.910703584551811218e-03
-3.892099112272262573e-02
-4.645116627216339111e-03
-1.910138316452503204e-02
-3.080546297132968903e-02
3.979449346661567688e-02
-4.937618598341941833e-02
6.368364207446575165e-03
2.440068125724792480e-02
1.364455185830593109e-02
-5.247474461793899536e-02
-1.616777852177619934e-02
-5.260539427399635315e-02
-4.950627684593200684e-02
7.218870520591735840e-02
-4.463420808315277100e-02
-5.189666897058486938e-02
-5.612389184534549713e-03
8.145453780889511108e-02
-1.209484338760375977e-01
1.014625430107116699e-01
7.621122896671295166e-02
1.251669824123382568e-01
4.319626092910766602e-02
8.863776177167892456e-02
2.162838354706764221e-03
-6.629894487559795380e-03
-3.971296921372413635e-02
3.627870231866836548e-02
-1.530057042837142944e-01
-1.745752803981304169e-02
-6.957158446311950684e-02
7.045925408601760864e-02
-2.116489782929420471e-02
2.174798585474491119e-02
-2.403772249817848206e-02
-5.749522242695093155e-04
-1.741056703031063080e-02
3.955209627747535706e-02
-6.711258739233016968e-02
4.356408491730690002e-02
-2.934946119785308838e-02
7.714687287807464600e-02
8.732575178146362305e-02
-4.899508319795131683e-03
6.433680653572082520e-02
6.999712437391281128e-02
-1.547691319137811661e-02
-1.191743910312652588e-01
-3.731112182140350342e-02
-4.837695881724357605e-02
-1.262041032314300537e-01
2.517970092594623566e-02
4.708957299590110779e-02
3.696644445881247520e-03
4.674070328474044800e-02
-1.744627505540847778e-01
1.094536632299423218e-01
-1.571867913007736206e-01
-3.251620754599571228e-02
6.932801008224487305e-02
5.199436098337173462e-02
-2.074096947908401489e-01
-5.372799932956695557e-02
-5.238876491785049438e-02
3.619179129600524902e-02
-2.509716711938381195e-02
8.903194218873977661e-02
1.556986421346664429e-01
-1.369837671518325806e-01
-7.875733077526092529e-02
-4.872537218034267426e-03
-2.730843424797058105e-02
9.149187058210372925e-02
-4.419047385454177856e-02
1.075695902109146118e-01
