-6.396508961915969849e-02
-1.517646573483943939e-02
-1.016719546169042587e-02
-4.198174923658370972e-03
-1.496804039925336838e-02
2.200225181877613068e-02
6.369512528181076050e-02
-7.661879062652587891e-02
1.173968762159347534e-01
6.166903302073478699e-02
-2.886243723332881927e-02
-7.735083252191543579e-02
6.059583649039268494e-02
2.100226469337940216e-02
-1.184503640979528427e-02
1.094101695343852043e-03
3.474301472306251526e-02
-5.013174191117286682e-02
1.920653041452169418e-03
5.758085474371910095e-02
3.289170190691947937e-02
1.431871764361858368e-02
-3.002182953059673309e-02
-1.434634625911712646e-02
6.422895938158035278e-03
-1.406453084200620651e-03
9.568889625370502472e-03
-5.861518438905477524e-03
-6.946657598018646240e-02
3.619953617453575134e-02
-1.025533117353916168e-02
-7.599352300167083740e-02
-6.676780991256237030e-03
7.558953762054443359e-02
-1.149573549628257751e-02
-2.999769337475299835e-02
-7.946556061506271362e-02
7.452866528183221817e-03
-2.783567085862159729e-02
3.305680304765701294e-02
-1.059105433523654938e-02
-1.946877874433994293e-02
-1.660049334168434143e-02
-9.019682556390762329e-02
1.647868454456329346e-01
9.886228293180465698e-02
8.440987765789031982e-02
1.893021166324615479e-02
-4.946969076991081238e-02
-6.092066317796707153e-02
-7.379496097564697266e-02
1.365334987640380859e-01
-1.450107060372829437e-02
1.081616133451461792e-01
8.937641978263854980e-02
-3.744527697563171387e-02
-2.221011742949485779e-02
1.110731903463602066e-02
2.833427488803863525e-02
-4.807496443390846252e-02
6.208086013793945312e-02
-2.180357091128826141e-02
1.201825290918350220e-01
-1.348098218441009521e-01
-1.086839288473129272e-02
3.402264788746833801e-02
-3.034869022667407990e-02
4.127356410026550293e-02
-1.049957983195781708e-02
-1.555217616260051727e-02
4.772893339395523071e-02
-4.857236519455909729e-02
-5.381305515766143799e-02
2.949857898056507111e-02
3.387144953012466431e-02
-3.433203324675559998e-02
-9.450571611523628235e-03
3.005729429423809052e-02
-5.657899007201194763e-02
6.783436238765716553e-02
-5.815222859382629395e-02
2.600678429007530212e-02
1.998649537563323975e-02
-1.052812039852142334e-01
-3.590722009539604187e-02
-2.477004937827587128e-02
3.470848547294735909e-03
4.873702302575111389e-02
1.013798266649246216e-02
-6.918882578611373901e-02
1.513859909027814865e-02
8.056875318288803101e-02
-7.945750653743743896e-02
8.769017457962036133e-02
-6.400978565216064453e-02
-1.600486412644386292e-02
-8.584987372159957886e-02
2.844976447522640228e-02
-1.907252334058284760e-02
-4.565618466585874557e-03
-6.755081564188003540e-02
-3.368674218654632568e-02
-2.657089382410049438e-02
4.036410897970199585e-02
-2.181085757911205292e-02
-1.310622971504926682e-02
6.223846226930618286e-02
3.683745488524436951e-02
8.848804235458374023e-02
-8.086548186838626862e-03
-1.094660609960556030e-01
3.594883158802986145e-02
-6.484026461839675903e-02
-7.764691114425659180e-02
-8.442534506320953369e-02
-5.379487201571464539e-02
1.304952986538410187e-02
-5.891964584589004517e-02
2.517781965434551239e-02
5.221145600080490112e-02
3.165836259722709656e-02
-6.070343032479286194e-02
3.111837990581989288e-02
-3.776495158672332764e-02
2.403574809432029724e-02
3.972131758928298950e-02
-1.316981017589569092e-02
-9.201680123805999756e-02
-2.949457243084907532e-02
-4.798093438148498535e-02
2.997144311666488647e-02
-1.102835088968276978e-01
5.708009749650955200e-02
1.062688883394002914e-02
2.156795561313629150e-02
-3.208871558308601379e-02
6.898433715105056763e-02
-8.468083292245864868e-02
-4.963311925530433655e-02
8.315564627991989255e-06
-6.580165028572082520e-02
-3.664217889308929443e-02
3.105390444397926331e-02
1.367395557463169098e-02
4.913162812590599060e-02
8.816865272819995880e-03
-2.484374446794390678e-03
6.236745417118072510e-02
4.310319945216178894e-02
-3.498602658510208130e-02
5.869420990347862244e-02
-9.609206463210284710e-04
-2.966354042291641235e-02
-1.237184032797813416e-01
2.773822285234928131e-02
3.757160902023315430e-02
2.175659500062465668e-02
8.326333761215209961e-02
-2.331349439918994904e-02
1.112208217382431030e-01
3.732997179031372070e-02
-1.548717822879552841e-02
3.687970107421278954e-03
3.499294444918632507e-02
-5.011507123708724976e-02
7.899851538240909576e-03
-6.175735592842102051e-02
-4.874108731746673584e-02
3.481771424412727356e-02
-6.022141128778457642e-02
4.646472632884979248e-02
-1.679748669266700745e-02
6.661394238471984863e-02
8.239898830652236938e-02
-3.507426753640174866e-02
-3.360003465786576271e-03
2.090727165341377258e-02
-9.073886089026927948e-03
1.379880495369434357e-02
1.912354119122028351e-02
1.881662942469120026e-02
-7.662161719053983688e-03
-3.818225814029574394e-03
-3.980505093932151794e-02
-3.693865239620208740e-02
1.465919311158359051e-03
-4.994181171059608459e-02
-7.136379182338714600e-02
3.765254467725753784e-02
-3.923228755593299866e-02
-7.190294563770294189e-02
-1.686921529471874237e-02
5.660889297723770142e-02
-1.505508720874786377e-01
1.060754880309104919e-01
6.386186927556991577e-02
1.804610043764114380e-01
4.904366284608840942e-02
1.216555833816528320e-01
-6.683176010847091675e-02
1.421322301030158997e-02
-4.185633361339569092e-02
3.683593124151229858e-02
-1.331712454557418823e-01
9.154472500085830688e-04
-4.442033544182777405e-02
3.766493126749992371e-02
-1.303231343626976013e-02
-9.039015509188175201e-03
-1.924123615026473999e-02
-1.899327267892658710e-03
-1.481496077030897141e-02
6.882251054048538208e-02
-8.111602813005447388e-02
2.154358290135860443e-02
1.348823658190667629e-03
4.606396332383155823e-02
5.759573727846145630e-02
-8.769829757511615753e-03
7.253347337245941162e-02
9.102864563465118408e-02
-2.055658958852291107e-02
-8.900433778762817383e-02
-1.722925156354904175e-02
-4.973671957850456238e-02
-1.299925446510314941e-01
6.401565670967102051e-02
5.785639863461256027e-03
-1.179694011807441711e-02
4.685781523585319519e-02
-1.104465499520301819e-01
9.943239390850067139e-02
-1.408507674932479858e-01
-1.880503445863723755e-02
5.092970281839370728e-02
1.030825152993202209e-01
-1.672785133123397827e-01
-6.839156150817871094e-02
-5.683390423655509949e-02
8.810611069202423096e-02
-2.078267931938171387e-02
1.336332261562347412e-01
2.381346672773361206e-01
-1.311269998550415039e-01
-1.432256549596786499e-01
-2.344441134482622147e-03
-4.578455165028572083e-02
1.972799450159072876e-01
-6.946828961372375488e-02
1.490715593099594116e-01
