-1.617747545242309570e-01
-9.655541926622390747e-02
4.976411163806915283e-02
-1.322231441736221313e-01
-4.432577267289161682e-02
1.739629656076431274e-01
5.338884890079498291e-02
-2.324032634496688843e-01
1.890449523925781250e-01
5.431397631764411926e-02
-1.524975448846817017e-01
-2.137871645390987396e-02
2.190650403499603271e-01
-2.947582677006721497e-02
3.677535057067871094e-02
8.874012529850006104e-02
1.117854751646518707e-02
-1.116858720779418945e-01
3.657517209649085999e-02
5.389491468667984009e-02
5.288534611463546753e-02
-1.051976578310132027e-03
2.072443999350070953e-02
-1.163715869188308716e-01
3.156397864222526550e-02
1.735052280128002167e-02
2.109650149941444397e-02
-1.106942370533943176e-01
-1.348579376935958862e-01
-4.316708818078041077e-02
-3.401076421141624451e-02
-7.997853308916091919e-02
-1.840607076883316040e-02
9.698493033647537231e-02
4.023134335875511169e-02
-1.093328464776277542e-02
-7.306809723377227783e-02
-3.621113300323486328e-02
1.867619156837463379e-02
2.876377850770950317e-02
-6.861041486263275146e-02
2.583232522010803223e-02
5.124880373477935791e-02
-4.469716548919677734e-02
1.477043628692626953e-01
-1.778506208211183548e-03
1.549381390213966370e-02
9.241860359907150269e-03
-5.022133514285087585e-02
-3.324967250227928162e-02
-4.344683885574340820e-02
3.450784087181091309e-02
3.740168735384941101e-02
-3.785353153944015503e-02
1.635208912193775177e-02
2.634736709296703339e-02
-3.833129629492759705e-02
9.251578710973262787e-03
2.297384105622768402e-02
4.656207934021949768e-02
4.707394167780876160e-02
2.844319120049476624e-02
4.492353647947311401e-02
-4.291961714625358582e-02
-4.804507270455360413e-02
-3.971853107213973999e-02
-2.115583606064319611e-02
-2.314268983900547028e-02
-3.072638297453522682e-03
-3.233467787504196167e-02
1.194603089243173599e-02
-2.250551804900169373e-02
-8.046142011880874634e-02
5.292125046253204346e-03
1.301912870258092880e-02
4.429622553288936615e-03
-2.493224665522575378e-02
2.463312074542045593e-02
-3.448725491762161255e-02
2.523165196180343628e-02
1.652818638831377029e-03
3.351511061191558838e-02
7.493857294321060181e-03
-7.332187891006469727e-02
-2.111529372632503510e-02
2.921489812433719635e-02
5.454688891768455505e-02
4.066573455929756165e-02
-9.954596869647502899e-03
-4.738474963232874870e-04
-1.181233581155538559e-02
2.273680455982685089e-02
-6.621223688125610352e-02
2.027281560003757477e-02
-6.654481589794158936e-02
2.466869913041591644e-02
-5.354662239551544189e-02
4.835314303636550903e-02
2.626640535891056061e-02
3.402139246463775635e-02
-7.490351796150207520e-02
6.552279926836490631e-03
-2.445647725835442543e-03
4.999615252017974854e-02
-2.363955415785312653e-02
4.747733101248741150e-02
7.077321875840425491e-03
1.044922787696123123e-02
4.944377765059471130e-02
3.179263323545455933e-02
-5.719598755240440369e-02
-1.782812760211527348e-03
-4.994804039597511292e-03
1.653983630239963531e-02
-1.539494544267654419e-01
9.498027153313159943e-03
-2.744725719094276428e-02
-9.420514851808547974e-02
4.029939696192741394e-02
4.697192832827568054e-02
7.817226648330688477e-02
-5.010691285133361816e-02
1.025877892971038818e-01
-7.423640787601470947e-02
3.331719338893890381e-02
8.520640432834625244e-02
-9.905559569597244263e-02
1.077631395310163498e-02
-7.501521706581115723e-02
-4.141325503587722778e-02
7.261646538972854614e-02
-8.988733589649200439e-02
7.170552760362625122e-02
4.600381478667259216e-03
6.331696640700101852e-04
-1.803295221179723740e-03
1.465521007776260376e-01
-8.910551667213439941e-02
-9.944130480289459229e-02
-8.377170562744140625e-02
-7.655864953994750977e-02
-4.660917818546295166e-02
-3.638213127851486206e-02
9.308011084794998169e-02
1.353510841727256775e-02
5.812069401144981384e-02
-3.106619603931903839e-02
-2.660192921757698059e-02
4.805566370487213135e-02
-1.030916273593902588e-01
4.696543142199516296e-02
1.779997721314430237e-02
6.964267045259475708e-02
-1.094581484794616699e-01
-2.730300650000572205e-03
-4.054837673902511597e-02
3.260547667741775513e-02
2.231159955263137817e-01
-7.951654493808746338e-02
5.245623737573623657e-02
2.066870220005512238e-02
5.417503044009208679e-02
-5.359241738915443420e-02
3.219327703118324280e-02
-6.711173057556152344e-02
1.813820935785770416e-02
-9.617823362350463867e-02
-4.678690060973167419e-02
-6.274148821830749512e-02
-1.059309542179107666e-01
4.174311459064483643e-02
-1.001961901783943176e-01
1.068363636732101440e-01
6.632893532514572144e-02
2.060298435389995575e-02
-1.194795873016119003e-02
8.206740766763687134e-02
-3.307854384183883667e-02
1.799762062728404999e-02
-7.431730162352323532e-03
-7.971384376287460327e-02
3.154122456908226013e-02
4.364716634154319763e-02
1.307426989078521729e-01
-8.842360228300094604e-02
1.282098796218633652e-02
-6.656383723020553589e-02
-9.182450361549854279e-03
6.557732075452804565e-02
-6.626679003238677979e-02
-8.378688991069793701e-02
1.823675259947776794e-02
4.483525082468986511e-02
1.734033226966857910e-02
3.553286567330360413e-02
1.026604324579238892e-02
7.841253536753356457e-04
-5.786545225419104099e-04
8.002344518899917603e-02
1.108580641448497772e-02
-1.353494543582201004e-02
-6.668559461832046509e-02
-1.110523939132690430e-02
-3.796524927020072937e-02
6.349644623696804047e-03
1.054135896265506744e-02
3.514247387647628784e-02
-4.917660355567932129e-02
-2.499430999159812927e-02
-4.646167904138565063e-02
-6.795267760753631592e-02
-2.237645164132118225e-02
5.083394050598144531e-02
9.892461821436882019e-04
4.255392402410507202e-02
-3.822528198361396790e-02
4.837872087955474854e-02
1.160117164254188538e-01
-8.658374659717082977e-03
-1.270577684044837952e-02
9.202521294355392456e-03
-3.921349346637725830e-02
-5.717795342206954956e-02
-5.602645501494407654e-02
-5.481696873903274536e-02
-3.482183441519737244e-02
6.983172893524169922e-02
7.766509056091308594e-02
1.458311267197132111e-02
2.151327440515160561e-03
-1.178496703505516052e-01
8.597460389137268066e-02
-5.027593672275543213e-02
-1.830363087356090546e-02
2.117144502699375153e-02
5.890605598688125610e-02
-9.214143455028533936e-02
-6.554542481899261475e-02
-4.417184367775917053e-02
1.116327382624149323e-02
-1.544462982565164566e-02
4.355955123901367188e-02
3.341425675898790359e-03
-3.923493996262550354e-02
-3.346318751573562622e-02
6.545853801071643829e-03
-1.456421520560979843e-02
-5.012490320950746536e-03
3.410149365663528442e-02
-7.201935164630413055e-03
