-6.619301438331604004e-02
-4.926839470863342285e-02
4.924678802490234375e-02
-1.972076483070850372e-02
2.236102893948554993e-02
1.551585830748081207e-02
9.782993234694004059e-03
-4.740299284458160400e-02
7.777003943920135498e-02
3.649676963686943054e-02
-7.224106043577194214e-02
-3.879185765981674194e-02
6.628930568695068359e-02
-4.617176600731909275e-04
1.125356648117303848e-02
4.252431169152259827e-02
3.784570470452308655e-02
-8.775544166564941406e-02
3.575991839170455933e-02
1.748947054147720337e-02
7.711615413427352905e-02
-9.460669010877609253e-03
-1.548244245350360870e-02
-2.729561738669872284e-02
1.618996821343898773e-02
-2.714802511036396027e-02
2.939050458371639252e-02
-6.535884458571672440e-03
-1.560736745595932007e-01
1.501007564365863800e-02
-6.630644202232360840e-02
-1.086356490850448608e-01
6.188701372593641281e-03
1.267548501491546631e-01
-2.578243613243103027e-02
-5.594825744628906250e-02
-1.168152540922164917e-01
1.463132631033658981e-02
-3.696649149060249329e-02
3.484492376446723938e-02
-2.086864039301872253e-02
-6.170751154422760010e-02
1.723879203200340271e-02
-1.101615428924560547e-01
1.249748915433883667e-01
1.400031596422195435e-01
7.991215586662292480e-02
1.253063790500164032e-02
-8.417460322380065918e-02
-6.450092047452926636e-02
-3.217140585184097290e-02
1.847963929176330566e-01
-1.660335250198841095e-02
8.892652392387390137e-02
1.056748777627944946e-01
-4.173855856060981750e-02
-4.351935163140296936e-02
2.899461239576339722e-02
8.396929502487182617e-02
-5.200561136007308960e-02
2.343378588557243347e-02
-4.740511626005172729e-02
1.174152269959449768e-01
-1.537688225507736206e-01
9.898103773593902588e-03
2.701469697058200836e-02
-4.049782082438468933e-02
4.893085360527038574e-02
-4.815700463950634003e-03
-6.697069108486175537e-02
7.387641072273254395e-02
-3.678169846534729004e-02
-5.905442405492067337e-03
7.402693480253219604e-02
3.886958584189414978e-02
3.038388444110751152e-03
5.790258757770061493e-03
5.232805386185646057e-02
-7.054409384727478027e-02
9.862102568149566650e-02
-6.733053922653198242e-02
1.465025171637535095e-02
2.447322197258472443e-02
-1.268313378095626831e-01
-7.790774852037429810e-02
7.597516523674130440e-04
2.067247964441776276e-02
1.004816070199012756e-01
3.101561777293682098e-02
-6.572275608777999878e-02
1.699822768568992615e-02
4.313932731747627258e-02
-9.810576587915420532e-02
6.591139733791351318e-02
-8.912353962659835815e-02
-2.533832378685474396e-02
-1.162352561950683594e-01
6.182596459984779358e-02
9.105546050705015659e-04
-8.394952863454818726e-03
-1.004901677370071411e-01
-2.686624415218830109e-02
-5.904303863644599915e-02
5.292850732803344727e-02
-2.013585530221462250e-02
-3.306505084037780762e-02
7.811959832906723022e-02
2.568425796926021576e-02
4.097264632582664490e-02
-1.994628645479679108e-02
-5.739854648709297180e-02
3.379542753100395203e-02
-4.712921380996704102e-02
-3.113888017833232880e-02
-7.660447806119918823e-02
-6.551110744476318359e-02
4.670243337750434875e-02
-7.103125564754009247e-03
2.572741825133562088e-03
8.011522889137268066e-02
2.768142893910408020e-02
-5.073552206158638000e-02
-5.342556536197662354e-02
2.514770440757274628e-02
-1.059252023696899414e-02
7.222353667020797729e-02
-1.880508661270141602e-02
-1.092344298958778381e-01
6.065460387617349625e-03
-1.526639610528945923e-02
-5.042635649442672729e-02
-3.899412602186203003e-02
4.539701715111732483e-02
1.215561106801033020e-02
4.590120539069175720e-02
-5.555909499526023865e-02
3.772262856364250183e-02
2.707314863801002502e-02
-4.572207573801279068e-03
2.993309684097766876e-02
2.611724101006984711e-02
-5.199678614735603333e-02
8.007253706455230713e-02
3.690718486905097961e-02
6.685525178909301758e-02
8.500169031322002411e-03
-1.075452938675880432e-02
7.565351575613021851e-02
7.580758631229400635e-02
-3.071383573114871979e-02
-9.856764227151870728e-04
3.164017572999000549e-02
-2.102959714829921722e-02
-7.683243602514266968e-02
2.372433617711067200e-02
9.569256007671356201e-02
-2.751662395894527435e-03
2.780663222074508667e-02
-3.525630757212638855e-02
1.137242093682289124e-01
3.491685166954994202e-02
-3.216500580310821533e-02
5.684295296669006348e-02
-6.065950146876275539e-04
-1.029116101562976837e-02
1.710145920515060425e-02
-2.465998567640781403e-02
-7.029794156551361084e-03
5.956870689988136292e-02
-2.198169939219951630e-02
1.525952015072107315e-02
-3.874403983354568481e-02
2.679895982146263123e-02
3.851600363850593567e-02
-4.978408291935920715e-02
-4.177861660718917847e-02
-6.923256069421768188e-02
3.642171155661344528e-03
-2.163316868245601654e-02
3.894357010722160339e-02
-1.678893342614173889e-02
-3.621774539351463318e-02
4.246796295046806335e-02
-5.914471670985221863e-02
-1.974474266171455383e-02
9.440299123525619507e-03
1.967391144717112184e-04
-5.646890960633754730e-03
4.257255047559738159e-02
-2.877999097108840942e-02
-5.702355876564979553e-03
-2.893102727830410004e-02
4.523539543151855469e-02
-1.272289603948593140e-01
1.026685386896133423e-01
6.353327631950378418e-02
1.613978296518325806e-01
5.714736506342887878e-02
4.183251038193702698e-02
-1.106765866279602051e-02
-9.075284004211425781e-03
1.619464019313454628e-03
3.887414932250976562e-02
-1.458562463521957397e-01
-2.668642066419124603e-02
-3.572622314095497131e-02
4.439334198832511902e-02
1.980052329599857330e-02
8.130029775202274323e-03
-6.987849250435829163e-03
4.113958403468132019e-02
-8.549517020583152771e-03
5.426470935344696045e-02
-9.398136287927627563e-02
2.630410529673099518e-02
-2.087490865960717201e-03
4.991057515144348145e-02
1.674182526767253876e-02
5.724110640585422516e-03
6.592156738042831421e-02
9.078242629766464233e-02
2.789217978715896606e-03
-7.513590902090072632e-02
-4.657337442040443420e-02
-5.304919555783271790e-02
-1.490631699562072754e-01
2.080514095723628998e-02
1.875015674158930779e-03
-5.112572107464075089e-03
2.742484398186206818e-02
-1.267782300710678101e-01
6.921774148941040039e-02
-1.304378807544708252e-01
-1.878946274518966675e-02
1.639802567660808563e-02
5.200074240565299988e-02
-1.520898491144180298e-01
-3.794461861252784729e-02
-1.336753834038972855e-02
5.893169343471527100e-02
-1.566206477582454681e-02
7.555340230464935303e-02
2.326599061489105225e-01
-1.268230974674224854e-01
-1.100983768701553345e-01
-3.484183922410011292e-02
-2.105611190199851990e-02
1.268175244331359863e-01
-7.564861327409744263e-02
1.981317251920700073e-01
