-9.599073976278305054e-02
-6.180669739842414856e-02
1.083269268274307251e-01
-1.140600591897964478e-01
-1.207505539059638977e-02
1.497827321290969849e-01
3.499861434102058411e-02
-1.810609847307205200e-01
1.140003502368927002e-01
3.494531288743019104e-02
-1.406032294034957886e-01
-5.689431354403495789e-02
1.329711079597473145e-01
-3.932246193289756775e-02
8.081065863370895386e-02
6.705898791551589966e-02
3.107108734548091888e-02
-9.085723012685775757e-02
5.124763026833534241e-02
6.094377487897872925e-03
3.295572847127914429e-02
-5.436886847019195557e-02
-7.165342103689908981e-03
-4.031197354197502136e-02
4.229215532541275024e-02
1.204555947333574295e-02
4.357551783323287964e-02
-6.982471048831939697e-02
-8.933713287115097046e-02
-2.551997452974319458e-02
-1.649715378880500793e-02
-6.740931421518325806e-02
-6.498280912637710571e-02
8.080448210239410400e-02
-1.427361555397510529e-02
-1.829988509416580200e-02
-4.266937449574470520e-02
-1.264098659157752991e-02
3.853040188550949097e-02
1.193970534950494766e-02
-5.894005298614501953e-02
3.038075938820838928e-02
3.527954220771789551e-02
-4.482720419764518738e-02
7.822576165199279785e-02
1.410642359405755997e-02
6.165396887809038162e-03
-1.027537416666746140e-02
-1.541242282837629318e-02
-4.952349886298179626e-02
-8.186548203229904175e-02
4.558787913993000984e-04
-7.850781083106994629e-03
-8.056389167904853821e-03
2.647980116307735443e-02
3.276164457201957703e-02
-6.465810537338256836e-02
2.572820708155632019e-02
4.261416383087635040e-03
1.027602702379226685e-01
7.718410342931747437e-02
-5.279979109764099121e-02
7.622770220041275024e-02
-1.142433285713195801e-01
-2.585275098681449890e-02
-3.336383402347564697e-02
-4.381968826055526733e-02
7.436335086822509766e-02
-5.699576064944267273e-02
-4.706732928752899170e-02
2.127811871469020844e-02
9.114981512539088726e-04
-2.504206821322441101e-02
3.490763530135154724e-02
-1.498114876449108124e-02
9.222743660211563110e-02
4.976100102066993713e-02
3.767765313386917114e-02
-7.826083898544311523e-02
5.922613665461540222e-02
-5.632871389389038086e-02
4.051182791590690613e-02
9.193463250994682312e-03
-8.683373034000396729e-02
-5.608532205224037170e-02
-1.780315116047859192e-02
2.133744396269321442e-02
8.128742128610610962e-02
6.290885619819164276e-03
-3.199781477451324463e-02
6.294431630522012711e-03
-1.418934576213359833e-02
-8.024299889802932739e-02
9.207475930452346802e-03
-7.479420304298400879e-02
3.472259268164634705e-02
-1.082616373896598816e-01
1.609878800809383392e-02
1.960798911750316620e-02
-2.249127253890037537e-02
-8.743163198232650757e-02
3.833427559584379196e-03
-8.245816570706665516e-04
4.235089756548404694e-03
-5.265964567661285400e-02
-1.862139627337455750e-02
4.849785566329956055e-02
-2.398310601711273193e-02
3.900228440761566162e-02
-6.841122172772884369e-03
-4.284042865037918091e-02
-9.165151044726371765e-03
2.021044120192527771e-02
-2.910562604665756226e-02
-1.158593222498893738e-01
9.182538837194442749e-03
-1.221618987619876862e-02
-6.317446380853652954e-02
-8.753425441682338715e-03
6.798948347568511963e-02
6.631740182638168335e-02
-4.240871965885162354e-02
2.308090589940547943e-02
1.229188404977321625e-03
6.431785877794027328e-03
8.927206695079803467e-02
-1.177794784307479858e-01
-5.675531551241874695e-02
-8.323221653699874878e-02
3.378380322828888893e-03
2.237966842949390411e-02
-5.317470803856849670e-02
2.951944805681705475e-02
1.661941781640052795e-02
1.143632177263498306e-02
-1.579829864203929901e-02
9.228542447090148926e-02
-2.381525561213493347e-02
-4.581052809953689575e-02
-6.961324810981750488e-02
-3.844160959124565125e-02
-6.572624295949935913e-02
3.446547687053680420e-02
1.069954931735992432e-01
5.392196401953697205e-02
3.925068676471710205e-02
-3.674826025962829590e-02
-6.723974831402301788e-03
5.243975296616554260e-02
-5.470343679189682007e-02
1.388618256896734238e-02
1.419680891558527946e-03
4.684496298432350159e-02
-8.578449487686157227e-02
-6.562178954482078552e-03
4.700805619359016418e-02
-2.396903466433286667e-03
1.287015378475189209e-01
-5.715817958116531372e-02
5.849101766943931580e-02
-2.585338661447167397e-03
-4.849806718993932009e-04
-4.360410943627357483e-02
-1.750970073044300079e-02
-8.823082596063613892e-02
3.757014125585556030e-02
-8.234187215566635132e-02
2.558519691228866577e-02
-1.866251602768898010e-02
-8.725254982709884644e-02
1.913462206721305847e-02
-7.652121782302856445e-02
8.245753496885299683e-02
2.566919103264808655e-02
-7.342211436480283737e-03
-4.297189041972160339e-02
5.838326644152402878e-03
-3.571742773056030273e-02
-9.271538816392421722e-03
3.195952996611595154e-02
-6.934425979852676392e-02
3.809807077050209045e-02
5.004357919096946716e-02
3.570773079991340637e-02
-7.222650945186614990e-02
1.979386992752552032e-02
-6.853295117616653442e-02
5.600646603852510452e-03
6.983844935894012451e-02
-5.494959652423858643e-02
-1.318140234798192978e-02
-4.816780611872673035e-02
8.947706222534179688e-02
-5.136454105377197266e-02
9.942398220300674438e-02
5.564090982079505920e-02
1.135651990771293640e-01
4.088440537452697754e-02
9.360308945178985596e-02
1.699784211814403534e-02
-3.967855498194694519e-02
-3.395413607358932495e-02
2.794519439339637756e-02
-1.625152826309204102e-01
2.284347452223300934e-02
-7.236231118440628052e-02
8.109714090824127197e-02
-4.317286983132362366e-02
3.929698839783668518e-03
-5.028932914137840271e-02
-3.400474041700363159e-02
-5.589873716235160828e-02
6.024343892931938171e-02
-4.991446807980537415e-02
1.677337288856506348e-02
-4.470899701118469238e-02
7.128872722387313843e-02
1.257458329200744629e-01
-1.102838106453418732e-02
5.450574681162834167e-02
7.656152546405792236e-02
-3.367631137371063232e-02
-1.020776107907295227e-01
-6.581205129623413086e-02
-9.699938446283340454e-02
-1.277232319116592407e-01
5.972407758235931396e-02
7.127492129802703857e-02
2.826298587024211884e-02
4.487374331802129745e-03
-2.881838679313659668e-01
1.204057112336158752e-01
-1.747158616781234741e-01
-6.638633459806442261e-02
7.172720134258270264e-02
2.858844213187694550e-02
-2.086924612522125244e-01
-3.321080282330513000e-02
-3.139703348278999329e-02
6.108355708420276642e-03
-2.390175824984908104e-03
5.160549283027648926e-02
9.913825429975986481e-03
-9.581960737705230713e-02
3.211481263861060143e-03
1.282065454870462418e-02
4.627746995538473129e-03
-1.373518537729978561e-02
-2.271729288622736931e-03
-7.328934967517852783e-03
