-6.448847055435180664e-02
-2.797737345099449158e-02
8.521100878715515137e-02
-2.234746515750885010e-02
-7.353650778532028198e-02
9.359562397003173828e-02
3.890980407595634460e-02
-1.233120337128639221e-01
9.090877324342727661e-02
9.363451600074768066e-02
-9.470241516828536987e-02
-7.383016496896743774e-02
1.034202352166175842e-01
9.092426858842372894e-03
-8.284725993871688843e-02
7.947389036417007446e-02
9.939779993146657944e-04
-4.810403287410736084e-02
-2.835937403142452240e-02
7.882936298847198486e-02
8.231465518474578857e-02
9.010128676891326904e-03
-5.577694391831755638e-04
-3.984419628977775574e-02
3.529748693108558655e-02
-2.262098900973796844e-02
1.813285984098911285e-02
-1.053972765803337097e-01
-1.757384687662124634e-01
-3.014738112688064575e-02
-4.149456322193145752e-02
-7.147617638111114502e-02
3.936146944761276245e-02
6.743489950895309448e-02
1.864186488091945648e-02
-5.428458098322153091e-03
-3.012669645249843597e-02
-2.662885934114456177e-02
7.844770327210426331e-03
-1.498245447874069214e-02
1.621060445904731750e-02
-4.220912605524063110e-02
3.701425716280937195e-02
-4.626284912228584290e-02
1.301665604114532471e-02
2.432431466877460480e-02
-5.418074317276477814e-03
2.202373929321765900e-02
-8.730567991733551025e-02
-6.620037555694580078e-02
-4.299738258123397827e-02
1.063485145568847656e-01
-3.709171712398529053e-02
-1.373346801847219467e-02
6.503070145845413208e-02
2.058066055178642273e-02
-2.891105040907859802e-02
-2.086473070085048676e-02
2.103161253035068512e-02
2.896005101501941681e-02
2.490304969251155853e-02
5.799645185470581055e-02
1.721507310867309570e-02
-1.247252598404884338e-01
-1.354742329567670822e-02
-5.179837346076965332e-02
-3.848364949226379395e-02
7.334770262241363525e-02
-5.631377920508384705e-02
6.185637041926383972e-02
-1.007815897464752197e-01
-1.560131367295980453e-02
1.595374569296836853e-02
4.870133846998214722e-02
2.966641448438167572e-02
-1.341992337256669998e-02
4.815540090203285217e-02
1.468573231250047684e-02
-4.361509531736373901e-02
4.020923748612403870e-02
-6.845661252737045288e-02
2.335878834128379822e-02
3.530092164874076843e-02
-8.556460589170455933e-02
-4.181466996669769287e-02
-6.476832181215286255e-02
7.266972213983535767e-02
8.992046117782592773e-02
-5.931340903043746948e-02
4.445148631930351257e-02
2.477298304438591003e-02
-2.577594667673110962e-02
-1.071017980575561523e-01
-4.912814125418663025e-03
-7.492805272340774536e-02
-4.457531962543725967e-03
-6.216533109545707703e-02
4.994569718837738037e-02
-5.254011601209640503e-02
-4.303628951311111450e-02
-5.991121754050254822e-02
-2.354699559509754181e-02
1.105396193452179432e-03
3.133269399404525757e-02
-3.398431465029716492e-02
-1.085962280631065369e-01
4.526349157094955444e-02
6.574451923370361328e-03
-8.126590400934219360e-03
8.561416179873049259e-04
-3.025212325155735016e-02
6.261500716209411621e-02
-3.125942870974540710e-02
1.117197214625775814e-03
-8.746604621410369873e-02
-2.286731638014316559e-02
4.716069251298904419e-02
-8.665665984153747559e-02
-1.473236456513404846e-02
9.819710999727249146e-02
4.151186347007751465e-02
-5.551593378186225891e-02
-4.395828768610954285e-02
-3.670392185449600220e-02
7.097327709197998047e-02
5.052417516708374023e-02
-1.318367850035429001e-02
-1.146407797932624817e-01
-6.537514925003051758e-02
1.207993132993578911e-03
4.749305546283721924e-03
8.239906281232833862e-03
6.258816272020339966e-02
6.915087252855300903e-02
-3.995208814740180969e-02
-6.159100681543350220e-02
1.458118706941604614e-01
-9.357762336730957031e-02
1.170278247445821762e-02
-4.952700436115264893e-02
1.068534515798091888e-02
-2.901341766119003296e-03
6.754370033740997314e-02
2.799600176513195038e-02
3.508520126342773438e-02
4.290143493562936783e-03
2.162193134427070618e-02
4.660737887024879456e-02
5.367260798811912537e-02
-3.007977455854415894e-02
8.312051743268966675e-02
-3.424907848238945007e-02
4.541201516985893250e-02
-3.511980921030044556e-02
1.824170723557472229e-02
4.873970523476600647e-02
2.245317772030830383e-02
2.258492633700370789e-02
-6.195398047566413879e-02
9.134521335363388062e-02
5.922588706016540527e-02
2.664166269823908806e-03
1.062917243689298630e-02
-2.653292939066886902e-02
-3.779815137386322021e-02
1.528563164174556732e-02
3.613572567701339722e-02
-1.998893171548843384e-02
3.369071707129478455e-02
-5.068299546837806702e-02
3.213801234960556030e-02
-5.551720783114433289e-02
5.606669187545776367e-02
4.509179666638374329e-02
-1.268671602010726929e-01
-4.732855595648288727e-03
-4.534194245934486389e-02
3.966121003031730652e-02
1.897197589278221130e-02
-4.348731040954589844e-02
-1.565014757215976715e-02
-2.159407548606395721e-02
5.468340963125228882e-02
-8.413986116647720337e-02
-2.843127585947513580e-02
3.053645975887775421e-02
3.242367878556251526e-02
6.580539979040622711e-03
2.602821961045265198e-02
-6.839659065008163452e-02
1.986256614327430725e-02
-5.939966067671775818e-02
6.769293546676635742e-02
-1.057260110974311829e-01
1.094146296381950378e-01
5.537050217390060425e-02
1.364069133996963501e-01
5.481022968888282776e-02
1.074900776147842407e-01
-1.416364777833223343e-02
-4.563204571604728699e-02
1.003314927220344543e-02
1.133096870034933090e-02
-1.456828862428665161e-01
1.812703907489776611e-03
2.555597573518753052e-02
3.478135168552398682e-02
2.930164046119898558e-04
-3.559371829032897949e-02
-2.909962832927703857e-02
6.500617600977420807e-03
-3.829838335514068604e-02
8.553829789161682129e-02
-2.800473570823669434e-02
7.671805564314126968e-03
5.491307005286216736e-02
2.279999665915966034e-03
4.695969447493553162e-02
5.831074714660644531e-02
9.255023300647735596e-02
8.352444320917129517e-02
-6.585440132766962051e-03
-3.169238567352294922e-02
-4.459115490317344666e-02
-9.257301688194274902e-02
-1.665234565734863281e-01
1.063963994383811951e-01
3.450737101957201958e-03
2.036097645759582520e-02
-2.152985706925392151e-02
-2.083924561738967896e-01
9.099688380956649780e-02
-2.058794498443603516e-01
-6.729339808225631714e-02
3.907893225550651550e-02
1.442008316516876221e-01
-1.846917271614074707e-01
-8.075705915689468384e-02
-1.088018156588077545e-02
-2.838420448824763298e-03
5.187074095010757446e-02
1.547128260135650635e-01
1.210027188062667847e-01
-1.218531057238578796e-01
-7.096263766288757324e-02
-2.433171123266220093e-02
-2.955963090062141418e-02
8.424113690853118896e-02
-3.808585694059729576e-03
9.595298767089843750e-02
