-7.265836745500564575e-02
-3.063485398888587952e-02
2.413587085902690887e-02
-6.690793205052614212e-03
-1.196137908846139908e-02
3.116882219910621643e-02
4.309388995170593262e-02
-5.263401940464973450e-02
8.408088237047195435e-02
5.241325870156288147e-02
-4.933925345540046692e-02
-4.178600013256072998e-02
6.664898991584777832e-02
6.833781488239765167e-03
-8.534669876098632812e-03
1.181886158883571625e-02
2.239603735506534576e-02
-5.265599116683006287e-02
-1.218573842197656631e-02
6.544353812932968140e-02
6.290723383426666260e-02
1.978831738233566284e-02
-2.238741703331470490e-02
-6.647406145930290222e-03
2.256540767848491669e-02
-1.686677709221839905e-02
4.739105701446533203e-03
-8.767780847847461700e-03
-1.499149203300476074e-01
2.855206374078989029e-03
-3.240583464503288269e-02
-9.201058000326156616e-02
3.023635968565940857e-02
1.122515797615051270e-01
-4.738215011457214132e-06
-3.652033209800720215e-02
-9.517722576856613159e-02
1.350567024201154709e-02
-3.347916156053543091e-02
2.983081713318824768e-02
-6.886042188853025436e-03
-5.621479079127311707e-02
-1.968102063983678818e-03
-8.959546685218811035e-02
1.404882818460464478e-01
1.391396969556808472e-01
8.345351368188858032e-02
4.221820738166570663e-03
-1.073383316397666931e-01
-7.404838502407073975e-02
-5.701577663421630859e-02
1.826641261577606201e-01
-3.213947266340255737e-02
1.000148281455039978e-01
1.189639568328857422e-01
-5.161563679575920105e-02
-2.279403246939182281e-02
1.835007034242153168e-02
4.248077422380447388e-02
-4.331417381763458252e-02
4.194040596485137939e-02
-1.973605342209339142e-02
1.080658361315727234e-01
-1.668468266725540161e-01
-9.112878702580928802e-03
1.094284094870090485e-02
-3.898810222744941711e-02
5.958395823836326599e-02
-3.137025609612464905e-02
-2.833643741905689240e-02
3.026578761637210846e-02
-4.263176023960113525e-02
-2.233743295073509216e-02
7.883805036544799805e-02
2.282696031033992767e-02
-4.096671566367149353e-02
1.201015524566173553e-02
5.395748093724250793e-02
-6.629371643066406250e-02
7.693278789520263672e-02
-7.029867172241210938e-02
2.709966152906417847e-02
3.646107017993927002e-02
-1.313319653272628784e-01
-7.614243775606155396e-02
-5.927368532866239548e-03
4.331779852509498596e-02
8.198869228363037109e-02
-1.779417740181088448e-03
-5.272707343101501465e-02
1.381246279925107956e-02
3.132981434464454651e-02
-8.791815489530563354e-02
9.764187783002853394e-02
-1.179770380258560181e-01
-9.600165300071239471e-03
-8.124023675918579102e-02
3.990860283374786377e-02
-6.675668526440858841e-03
-4.964551422744989395e-03
-7.225998491048812866e-02
-3.808407858014106750e-02
-2.857570163905620575e-02
5.221122875809669495e-02
-1.294770278036594391e-02
-2.807592228055000305e-02
8.271808922290802002e-02
2.467629313468933105e-02
5.449268221855163574e-02
-8.282471448183059692e-03
-1.022293120622634888e-01
4.640166833996772766e-02
-6.292176246643066406e-02
-5.227071046829223633e-02
-1.036514937877655029e-01
-4.771051555871963501e-02
4.534415528178215027e-02
-5.350479483604431152e-02
1.145787187851965427e-03
8.059069514274597168e-02
4.795221984386444092e-02
-7.137593626976013184e-02
-8.310197852551937103e-03
-1.428838446736335754e-02
3.705808520317077637e-02
6.140653416514396667e-02
-2.151162922382354736e-02
-1.079035475850105286e-01
-2.294789813458919525e-02
-4.722101613879203796e-02
2.950638532638549805e-02
-1.076510623097419739e-01
5.737709626555442810e-02
3.387651592493057251e-02
9.762317873537540436e-03
-5.154756829142570496e-02
9.590220451354980469e-02
-5.771770700812339783e-02
-1.143675670027732849e-02
2.111272141337394714e-02
-9.520331397652626038e-03
-4.402140900492668152e-02
6.794667243957519531e-02
4.821836203336715698e-02
4.655174538493156433e-02
9.965586476027965546e-03
-6.890002638101577759e-03
1.042242571711540222e-01
4.148789122700691223e-02
-3.454633802175521851e-02
4.642374813556671143e-02
-1.940714381635189056e-02
-2.033910900354385376e-02
-9.435950219631195068e-02
2.830794453620910645e-02
8.035828173160552979e-02
3.866071626543998718e-02
8.227814733982086182e-02
-6.378704309463500977e-02
1.114394962787628174e-01
5.939376354217529297e-02
-1.015136390924453735e-02
3.987713903188705444e-02
1.826098002493381500e-02
-3.986545279622077942e-02
2.490747347474098206e-02
-2.930072881281375885e-02
-5.159777402877807617e-02
4.041023924946784973e-02
-6.077693030238151550e-02
7.520258426666259766e-02
-3.770916908979415894e-02
5.377108603715896606e-02
6.250502169132232666e-02
-7.308854907751083374e-02
-9.910060092806816101e-03
-2.504543773829936981e-02
-3.480853745713829994e-03
8.523527532815933228e-03
1.754689589142799377e-02
5.793838761746883392e-03
-3.868820518255233765e-02
1.839201897382736206e-02
-6.017454713582992554e-02
-2.809813804924488068e-02
1.272028777748346329e-02
-3.208876401185989380e-02
-2.996638044714927673e-02
5.684180557727813721e-02
-6.416106224060058594e-02
-3.433184698224067688e-02
-3.502982109785079956e-02
3.448697179555892944e-02
-1.309116482734680176e-01
1.042896434664726257e-01
6.956499069929122925e-02
1.601410061120986938e-01
5.948277935385704041e-02
7.792883366346359253e-02
-5.165650323033332825e-02
-3.966860938817262650e-03
-2.494361810386180878e-02
2.957513555884361267e-02
-1.228290200233459473e-01
-3.851975547149777412e-03
-3.689239546656608582e-02
3.935799375176429749e-02
2.107774093747138977e-02
-1.711143739521503448e-02
-1.269234158098697662e-02
3.905244870111346245e-03
-2.606863901019096375e-02
6.685709208250045776e-02
-8.640608936548233032e-02
1.600749231874942780e-02
1.323647797107696533e-02
2.474360354244709015e-02
2.815831080079078674e-02
1.204269379377365112e-02
8.006079494953155518e-02
1.001607775688171387e-01
6.278752814978361130e-03
-7.415238767862319946e-02
-1.718069054186344147e-02
-5.217448621988296509e-02
-1.322284489870071411e-01
3.240387141704559326e-02
-1.145010627806186676e-02
-3.176497993990778923e-03
2.328118868172168732e-02
-1.187085807323455811e-01
7.136809080839157104e-02
-1.409446746110916138e-01
-2.710610441863536835e-02
3.539656102657318115e-02
9.168540686368942261e-02
-1.356523782014846802e-01
-5.924639850854873657e-02
-1.148820016533136368e-02
5.529969558119773865e-02
6.222985219210386276e-03
1.126609295606613159e-01
1.962795108556747437e-01
-1.279190480709075928e-01
-1.096946895122528076e-01
-1.886967569589614868e-02
-4.033423215150833130e-02
1.421103775501251221e-01
-5.475375801324844360e-02
1.321807354688644409e-01
