-8.976227790117263794e-02
-6.852026283740997314e-02
8.859942108392715454e-02
-6.728898733854293823e-02
-3.203263133764266968e-02
9.780324995517730713e-02
3.887339308857917786e-02
-1.244554892182350159e-01
1.300626099109649658e-01
4.031619802117347717e-02
-1.176039129495620728e-01
-5.744637176394462585e-02
1.240736618638038635e-01
-4.990710318088531494e-02
6.457586423493921757e-04
4.563876613974571228e-02
1.946475170552730560e-02
-9.818844497203826904e-02
3.743725270032882690e-02
3.211046010255813599e-02
5.987303704023361206e-02
-1.970387995243072510e-02
-1.876861415803432465e-02
-3.297977149486541748e-02
3.952806070446968079e-02
-1.115825772285461426e-02
2.579331770539283752e-02
-6.571222096681594849e-02
-1.352498531341552734e-01
-4.165180027484893799e-02
-5.544456467032432556e-02
-5.912341922521591187e-02
1.439637504518032074e-03
1.453699320554733276e-01
9.242588421329855919e-04
-4.083381965756416321e-02
-6.640724092721939087e-02
-3.434996306896209717e-02
-5.413735052570700645e-04
1.596873439848423004e-02
-1.881209760904312134e-02
-1.529448106884956360e-02
2.717905491590499878e-02
-7.132916152477264404e-02
1.241330429911613464e-01
1.039870977401733398e-01
5.308784544467926025e-02
-2.360513620078563690e-02
-6.853488832712173462e-02
-6.928765028715133667e-02
-2.643252909183502197e-02
1.069904491305351257e-01
6.965858628973364830e-04
4.758600145578384399e-02
8.745044469833374023e-02
2.939650090411305428e-03
-8.007813990116119385e-02
4.018138628453016281e-03
4.443245008587837219e-02
2.381186001002788544e-02
4.872138053178787231e-02
9.986722841858863831e-03
8.027014881372451782e-02
-1.440851539373397827e-01
-5.654999986290931702e-03
-2.965492662042379379e-03
-4.172855615615844727e-02
4.354932904243469238e-02
-5.660484731197357178e-02
-1.593074877746403217e-03
4.740155301988124847e-03
-3.642953559756278992e-02
-2.363536320626735687e-02
7.212883234024047852e-02
3.485926240682601929e-02
1.816858351230621338e-02
7.709151599556207657e-03
4.007438197731971741e-02
-6.654047966003417969e-02
3.384958952665328979e-02
-4.121845588088035583e-02
5.174082517623901367e-02
2.583042718470096588e-02
-1.010654792189598083e-01
-5.977832153439521790e-02
2.775500528514385223e-03
4.129562154412269592e-02
8.856308460235595703e-02
-1.676969975233078003e-02
-5.044383183121681213e-02
3.710306063294410706e-02
8.695809170603752136e-03
-8.684007823467254639e-02
5.230707302689552307e-02
-1.220865547657012939e-01
1.051224488765001297e-02
-9.457755088806152344e-02
3.911463543772697449e-02
-2.807578258216381073e-02
-4.261808935552835464e-03
-8.114312589168548584e-02
-3.400300815701484680e-02
-7.561261765658855438e-03
2.842696011066436768e-02
-3.969252482056617737e-02
-2.447793073952198029e-02
8.366188406944274902e-02
1.125038880854845047e-02
2.582563459873199463e-02
8.197579532861709595e-03
-6.228869035840034485e-02
1.600242592394351959e-02
-2.455712109804153442e-02
-4.039619117975234985e-02
-7.415431737899780273e-02
-7.587919943034648895e-03
4.788521677255630493e-02
-6.411283463239669800e-02
-3.167400369420647621e-03
9.161528199911117554e-02
3.055139072239398956e-02
-4.165985435247421265e-02
-1.803281717002391815e-02
8.567238226532936096e-03
3.742991015315055847e-02
7.069977372884750366e-02
-4.132159426808357239e-02
-7.870326936244964600e-02
-8.166258037090301514e-02
-3.003865666687488556e-02
4.751579836010932922e-02
-9.755682200193405151e-02
7.852009683847427368e-02
2.470181696116924286e-02
-4.200765397399663925e-03
-8.085208386182785034e-02
1.362733393907546997e-01
-6.926032900810241699e-02
-3.934546560049057007e-02
-5.095325410366058350e-02
-2.773909457027912140e-02
-6.469740718603134155e-02
5.896978452801704407e-02
8.478623628616333008e-02
3.135339170694351196e-02
2.950295805931091309e-02
-3.019407391548156738e-02
5.601323395967483521e-02
8.471214771270751953e-02
-7.323344051837921143e-02
6.043121218681335449e-02
3.629898885264992714e-03
4.488269984722137451e-02
-8.888698369264602661e-02
1.284544449299573898e-02
4.715738818049430847e-02
7.594952359795570374e-03
9.222026914358139038e-02
-6.835156679153442383e-02
1.105731502175331116e-01
5.403910204768180847e-02
-1.515878364443778992e-02
-1.839795499108731747e-03
-4.390428308397531509e-03
-5.840880796313285828e-02
1.437087729573249817e-02
-2.909426204860210419e-02
-6.329924217425286770e-04
2.418388240039348602e-02
-3.088399209082126617e-02
1.931556127965450287e-02
-3.293578699231147766e-02
5.815818533301353455e-02
3.377206623554229736e-02
-6.478589028120040894e-02
-3.073596023023128510e-02
-6.135398522019386292e-03
-2.987320348620414734e-02
7.490293122828006744e-03
6.714079994708299637e-03
-4.721273854374885559e-02
1.893878541886806488e-02
2.346079424023628235e-02
-2.838942222297191620e-02
-3.532478958368301392e-02
-1.126677822321653366e-02
-2.386086247861385345e-02
-6.313004414550960064e-04
6.021161004900932312e-02
-6.638049334287643433e-02
-3.805644810199737549e-02
-4.753768816590309143e-02
8.342417329549789429e-02
-1.357264071702957153e-01
1.108588948845863342e-01
7.216888666152954102e-02
1.745918691158294678e-01
3.360735997557640076e-02
1.270812153816223145e-01
-2.380986884236335754e-02
-2.665006369352340698e-02
-3.567457199096679688e-02
2.130377665162086487e-02
-1.592938899993896484e-01
-3.062305413186550140e-02
-3.594049438834190369e-02
7.218079268932342529e-02
-9.122361429035663605e-03
-1.100620534271001816e-02
-1.170274615287780762e-02
-3.154012933373451233e-02
-4.570165649056434631e-02
8.687507361173629761e-02
-8.931055665016174316e-02
-3.207836765795946121e-03
-1.179431378841400146e-02
3.732869774103164673e-02
5.174603685736656189e-02
-4.490385763347148895e-03
7.877270877361297607e-02
7.470188289880752563e-02
-4.272173158824443817e-03
-8.951811492443084717e-02
-2.647941932082176208e-02
-8.067923039197921753e-02
-1.175516843795776367e-01
7.642126828432083130e-02
2.358323149383068085e-02
-2.518230816349387169e-03
1.575830392539501190e-02
-1.725382208824157715e-01
8.510328084230422974e-02
-1.729658693075180054e-01
-2.164453454315662384e-02
6.275202333927154541e-02
8.897767961025238037e-02
-2.055011242628097534e-01
-6.657649576663970947e-02
-2.838683128356933594e-02
3.669970110058784485e-02
-1.083464943803846836e-03
8.745729923248291016e-02
1.204241365194320679e-01
-1.072847917675971985e-01
-4.765678569674491882e-02
-1.347796246409416199e-02
-3.790092840790748596e-02
6.806819885969161987e-02
-3.198412433266639709e-02
8.836929500102996826e-02
