-1.021429970860481262e-01
-4.372955486178398132e-02
1.711126975715160370e-02
-2.766987495124340057e-02
1.694171689450740814e-02
4.947919026017189026e-02
4.228197783231735229e-02
-9.770110249519348145e-02
1.089207753539085388e-01
3.774758055806159973e-02
-9.676694124937057495e-02
-8.603348582983016968e-02
9.624088555574417114e-02
-1.746192574501037598e-02
3.793255984783172607e-02
1.094728242605924606e-02
5.859143286943435669e-02
-7.413677871227264404e-02
1.498918700963258743e-02
2.875826507806777954e-02
4.877932742238044739e-02
-8.463951759040355682e-03
3.200584324076771736e-03
-7.000454701483249664e-03
3.386368602514266968e-02
-1.073197112418711185e-03
-1.748914457857608795e-02
5.563721992075443268e-03
-7.595001161098480225e-02
5.083835870027542114e-02
-3.434963524341583252e-02
-1.047593653202056885e-01
-3.537914156913757324e-02
6.714607030153274536e-02
-5.941052921116352081e-03
-5.439391359686851501e-03
-1.078728437423706055e-01
2.460228651762008667e-02
-3.317235037684440613e-02
6.586459279060363770e-02
-4.757301136851310730e-02
-1.065231952816247940e-02
9.586676955223083496e-03
-1.015034168958663940e-01
1.414969712495803833e-01
8.938472718000411987e-02
8.354692906141281128e-02
-3.611900319810956717e-04
-5.354429036378860474e-02
-9.550343453884124756e-02
-7.685368508100509644e-02
1.201296001672744751e-01
-2.360585145652294159e-02
9.307613223791122437e-02
6.888171285390853882e-02
-4.457761719822883606e-02
-2.080572769045829773e-02
4.091674089431762695e-02
2.799159288406372070e-02
-2.982676029205322266e-02
5.162353441119194031e-02
-5.611518770456314087e-02
9.562869369983673096e-02
-1.302022933959960938e-01
-1.254367828369140625e-02
1.458447612822055817e-02
-1.494024880230426788e-02
4.586347192525863647e-02
1.085929013788700104e-02
-7.382909953594207764e-02
8.340243250131607056e-02
3.089000470936298370e-03
-4.472785815596580505e-02
2.376638725399971008e-02
-6.977587938308715820e-03
1.043590996414422989e-02
2.317292056977748871e-02
5.768426507711410522e-02
-4.284986481070518494e-02
7.910536974668502808e-02
-8.135976642370223999e-02
2.310929074883460999e-02
1.236535049974918365e-02
-1.117287054657936096e-01
-5.191038548946380615e-02
-5.767571739852428436e-03
7.775720674544572830e-03
6.424492597579956055e-02
4.409044981002807617e-02
-7.419089227914810181e-02
1.523012947291135788e-02
5.642095953226089478e-02
-6.272595375776290894e-02
6.811823695898056030e-02
-9.660942107439041138e-02
-3.730829572305083275e-03
-7.698900997638702393e-02
1.294005662202835083e-02
1.852740347385406494e-02
-6.807427853345870972e-03
-7.075420022010803223e-02
-8.471663109958171844e-03
-2.960734441876411438e-02
1.824421249330043793e-02
-2.237365022301673889e-02
-3.040304174646735191e-03
6.396823376417160034e-02
-4.459495190531015396e-03
7.495962083339691162e-02
-7.068034610711038113e-04
-9.787355363368988037e-02
-2.313555683940649033e-03
-3.213411569595336914e-02
-2.980236522853374481e-02
-8.014978468418121338e-02
-4.452224820852279663e-02
5.039082607254385948e-04
-1.951672881841659546e-02
-1.325949374586343765e-02
4.804673045873641968e-02
3.502317145466804504e-02
-4.487299174070358276e-02
1.132569368928670883e-02
3.805370535701513290e-03
-1.809613220393657684e-02
6.126180663704872131e-02
-4.624607786536216736e-02
-7.803653180599212646e-02
-2.219681069254875183e-02
-2.475475333631038666e-02
1.990199089050292969e-02
-8.624283224344253540e-02
4.273745790123939514e-02
5.840880330651998520e-03
6.812747567892074585e-02
-2.752736024558544159e-02
4.768400639295578003e-02
-1.760854758322238922e-02
-2.451366372406482697e-02
7.365449331700801849e-03
-3.682219609618186951e-02
-4.293259978294372559e-02
2.377061918377876282e-02
3.044733963906764984e-02
6.830906867980957031e-02
1.617260649800300598e-02
-2.158325724303722382e-02
5.832252651453018188e-02
2.842484787106513977e-02
-6.607554852962493896e-02
2.990075014531612396e-02
7.951451465487480164e-03
4.558758810162544250e-03
-1.300855278968811035e-01
1.439380366355180740e-02
8.045234531164169312e-02
2.496358565986156464e-02
7.809353619813919067e-02
-3.114308603107929230e-02
7.935681939125061035e-02
1.982583478093147278e-02
-1.508720405399799347e-02
3.308749943971633911e-02
7.831995375454425812e-03
-5.194854736328125000e-02
2.817887440323829651e-02
-5.030977353453636169e-02
-6.886899005621671677e-03
2.521245554089546204e-02
-6.618575006723403931e-02
3.606955334544181824e-02
-4.922687634825706482e-02
4.502256214618682861e-02
6.508128345012664795e-02
-2.617039903998374939e-02
-1.700990833342075348e-02
1.715520583093166351e-02
-4.674757644534111023e-02
-5.983490496873855591e-03
3.952096775174140930e-02
-1.037096045911312103e-02
-1.062101311981678009e-02
1.598318293690681458e-02
3.912334796041250229e-03
-6.379499286413192749e-02
-1.464128307998180389e-02
-8.352225273847579956e-02
-1.576935499906539917e-02
3.679899498820304871e-02
-5.696129426360130310e-02
-2.818913944065570831e-02
-2.527713216841220856e-02
4.858875647187232971e-02
-1.225843131542205811e-01
1.093107014894485474e-01
3.695277124643325806e-02
1.734964996576309204e-01
5.294676497578620911e-02
8.792552351951599121e-02
-1.169200637377798557e-03
-1.590630225837230682e-02
-5.350260064005851746e-02
4.905991628766059875e-02
-1.292695701122283936e-01
1.451499387621879578e-02
-9.847844392061233521e-02
7.351810485124588013e-02
-1.229065842926502228e-02
1.809720508754253387e-02
-3.143046423792839050e-02
-1.200487650930881500e-02
-9.890536777675151825e-03
6.330329179763793945e-02
-9.114989638328552246e-02
3.822858259081840515e-02
-2.361533418297767639e-02
8.109513670206069946e-02
5.608106032013893127e-02
-3.129006549715995789e-02
8.020246028900146484e-02
9.022855013608932495e-02
-2.367291040718555450e-02
-1.309306770563125610e-01
-5.176139622926712036e-02
-4.116676375269889832e-02
-1.345222890377044678e-01
4.867580905556678772e-02
1.361881755292415619e-02
1.731508993543684483e-03
6.110766530036926270e-02
-1.873123496770858765e-01
9.372299909591674805e-02
-1.528257280588150024e-01
-4.106715321540832520e-02
4.078266769647598267e-02
6.659421324729919434e-02
-1.661230772733688354e-01
-6.776316463947296143e-02
-1.950510032474994659e-02
8.701110631227493286e-02
-3.724322468042373657e-02
8.684524148702621460e-02
2.323798537254333496e-01
-1.680875569581985474e-01
-1.321435570716857910e-01
-2.555122133344411850e-03
-3.254817798733711243e-02
1.513862460851669312e-01
-7.762218266725540161e-02
1.471975445747375488e-01
