-1.395735144615173340e-01
-8.632112294435501099e-03
-4.074594378471374512e-02
-1.156930066645145416e-02
-4.385646805167198181e-02
3.442818671464920044e-02
6.537021696567535400e-02
-1.505461782217025757e-01
1.090652197599411011e-01
9.044411033391952515e-02
-5.477087572216987610e-02
-9.432395547628402710e-02
8.824524283409118652e-02
5.453094840049743652e-02
2.509342273697257042e-03
-8.890977129340171814e-03
4.532900825142860413e-02
-2.633793279528617859e-02
-2.801847271621227264e-02
9.374798834323883057e-02
3.068320453166961670e-02
-1.133931893855333328e-02
-3.099533356726169586e-02
1.848411560058593750e-02
-1.222153007984161377e-02
1.073445752263069153e-02
-4.033272154629230499e-03
2.079534530639648438e-02
-3.124430589377880096e-02
6.025385484099388123e-02
3.152246773242950439e-02
-4.635218530893325806e-02
-4.102711100131273270e-04
2.310956083238124847e-02
-2.416246011853218079e-02
-3.781690262258052826e-03
-9.622579813003540039e-02
2.910931222140789032e-02
8.784844540059566498e-03
2.103841491043567657e-02
-3.627893701195716858e-02
-3.218436986207962036e-02
-1.247641351073980331e-02
-6.863235682249069214e-02
1.924430727958679199e-01
8.432104438543319702e-02
7.829522341489791870e-02
3.685558959841728210e-02
-4.405790194869041443e-02
-9.646702557802200317e-02
-1.424089968204498291e-01
1.269198507070541382e-01
-6.408676505088806152e-02
1.239486485719680786e-01
5.289158225059509277e-02
-7.157590240240097046e-02
8.850221522152423859e-03
2.280617877840995789e-02
2.101956680417060852e-02
-2.728598192334175110e-02
1.051114797592163086e-01
-4.860339313745498657e-02
1.358446627855300903e-01
-1.222021058201789856e-01
-1.213693805038928986e-02
1.605969481170177460e-02
-5.181305855512619019e-02
7.724038511514663696e-02
-4.200705327093601227e-03
-5.406603217124938965e-02
9.408702701330184937e-02
-3.702110797166824341e-02
-8.749346435070037842e-02
5.518008396029472351e-02
2.555272914469242096e-02
-3.969588130712509155e-02
3.440941800363361835e-04
3.819099813699722290e-02
-7.744911313056945801e-02
1.245992109179496765e-01
-7.769073545932769775e-02
-1.532294414937496185e-02
2.200329303741455078e-02
-1.067110598087310791e-01
-4.913621768355369568e-02
-4.461346939206123352e-02
4.387000575661659241e-02
7.452330738306045532e-02
2.238405495882034302e-02
-4.060915857553482056e-02
1.750267855823040009e-02
7.071597129106521606e-02
-1.308327168226242065e-01
1.021856144070625305e-01
-4.190481826663017273e-02
-3.249732032418251038e-02
-4.491173848509788513e-02
2.891997806727886200e-02
-1.435497030615806580e-02
-9.110650047659873962e-03
-6.015158444643020630e-02
-7.205073256045579910e-03
-5.351736769080162048e-02
-1.038213912397623062e-02
-3.846088796854019165e-02
-4.822295531630516052e-02
6.838140636682510376e-02
3.359707072377204895e-02
1.129876375198364258e-01
-2.927764318883419037e-02
-9.523423761129379272e-02
4.819998145103454590e-02
-2.905090898275375366e-02
-6.358362734317779541e-02
-1.016457974910736084e-01
-6.877026706933975220e-02
-1.456280983984470367e-02
-5.606147274374961853e-02
3.589718043804168701e-02
3.643882647156715393e-02
5.557232722640037537e-02
-4.771022498607635498e-02
7.544828206300735474e-02
-3.479499742388725281e-02
1.853347383439540863e-02
2.454157173633575439e-02
-3.100347891449928284e-02
-1.172423586249351501e-01
-2.417009882628917694e-02
-3.354688361287117004e-02
5.587175954133272171e-03
-7.422515749931335449e-02
2.239057421684265137e-02
-3.996719606220722198e-03
5.113463383167982101e-03
-6.685298867523670197e-03
3.000888228416442871e-02
-8.611501753330230713e-02
-3.431355953216552734e-02
2.047152072191238403e-02
-8.474822342395782471e-02
-2.358967810869216919e-02
2.316369861364364624e-02
-1.146736741065979004e-02
6.083542108535766602e-02
4.045121837407350540e-03
-3.186671063303947449e-02
5.087456107139587402e-02
3.473825380206108093e-02
-1.070658676326274872e-02
6.245464831590652466e-02
-4.558483511209487915e-02
-5.478569492697715759e-02
-1.342051923274993896e-01
2.073420025408267975e-02
2.608575113117694855e-02
2.108324505388736725e-02
8.652244508266448975e-02
-1.672235131263732910e-02
7.310011982917785645e-02
-2.203128114342689514e-02
-2.971333079040050507e-02
3.530250862240791321e-02
2.773221954703330994e-02
-2.958356216549873352e-02
1.401156559586524963e-02
-4.864276945590972900e-02
-4.252739250659942627e-02
2.059436775743961334e-02
-8.392382413148880005e-02
4.871142655611038208e-02
-2.282035350799560547e-02
2.881569229066371918e-02
8.128181099891662598e-02
2.003845199942588806e-02
-4.410192370414733887e-03
5.263780057430267334e-02
-5.880394484847784042e-03
-1.467499183490872383e-03
3.495556116104125977e-02
4.358594864606857300e-02
-1.610728725790977478e-02
9.684097021818161011e-03
-4.929565265774726868e-02
-2.728347107768058777e-02
3.454838693141937256e-02
-5.809396877884864807e-02
-7.480159401893615723e-02
-3.381610149517655373e-04
1.025468297302722931e-02
-1.880310126580297947e-03
-2.266513369977474213e-02
1.178810559213161469e-02
-1.241263300180435181e-01
8.778404444456100464e-02
2.728454768657684326e-02
1.237930431962013245e-01
5.371159315109252930e-02
9.082523733377456665e-02
-4.304105043411254883e-02
3.131408616900444031e-02
1.163048669695854187e-02
5.057441070675849915e-02
-1.185770854353904724e-01
4.239916801452636719e-02
-3.298621624708175659e-02
8.818750269711017609e-03
-5.547285545617341995e-03
-1.269856747239828110e-02
-1.997370086610317230e-02
2.936437539756298065e-02
-1.561436150223016739e-02
5.737634375691413879e-02
-4.968733340501785278e-02
2.890434674918651581e-02
-1.039060857146978378e-02
6.581825017929077148e-02
6.694072484970092773e-02
-1.483105868101119995e-02
2.840234525501728058e-02
7.259751111268997192e-02
-7.226745784282684326e-02
-7.497718185186386108e-02
-3.228919953107833862e-02
-7.175512611865997314e-02
-1.437126547098159790e-01
4.250790178775787354e-02
1.123383874073624611e-03
-1.022401265799999237e-02
3.889607638120651245e-02
-1.304127871990203857e-01
1.006890311837196350e-01
-9.394086152315139771e-02
-3.824396431446075439e-02
1.413202006369829178e-02
7.110887765884399414e-02
-1.346661001443862915e-01
-2.872892469167709351e-02
-2.005733922123908997e-02
1.044751927256584167e-01
-2.054064720869064331e-02
7.019815593957901001e-02
1.970652192831039429e-01
-1.203136965632438660e-01
-1.617344021797180176e-01
1.541493367403745651e-02
-2.284510992467403412e-02
1.696273982524871826e-01
-7.929872721433639526e-02
9.690425544977188110e-02
