-5.618767067790031433e-02
-8.364541828632354736e-02
1.085663512349128723e-01
-2.554193325340747833e-02
-2.948853932321071625e-02
1.100409030914306641e-02
-3.536127507686614990e-02
-4.664561152458190918e-02
2.685652859508991241e-02
4.203967750072479248e-02
-7.964365929365158081e-02
-1.695899479091167450e-02
5.740687251091003418e-02
1.348642446100711823e-02
-3.635597601532936096e-02
9.072744846343994141e-02
-5.916346795856952667e-03
-9.074472635984420776e-02
2.315457351505756378e-02
3.329167142510414124e-02
1.164545193314552307e-01
-5.015005357563495636e-03
-2.271348424255847931e-02
-2.915286645293235779e-02
2.658606693148612976e-02
-5.222431942820549011e-02
6.699472665786743164e-02
-4.976660758256912231e-02
-2.120767086744308472e-01
-1.951957680284976959e-02
-7.179271429777145386e-02
-8.355933427810668945e-02
4.179034382104873657e-02
1.536553949117660522e-01
-2.650573477149009705e-02
-6.976896524429321289e-02
-9.377042204141616821e-02
-5.495783407241106033e-03
-1.322473399341106415e-02
-7.260875310748815536e-03
3.426930634304881096e-03
-9.073793888092041016e-02
4.882788658142089844e-02
-9.555316716432571411e-02
7.535248249769210815e-02
1.254607588052749634e-01
3.648386895656585693e-02
3.766947984695434570e-02
-1.221965625882148743e-01
-6.097856163978576660e-02
-2.263619191944599152e-02
2.087573707103729248e-01
-3.542407602071762085e-02
6.680408865213394165e-02
1.220323964953422546e-01
-4.325711727142333984e-02
-4.823883995413780212e-02
1.195992715656757355e-02
8.466119319200515747e-02
-3.604725003242492676e-02
5.603136494755744934e-03
-9.632354602217674255e-03
9.089130163192749023e-02
-1.200177446007728577e-01
4.007026180624961853e-02
2.142459340393543243e-02
-8.030904084444046021e-02
6.579595059156417847e-02
-9.624718688428401947e-03
-8.916448568925261497e-04
3.611570969223976135e-02
-6.521402299404144287e-02
3.311536088585853577e-02
1.123375967144966125e-01
6.978677213191986084e-02
-2.667878568172454834e-02
3.696648404002189636e-03
3.688044100999832153e-02
-9.445952624082565308e-02
1.006828397512435913e-01
-5.886611342430114746e-02
1.570754917338490486e-03
3.647158294916152954e-02
-1.264130771160125732e-01
-9.556289017200469971e-02
-1.419567223638296127e-02
4.505391046404838562e-02
1.417381465435028076e-01
-3.085592063143849373e-03
-2.940310724079608917e-02
1.774499006569385529e-02
1.646021194756031036e-02
-1.201922222971916199e-01
6.903821229934692383e-02
-8.707436919212341309e-02
-6.658667325973510742e-02
-1.084228456020355225e-01
7.949452102184295654e-02
-1.477152667939662933e-02
-2.608666010200977325e-02
-9.823465347290039062e-02
-3.335946425795555115e-02
-8.218580484390258789e-02
5.083888396620750427e-02
-3.719828277826309204e-02
-7.714487612247467041e-02
7.198297977447509766e-02
2.161881141364574432e-02
-1.146897394210100174e-02
-4.048928245902061462e-02
-6.255703978240489960e-03
6.790800392627716064e-02
-4.803805053234100342e-02
-1.875341311097145081e-02
-7.701687514781951904e-02
-7.328398525714874268e-02
6.771191954612731934e-02
-2.855917811393737793e-02
1.170934736728668213e-02
1.080224961042404175e-01
2.446556836366653442e-02
-4.837059229612350464e-02
-1.031452938914299011e-01
2.151314541697502136e-02
2.151228487491607666e-02
7.989276945590972900e-02
1.997519051656126976e-03
-1.203304454684257507e-01
-3.635491244494915009e-03
9.470592252910137177e-03
-8.998440206050872803e-02
2.839746698737144470e-02
3.071046248078346252e-02
1.831833645701408386e-02
4.432597197592258453e-03
-7.459691166877746582e-02
2.587988041341304779e-02
5.869780853390693665e-02
4.462236072868108749e-03
4.319061711430549622e-02
8.479406684637069702e-02
-3.442416712641716003e-02
8.768969029188156128e-02
4.175576195120811462e-02
6.332851201295852661e-02
-1.680223643779754639e-02
-7.883315905928611755e-03
7.473295181989669800e-02
9.645268321037292480e-02
2.588680014014244080e-03
-7.689401507377624512e-03
7.981035858392715454e-03
-2.288790274178609252e-04
-4.536690935492515564e-02
1.211315393447875977e-02
1.011417210102081299e-01
-2.373228594660758972e-02
-4.073332995176315308e-02
-5.501040443778038025e-02
1.105890944600105286e-01
4.590780287981033325e-02
-1.460924837738275528e-02
5.990344285964965820e-02
1.425231434404850006e-02
3.484187414869666100e-03
3.218105807900428772e-02
-1.370961591601371765e-02
-1.422314904630184174e-02
7.521606981754302979e-02
-2.769687399268150330e-02
3.007010370492935181e-02
-8.427932113409042358e-02
6.257823854684829712e-02
5.394606851041316986e-03
-7.390643656253814697e-02
-6.495293229818344116e-02
-1.267774999141693115e-01
2.906879968941211700e-02
-3.781197220087051392e-02
1.059434004127979279e-02
-2.535960637032985687e-02
-1.414934545755386353e-02
9.373522549867630005e-02
-8.090168237686157227e-02
6.376370787620544434e-03
4.694676026701927185e-02
6.382477283477783203e-02
-6.663874257355928421e-03
5.115326493978500366e-02
-4.327875375747680664e-02
3.144239261746406555e-02
-8.774938061833381653e-03
2.764330804347991943e-02
-1.069342344999313354e-01
1.008895561099052429e-01
6.762196868658065796e-02
1.036268323659896851e-01
7.023855298757553101e-02
3.322523320093750954e-03
-2.119495533406734467e-02
-9.930696338415145874e-03
6.551405042409896851e-02
3.303868463262915611e-03
-1.228394657373428345e-01
-5.283983051776885986e-02
5.651614069938659668e-02
-3.024500561878085136e-03
4.473957791924476624e-02
1.361849624663591385e-02
1.402480807155370712e-02
7.442735880613327026e-02
2.144913189113140106e-03
3.492314741015434265e-02
-5.276938900351524353e-02
2.511762455105781555e-02
2.850249782204627991e-02
2.693220414221286774e-02
-2.549036592245101929e-02
5.098027735948562622e-02
3.239536657929420471e-02
5.345326662063598633e-02
1.935546658933162689e-02
-1.897230744361877441e-02
-3.356175869703292847e-02
-5.336673557758331299e-02
-1.589980572462081909e-01
1.306804921478033066e-02
7.614272180944681168e-03
2.843981143087148666e-03
-3.130275756120681763e-02
-5.687481909990310669e-02
2.375169843435287476e-02
-8.641012758016586304e-02
-2.186255902051925659e-02
-2.142449282109737396e-02
2.921907044947147369e-02
-8.496944606304168701e-02
-7.306125015020370483e-03
2.468014322221279144e-02
5.661648698151111603e-03
2.299807220697402954e-02
4.122812673449516296e-02
1.621406674385070801e-01
-7.225041836500167847e-02
-8.885066956281661987e-02
-3.485603630542755127e-02
3.968424629420042038e-03
4.906212911009788513e-02
-5.752296745777130127e-02
1.592350602149963379e-01
