-9.233234077692031860e-02
-4.606847465038299561e-02
6.266652792692184448e-02
-4.018009826540946960e-02
-3.331894055008888245e-02
8.794409036636352539e-02
4.383302479982376099e-02
-1.091737449169158936e-01
1.033464446663856506e-01
5.211834982037544250e-02
-7.837185263633728027e-02
-7.080248743295669556e-02
1.126047894358634949e-01
1.611776091158390045e-02
-1.025220286101102829e-02
3.380124643445014954e-02
3.413087874650955200e-02
-7.278993725776672363e-02
4.369435366243124008e-03
5.996784940361976624e-02
6.917797774076461792e-02
1.530631911009550095e-03
6.783640943467617035e-03
-3.225267305970191956e-02
5.621523782610893250e-02
-1.603304757736623287e-03
2.094537951052188873e-02
-7.314256578683853149e-02
-1.402797549962997437e-01
-8.098876103758811951e-03
-4.960896447300910950e-02
-9.267712384462356567e-02
1.321691088378429413e-03
1.011465340852737427e-01
1.393204368650913239e-02
-3.478636965155601501e-02
-9.220385551452636719e-02
-1.912727952003479004e-02
-3.511494258418679237e-03
4.253201559185981750e-02
-1.122338976711034775e-02
-2.623349241912364960e-02
2.145835943520069122e-02
-8.149953931570053101e-02
1.076409220695495605e-01
6.762005388736724854e-02
5.008085444569587708e-02
1.551915425807237625e-03
-7.421177625656127930e-02
-8.206206560134887695e-02
-7.175373286008834839e-02
1.187999397516250610e-01
-3.955097496509552002e-02
3.885068371891975403e-02
8.940090239048004150e-02
-1.643604226410388947e-02
-4.326067119836807251e-02
2.772880834527313709e-04
3.645988181233406067e-02
1.361842174082994461e-02
5.056474730372428894e-02
-1.452344935387372971e-02
8.115083724260330200e-02
-1.454695016145706177e-01
-1.484901737421751022e-02
-3.815455129370093346e-03
-4.902733117341995239e-02
7.239371538162231445e-02
-3.825968131422996521e-02
-2.161795087158679962e-02
6.361499428749084473e-03
-2.142974175512790680e-02
-1.659563370048999786e-02
5.639319121837615967e-02
1.118789706379175186e-02
2.699064789339900017e-03
3.582476824522018433e-02
4.264122620224952698e-02
-8.238735049962997437e-02
6.968776881694793701e-02
-7.275374978780746460e-02
2.741929702460765839e-02
2.716588042676448822e-02
-1.240942180156707764e-01
-6.167374178767204285e-02
-1.217047125101089478e-02
4.635659977793693542e-02
9.710424393415451050e-02
-2.093671448528766632e-02
-2.465564571321010590e-02
3.157980274409055710e-03
1.113630179315805435e-02
-9.836041182279586792e-02
5.262295529246330261e-02
-1.123831644654273987e-01
7.156835403293371201e-03
-7.716449350118637085e-02
3.189215064048767090e-02
-3.081158502027392387e-03
-2.827858366072177887e-02
-8.616996556520462036e-02
-2.025173604488372803e-02
-1.072777621448040009e-02
2.916047722101211548e-02
-4.540702328085899353e-02
-4.830680787563323975e-02
7.436221837997436523e-02
1.092871371656656265e-02
4.756863787770271301e-02
-8.582390844821929932e-03
-7.734567672014236450e-02
2.733393199741840363e-02
-2.399010211229324341e-02
-3.015905432403087616e-02
-9.746687859296798706e-02
-1.165591925382614136e-02
2.223664335906505585e-02
-7.644420117139816284e-02
-3.405899042263627052e-03
9.271457046270370483e-02
5.407403036952018738e-02
-3.958895802497863770e-02
9.507918730378150940e-05
-1.784241013228893280e-02
2.322140894830226898e-02
6.724604219198226929e-02
-4.674094170331954956e-02
-8.888764679431915283e-02
-5.232030153274536133e-02
-2.543685771524906158e-02
2.438413910567760468e-02
-6.292066723108291626e-02
3.586955368518829346e-02
3.681235387921333313e-02
-1.200123806484043598e-03
-3.746018558740615845e-02
8.681041747331619263e-02
-6.106910109519958496e-02
-3.283887729048728943e-02
-3.437090292572975159e-02
-2.334110066294670105e-02
-4.217659682035446167e-02
3.556660562753677368e-02
3.777459636330604553e-02
6.303063780069351196e-02
2.291162498295307159e-02
-2.581911347806453705e-02
3.185363858938217163e-02
5.485339090228080750e-02
-6.210611760616302490e-02
6.451381742954254150e-02
-2.315509319305419922e-02
7.858192548155784607e-03
-8.374419063329696655e-02
2.781774615868926048e-03
4.780889675021171570e-02
1.280523929744958878e-02
8.865504711866378784e-02
-4.568605870008468628e-02
7.493131607770919800e-02
3.134568408131599426e-02
1.172634214162826538e-02
1.659377478063106537e-02
1.345951203256845474e-02
-6.095064803957939148e-02
2.871645055711269379e-02
-3.771740198135375977e-02
-2.166754007339477539e-02
2.619078569114208221e-02
-9.200654923915863037e-02
3.979510813951492310e-02
-5.933965742588043213e-02
8.679419010877609253e-02
4.503797739744186401e-02
-6.822096556425094604e-02
-3.015836700797080994e-02
-1.003330107778310776e-02
-3.187298402190208435e-02
1.649753190577030182e-02
9.176971390843391418e-03
-2.603299915790557861e-02
2.569540403783321381e-03
4.702848196029663086e-02
-1.146388053894042969e-02
-6.738525629043579102e-02
2.483354136347770691e-02
-5.463548377156257629e-02
-9.196810424327850342e-04
5.995183438062667847e-02
-6.999514997005462646e-02
-2.392004616558551788e-02
-3.965396806597709656e-02
6.200638413429260254e-02
-1.115715429186820984e-01
1.141475066542625427e-01
4.661435261368751526e-02
1.733760684728622437e-01
5.561934784054756165e-02
9.298401325941085815e-02
-3.115752339363098145e-02
-2.370849065482616425e-02
-2.088126167654991150e-02
3.682672604918479919e-02
-1.467622667551040649e-01
1.063244603574275970e-02
-2.314154244959354401e-02
6.724952906370162964e-02
-1.067797001451253891e-02
-1.841843873262405396e-02
-3.561640530824661255e-02
-1.438130158931016922e-02
-3.373962640762329102e-02
6.594590097665786743e-02
-8.641748130321502686e-02
2.458293363451957703e-02
1.901558367535471916e-03
4.663029313087463379e-02
8.520174771547317505e-02
1.919470354914665222e-02
9.017665684223175049e-02
9.795639663934707642e-02
-1.759872213006019592e-02
-7.081329077482223511e-02
-6.325471401214599609e-02
-6.971039623022079468e-02
-1.412753760814666748e-01
5.864598602056503296e-02
2.576796337962150574e-02
2.657821588218212128e-02
6.547858472913503647e-03
-2.004359513521194458e-01
9.390109032392501831e-02
-1.774407029151916504e-01
-6.436132639646530151e-02
5.253173038363456726e-02
9.119268506765365601e-02
-1.664444208145141602e-01
-7.188184559345245361e-02
-2.386874519288539886e-02
5.173995718359947205e-02
-7.932739332318305969e-03
1.422659158706665039e-01
1.745558679103851318e-01
-1.404203921556472778e-01
-1.051028668880462646e-01
8.852643892168998718e-03
-3.073853440582752228e-02
1.197825670242309570e-01
-1.875497959554195404e-02
1.349307149648666382e-01
