-1.120743453502655029e-01
-2.278689667582511902e-02
6.195652857422828674e-02
-3.247619047760963440e-02
-6.500669568777084351e-02
7.965675741434097290e-02
4.262694716453552246e-02
-1.516860723495483398e-01
9.387781471014022827e-02
7.930018007755279541e-02
-1.415807604789733887e-01
-8.347932249307632446e-02
1.237874403595924377e-01
-1.439562160521745682e-02
-7.999041117727756500e-03
4.099518433213233948e-02
3.387194126844406128e-02
-6.043183803558349609e-02
-1.486211456358432770e-02
5.117009580135345459e-02
4.830262437462806702e-02
-4.593667015433311462e-02
-1.325476914644241333e-02
6.133399438112974167e-03
2.003517188131809235e-02
-2.171259559690952301e-02
8.132766000926494598e-03
-5.385493114590644836e-02
-9.093555063009262085e-02
-2.640580385923385620e-02
-6.163421086966991425e-03
-4.750849679112434387e-02
5.988775286823511124e-03
5.210947245359420776e-02
-4.667526576668024063e-03
7.561838254332542419e-03
-5.844767764210700989e-02
-7.734674494713544846e-03
3.381247445940971375e-02
-1.041227020323276520e-02
-4.242059215903282166e-02
-2.738959901034832001e-02
2.051384188234806061e-02
-4.978533461689949036e-02
1.167074814438819885e-01
7.871887832880020142e-02
1.300740055739879608e-02
-1.271461136639118195e-02
-7.097423076629638672e-02
-1.181206256151199341e-01
-7.860080152750015259e-02
8.218041062355041504e-02
-4.393414407968521118e-02
4.488850012421607971e-02
4.309194907546043396e-02
-6.073839962482452393e-03
-3.440478816628456116e-02
1.429574936628341675e-02
2.482851408421993256e-02
4.024685919284820557e-02
8.660922199487686157e-02
1.059755962342023849e-02
7.751481980085372925e-02
-1.495804041624069214e-01
-1.501684542745351791e-02
-4.415500536561012268e-02
-3.682895377278327942e-02
8.772902190685272217e-02
-6.549222022294998169e-02
-2.793489396572113037e-02
-1.779543817974627018e-03
-2.025349996984004974e-03
-4.022580385208129883e-02
7.844798266887664795e-02
7.070716936141252518e-03
2.486627735197544098e-02
4.197191074490547180e-02
4.872570186853408813e-02
-5.278599262237548828e-02
7.284673303365707397e-02
-7.713951170444488525e-02
1.785694248974323273e-02
2.826223522424697876e-02
-9.362810105085372925e-02
-6.196349859237670898e-02
-4.011785238981246948e-02
7.717476785182952881e-02
1.114664673805236816e-01
-4.085166379809379578e-03
-6.958086043596267700e-03
5.180282518267631531e-02
-2.317776344716548920e-02
-1.314009279012680054e-01
3.093846887350082397e-02
-1.030050143599510193e-01
9.714224375784397125e-03
-6.457198411226272583e-02
4.505399614572525024e-02
-5.114824324846267700e-02
-1.643802225589752197e-02
-5.736054852604866028e-02
-6.578665692359209061e-03
-7.650866638869047165e-03
-3.218953963369131088e-03
-5.255572497844696045e-02
-6.892383843660354614e-02
7.718329876661300659e-02
-1.271926052868366241e-02
3.589776530861854553e-02
-5.251954775303602219e-03
-4.690839350223541260e-02
2.567625418305397034e-02
-5.253357347100973129e-03
-1.730174943804740906e-02
-1.027218624949455261e-01
-3.115663677453994751e-02
3.538231551647186279e-02
-6.259025633335113525e-02
-1.690939068794250488e-02
5.505810678005218506e-02
6.323083490133285522e-02
-4.618846625089645386e-02
1.644768565893173218e-02
-1.184936892241239548e-02
2.445388771593570709e-02
4.920591413974761963e-02
-6.225148215889930725e-02
-1.256094425916671753e-01
-7.744957506656646729e-02
-1.256763003766536713e-02
2.786215953528881073e-02
-3.717290237545967102e-02
7.474331557750701904e-02
3.715943172574043274e-02
-1.626591570675373077e-02
-6.297301501035690308e-02
1.390353739261627197e-01
-1.040549650788307190e-01
-4.699285142123699188e-03
-5.071547999978065491e-02
-4.060857743024826050e-02
-2.368886210024356842e-02
7.781413942575454712e-02
5.229214951395988464e-02
3.038159944117069244e-02
1.364095415920019150e-02
-4.017597436904907227e-02
4.528719559311866760e-02
5.608234554529190063e-02
-3.745107352733612061e-02
7.758186012506484985e-02
-3.365363180637359619e-02
3.660747781395912170e-02
-9.063513576984405518e-02
1.017965748906135559e-02
7.431535422801971436e-02
1.952986791729927063e-02
8.801738172769546509e-02
-7.617546617984771729e-02
7.800842821598052979e-02
3.198926337063312531e-03
-4.476615414023399353e-02
3.447288274765014648e-02
-5.026563629508018494e-02
-3.316857293248176575e-02
1.773053407669067383e-02
3.853083029389381409e-02
8.260687463916838169e-04
1.438206899911165237e-02
-6.443758495151996613e-03
1.536670047789812088e-02
-1.619056053459644318e-02
-5.346054676920175552e-03
4.819981753826141357e-02
-4.507697746157646179e-02
-9.159564040601253510e-03
2.094693854451179504e-02
1.774723455309867859e-02
5.802777130156755447e-03
-7.146027404814958572e-03
-1.617757230997085571e-02
-1.361232902854681015e-02
3.779189661145210266e-02
-7.280987501144409180e-02
-1.543625723570585251e-02
1.046547945588827133e-02
-1.019459404051303864e-02
-2.013878896832466125e-03
-7.393249310553073883e-03
-7.781875319778919220e-03
4.435023665428161621e-02
-6.235805898904800415e-02
4.198000952601432800e-02
-1.065904721617698669e-01
8.707299828529357910e-02
4.764553159475326538e-02
1.104491278529167175e-01
3.610505908727645874e-02
1.116887554526329041e-01
2.260899171233177185e-02
-3.778739646077156067e-02
2.464443072676658630e-02
3.371331095695495605e-02
-1.490141302347183228e-01
2.795333042740821838e-02
-3.994494676589965820e-02
4.530572146177291870e-02
4.200784489512443542e-03
-8.099589496850967407e-03
-2.169482596218585968e-02
-7.342737633734941483e-03
-5.918710306286811829e-02
8.797565102577209473e-02
-3.985157608985900879e-02
4.909096285700798035e-03
-4.654477816075086594e-03
5.191947147250175476e-02
5.810728669166564941e-02
1.343606319278478622e-02
5.171798169612884521e-02
7.105074077844619751e-02
-5.216544121503829956e-02
-6.265585124492645264e-02
-3.854953497648239136e-02
-9.344127774238586426e-02
-1.393647789955139160e-01
7.537162303924560547e-02
-6.699544610455632210e-04
8.207358419895172119e-03
2.055410668253898621e-02
-2.741087079048156738e-01
1.195745989680290222e-01
-1.961009651422500610e-01
-6.489236652851104736e-02
4.791732132434844971e-02
1.109450682997703552e-01
-2.446503043174743652e-01
-5.326703563332557678e-02
-1.147385872900485992e-02
4.257057607173919678e-02
1.811270229518413544e-02
7.885910570621490479e-02
1.184502542018890381e-01
-1.344761848449707031e-01
-7.574728876352310181e-02
-3.466552356258034706e-03
-2.472295984625816345e-02
7.572489976882934570e-02
-4.953110218048095703e-02
6.041463091969490051e-02
