-7.830855250358581543e-02
-6.586018204689025879e-02
8.436362445354461670e-02
-4.242939874529838562e-02
-5.354260653257369995e-02
8.914541453123092651e-02
4.396691545844078064e-02
-1.111508384346961975e-01
1.138188019394874573e-01
5.758026614785194397e-02
-8.579505234956741333e-02
-7.118583470582962036e-02
9.453586488962173462e-02
-2.512769028544425964e-02
-4.237756505608558655e-02
4.133362695574760437e-02
1.290352921932935715e-02
-7.676564157009124756e-02
1.931569422595202923e-03
7.142300158739089966e-02
6.930830329656600952e-02
1.445447187870740891e-02
-2.300393208861351013e-02
-2.078287117183208466e-02
4.068691655993461609e-02
-1.827650144696235657e-02
2.593173459172248840e-02
-7.400450110435485840e-02
-1.498723030090332031e-01
-2.621173486113548279e-02
-4.963560029864311218e-02
-6.268808990716934204e-02
1.573706790804862976e-02
1.327265948057174683e-01
1.170084532350301743e-02
-3.895925730466842651e-02
-5.731713026762008667e-02
-2.758786082267761230e-02
-1.075742952525615692e-02
1.049243472516536713e-02
2.528868382796645164e-03
-3.042031824588775635e-02
2.882450632750988007e-02
-7.731255888938903809e-02
1.029431149363517761e-01
9.704454243183135986e-02
5.382343009114265442e-02
-1.737367012538015842e-03
-9.248652309179306030e-02
-7.181414216756820679e-02
-4.760808125138282776e-02
1.428471505641937256e-01
-2.083488367497920990e-02
6.923267245292663574e-02
1.155973225831985474e-01
-1.226558443158864975e-02
-6.182974576950073242e-02
-1.233833283185958862e-02
2.556529454886913300e-02
6.875493563711643219e-03
4.242896661162376404e-02
2.780229598283767700e-02
6.858891993761062622e-02
-1.406968235969543457e-01
5.826003034599125385e-04
3.839236451312899590e-04
-4.839328676462173462e-02
6.101467832922935486e-02
-4.632465913891792297e-02
5.086300894618034363e-02
-2.409675903618335724e-02
-5.778029188513755798e-02
-1.480085216462612152e-02
7.032389193773269653e-02
4.650855809450149536e-02
-2.619039267301559448e-02
1.815717108547687531e-02
2.298699878156185150e-02
-7.737834751605987549e-02
3.813675418496131897e-02
-5.665804445743560791e-02
4.632324725389480591e-02
3.534414991736412048e-02
-1.035207733511924744e-01
-5.409234389662742615e-02
-2.750241011381149292e-02
3.789915144443511963e-02
8.389082551002502441e-02
-4.186749830842018127e-02
-3.338517621159553528e-02
3.184824064373970032e-02
2.332005277276039124e-02
-8.297221362590789795e-02
6.376419961452484131e-02
-1.189733743667602539e-01
-9.096818976104259491e-03
-8.035673201084136963e-02
2.528271079063415527e-02
-3.853582218289375305e-02
-2.003291249275207520e-02
-6.741558015346527100e-02
-4.334178939461708069e-02
-1.333078276365995407e-02
3.097224980592727661e-02
-3.659138083457946777e-02
-5.375285074114799500e-02
7.236794382333755493e-02
1.212361082434654236e-02
2.143945917487144470e-02
5.024321377277374268e-03
-6.897974014282226562e-02
3.878698125481605530e-02
-4.855248332023620605e-02
-5.400086194276809692e-02
-7.142360508441925049e-02
-2.147911116480827332e-02
4.711940512061119080e-02
-9.118910133838653564e-02
-2.260992187075316906e-04
1.034549698233604431e-01
2.351375669240951538e-02
-5.103501304984092712e-02
-3.164621815085411072e-02
-2.063402347266674042e-02
7.072119414806365967e-02
5.850150436162948608e-02
-9.151942096650600433e-03
-9.098856896162033081e-02
-7.986050099134445190e-02
-3.254218399524688721e-02
4.620394483208656311e-02
-8.390874415636062622e-02
6.027131900191307068e-02
3.538001328706741333e-02
-1.862330734729766846e-02
-7.969694584608078003e-02
1.238348633050918579e-01
-7.842551171779632568e-02
-2.810785733163356781e-02
-3.022286482155323029e-02
-1.130861509591341019e-02
-3.892353549599647522e-02
4.502436146140098572e-02
5.525385588407516479e-02
3.602139279246330261e-02
9.311507456004619598e-03
-5.150803364813327789e-03
7.419158518314361572e-02
7.533951848745346069e-02
-5.158484354615211487e-02
8.296263217926025391e-02
-2.668845839798450470e-02
3.391286358237266541e-02
-8.444374054670333862e-02
1.280459389090538025e-02
4.640592634677886963e-02
1.498106494545936584e-02
4.039976373314857483e-02
-5.923812091350555420e-02
1.132320910692214966e-01
7.083626836538314819e-02
2.400512108579277992e-03
-8.344008587300777435e-03
1.940921135246753693e-02
-6.658930331468582153e-02
2.289237268269062042e-02
-2.557873912155628204e-02
-2.086075767874717712e-02
4.904121905565261841e-02
-6.477480381727218628e-02
4.990434274077415466e-02
-4.459679871797561646e-02
9.251466393470764160e-02
4.008114710450172424e-02
-9.631120413541793823e-02
-1.833988912403583527e-02
-2.261593937873840332e-02
-1.878853514790534973e-02
1.160645112395286560e-02
-1.461363676935434341e-02
-1.965448632836341858e-02
1.790132001042366028e-02
2.795791253447532654e-02
-5.476922169327735901e-02
-3.270550444722175598e-02
5.713465623557567596e-03
-9.338853880763053894e-03
-2.848916500806808472e-02
5.860901251435279846e-02
-9.015468508005142212e-02
-3.507474437355995178e-02
-3.691372647881507874e-02
7.904624193906784058e-02
-1.483014225959777832e-01
1.179137900471687317e-01
7.224867492914199829e-02
1.842223256826400757e-01
4.926564544439315796e-02
1.264713853597640991e-01
-4.652312397956848145e-02
-1.667341403663158417e-02
-2.660425379872322083e-02
1.765989884734153748e-02
-1.454525738954544067e-01
-2.765379846096038818e-02
-3.204387845471501350e-03
4.975762590765953064e-02
-1.847950858063995838e-03
-1.510383840650320053e-02
-1.210246141999959946e-02
-1.620246656239032745e-02
-2.828418649733066559e-02
7.968676090240478516e-02
-7.052711397409439087e-02
-3.242369974032044411e-03
2.450481802225112915e-02
1.604552380740642548e-02
3.186330944299697876e-02
1.955135539174079895e-02
9.130524098873138428e-02
7.289597392082214355e-02
1.339073479175567627e-02
-7.166547328233718872e-02
-1.125935278832912445e-02
-7.106239348649978638e-02
-1.398442536592483521e-01
8.793326467275619507e-02
1.159945689141750336e-02
1.308277249336242676e-03
3.362457791808992624e-04
-1.225429251790046692e-01
6.924217194318771362e-02
-1.731039136648178101e-01
-3.244400024414062500e-02
5.139576643705368042e-02
1.042109727859497070e-01
-1.634085327386856079e-01
-6.719225645065307617e-02
-1.942975446581840515e-02
2.873790450394153595e-02
1.464867964386940002e-02
1.281128674745559692e-01
1.386076211929321289e-01
-1.128710135817527771e-01
-7.217828184366226196e-02
-1.092903595417737961e-02
-3.818475082516670227e-02
1.021774858236312866e-01
-3.148525580763816833e-02
9.704214334487915039e-02
