-7.397092133760452271e-02
1.916436478495597839e-02
4.091220349073410034e-02
-5.744351446628570557e-02
5.917325243353843689e-02
8.541011810302734375e-02
3.366114571690559387e-02
-1.026520133018493652e-01
1.269640624523162842e-01
2.565763331949710846e-02
-8.133173733949661255e-02
-1.782944984734058380e-02
2.057869685813784599e-03
2.994037931784987450e-03
1.334036141633987427e-01
-5.259577184915542603e-03
3.816255182027816772e-02
-5.947272107005119324e-02
2.860572002828121185e-02
6.121167168021202087e-02
-6.955827027559280396e-02
-8.147442713379859924e-03
-8.925158530473709106e-02
5.686588957905769348e-02
-5.765106156468391418e-02
1.778741367161273956e-02
7.808518409729003906e-02
6.259454786777496338e-02
-3.430261835455894470e-02
9.743059054017066956e-03
5.666312202811241150e-02
-2.154061757028102875e-02
9.116644039750099182e-03
-6.956033874303102493e-03
-9.930631518363952637e-02
-3.897701203823089600e-02
2.664593234658241272e-02
7.752340286970138550e-02
3.640199825167655945e-02
-5.642895027995109558e-02
-5.164184048771858215e-02
-1.309442054480314255e-02
-7.293190807104110718e-02
1.480985525995492935e-02
6.556050479412078857e-02
1.061679199337959290e-01
7.549148797988891602e-02
-3.329542651772499084e-02
2.149758860468864441e-02
1.307034306228160858e-02
-5.897076055407524109e-02
3.772723302245140076e-02
-3.568596765398979187e-02
1.071374267339706421e-01
3.937696572393178940e-03
-1.690475828945636749e-02
1.228448655456304550e-02
1.084178760647773743e-01
2.016520872712135315e-02
2.603833563625812531e-02
6.914474815130233765e-02
-1.200984269380569458e-01
1.302248388528823853e-01
-1.631144732236862183e-01
-3.512395080178976059e-03
2.443930506706237793e-02
-2.028700336813926697e-02
1.137675940990447998e-01
-7.940749824047088623e-02
-7.808360457420349121e-02
6.295169889926910400e-02
-3.956149145960807800e-02
-1.858467794954776764e-02
3.232688829302787781e-02
9.709852747619152069e-03
1.089394837617874146e-02
6.905511021614074707e-03
7.208181917667388916e-02
-6.317856907844543457e-02
6.563810259103775024e-02
-6.418148428201675415e-02
5.734655633568763733e-02
5.099416896700859070e-02
-5.722408369183540344e-02
-1.111511215567588806e-01
9.849725291132926941e-03
-4.830599203705787659e-02
2.810574136674404144e-02
6.208689883351325989e-02
-1.089438647031784058e-01
5.086443200707435608e-02
-9.180721826851367950e-03
-7.644618395715951920e-03
1.082040742039680481e-01
-3.602495044469833374e-02
-9.494296275079250336e-03
-7.606476545333862305e-02
9.588457643985748291e-03
2.901153266429901123e-02
9.715996682643890381e-03
-8.481302112340927124e-02
-3.995813801884651184e-02
-4.656772315502166748e-02
2.712848596274852753e-02
-3.204930946230888367e-02
2.083449810743331909e-02
6.759546697139739990e-02
-1.289014518260955811e-02
3.771632909774780273e-02
-4.448735341429710388e-02
-1.222711205482482910e-01
-6.100380560383200645e-04
3.675777232274413109e-03
-1.199424639344215393e-01
-6.091939657926559448e-02
-2.771527692675590515e-02
4.373240843415260315e-02
-4.922715481370687485e-03
2.080093137919902802e-02
6.638911436311900616e-04
6.407821923494338989e-02
-7.047830522060394287e-02
3.579796478152275085e-02
2.243913710117340088e-02
-1.517497282475233078e-02
5.937201529741287231e-02
-3.467771410942077637e-02
-9.284474700689315796e-02
2.955905906856060028e-02
-6.191828101873397827e-02
1.751916483044624329e-02
-1.462897807359695435e-01
8.813083171844482422e-02
-4.920328967273235321e-03
8.638941682875156403e-03
2.161932364106178284e-02
8.322793990373611450e-02
-4.195717722177505493e-02
-9.799324907362461090e-03
2.713218703866004944e-02
-5.030651018023490906e-02
-8.807475119829177856e-02
9.888363629579544067e-02
8.629798144102096558e-02
3.668904304504394531e-02
1.453285221941769123e-03
3.938467707484960556e-03
1.399869918823242188e-01
-3.452454879879951477e-02
7.339368015527725220e-02
-3.082821704447269440e-02
-2.068594563752412796e-03
-6.765523552894592285e-02
-8.469561487436294556e-02
-8.822365663945674896e-03
1.417350172996520996e-01
5.426326394081115723e-02
8.041753619909286499e-02
-6.503702700138092041e-02
1.041519865393638611e-01
4.992127791047096252e-02
-7.761494070291519165e-02
-3.404470160603523254e-02
-3.189561888575553894e-02
-1.149712316691875458e-02
-1.110094040632247925e-02
-7.434532791376113892e-02
-2.922362275421619415e-02
-8.515313966199755669e-04
2.547369711101055145e-02
7.071562111377716064e-02
5.760844051837921143e-02
-4.589373618364334106e-02
3.821392729878425598e-02
-2.004298940300941467e-02
2.888493612408638000e-02
-1.636709086596965790e-02
4.615899175405502319e-02
7.336654234677553177e-03
1.106607317924499512e-01
7.404400408267974854e-02
-3.494450589641928673e-03
-3.743743523955345154e-02
-8.291109651327133179e-02
2.579113468527793884e-02
-8.039617910981178284e-03
-2.280202507972717285e-02
-6.748189777135848999e-02
5.305841192603111267e-02
-9.391314350068569183e-03
-6.943927705287933350e-02
-3.788895159959793091e-02
5.238951370120048523e-02
-1.342668533325195312e-01
1.000454798340797424e-01
1.234511807560920715e-01
1.263251751661300659e-01
6.868490576744079590e-02
8.415564149618148804e-02
-8.533540368080139160e-02
2.804514020681381226e-02
-4.784286767244338989e-02
2.272634021937847137e-02
-1.299328953027725220e-01
2.916316036134958267e-03
-1.646181643009185791e-01
1.860385201871395111e-02
4.257286339998245239e-02
4.096150025725364685e-02
2.018162608146667480e-02
1.921198330819606781e-02
-6.201442703604698181e-02
4.820693284273147583e-02
-3.205728530883789062e-02
-1.872139610350131989e-02
-3.028662130236625671e-02
5.878182710148394108e-04
2.876132028177380562e-03
-8.298008143901824951e-02
4.249330982565879822e-02
1.054788455367088318e-01
2.271870151162147522e-02
-8.146701008081436157e-02
3.912190720438957214e-02
-8.205622434616088867e-02
-9.004578739404678345e-02
-7.149595185182988644e-04
-5.996765568852424622e-03
-1.708094589412212372e-02
4.586227238178253174e-02
-1.923404037952423096e-01
3.415322303771972656e-02
-1.183601543307304382e-01
-6.283512711524963379e-02
3.514523431658744812e-02
-1.580295898020267487e-02
-1.509612649679183960e-01
-1.246583368629217148e-02
-4.472317174077033997e-02
5.430823564529418945e-02
-5.136707797646522522e-03
6.639747880399227142e-03
9.825471043586730957e-02
-1.007185503840446472e-01
-2.193026803433895111e-02
-3.430954739451408386e-02
9.296244010329246521e-03
9.043708443641662598e-02
-4.364574328064918518e-02
3.099774755537509918e-02
