-7.325150817632675171e-02
-2.251198329031467438e-02
5.432437732815742493e-02
-6.137385219335556030e-02
3.182167932391166687e-02
1.050118356943130493e-01
1.572950929403305054e-02
-5.997046083211898804e-02
1.070459187030792236e-01
2.677552029490470886e-02
-7.025031745433807373e-02
-3.214186429977416992e-02
1.102906167507171631e-01
-1.040478330105543137e-02
5.116496980190277100e-02
7.482456415891647339e-02
1.498693320900201797e-02
-9.097159653902053833e-02
3.819877281785011292e-02
9.741715155541896820e-03
2.120961062610149384e-02
-6.030257325619459152e-03
-2.650768961757421494e-03
-5.213072150945663452e-02
2.247182093560695648e-02
-3.059703449252992868e-04
7.038244605064392090e-02
-6.934439390897750854e-02
-1.307459175586700439e-01
-3.696255385875701904e-02
-6.021022424101829529e-02
-6.233781203627586365e-02
1.351101137697696686e-02
1.369789987802505493e-01
-1.682079164311289787e-03
-5.759297311305999756e-02
-4.833522439002990723e-02
-2.361131645739078522e-02
-1.004566531628370285e-02
1.039432547986507416e-02
-3.110179863870143890e-02
-2.313730493187904358e-02
1.941645168699324131e-03
-4.919672384858131409e-02
7.733611017465591431e-02
1.220456883311271667e-01
6.947965174913406372e-02
-4.244773089885711670e-02
-2.175263874232769012e-02
-5.351073294878005981e-02
-3.476850315928459167e-02
7.749643921852111816e-02
7.903961464762687683e-03
2.407837100327014923e-02
8.154292404651641846e-02
-1.885753590613603592e-03
-6.873800605535507202e-02
5.011129006743431091e-02
4.500609263777732849e-02
2.422058954834938049e-02
4.666121676564216614e-02
-6.968610733747482300e-02
8.488173782825469971e-02
-1.702698320150375366e-01
-1.217560563236474991e-02
1.435920223593711853e-02
-4.529275000095367432e-02
7.102464139461517334e-02
-7.709679007530212402e-02
-8.553859591484069824e-02
3.706909716129302979e-02
-4.137489944696426392e-02
1.894630864262580872e-02
9.753938764333724976e-02
-1.075577689334750175e-03
5.247506871819496155e-02
4.731814935803413391e-02
3.162669762969017029e-02
-6.751105189323425293e-02
5.689182505011558533e-02
-3.135387971997261047e-02
7.056777924299240112e-02
4.507951438426971436e-02
-7.602394372224807739e-02
-7.427114248275756836e-02
5.737035349011421204e-02
2.319741062819957733e-02
8.629581332206726074e-02
9.364597499370574951e-03
-6.206467002630233765e-02
1.152312569320201874e-02
-1.833349093794822693e-02
-7.128032296895980835e-02
4.181414470076560974e-02
-1.077754124999046326e-01
1.947945356369018555e-02
-7.433655112981796265e-02
5.138631910085678101e-02
-1.376792043447494507e-02
-2.258198894560337067e-02
-1.161545738577842712e-01
4.302493296563625336e-03
1.805850886739790440e-03
4.858252033591270447e-02
-6.512963771820068359e-02
-3.129743738099932671e-03
7.371580600738525391e-02
1.765735261142253876e-02
9.537364356219768524e-03
1.872495934367179871e-02
-8.576808869838714600e-02
-7.411848288029432297e-03
4.654843651223927736e-04
-5.550728365778923035e-02
-9.096454083919525146e-02
6.449802895076572895e-04
6.318690627813339233e-02
-1.546497363597154617e-02
3.481919178739190102e-03
6.495817005634307861e-02
8.123463392257690430e-02
-3.119182214140892029e-02
2.244511432945728302e-02
-8.500183001160621643e-03
9.838245809078216553e-03
9.907225519418716431e-02
-8.648303896188735962e-02
-3.478026390075683594e-02
-3.366199508309364319e-02
-2.126569487154483795e-02
1.782538555562496185e-02
-1.051899120211601257e-01
5.081676319241523743e-02
4.754137992858886719e-02
-6.229956634342670441e-03
-1.837153919041156769e-02
1.069723889231681824e-01
-3.360205143690109253e-02
-2.943247556686401367e-02
-2.046907879412174225e-02
-9.227327071130275726e-03
-1.138755232095718384e-01
6.746090203523635864e-02
8.311279118061065674e-02
4.710245877504348755e-02
4.682254046201705933e-02
-2.964350022375583649e-02
6.825381517410278320e-02
7.375347614288330078e-02
-4.819957539439201355e-02
2.385473251342773438e-02
5.213410127907991409e-03
-1.822018995881080627e-03
-6.667376309633255005e-02
-6.656813621520996094e-02
8.757731318473815918e-02
8.289706893265247345e-03
1.183924376964569092e-01
-7.944719493389129639e-02
8.787332475185394287e-02
3.805134817957878113e-02
-1.679471135139465332e-02
-5.787579808384180069e-03
-5.041509284637868404e-04
-4.918092861771583557e-02
7.651777705177664757e-04
-4.444839805364608765e-02
-2.877776045352220535e-03
1.215934101492166519e-02
-4.042340070009231567e-02
8.731513284146785736e-03
-1.527308020740747452e-02
2.340018749237060547e-02
1.803265511989593506e-02
-2.280435524880886078e-02
-3.620704263448715210e-02
-1.355284452438354492e-02
-1.471268665045499802e-02
2.489584125578403473e-02
6.199575215578079224e-02
-2.956659719347953796e-02
1.289531961083412170e-02
1.003960520029067993e-02
3.521918877959251404e-02
-6.334324181079864502e-02
-1.873368583619594574e-02
-4.102450236678123474e-02
1.956869475543498993e-02
7.546439021825790405e-02
-3.976663574576377869e-02
-5.559659004211425781e-02
-1.076224166899919510e-02
6.692125648260116577e-02
-1.195883154869079590e-01
1.361812651157379150e-01
6.445496529340744019e-02
1.605344712734222412e-01
2.155661210417747498e-02
7.621336728334426880e-02
-3.894294798374176025e-02
-5.730243399739265442e-03
-4.772778600454330444e-02
3.053692355751991272e-02
-1.485008597373962402e-01
-6.111394986510276794e-02
-6.111242249608039856e-02
1.150686293840408325e-01
2.911130897700786591e-02
1.136097125709056854e-02
-1.977334916591644287e-02
-3.712030500173568726e-02
-4.309564828872680664e-02
2.808228880167007446e-02
-6.953933089971542358e-02
1.802480546757578850e-03
-1.399878319352865219e-02
2.726427093148231506e-02
6.435523182153701782e-02
-2.903230953961610794e-03
9.722271561622619629e-02
9.833391010761260986e-02
1.800948404707014561e-03
-1.033775955438613892e-01
-5.238946527242660522e-02
-7.252968102693557739e-02
-1.004512235522270203e-01
2.110097371041774750e-02
3.893608227372169495e-02
2.777588553726673126e-02
2.486521005630493164e-02
-2.112629264593124390e-01
5.253000557422637939e-02
-1.775091439485549927e-01
-4.500862956047058105e-02
8.965764939785003662e-02
7.070548832416534424e-02
-1.976372450590133667e-01
-7.614160329103469849e-02
-2.740354649722576141e-02
5.792376399040222168e-02
-2.439461089670658112e-02
1.120263040065765381e-01
1.162023171782493591e-01
-1.470427662134170532e-01
-7.169894129037857056e-02
-1.230617053806781769e-02
-3.355055674910545349e-02
7.349998503923416138e-02
2.438566647469997406e-02
1.391258984804153442e-01
