-8.432216942310333252e-02
-5.117252841591835022e-02
7.212699204683303833e-02
-4.399531334638595581e-02
1.571018993854522705e-02
6.815823912620544434e-02
1.961813494563102722e-02
-8.497120440006256104e-02
8.317632973194122314e-02
3.207370266318321228e-02
-1.011015176773071289e-01
-4.265004023909568787e-02
7.623467594385147095e-02
-4.041187837719917297e-02
5.160510540008544922e-03
3.643089905381202698e-02
2.416682988405227661e-02
-7.368362694978713989e-02
2.457940764725208282e-02
3.636233881115913391e-02
7.265965640544891357e-02
1.045387797057628632e-02
-5.679419264197349548e-03
-1.436570845544338226e-02
3.540226817131042480e-02
-7.022881880402565002e-03
-1.137129380367696285e-03
-1.861097849905490875e-02
-1.589001268148422241e-01
-3.931688610464334488e-03
-5.365084856748580933e-02
-9.968236088752746582e-02
1.793902367353439331e-02
1.131758838891983032e-01
-9.633640758693218231e-03
-3.586230427026748657e-02
-8.035720139741897583e-02
1.421323604881763458e-02
-3.539335727691650391e-02
2.837200090289115906e-02
-2.424513362348079681e-02
-4.031910374760627747e-02
2.233325131237506866e-02
-7.887187600135803223e-02
5.839959532022476196e-02
1.103778481483459473e-01
6.548154354095458984e-02
-8.923239074647426605e-03
-7.799140363931655884e-02
-4.854595288634300232e-02
-3.131453692913055420e-02
1.545569300651550293e-01
-2.250777371227741241e-02
5.850064381957054138e-02
8.991061151027679443e-02
-1.907754316926002502e-02
-4.306156933307647705e-02
2.444830164313316345e-02
4.190689325332641602e-02
-4.475625231862068176e-03
1.892728731036186218e-02
-2.324862778186798096e-02
7.517820596694946289e-02
-1.574852913618087769e-01
-6.538535468280315399e-03
-1.060935016721487045e-02
-3.037584945559501648e-02
7.446319609880447388e-02
-3.049523197114467621e-02
-3.942187502980232239e-02
1.853932067751884460e-02
-3.097580373287200928e-02
1.618393696844577789e-02
6.979650259017944336e-02
1.996022090315818787e-02
1.038073468953371048e-02
2.850506640970706940e-02
5.072776600718498230e-02
-6.905861943960189819e-02
6.137096509337425232e-02
-8.641659468412399292e-02
3.095754981040954590e-02
3.571709990501403809e-02
-1.202084869146347046e-01
-8.646717667579650879e-02
5.031456239521503448e-03
3.584675863385200500e-02
9.338285773992538452e-02
4.319511353969573975e-03
-4.488018900156021118e-02
3.331818804144859314e-02
1.225676853209733963e-02
-6.834261864423751831e-02
6.827240437269210815e-02
-1.213860884308815002e-01
1.005667727440595627e-03
-9.309856593608856201e-02
4.177413135766983032e-02
6.192148197442293167e-03
-1.243406906723976135e-02
-8.831824362277984619e-02
-3.656328842043876648e-02
-3.051923587918281555e-02
2.788815833628177643e-02
-1.293477416038513184e-02
-3.811781108379364014e-02
8.314706385135650635e-02
2.200754126533865929e-03
1.259037666022777557e-02
-6.030484801158308983e-04
-8.088744431734085083e-02
2.229244820773601532e-02
-4.208471626043319702e-02
-3.017647378146648407e-02
-7.512987405061721802e-02
-2.897073514759540558e-02
6.058733165264129639e-02
-4.101383313536643982e-02
-1.454376894980669022e-02
1.027734205126762390e-01
3.397518396377563477e-02
-6.014305725693702698e-02
-6.719484180212020874e-02
3.035798296332359314e-02
2.861114591360092163e-02
7.344333827495574951e-02
-2.909765765070915222e-02
-9.668898582458496094e-02
-2.847010456025600433e-02
-2.616245485842227936e-02
1.382476743310689926e-02
-7.240457832813262939e-02
5.219718068838119507e-02
3.848673403263092041e-02
2.464359998703002930e-02
-6.050072610378265381e-02
8.707644045352935791e-02
-3.609657753258943558e-03
1.524134259670972824e-02
2.139445627108216286e-03
2.432643808424472809e-02
-5.377352610230445862e-02
5.775655806064605713e-02
7.197877764701843262e-02
6.409201025962829590e-02
1.082216668874025345e-02
-4.157173447310924530e-03
1.056732609868049622e-01
6.009245663881301880e-02
-5.517417192459106445e-02
2.007096447050571442e-02
-3.824206069111824036e-04
2.289728261530399323e-02
-6.236760690808296204e-02
2.220452763140201569e-02
9.170855581760406494e-02
2.737765014171600342e-02
3.678233548998832703e-02
-5.325343459844589233e-02
1.126522868871688843e-01
6.677737087011337280e-02
-2.234878949820995331e-02
2.305671572685241699e-02
-7.546670269221067429e-03
-4.900094121694564819e-02
2.690741419792175293e-02
-3.226673975586891174e-02
-6.182356271892786026e-03
4.023466631770133972e-02
-6.181883439421653748e-02
4.533430188894271851e-02
-5.563217401504516602e-02
5.973273143172264099e-02
3.027410991489887238e-02
-9.014774858951568604e-02
-2.643597498536109924e-02
-6.403727084398269653e-02
-2.085435017943382263e-02
-2.454142784699797630e-03
3.147469460964202881e-02
-1.321893278509378433e-02
-2.383773028850555420e-02
3.319543972611427307e-02
-4.827321320772171021e-02
-3.945536166429519653e-02
9.188695810735225677e-03
-1.837998256087303162e-02
2.284751832485198975e-02
5.952291935682296753e-02
-8.694645017385482788e-02
-9.702255018055438995e-03
-5.500539764761924744e-02
6.661985069513320923e-02
-1.251533180475234985e-01
1.293818354606628418e-01
6.402471661567687988e-02
2.051220983266830444e-01
6.364563107490539551e-02
7.470977306365966797e-02
-1.743594557046890259e-02
-2.814015187323093414e-02
-4.445564374327659607e-02
3.334927931427955627e-02
-1.565404385328292847e-01
-2.278592437505722046e-02
-6.466121971607208252e-02
7.723107933998107910e-02
1.299132127314805984e-02
-5.857616662979125977e-03
-2.321259304881095886e-02
-7.036756724119186401e-04
-2.214066125452518463e-02
7.748351991176605225e-02
-9.162062406539916992e-02
-8.536220993846654892e-04
6.858561653643846512e-03
2.415670454502105713e-02
2.143862098455429077e-02
-8.023802191019058228e-03
1.031942069530487061e-01
1.058164834976196289e-01
2.554650418460369110e-02
-1.020905673503875732e-01
-4.391206800937652588e-02
-7.679280638694763184e-02
-1.605377495288848877e-01
5.817552655935287476e-02
3.674220759421586990e-03
1.640053582377731800e-03
1.640867628157138824e-02
-1.806879043579101562e-01
6.219461560249328613e-02
-1.770229637622833252e-01
-3.716051951050758362e-02
3.567626699805259705e-02
6.858122348785400391e-02
-1.510844826698303223e-01
-5.909157544374465942e-02
8.399239741265773773e-03
4.695637524127960205e-02
5.581782199442386627e-03
9.705179184675216675e-02
1.690715551376342773e-01
-1.448913365602493286e-01
-6.508804112672805786e-02
-3.710515424609184265e-02
-2.393944375216960907e-02
1.028674319386482239e-01
-4.680371657013893127e-02
1.399246305227279663e-01
