-7.774895429611206055e-02
-1.396824605762958527e-02
2.187916822731494904e-02
-1.908923126757144928e-02
3.296438604593276978e-02
8.356904983520507812e-02
4.877481237053871155e-02
-4.695098474621772766e-02
1.312441974878311157e-01
1.808594539761543274e-02
-4.162406921386718750e-02
-6.880638748407363892e-02
8.690210431814193726e-02
2.043243311345577240e-02
4.042970761656761169e-02
1.807261817157268524e-02
5.532039701938629150e-02
-9.063368290662765503e-02
5.037724040448665619e-03
3.429399430751800537e-02
-2.092103706672787666e-03
1.317838486284017563e-02
-1.191153191030025482e-02
-2.466400898993015289e-02
2.201433666050434113e-02
5.652802065014839172e-03
5.940635502338409424e-02
-5.066985636949539185e-02
-6.727550178766250610e-02
7.310499437153339386e-03
-7.243908196687698364e-02
-5.296325683593750000e-02
5.907929502427577972e-03
1.034202650189399719e-01
2.446383005008101463e-03
-5.626354739069938660e-02
-7.260666042566299438e-02
-1.464836113154888153e-02
-3.558301925659179688e-02
2.817187458276748657e-02
-1.736655086278915405e-02
-1.103075407445430756e-02
-3.035690076649188995e-02
-7.546122372150421143e-02
1.010454297065734863e-01
1.453260332345962524e-01
1.000295430421829224e-01
-4.911705479025840759e-02
-1.903079077601432800e-02
-7.423544675111770630e-02
-5.058557167649269104e-02
1.012315005064010620e-01
-3.798632184043526649e-03
8.190792053937911987e-02
1.125411316752433777e-01
-3.625224158167839050e-02
-5.301535502076148987e-02
4.220506176352500916e-02
4.429198056459426880e-02
-2.649748697876930237e-02
4.237015172839164734e-02
-8.455875515937805176e-02
9.076484292745590210e-02
-1.605238020420074463e-01
9.399761445820331573e-03
6.619933992624282837e-02
-3.818950802087783813e-02
8.718929439783096313e-02
-6.239292398095130920e-02
-8.708810806274414062e-02
7.473555952310562134e-02
-4.610524326562881470e-02
-4.731337074190378189e-03
8.360808342695236206e-02
-4.983309656381607056e-03
3.190930932760238647e-02
5.457597225904464722e-02
3.820159286260604858e-02
-8.233491331338882446e-02
7.226383686065673828e-02
-3.888212516903877258e-02
6.454456597566604614e-02
4.166874662041664124e-02
-6.869487464427947998e-02
-5.676433071494102478e-02
5.754800885915756226e-02
-1.253337040543556213e-02
5.981167405843734741e-02
3.487733751535415649e-02
-9.265284985303878784e-02
-7.739712600596249104e-04
1.985949464142322540e-02
-4.666301235556602478e-02
5.893790349364280701e-02
-1.049502417445182800e-01
1.137903518974781036e-02
-5.269700661301612854e-02
1.677935943007469177e-02
-3.174240887165069580e-02
-3.041809238493442535e-02
-9.069462120532989502e-02
6.777162663638591766e-03
4.350761882960796356e-03
3.009906783699989319e-02
-8.090879768133163452e-02
-1.635470660403370857e-03
6.207974627614021301e-02
9.771957993507385254e-03
3.186623379588127136e-02
1.676015555858612061e-02
-9.567935764789581299e-02
-2.397076040506362915e-02
3.209415590390563011e-03
-7.544607669115066528e-02
-4.577267169952392578e-02
-6.852538790553808212e-03
4.415274411439895630e-02
-2.651865361258387566e-03
-4.410232417285442352e-03
3.835129365324974060e-02
6.033452227711677551e-02
-1.286138594150543213e-02
2.754512988030910492e-02
-5.943527445197105408e-03
-1.692099496722221375e-02
7.179532945156097412e-02
-4.328029602766036987e-02
-2.383725345134735107e-02
-4.671286325901746750e-03
-3.139289841055870056e-02
1.496782992035150528e-02
-1.020533367991447449e-01
2.697838470339775085e-02
3.139712288975715637e-02
1.158264558762311935e-02
-6.965076900087296963e-04
5.221722275018692017e-02
-2.451044879853725433e-02
-2.388826943933963776e-02
1.527840737253427505e-02
-2.583114057779312134e-02
-9.038813412189483643e-02
4.352481290698051453e-02
1.501834671944379807e-02
5.185722932219505310e-02
4.107423126697540283e-02
-2.888631448149681091e-02
5.975054576992988586e-02
4.889072105288505554e-02
-3.693548217415809631e-02
3.855096921324729919e-02
-5.257755517959594727e-03
-3.423104807734489441e-02
-8.275763690471649170e-02
-8.530049771070480347e-02
9.111082553863525391e-02
1.142656244337558746e-02
6.266901642084121704e-02
-4.743119329214096069e-02
5.929086357355117798e-02
6.081408821046352386e-03
-2.693215198814868927e-02
2.295931987464427948e-02
3.279466181993484497e-03
-4.149130731821060181e-02
-2.959943842142820358e-03
-1.559241209179162979e-02
1.330875512212514877e-02
4.330617189407348633e-02
-1.601044274866580963e-02
-3.676773048937320709e-03
3.163264691829681396e-02
-1.180608011782169342e-02
2.342796139419078827e-02
-1.813397742807865143e-02
-2.719506062567234039e-02
2.225667238235473633e-03
-2.063538320362567902e-02
2.270329557359218597e-02
5.940011516213417053e-02
1.895299763418734074e-03
8.551992475986480713e-03
-1.454529445618391037e-02
2.229926176369190216e-02
-6.164618581533432007e-02
-4.695861786603927612e-02
-6.196555867791175842e-02
-5.391539074480533600e-03
3.513298556208610535e-02
-2.334396913647651672e-02
-5.199690163135528564e-02
1.330217532813549042e-02
5.041459947824478149e-02
-1.511824876070022583e-01
1.276449412107467651e-01
4.010656103491783142e-02
1.883311867713928223e-01
1.513472851365804672e-02
6.685542315244674683e-02
-4.549247771501541138e-02
-3.592145163565874100e-03
-4.482933506369590759e-02
4.359399527311325073e-02
-1.336415708065032959e-01
-3.818963840603828430e-02
-6.828882545232772827e-02
1.066319048404693604e-01
4.072469472885131836e-02
3.517398610711097717e-02
-8.585376664996147156e-03
-1.938720233738422394e-02
-2.278429828584194183e-02
4.179862327873706818e-03
-7.456022500991821289e-02
1.473258715122938156e-02
-7.208373863250017166e-03
3.042885847389698029e-02
4.927054420113563538e-02
-1.914220629259943962e-03
1.096237152814865112e-01
9.719845652580261230e-02
-5.586702376604080200e-03
-1.071803420782089233e-01
-4.542787373065948486e-02
-4.380755499005317688e-02
-8.752249926328659058e-02
7.712590973824262619e-03
1.760386861860752106e-02
1.982781477272510529e-02
5.624786391854286194e-02
-1.541408747434616089e-01
3.635897487401962280e-02
-1.620152741670608521e-01
-5.958268046379089355e-02
8.643747866153717041e-02
6.908273696899414062e-02
-1.781690865755081177e-01
-8.416659384965896606e-02
-2.796301804482936859e-02
9.020874649286270142e-02
-5.996887758374214172e-02
1.460975855588912964e-01
2.158929705619812012e-01
-1.651537865400314331e-01
-1.239472329616546631e-01
4.776410292834043503e-03
-4.035747051239013672e-02
1.583955585956573486e-01
-4.715393763035535812e-03
1.982143521308898926e-01
