-8.180332183837890625e-02
-2.636612392961978912e-02
-1.707446388900279999e-02
-2.083034487441182137e-03
-4.941144958138465881e-03
1.964749395847320557e-02
4.862633720040321350e-02
-8.550114929676055908e-02
9.672129154205322266e-02
8.184048533439636230e-02
-3.375748172402381897e-02
-5.990471690893173218e-02
6.462211906909942627e-02
4.364929348230361938e-02
2.689191605895757675e-03
1.412103604525327682e-02
8.345123380422592163e-03
-4.361841455101966858e-02
-1.254928577691316605e-02
5.932914465665817261e-02
6.545985490083694458e-02
3.841358469799160957e-03
-3.155568614602088928e-02
-1.708969287574291229e-02
5.291040986776351929e-03
-3.412693738937377930e-03
9.693984873592853546e-03
1.065705157816410065e-02
-9.560026973485946655e-02
5.139323323965072632e-02
-1.114155538380146027e-02
-8.531673997640609741e-02
6.894383579492568970e-03
8.491866290569305420e-02
-2.589030191302299500e-02
-3.339754790067672729e-02
-9.074264764785766602e-02
2.830212377011775970e-02
-3.833008557558059692e-02
2.819223143160343170e-02
-1.178661920130252838e-02
-3.429814800620079041e-02
-6.102511659264564514e-03
-1.026898846030235291e-01
1.606737226247787476e-01
1.104870587587356567e-01
7.884122431278228760e-02
5.389267578721046448e-02
-7.590466737747192383e-02
-5.938481912016868591e-02
-1.033791825175285339e-01
1.602730453014373779e-01
-3.243972733616828918e-02
1.091037094593048096e-01
1.000817939639091492e-01
-6.501705944538116455e-02
4.708254244178533554e-03
3.054583072662353516e-02
2.571857348084449768e-02
-5.519026517868041992e-02
6.184739992022514343e-02
-4.959591478109359741e-02
1.388133466243743896e-01
-1.276815980672836304e-01
-6.010550074279308319e-03
3.652301803231239319e-02
-6.298110634088516235e-02
6.074883788824081421e-02
-8.074939250946044922e-03
-4.695459455251693726e-02
7.377896457910537720e-02
-4.410662129521369934e-02
-4.322811216115951538e-02
6.400339305400848389e-02
2.271731011569499969e-02
-2.644547633826732635e-02
-1.768099959008395672e-03
4.512282460927963257e-02
-6.569773703813552856e-02
1.149130612611770630e-01
-6.768986582756042480e-02
3.872557077556848526e-03
2.445935457944869995e-02
-1.199047937989234924e-01
-5.756496265530586243e-02
-2.380030788481235504e-02
2.211673557758331299e-02
6.530590355396270752e-02
2.843725867569446564e-02
-6.111353635787963867e-02
-1.087625790387392044e-02
7.397305965423583984e-02
-1.021888703107833862e-01
9.837695211172103882e-02
-5.149627476930618286e-02
-3.629129379987716675e-02
-8.823886513710021973e-02
4.771514981985092163e-02
-7.284687831997871399e-03
-1.807641983032226562e-02
-7.237357646226882935e-02
-1.000193133950233459e-02
-4.077328369021415710e-02
4.188882559537887573e-02
-2.613893151283264160e-02
-2.482085116207599640e-02
5.653182789683341980e-02
3.562637045979499817e-02
8.876392245292663574e-02
-2.263225987553596497e-02
-1.071747764945030212e-01
5.783671885728836060e-02
-6.778184324502944946e-02
-6.904458254575729370e-02
-1.355135291814804077e-01
-8.459568768739700317e-02
9.034080430865287781e-03
-3.728917241096496582e-02
3.191428631544113159e-02
5.767916887998580933e-02
5.854915827512741089e-02
-7.790696620941162109e-02
3.659221529960632324e-02
-2.648627012968063354e-02
2.146200649440288544e-02
5.957406014204025269e-02
-4.146913439035415649e-02
-1.030194461345672607e-01
-6.405952852219343185e-03
-1.980524510145187378e-02
-9.017135947942733765e-03
-8.476930111646652222e-02
2.980127371847629547e-02
2.367432601749897003e-02
2.878269553184509277e-02
-5.768321920186281204e-03
3.474894165992736816e-02
-3.065485693514347076e-02
-2.879592590034008026e-02
4.473838955163955688e-02
-3.557580709457397461e-02
-4.023987427353858948e-02
4.127090796828269958e-02
2.185235358774662018e-02
7.238508015871047974e-02
6.523682270199060440e-03
-1.406247611157596111e-03
7.574950158596038818e-02
2.551184967160224915e-02
-2.120904996991157532e-02
2.237191423773765564e-02
-1.189517509192228317e-02
-4.595238342881202698e-02
-1.375186592340469360e-01
3.239127993583679199e-02
6.371867656707763672e-02
2.724988386034965515e-02
9.192027896642684937e-02
-4.104368761181831360e-02
1.058951765298843384e-01
2.124796994030475616e-02
-4.931615665555000305e-03
2.998855151236057281e-02
4.468948021531105042e-02
-4.363593086600303650e-02
2.621812187135219574e-02
-7.828494906425476074e-02
-6.155191734433174133e-02
2.544680796563625336e-02
-9.401841461658477783e-02
7.457914203405380249e-02
-6.684006005525588989e-02
6.730874627828598022e-02
8.799507468938827515e-02
-1.246801484376192093e-02
-2.019678056240081787e-02
-7.914328016340732574e-03
9.898306801915168762e-03
-8.752702735364437103e-03
3.254006057977676392e-02
1.434679329395294189e-02
-3.638889268040657043e-02
1.111951097846031189e-02
-2.888672798871994019e-02
-4.310064017772674561e-02
2.922582626342773438e-02
-5.726090073585510254e-02
-6.513876467943191528e-02
5.060622096061706543e-02
-4.009398445487022400e-02
-4.345316812396049500e-02
-8.763202466070652008e-03
2.152767032384872437e-02
-1.132565289735794067e-01
1.106277704238891602e-01
5.829639360308647156e-02
1.377487480640411377e-01
6.414835155010223389e-02
6.376979500055313110e-02
-6.953623890876770020e-02
1.447525620460510254e-02
-1.342743355780839920e-02
2.366038039326667786e-02
-1.189278364181518555e-01
1.126163266599178314e-02
-2.752836793661117554e-02
1.567908003926277161e-02
6.542252376675605774e-03
-4.373642615973949432e-03
-2.024905756115913391e-02
2.716979011893272400e-02
1.976792467758059502e-03
4.117686301469802856e-02
-6.762693822383880615e-02
4.605311527848243713e-02
2.644190331920981407e-03
6.041930988430976868e-02
5.227243155241012573e-02
1.584384590387344360e-02
6.112291291356086731e-02
9.718897938728332520e-02
-3.455449640750885010e-02
-1.002782657742500305e-01
-3.646746277809143066e-02
-4.789513349533081055e-02
-1.528871804475784302e-01
2.519214339554309845e-02
1.465611741878092289e-03
-6.277328357100486755e-03
3.474964573979377747e-02
-9.863390773534774780e-02
9.696126729249954224e-02
-9.831080585718154907e-02
-1.183903403580188751e-02
2.470115572214126587e-02
7.778137922286987305e-02
-1.150752082467079163e-01
-4.384026676416397095e-02
-2.354349754750728607e-02
7.010213285684585571e-02
-3.922170493751764297e-03
1.006640866398811340e-01
2.169082611799240112e-01
-1.210539638996124268e-01
-1.584989726543426514e-01
-5.834364332258701324e-03
-3.450436890125274658e-02
1.642095893621444702e-01
-7.953656464815139771e-02
1.313781440258026123e-01
