-1.265357285737991333e-01
-2.249475568532943726e-02
-4.202045872807502747e-02
1.210157200694084167e-02
-9.887920692563056946e-03
-2.231784351170063019e-02
1.807365380227565765e-02
-7.598873227834701538e-02
6.837794929742813110e-02
6.123343482613563538e-02
-4.743632301688194275e-02
-5.748621001839637756e-02
6.491181999444961548e-02
3.765841200947761536e-02
-2.602464705705642700e-02
-1.425760984420776367e-02
4.349846392869949341e-02
-2.831473387777805328e-02
-2.729810075834393501e-03
8.019788563251495361e-02
7.373413443565368652e-02
2.291769348084926605e-02
-9.791079908609390259e-03
1.589247956871986389e-02
-9.456044790567830205e-05
5.676700733602046967e-03
-3.962393850088119507e-02
4.597806185483932495e-02
-1.132844164967536926e-01
5.880968645215034485e-02
-7.483470835722982883e-04
-9.706730395555496216e-02
3.453122824430465698e-02
4.616221040487289429e-02
-1.709046587347984314e-02
-2.207761816680431366e-02
-1.376107335090637207e-01
4.913748800754547119e-02
-2.881027013063430786e-02
5.100132524967193604e-02
-1.978016458451747894e-02
-8.068162947893142700e-02
1.498058671131730080e-03
-8.335859328508377075e-02
1.470073610544204712e-01
1.016811430454254150e-01
9.305088967084884644e-02
4.012142494320869446e-02
-7.537413388490676880e-02
-6.824063509702682495e-02
-7.547099888324737549e-02
1.983591765165328979e-01
-6.323479861021041870e-02
1.193386018276214600e-01
5.924831330776214600e-02
-8.319186419248580933e-02
1.751310192048549652e-02
1.459666248410940170e-02
5.934564769268035889e-02
-8.753158897161483765e-02
4.453973844647407532e-02
-3.149500861763954163e-02
1.063719615340232849e-01
-1.117250695824623108e-01
-2.305614179931581020e-04
1.175877451896667480e-02
-2.534415014088153839e-02
4.300836473703384399e-02
4.315191134810447693e-02
-6.913520395755767822e-02
8.375664055347442627e-02
-3.374891728162765503e-02
-4.341639578342437744e-02
4.045398160815238953e-02
4.325794056057929993e-02
-7.512654364109039307e-02
-2.204494550824165344e-02
4.521493241190910339e-02
-5.706028267741203308e-02
1.026050671935081482e-01
-8.958460390567779541e-02
-3.993909806013107300e-02
1.989289559423923492e-02
-1.405943334102630615e-01
-6.380479782819747925e-02
-1.831222698092460632e-02
4.616947472095489502e-02
8.350741863250732422e-02
1.917085237801074982e-02
-2.634871378540992737e-02
2.683745324611663818e-02
7.915214449167251587e-02
-1.020963042974472046e-01
1.138781085610389709e-01
-5.183864012360572815e-02
-4.500513523817062378e-02
-5.193744599819183350e-02
4.590000584721565247e-02
2.677132189273834229e-02
1.490103732794523239e-02
-6.526915729045867920e-02
-3.938869386911392212e-02
-8.872850239276885986e-02
3.219369100406765938e-03
1.469203457236289978e-02
-5.179262906312942505e-02
7.933765649795532227e-02
4.435354843735694885e-02
8.606055378913879395e-02
-3.813814744353294373e-02
-8.701221644878387451e-02
6.152276322245597839e-02
-6.058840826153755188e-02
-2.335902303457260132e-02
-6.090134009718894958e-02
-6.637299805879592896e-02
1.985168829560279846e-02
-3.525664657354354858e-02
3.320919349789619446e-02
6.707653403282165527e-02
1.936547458171844482e-02
-5.297215282917022705e-02
-2.577987499535083771e-02
8.984594605863094330e-03
6.171969231218099594e-03
1.611769385635852814e-02
2.318088710308074951e-02
-1.251727491617202759e-01
2.205666713416576385e-02
-4.295789077877998352e-02
-1.846457645297050476e-02
-4.886744916439056396e-02
2.106405794620513916e-02
-7.407861296087503433e-03
3.192032128572463989e-02
-2.980268746614456177e-02
-1.041243318468332291e-03
-2.598066814243793488e-02
-6.863925373181700706e-04
5.239300057291984558e-02
-8.504641242325305939e-03
-1.013337541371583939e-02
2.471768856048583984e-02
-1.367665734142065048e-02
8.190543204545974731e-02
-2.094289101660251617e-02
-1.156840194016695023e-02
8.528167009353637695e-02
4.973959922790527344e-02
-3.070133365690708160e-02
3.495063260197639465e-02
-1.503381133079528809e-02
-5.502363666892051697e-02
-8.308140188455581665e-02
5.869118124246597290e-02
3.218491747975349426e-02
1.968233287334442139e-02
2.215816453099250793e-02
9.058775380253791809e-03
9.241873025894165039e-02
1.743926107883453369e-02
-2.735359221696853638e-02
7.899489253759384155e-02
3.160567954182624817e-02
1.062514143995940685e-03
2.278316579759120941e-02
-3.996497765183448792e-02
-5.201169475913047791e-02
3.838400915265083313e-02
-8.318386971950531006e-02
4.674943909049034119e-02
-4.018951207399368286e-02
4.121173545718193054e-02
6.063119322061538696e-02
-3.388082608580589294e-02
-1.629515737295150757e-02
-2.474259398877620697e-02
-1.655365340411663055e-02
-8.305062539875507355e-03
4.530866444110870361e-02
4.768016561865806580e-02
-4.837377741932868958e-02
3.068432584404945374e-02
-7.163369655609130859e-02
-1.308380253612995148e-02
5.032401904463768005e-02
-1.312982849776744843e-02
-3.165228292346000671e-02
7.480628788471221924e-03
-1.894289627671241760e-02
8.196587674319744110e-03
-3.320845589041709900e-02
9.986205957829952240e-03
-1.287435889244079590e-01
9.629271924495697021e-02
1.986454054713249207e-02
1.704610437154769897e-01
7.149951159954071045e-02
5.262052640318870544e-02
-4.173268750309944153e-02
2.662429586052894592e-02
-7.549636065959930420e-04
5.205531418323516846e-02
-1.023399457335472107e-01
1.368363853543996811e-02
-2.148635312914848328e-02
1.037480495870113373e-02
1.229797210544347763e-02
-2.873892337083816528e-02
-1.793532073497772217e-02
5.813753977417945862e-02
7.904550060629844666e-03
7.374018430709838867e-02
-8.732508122920989990e-02
2.644032612442970276e-02
1.029973011463880539e-02
4.735733568668365479e-02
8.167210035026073456e-03
-2.813344262540340424e-02
3.982241824269294739e-02
8.532617986202239990e-02
-1.757214777171611786e-02
-6.073006615042686462e-02
-4.417593404650688171e-02
-5.330734699964523315e-02
-1.607317626476287842e-01
4.227569326758384705e-02
-1.620211638510227203e-02
-1.464806124567985535e-02
2.004001475870609283e-02
-5.381860584020614624e-02
4.967631772160530090e-02
-6.116950511932373047e-02
-1.672890223562717438e-02
-3.532351925969123840e-02
5.091591179370880127e-02
-5.977640673518180847e-02
-2.573213353753089905e-02
5.326634272933006287e-03
1.135836616158485413e-01
-1.818716526031494141e-02
5.416860431432723999e-02
2.658413946628570557e-01
-1.169905140995979309e-01
-1.683860123157501221e-01
-2.725808881223201752e-02
-1.460114493966102600e-02
1.958505660295486450e-01
-9.953079372644424438e-02
1.934286504983901978e-01
