-8.415810018777847290e-02
-2.852714248001575470e-02
7.759997248649597168e-02
-7.876706123352050781e-02
-3.682098910212516785e-02
1.026421412825584412e-01
4.720201715826988220e-02
-1.632400155067443848e-01
9.700296819210052490e-02
5.900684744119644165e-02
-1.199901401996612549e-01
-7.307521253824234009e-02
9.442163258790969849e-02
-3.406392037868499756e-02
3.496923670172691345e-02
7.169066369533538818e-02
4.003239795565605164e-02
-7.011566311120986938e-02
9.018778800964355469e-03
4.780913144350051880e-02
1.795653440058231354e-02
-3.228475525975227356e-02
-2.949669398367404938e-02
-1.517710369080305099e-02
1.340620126575231552e-02
-1.405081897974014282e-02
4.211205989122390747e-02
-3.439551964402198792e-02
-8.193716406822204590e-02
3.049598541110754013e-03
5.549110006541013718e-03
-5.426946654915809631e-02
-2.907051704823970795e-02
6.154004856944084167e-02
-1.929623074829578400e-02
8.197722956538200378e-03
-4.138010740280151367e-02
1.476690376875922084e-04
2.833721041679382324e-02
-1.469853147864341736e-02
-5.688012391328811646e-02
-3.781340317800641060e-03
8.553801104426383972e-03
-5.713642016053199768e-02
1.148297116160392761e-01
5.669103562831878662e-02
3.587815910577774048e-02
-1.178742572665214539e-02
-5.064191669225692749e-02
-9.129076451063156128e-02
-9.852681308984756470e-02
7.704757153987884521e-02
-2.709571830928325653e-02
5.769483745098114014e-02
6.198281422257423401e-02
-3.370504826307296753e-03
-4.474795982241630554e-02
4.817320406436920166e-02
2.942792139947414398e-03
6.782373785972595215e-02
8.586271852254867554e-02
-3.297538310289382935e-02
9.482347965240478516e-02
-1.685141921043395996e-01
-2.461329475045204163e-02
-3.328336775302886963e-02
-4.081636294722557068e-02
9.187494218349456787e-02
-5.179171636700630188e-02
-2.180343493819236755e-02
2.612780593335628510e-02
-2.358809486031532288e-02
-3.837208077311515808e-02
5.950552225112915039e-02
3.387415781617164612e-03
2.275499887764453888e-02
3.922469541430473328e-02
4.170354083180427551e-02
-6.490257382392883301e-02
8.491071313619613647e-02
-7.751527428627014160e-02
5.174653977155685425e-02
3.885163739323616028e-02
-9.519077092409133911e-02
-7.478351891040802002e-02
-4.579723998904228210e-02
4.779374971985816956e-02
9.782969206571578979e-02
5.539061035960912704e-03
-4.427871853113174438e-02
4.066055640578269958e-02
4.917790647596120834e-03
-1.215066686272621155e-01
5.450383201241493225e-02
-1.030954271554946899e-01
1.094940956681966782e-02
-8.636436611413955688e-02
3.300930932164192200e-02
-1.924479380249977112e-02
-2.834098786115646362e-02
-8.680677413940429688e-02
-1.980682648718357086e-02
-1.530311442911624908e-02
2.671469561755657196e-02
-4.890714585781097412e-02
-4.298180714249610901e-02
6.854262948036193848e-02
-8.386027766391634941e-04
4.349067807197570801e-02
2.001877583097666502e-04
-6.524897366762161255e-02
1.299090497195720673e-02
-8.292860351502895355e-03
-4.467781260609626770e-02
-1.126465573906898499e-01
-3.296222537755966187e-02
1.262230984866619110e-02
-6.561980396509170532e-02
-1.434620190411806107e-02
6.282084435224533081e-02
6.715774536132812500e-02
-5.246929079294204712e-02
2.641725912690162659e-02
-2.455410361289978027e-02
3.313612192869186401e-02
8.163480460643768311e-02
-7.870518416166305542e-02
-1.072466149926185608e-01
-7.559820264577865601e-02
-2.949375845491886139e-02
2.696049213409423828e-02
-7.660029828548431396e-02
7.209842652082443237e-02
1.820992305874824524e-02
1.007811166346073151e-03
-5.515730381011962891e-02
1.301654875278472900e-01
-7.799535244703292847e-02
-2.758130244910717010e-02
-4.476109147071838379e-02
-5.652055516839027405e-02
-5.222859978675842285e-02
6.791136413812637329e-02
7.991264015436172485e-02
2.629808150231838226e-02
3.070569597184658051e-02
-2.183798886835575104e-02
6.848885864019393921e-02
4.549029842019081116e-02
-7.365957833826541901e-03
4.089905694127082825e-02
-2.464842610061168671e-02
3.218427300453186035e-02
-1.081168428063392639e-01
-2.286821370944380760e-03
8.065123856067657471e-02
3.031072765588760376e-02
1.049271970987319946e-01
-7.761767506599426270e-02
9.605416655540466309e-02
4.373621940612792969e-02
-3.793095424771308899e-02
-2.822124212980270386e-02
-2.023838087916374207e-02
-6.722413003444671631e-02
1.732300594449043274e-02
-4.935422167181968689e-02
-6.178566720336675644e-03
9.623712860047817230e-03
-4.764043912291526794e-02
5.254171788692474365e-02
-5.298923701047897339e-02
4.740393534302711487e-02
6.607810407876968384e-02
-3.437342122197151184e-02
-4.748875740915536880e-03
3.705998137593269348e-02
5.626908969134092331e-03
8.359744213521480560e-03
1.860114000737667084e-02
-6.784319877624511719e-03
1.094742212444543839e-02
3.915723413228988647e-02
-4.204545915126800537e-02
-3.788905218243598938e-02
6.808787584304809570e-04
-3.907952830195426941e-02
-3.454262018203735352e-02
3.939068317413330078e-02
-4.159136489033699036e-02
-7.086431607604026794e-03
-4.301160201430320740e-02
5.881962180137634277e-02
-1.046114265918731689e-01
9.606750309467315674e-02
7.142043858766555786e-02
9.845020622014999390e-02
6.036834791302680969e-02
1.157507449388504028e-01
9.902389720082283020e-03
-1.391894835978746414e-02
-1.669888384640216827e-02
3.156999871134757996e-02
-1.611081063747406006e-01
1.112981792539358139e-02
-7.743519544601440430e-02
5.225132778286933899e-02
-2.097740210592746735e-02
5.839712452143430710e-03
-2.467803470790386200e-02
-2.095075137913227081e-02
-5.067847296595573425e-02
7.214856147766113281e-02
-2.360826544463634491e-02
3.745550988242030144e-03
-1.230796147137880325e-02
3.882074728608131409e-02
7.237138599157333374e-02
-5.575573537498712540e-03
5.124719068408012390e-02
6.807482242584228516e-02
-3.000780008733272552e-02
-8.733855187892913818e-02
-1.868844591081142426e-02
-9.017798304557800293e-02
-1.368474066257476807e-01
6.020657718181610107e-02
2.597050555050373077e-02
-6.282419897615909576e-03
2.414782159030437469e-02
-2.574739754199981689e-01
1.054066643118858337e-01
-1.902639865875244141e-01
-5.939409136772155762e-02
6.666396558284759521e-02
7.862007617950439453e-02
-2.222983837127685547e-01
-5.702162906527519226e-02
-2.193943411111831665e-02
3.124950639903545380e-02
1.637670397758483887e-02
6.876589357852935791e-02
8.426457643508911133e-02
-1.453348547220230103e-01
-5.290693044662475586e-02
-2.837722422555088997e-03
-2.189783565700054169e-02
6.131935119628906250e-02
-3.360972926020622253e-02
1.772813126444816589e-02
