-9.323195368051528931e-02
-5.315653607249259949e-02
5.682237446308135986e-02
-2.761651761829853058e-02
2.201760932803153992e-02
2.083024755120277405e-02
4.815629683434963226e-03
-9.797603636980056763e-02
8.676788210868835449e-02
4.856377094984054565e-02
-8.682642877101898193e-02
-3.413785994052886963e-02
7.453826069831848145e-02
2.209974825382232666e-02
1.247644051909446716e-02
1.204437948763370514e-02
2.170907566323876381e-03
-7.817170023918151855e-02
6.143313646316528320e-02
3.350625978782773018e-03
1.068686842918395996e-01
-3.142050281167030334e-02
-1.504939608275890350e-02
-1.182368583977222443e-02
3.531298786401748657e-02
6.109423004090785980e-03
4.161444492638111115e-03
-5.737598985433578491e-03
-1.177397146821022034e-01
2.055599913001060486e-02
-6.038831174373626709e-02
-8.159460127353668213e-02
2.075739949941635132e-02
1.158335208892822266e-01
-6.172751262784004211e-02
-8.415390551090240479e-02
-1.119030341506004333e-01
1.657477207481861115e-02
-3.866834193468093872e-02
3.195369243621826172e-02
-8.868009783327579498e-03
-2.639996074140071869e-02
1.200529094785451889e-02
-9.365934133529663086e-02
9.897452592849731445e-02
1.105943918228149414e-01
5.636245012283325195e-02
3.950422629714012146e-02
-5.589390918612480164e-02
-1.973426528275012970e-02
-3.977645933628082275e-02
1.652628183364868164e-01
-3.666019067168235779e-02
6.560224294662475586e-02
7.714892923831939697e-02
-3.500745818018913269e-02
-2.667724341154098511e-02
2.825734950602054596e-02
7.567843794822692871e-02
-2.932141348719596863e-02
2.780199050903320312e-02
-4.460035637021064758e-02
1.339845359325408936e-01
-1.004455685615539551e-01
3.381914645433425903e-02
4.546971991658210754e-02
-9.937506169080734253e-02
8.010227233171463013e-02
-2.438122965395450592e-02
-8.026365935802459717e-02
8.119281381368637085e-02
-2.188712731003761292e-02
2.405650168657302856e-02
8.034398406744003296e-02
3.629632666707038879e-02
4.139817133545875549e-02
-4.490699619054794312e-03
6.216651946306228638e-02
-8.829239755868911743e-02
1.001346111297607422e-01
-7.339365780353546143e-02
-1.460038498044013977e-02
5.877210758626461029e-03
-1.223064363002777100e-01
-9.026344865560531616e-02
2.043470554053783417e-02
3.101912140846252441e-02
1.077507436275482178e-01
4.469608515501022339e-02
-5.654859170317649841e-02
2.069021342322230339e-03
2.528083696961402893e-02
-9.194999188184738159e-02
8.971294015645980835e-02
-4.768967628479003906e-02
-3.689316287636756897e-02
-1.089382991194725037e-01
7.726938277482986450e-02
1.121042203158140182e-02
-2.346788160502910614e-02
-8.723708987236022949e-02
-1.095332205295562744e-02
-5.485868081450462341e-02
-2.267689909785985947e-03
-4.480034485459327698e-02
-4.066621139645576477e-02
9.026680141687393188e-02
2.092480845749378204e-02
3.182623535394668579e-02
-5.284850299358367920e-02
-6.178529933094978333e-02
3.987399861216545105e-02
-2.527973055839538574e-02
-4.453893005847930908e-02
-8.674228936433792114e-02
-5.890996754169464111e-02
4.584582895040512085e-02
-6.163818296045064926e-03
2.873215824365615845e-02
1.076863333582878113e-01
3.559515625238418579e-02
-4.259345307946205139e-02
-5.550099909305572510e-02
7.456660270690917969e-02
-1.455492340028285980e-02
6.778260320425033569e-02
-4.199477285146713257e-02
-1.013500541448593140e-01
-1.009182911366224289e-02
3.850814420729875565e-03
-4.479867592453956604e-02
-2.056423760950565338e-02
1.994266360998153687e-02
2.228673361241817474e-02
2.967383153736591339e-02
-2.834319323301315308e-02
-9.878322482109069824e-03
5.092706903815269470e-02
-1.033167913556098938e-02
3.322966769337654114e-02
1.242881920188665390e-02
-5.955122411251068115e-02
5.013693124055862427e-02
4.453678429126739502e-02
1.108688861131668091e-01
4.827165044844150543e-03
-3.891483694314956665e-02
3.899713233113288879e-02
6.436105072498321533e-02
-5.966728553175926208e-02
-2.313205599784851074e-02
3.190663829445838928e-02
-2.002715691924095154e-02
-8.281849324703216553e-02
4.639599472284317017e-02
7.279755920171737671e-02
-1.178739406168460846e-02
4.084548354148864746e-02
-2.335323765873908997e-02
1.013400778174400330e-01
-3.057506401091814041e-03
-1.903672516345977783e-02
5.134668946266174316e-02
9.989797137677669525e-03
-3.294647112488746643e-02
2.278753928840160370e-02
-7.763504981994628906e-02
-4.537819884717464447e-03
2.828575670719146729e-02
-8.205917477607727051e-02
1.952160708606243134e-02
-9.423988312482833862e-02
6.875728815793991089e-02
3.394044563174247742e-02
-3.878050670027732849e-02
-6.895608454942703247e-02
-9.102097898721694946e-02
-2.576078288257122040e-02
-2.408022619783878326e-02
5.239812284708023071e-02
-3.492577746510505676e-02
-7.578524760901927948e-03
5.358302593231201172e-02
-2.329223044216632843e-02
-5.439590290188789368e-02
4.390769824385643005e-02
-4.432934895157814026e-02
1.971494778990745544e-02
6.273605674505233765e-02
-5.217813700437545776e-02
-9.265544824302196503e-03
-3.719211369752883911e-02
4.556345194578170776e-02
-9.365361928939819336e-02
1.344538033008575439e-01
5.498687177896499634e-02
1.969403326511383057e-01
6.563667953014373779e-02
2.201639488339424133e-02
-6.562984734773635864e-02
-2.546245045959949493e-02
4.694179166108369827e-03
2.079338394105434418e-02
-1.611156165599822998e-01
-8.674451150000095367e-03
-1.471228711307048798e-02
3.481326252222061157e-02
2.015987038612365723e-02
1.467073522508144379e-02
-8.262639865279197693e-03
3.860208764672279358e-02
-6.703495047986507416e-03
4.849172011017799377e-02
-1.147003993391990662e-01
3.270331397652626038e-02
-2.004705183207988739e-02
7.458125799894332886e-02
2.896349877119064331e-02
1.186987292021512985e-02
6.671236455440521240e-02
1.153021082282066345e-01
-2.607848681509494781e-02
-1.000482290983200073e-01
-8.232484012842178345e-02
-8.489540219306945801e-02
-1.803324967622756958e-01
3.330617770552635193e-02
2.412333898246288300e-02
-2.613952965475618839e-04
4.204709548503160477e-03
-1.379538476467132568e-01
7.258325070142745972e-02
-9.657133370637893677e-02
-9.509081020951271057e-03
1.364456606097519398e-03
9.913265705108642578e-03
-9.345885366201400757e-02
-2.053389139473438263e-02
4.488218110054731369e-03
6.266181170940399170e-02
-2.372865192592144012e-02
3.947847709059715271e-02
1.992991119623184204e-01
-8.235388249158859253e-02
-1.130390465259552002e-01
-7.431416772305965424e-03
-9.731496684253215790e-03
8.373448997735977173e-02
-8.074947446584701538e-02
1.588337868452072144e-01
