-1.228523403406143188e-01
-5.185377225279808044e-02
8.913682401180267334e-02
-5.931685492396354675e-02
-4.779225960373878479e-02
1.064653247594833374e-01
1.568833924829959869e-02
-1.523780971765518188e-01
9.976477921009063721e-02
5.396918207406997681e-02
-1.379568278789520264e-01
-7.044223695993423462e-02
1.490121483802795410e-01
-1.296116318553686142e-02
-4.544293507933616638e-03
5.056241154670715332e-02
2.942515537142753601e-02
-8.047441393136978149e-02
2.509477175772190094e-02
4.089818894863128662e-02
6.890642642974853516e-02
-3.824539482593536377e-02
1.642763242125511169e-02
-2.103137969970703125e-02
5.640870332717895508e-02
1.107057556509971619e-03
1.635141856968402863e-02
-9.527871757745742798e-02
-1.249548122286796570e-01
-3.954800590872764587e-02
-4.340974614024162292e-02
-6.276542693376541138e-02
2.287938492372632027e-03
8.919834345579147339e-02
9.222336113452911377e-03
-2.856136113405227661e-02
-8.363119512796401978e-02
-2.604169398546218872e-02
2.820933796465396881e-02
2.489247918128967285e-02
-3.522881865501403809e-02
-2.204398065805435181e-02
4.284050688147544861e-02
-5.237067490816116333e-02
8.774551004171371460e-02
5.060892924666404724e-02
1.852252706885337830e-02
-1.504645682871341705e-02
-6.011602282524108887e-02
-9.249528497457504272e-02
-6.077292189002037048e-02
7.639373093843460083e-02
-4.319626465439796448e-02
7.660037837922573090e-03
4.887104034423828125e-02
3.969942685216665268e-03
-5.463289469480514526e-02
3.999833017587661743e-03
3.775627538561820984e-02
5.394434183835983276e-02
6.429170817136764526e-02
2.570885000750422478e-03
5.559464171528816223e-02
-1.265584379434585571e-01
-9.757748804986476898e-03
-3.074562549591064453e-02
-5.335294827818870544e-02
8.069801330566406250e-02
-5.545165389776229858e-02
-4.017222300171852112e-02
-5.091634579002857208e-03
-2.389669651165604591e-03
-8.985175751149654388e-03
7.453864812850952148e-02
8.276753127574920654e-03
3.645565733313560486e-02
4.568523913621902466e-02
4.319242388010025024e-02
-7.449113577604293823e-02
5.540196970105171204e-02
-7.174902409315109253e-02
1.889101043343544006e-02
2.275575883686542511e-02
-1.065124645829200745e-01
-6.892489641904830933e-02
-1.353071187622845173e-03
7.174943387508392334e-02
1.205637454986572266e-01
-2.314054034650325775e-02
2.156023401767015457e-03
3.283375874161720276e-02
-2.866141498088836670e-02
-1.103751957416534424e-01
2.545064128935337067e-02
-1.111094877123832703e-01
1.473738811910152435e-02
-6.431541591882705688e-02
4.446196183562278748e-02
-1.414458081126213074e-02
-2.274269051849842072e-02
-8.015149831771850586e-02
-8.122566156089305878e-03
-1.025323104113340378e-02
-8.901840075850486755e-03
-6.193912401795387268e-02
-6.380783021450042725e-02
7.999937981367111206e-02
-8.780061267316341400e-03
2.084092795848846436e-02
-9.128164499998092651e-03
-4.296420887112617493e-02
1.232321746647357941e-02
1.138683594763278961e-02
-5.107070319354534149e-03
-8.797059208154678345e-02
8.910848759114742279e-03
3.446932509541511536e-02
-7.535883784294128418e-02
-1.295419526286423206e-03
9.529820084571838379e-02
6.171341240406036377e-02
-2.245130017399787903e-02
-1.019791886210441589e-02
8.224150165915489197e-03
1.728995703160762787e-02
6.622506678104400635e-02
-6.772115826606750488e-02
-8.643199503421783447e-02
-8.202511817216873169e-02
-1.176829915493726730e-02
3.122014179825782776e-02
-3.173190355300903320e-02
4.418945312500000000e-02
3.780822828412055969e-02
-1.904906891286373138e-02
-5.461859703063964844e-02
1.114602982997894287e-01
-6.841026246547698975e-02
-2.995551936328411102e-02
-6.530862301588058472e-02
-1.681000925600528717e-02
-4.692680016160011292e-02
3.917017951607704163e-02
6.257874518632888794e-02
6.239674985408782959e-02
2.339803427457809448e-02
-5.456070601940155029e-02
9.078992530703544617e-03
7.895048707723617554e-02
-8.449508249759674072e-02
7.273722440004348755e-02
-2.242130599915981293e-02
4.434840753674507141e-02
-6.761573255062103271e-02
-8.271721191704273224e-03
4.358294233679771423e-02
-2.351400908082723618e-03
8.947995305061340332e-02
-5.731185525655746460e-02
6.357683241367340088e-02
6.918216124176979065e-03
-7.056893315166234970e-03
2.167600020766258240e-02
-1.766839437186717987e-02
-5.878376960754394531e-02
2.971473708748817444e-02
-1.334982365369796753e-02
9.493798017501831055e-03
5.995194427669048309e-03
-7.344812899827957153e-02
6.824905052781105042e-03
-6.159672141075134277e-02
6.170075386762619019e-02
2.532946132123470306e-02
-5.759646371006965637e-02
-4.270114004611968994e-02
-1.955932704731822014e-03
-3.687763586640357971e-02
1.242035441100597382e-02
1.339414622634649277e-02
-4.897526651620864868e-02
2.780024893581867218e-02
6.443483382463455200e-02
1.761051942594349384e-03
-6.400957703590393066e-02
2.777284570038318634e-02
-3.725677728652954102e-02
3.549745306372642517e-02
3.843671455979347229e-02
-5.286993458867073059e-02
1.925167255103588104e-02
-5.369613319635391235e-02
6.733217835426330566e-02
-9.686678647994995117e-02
1.184809356927871704e-01
3.371440991759300232e-02
1.636958569288253784e-01
3.878737986087799072e-02
1.015138402581214905e-01
2.541172783821821213e-03
-3.897356241941452026e-02
-1.264799502678215504e-03
3.090132586658000946e-02
-1.553896218538284302e-01
6.685240194201469421e-03
-2.047229371964931488e-02
7.965063303709030151e-02
-6.006368901580572128e-03
-9.797492995858192444e-03
-3.879758343100547791e-02
-2.168264240026473999e-02
-5.408575385808944702e-02
8.007988333702087402e-02
-6.941115856170654297e-02
1.186701841652393341e-02
-1.219649147242307663e-02
5.962797999382019043e-02
7.835780084133148193e-02
8.157697506248950958e-03
7.429844141006469727e-02
8.001822233200073242e-02
-3.187557309865951538e-02
-7.436932623386383057e-02
-7.803563773632049561e-02
-1.010247543454170227e-01
-1.464122086763381958e-01
8.415468782186508179e-02
3.840367496013641357e-02
3.050226531922817230e-02
-8.615791797637939453e-03
-2.538700103759765625e-01
9.025402367115020752e-02
-1.772805452346801758e-01
-7.188887894153594971e-02
3.900910913944244385e-02
7.360120862722396851e-02
-1.891121566295623779e-01
-5.623416230082511902e-02
-7.728509139269590378e-03
4.549467936158180237e-02
-7.433687802404165268e-03
8.149960637092590332e-02
1.111575067043304443e-01
-1.263327300548553467e-01
-7.511018216609954834e-02
4.944083746522665024e-03
-1.189003512263298035e-02
5.216912925243377686e-02
-1.424002554267644882e-02
9.645605832338333130e-02
