-9.498755633831024170e-02
-5.399527400732040405e-02
4.468334838747978210e-02
-1.631233841180801392e-02
-8.765331469476222992e-03
4.367947205901145935e-02
1.883110217750072479e-02
-5.851813405752182007e-02
9.557942301034927368e-02
4.183890298008918762e-02
-9.364586323499679565e-02
-5.571730434894561768e-02
1.037804037332534790e-01
-2.107233181595802307e-02
6.453792098909616470e-03
2.761489339172840118e-02
3.267778456211090088e-02
-7.842765748500823975e-02
9.760192595422267914e-03
3.939868509769439697e-02
7.253977656364440918e-02
-1.879184856079518795e-03
-9.671481326222419739e-03
-8.862626738846302032e-03
3.404180333018302917e-02
-2.301433309912681580e-02
4.954247269779443741e-03
-2.462590672075748444e-02
-1.562760770320892334e-01
-1.015590224415063858e-02
-6.031648442149162292e-02
-8.656251430511474609e-02
1.505104359239339828e-02
1.336066275835037231e-01
5.440678447484970093e-03
-3.599958121776580811e-02
-1.045218780636787415e-01
5.746346898376941681e-03
-2.331420592963695526e-02
3.971518576145172119e-02
-1.630341447889804840e-02
-5.524601042270660400e-02
2.182313613593578339e-02
-9.351760894060134888e-02
1.377969831228256226e-01
1.437366455793380737e-01
8.112572133541107178e-02
-1.573670282959938049e-02
-1.013747006654739380e-01
-1.023411676287651062e-01
-4.369069635868072510e-02
1.683265864849090576e-01
-2.729673311114311218e-02
9.438963234424591064e-02
1.074473187327384949e-01
-4.653960838913917542e-02
-4.764123633503913879e-02
2.420625090599060059e-02
5.548682063817977905e-02
-3.344261273741722107e-02
4.455030709505081177e-02
-2.728729881346225739e-02
8.942294120788574219e-02
-1.588463485240936279e-01
5.360527895390987396e-03
1.035109534859657288e-02
-3.585513308644294739e-02
4.662703350186347961e-02
-2.684740349650382996e-02
-4.368120431900024414e-02
4.081241413950920105e-02
-2.664612606167793274e-02
-2.083699218928813934e-02
8.604322373867034912e-02
1.963290013372898102e-02
-1.390261482447385788e-02
2.282049506902694702e-02
5.336836725473403931e-02
-5.921890586614608765e-02
6.848169863224029541e-02
-6.205093488097190857e-02
3.017935343086719513e-02
3.002782911062240601e-02
-1.197208538651466370e-01
-7.199377566576004028e-02
8.178586140275001526e-03
4.248390719294548035e-02
9.420458227396011353e-02
4.834556952118873596e-03
-5.102936550974845886e-02
2.687582932412624359e-02
1.982326433062553406e-02
-8.020435273647308350e-02
7.459075003862380981e-02
-1.294300109148025513e-01
-9.783659130334854126e-03
-7.514043897390365601e-02
3.419150039553642273e-02
-7.523560896515846252e-03
-6.326977163553237915e-03
-7.032857090234756470e-02
-2.617092244327068329e-02
-3.270373120903968811e-02
3.038269281387329102e-02
-2.717320248484611511e-02
-3.147049620747566223e-02
8.473307639360427856e-02
4.085014108568429947e-03
3.482954949140548706e-02
-1.100186258554458618e-03
-7.346482574939727783e-02
2.212437801063060760e-02
-3.637969866394996643e-02
-3.115529194474220276e-02
-7.366355508565902710e-02
-3.453258052468299866e-02
4.861605539917945862e-02
-2.810619398951530457e-02
-1.318249106407165527e-02
7.724679261445999146e-02
3.589604794979095459e-02
-4.431414231657981873e-02
-2.872432954609394073e-02
9.871053509414196014e-03
1.580424606800079346e-02
6.550008058547973633e-02
-2.780985273420810699e-02
-8.780709654092788696e-02
-3.480865433812141418e-02
-2.660046145319938660e-02
1.841060072183609009e-02
-8.278892189264297485e-02
5.173160135746002197e-02
2.411820180714130402e-02
1.967925764620304108e-02
-6.428844481706619263e-02
9.141138195991516113e-02
-3.135968372225761414e-02
-1.321445405483245850e-02
1.062155142426490784e-02
1.245298050343990326e-02
-5.633898451924324036e-02
6.978167593479156494e-02
6.208745390176773071e-02
5.144112929701805115e-02
1.189872808754444122e-02
-2.299153804779052734e-02
8.295078575611114502e-02
6.645183265209197998e-02
-5.668254196643829346e-02
5.147900804877281189e-02
-6.534960586577653885e-03
8.097678422927856445e-03
-9.429935365915298462e-02
7.626472506672143936e-03
8.778649568557739258e-02
1.490666437894105911e-02
6.142086908221244812e-02
-6.465272605419158936e-02
1.024570986628532410e-01
3.997956588864326477e-02
-1.572118699550628662e-02
5.594784766435623169e-02
3.872295608744025230e-03
-3.528033941984176636e-02
2.800862677395343781e-02
-8.639483712613582611e-03
-1.406509615480899811e-02
4.250091314315795898e-02
-4.132331162691116333e-02
3.883754834532737732e-02
-3.895613178610801697e-02
3.083783388137817383e-02
3.852962329983711243e-02
-6.313010305166244507e-02
-2.745224162936210632e-02
-2.761802822351455688e-02
-2.509847842156887054e-02
-5.231427028775215149e-03
2.623255178332328796e-02
-2.322245575487613678e-02
-1.606234908103942871e-02
2.708186395466327667e-02
-3.746784850955009460e-02
-3.251414000988006592e-02
-2.919392660260200500e-03
-2.419923245906829834e-02
-3.415169427171349525e-03
4.666468501091003418e-02
-5.748253315687179565e-02
-1.037736516445875168e-02
-3.086867742240428925e-02
5.132201686501502991e-02
-1.450377106666564941e-01
1.167043969035148621e-01
6.103013828396797180e-02
1.708478331565856934e-01
4.302006587386131287e-02
8.394890278577804565e-02
-1.888030581176280975e-02
-1.848569884896278381e-02
-2.140323072671890259e-02
3.485151380300521851e-02
-1.282869428396224976e-01
-2.437796443700790405e-02
-4.198817908763885498e-02
6.731701642274856567e-02
2.837283909320831299e-02
2.518699737265706062e-03
-1.028481032699346542e-02
-2.118319738656282425e-03
-2.763219922780990601e-02
6.689466536045074463e-02
-8.868600428104400635e-02
1.892985962331295013e-02
8.597374835517257452e-05
4.677520319819450378e-02
1.454272959381341934e-02
2.900495659559965134e-03
8.456818014383316040e-02
8.328342437744140625e-02
4.383225925266742706e-03
-9.416396170854568481e-02
-3.155402094125747681e-02
-5.741374567151069641e-02
-1.407485157251358032e-01
4.577705636620521545e-02
4.268913995474576950e-03
2.292000688612461090e-03
2.615654841065406799e-02
-1.488994359970092773e-01
6.424081325531005859e-02
-1.562188118696212769e-01
-2.986523695290088654e-02
3.606739640235900879e-02
7.933019846677780151e-02
-1.646277159452438354e-01
-6.816317886114120483e-02
-8.684333413839340210e-03
6.266877055168151855e-02
-1.436094567179679871e-02
8.504324406385421753e-02
2.014403939247131348e-01
-1.474104076623916626e-01
-1.121490374207496643e-01
-1.837169006466865540e-02
-3.761659935116767883e-02
1.187597513198852539e-01
-5.863829702138900757e-02
1.557583361864089966e-01
