-9.223298728466033936e-02
-5.161342769861221313e-02
8.387672156095504761e-02
-4.184254631400108337e-02
-2.321815118193626404e-02
9.064747393131256104e-02
1.604280807077884674e-02
-5.063543841242790222e-02
8.479770272970199585e-02
2.264445275068283081e-02
-9.698047488927841187e-02
-1.626251824200153351e-02
7.724547386169433594e-02
-2.053262433037161827e-03
2.787633612751960754e-02
9.010018780827522278e-03
2.733674272894859314e-02
-8.028446137905120850e-02
1.226652972400188446e-02
5.131370201706886292e-02
5.311866477131843567e-02
2.664903365075588226e-02
-2.369840629398822784e-02
6.382786668837070465e-03
3.938162326812744141e-02
-1.991260796785354614e-02
4.061086475849151611e-02
-6.459163129329681396e-02
-1.842813044786453247e-01
-8.146607130765914917e-02
-3.104206360876560211e-02
-1.018605157732963562e-01
3.020075149834156036e-02
1.222594976425170898e-01
4.866386298090219498e-03
-6.791110336780548096e-02
-5.819323286414146423e-02
3.915435168892145157e-03
1.685655862092971802e-02
-3.156398888677358627e-04
-1.102328859269618988e-02
-5.947553366422653198e-02
4.016673658043146133e-03
-5.188951641321182251e-02
8.054848760366439819e-02
1.220747232437133789e-01
2.469845302402973175e-02
-3.431924805045127869e-02
-8.837878704071044922e-02
-3.935075178742408752e-02
-2.993502840399742126e-02
1.170292273163795471e-01
-2.803791500627994537e-02
5.974427983164787292e-02
9.222840517759323120e-02
6.017735227942466736e-03
-4.773177206516265869e-02
-3.198353108018636703e-03
3.976147621870040894e-02
1.843957230448722839e-03
6.048093736171722412e-02
-1.527931448072195053e-02
9.513761848211288452e-02
-1.587599664926528931e-01
4.435024224221706390e-03
4.239625923219136894e-05
-3.401989862322807312e-02
9.441164880990982056e-02
-6.871161609888076782e-02
-3.174143657088279724e-02
-1.660431921482086182e-02
-7.623047381639480591e-02
-4.548092372715473175e-03
8.638378977775573730e-02
2.833401225507259369e-02
-4.738658200949430466e-03
3.166623413562774658e-02
4.117146506905555725e-02
-1.164094507694244385e-01
3.519077226519584656e-02
-7.431676238775253296e-02
2.257250063121318817e-02
3.848820924758911133e-02
-1.490856856107711792e-01
-8.998356014490127563e-02
3.497093543410301208e-02
2.179009094834327698e-02
1.110253930091857910e-01
-3.392121568322181702e-02
-4.375233501195907593e-02
3.197525069117546082e-02
-1.737610786221921444e-03
-5.340322107076644897e-02
1.058084219694137573e-01
-1.419621855020523071e-01
2.474677003920078278e-02
-1.053051203489303589e-01
2.170317433774471283e-02
7.595373317599296570e-03
1.005034241825342178e-02
-7.642900943756103516e-02
-5.271638184785842896e-02
-2.164695970714092255e-02
2.606438659131526947e-02
-1.963344216346740723e-02
-2.193813771009445190e-02
8.028610050678253174e-02
-1.249307207763195038e-02
1.150896027684211731e-02
-1.720906607806682587e-02
-9.238403290510177612e-02
3.197620064020156860e-02
-5.884957313537597656e-02
-6.928481906652450562e-02
-1.021913066506385803e-01
1.168418489396572113e-02
7.477734237909317017e-02
-9.929725527763366699e-02
1.281465124338865280e-02
8.108817785978317261e-02
6.034364551305770874e-02
-7.391881942749023438e-02
-4.329144209623336792e-02
-1.233406830579042435e-02
3.051750734448432922e-02
6.101687252521514893e-02
-4.818908125162124634e-02
-8.407457172870635986e-02
-4.406487196683883667e-02
-5.572230368852615356e-02
5.554229393601417542e-02
-9.412869065999984741e-02
3.265519440174102783e-02
3.628918528556823730e-02
-2.679355069994926453e-02
-2.851490862667560577e-02
9.768369048833847046e-02
-5.453359335660934448e-02
-1.705298013985157013e-02
-1.974571309983730316e-02
2.392912283539772034e-02
-4.367066547274589539e-02
5.269828811287879944e-02
1.119720563292503357e-01
5.178212374448776245e-02
-1.249092444777488708e-02
-2.147311531007289886e-02
7.791654765605926514e-02
6.521929055452346802e-02
-3.076977655291557312e-02
5.586895719170570374e-02
-3.412526100873947144e-02
-5.469363182783126831e-03
-5.080094188451766968e-02
-1.090205856598913670e-03
8.039390295743942261e-02
2.214918658137321472e-02
7.506924122571945190e-02
-6.286272406578063965e-02
8.604967594146728516e-02
3.447929024696350098e-02
-5.947661586105823517e-03
7.500692736357450485e-03
1.312873326241970062e-02
-6.158345937728881836e-02
5.019958689808845520e-02
-3.056600876152515411e-02
-4.380956664681434631e-02
2.180444635450839996e-02
-6.389015167951583862e-02
6.136174872517585754e-02
-1.314106676727533340e-02
8.653976768255233765e-02
-1.934861647896468639e-03
-7.431849837303161621e-02
-3.065917268395423889e-02
-7.158866524696350098e-02
-4.348790389485657215e-04
1.517220400273799896e-02
1.991574466228485107e-02
-9.545478038489818573e-03
-5.201231222599744797e-03
3.024852275848388672e-02
-4.626001045107841492e-02
-1.876878179609775543e-02
5.653682351112365723e-02
8.056930266320705414e-03
-8.254692889750003815e-03
5.121653899550437927e-02
-6.631169468164443970e-02
-3.634931519627571106e-02
-2.884619869291782379e-02
7.860381901264190674e-02
-1.046039834618568420e-01
1.041829809546470642e-01
7.870395481586456299e-02
1.844018548727035522e-01
3.966033831238746643e-02
7.411885261535644531e-02
-5.548014119267463684e-02
-1.995026879012584686e-02
-2.405597828328609467e-02
3.245170414447784424e-02
-1.225313767790794373e-01
-1.103671360760927200e-02
-2.112367004156112671e-02
6.316737085580825806e-02
3.749004006385803223e-02
-2.665707655251026154e-02
-2.804688550531864166e-02
-1.337280310690402985e-02
-4.320907220244407654e-02
5.997568741440773010e-02
-7.564327865839004517e-02
-1.078788470476865768e-02
-2.504744334146380424e-04
9.133510291576385498e-03
4.593895375728607178e-02
9.641216136515140533e-03
7.270384579896926880e-02
9.976840764284133911e-02
4.210974648594856262e-02
-4.083553329110145569e-02
-3.054521791636943817e-02
-6.347379088401794434e-02
-1.309060305356979370e-01
4.450584575533866882e-02
1.469377614557743073e-02
3.287951275706291199e-02
-1.504921726882457733e-02
-1.802516281604766846e-01
6.678640842437744141e-02
-1.791543215513229370e-01
-6.786865741014480591e-02
4.659306630492210388e-02
5.829250440001487732e-02
-1.506072431802749634e-01
-3.675845265388488770e-02
-3.094080835580825806e-02
3.766637668013572693e-02
1.678852736949920654e-02
1.261456012725830078e-01
1.226738318800926208e-01
-1.030808612704277039e-01
-4.070850089192390442e-02
-1.223336439579725266e-02
-1.599479466676712036e-02
1.148700192570686340e-01
-1.263940427452325821e-02
1.352010220289230347e-01
