-6.533423066139221191e-02
-6.476964801549911499e-02
8.431910723447799683e-02
-9.931466728448867798e-02
-5.744665488600730896e-02
1.253203898668289185e-01
8.787944167852401733e-02
-1.920245438814163208e-01
1.349757313728332520e-01
5.674128979444503784e-02
-8.770789206027984619e-02
-8.082084357738494873e-02
1.235160827636718750e-01
-2.812280878424644470e-02
1.294147595763206482e-02
6.555744260549545288e-02
2.871226333081722260e-02
-7.932758331298828125e-02
2.687858603894710541e-02
1.796734705567359924e-02
3.644715622067451477e-02
-3.720842674374580383e-02
-2.044865675270557404e-02
-7.152693718671798706e-02
2.166395448148250580e-02
-2.741360105574131012e-03
3.949579223990440369e-02
-8.675395697355270386e-02
-7.315880805253982544e-02
-1.761400513350963593e-02
-1.461575087159872055e-02
-6.410432606935501099e-02
-7.923123240470886230e-02
9.392856061458587646e-02
1.737021491862833500e-03
-3.271260065957903862e-03
-3.427662700414657593e-02
-4.605091735720634460e-02
1.077411882579326630e-02
8.394268341362476349e-03
-3.620101138949394226e-02
4.827297106385231018e-02
3.164917603135108948e-02
-5.860613286495208740e-02
1.345100253820419312e-01
5.846542771905660629e-03
9.382488206028938293e-03
1.918393746018409729e-02
-2.136038988828659058e-02
-4.275397956371307373e-02
-7.695189863443374634e-02
2.344670332968235016e-02
2.930712699890136719e-02
-3.277928917668759823e-04
4.816251993179321289e-02
4.299598559737205505e-02
-8.261354267597198486e-02
-2.727768570184707642e-02
8.371863514184951782e-03
6.065123155713081360e-02
6.279826909303665161e-02
1.448116637766361237e-02
8.204625546932220459e-02
-8.737813681364059448e-02
-4.102663695812225342e-02
-2.031080797314643860e-02
-2.535551227629184723e-02
1.899814978241920471e-02
-3.327468782663345337e-02
4.661398008465766907e-02
3.722814610227942467e-03
-3.911732137203216553e-02
-7.684615254402160645e-02
1.321363844908773899e-03
2.947886101901531219e-02
3.306068480014801025e-02
-3.825715277343988419e-03
1.274753175675868988e-02
-7.402814179658889771e-02
4.332808777689933777e-02
-2.837305888533592224e-02
4.715682938694953918e-02
-7.441494613885879517e-03
-7.761476188898086548e-02
-1.193731790408492088e-03
-6.295257061719894409e-02
1.375664304941892624e-02
4.247770830988883972e-02
-1.556819956749677658e-02
-4.081960022449493408e-02
-7.495949103031307459e-05
5.043933540582656860e-02
-1.001880839467048645e-01
6.669378373771905899e-03
-5.204453319311141968e-02
2.175157144665718079e-02
-1.344545334577560425e-01
1.222642697393894196e-02
-2.382585220038890839e-02
-8.767813444137573242e-03
-7.093283534049987793e-02
-1.362065412104129791e-02
5.073629319667816162e-03
3.399455174803733826e-02
-3.482324630022048950e-02
-1.142948307096958160e-02
2.789519540965557098e-02
1.691186614334583282e-02
7.439754903316497803e-02
1.387828122824430466e-02
-3.481482714414596558e-02
2.451550215482711792e-02
-2.402525022625923157e-02
-4.626448825001716614e-02
-1.160665750503540039e-01
-1.264405436813831329e-02
-3.455546498298645020e-02
-1.080022528767585754e-01
1.134753786027431488e-02
5.961239337921142578e-02
3.490166366100311279e-02
-6.164707988500595093e-02
5.812484025955200195e-02
-6.415732204914093018e-02
5.010371282696723938e-02
7.206702232360839844e-02
-6.913297623395919800e-02
-5.789607018232345581e-02
-1.018024012446403503e-01
-9.725851006805896759e-03
3.553054854273796082e-02
-7.103968411684036255e-02
6.048181280493736267e-02
-1.887743128463625908e-03
7.480771280825138092e-03
-3.914080187678337097e-02
1.230898424983024597e-01
-8.867343515157699585e-02
-7.361344248056411743e-02
-8.547981083393096924e-02
-9.620916098356246948e-02
-2.974307723343372345e-02
1.218321640044450760e-02
6.533122062683105469e-02
1.404671557247638702e-02
5.346786603331565857e-02
-3.637494519352912903e-04
-2.663005329668521881e-02
6.409030407667160034e-02
-5.722751468420028687e-02
5.064989626407623291e-02
1.796720363199710846e-02
5.110732465982437134e-02
-1.109775155782699585e-01
2.651699073612689972e-02
-1.943139359354972839e-02
1.738567370921373367e-03
1.343394070863723755e-01
-3.345731273293495178e-02
8.976303040981292725e-02
1.084794662892818451e-02
1.537392288446426392e-02
-6.653036922216415405e-02
6.401974707841873169e-03
-8.996673673391342163e-02
1.032294891774654388e-02
-7.507057487964630127e-02
9.845225140452384949e-04
7.230662275105714798e-03
-7.125759124755859375e-02
1.649573817849159241e-02
-5.165409669280052185e-02
1.091607287526130676e-01
6.443069875240325928e-02
-1.232168730348348618e-02
-1.326562743633985519e-02
3.994281217455863953e-02
-2.342218533158302307e-02
-9.397573769092559814e-03
-2.796228602528572083e-02
-7.403285801410675049e-02
3.046086803078651428e-02
3.413659706711769104e-02
1.289630308747291565e-02
-5.495908856391906738e-02
-8.345748297870159149e-03
-4.982921853661537170e-02
-6.212206184864044189e-02
5.672593787312507629e-02
-5.278522521257400513e-02
-7.010411471128463745e-02
-3.446128591895103455e-02
1.051762402057647705e-01
-7.696235179901123047e-02
6.498553603887557983e-02
6.731032580137252808e-02
1.061036065220832825e-01
2.315854467451572418e-02
1.515334248542785645e-01
-1.994079444557428360e-03
-2.908544242382049561e-02
-5.100165680050849915e-02
1.753953658044338226e-02
-1.666442602872848511e-01
2.093292959034442902e-02
-2.168855816125869751e-02
4.676743224263191223e-02
-7.986519485712051392e-02
-1.866680569946765900e-02
-3.943055868148803711e-02
-3.426328673958778381e-02
-4.391895607113838196e-02
8.503992855548858643e-02
-5.226776003837585449e-02
1.853028312325477600e-02
-2.305407635867595673e-02
6.749578565359115601e-02
1.456051021814346313e-01
4.970915615558624268e-03
3.527245670557022095e-02
5.487367510795593262e-02
-4.003424942493438721e-02
-7.768967002630233765e-02
-3.299141302704811096e-02
-7.505122572183609009e-02
-9.260964393615722656e-02
8.897843956947326660e-02
5.702960118651390076e-02
1.415541162714362144e-03
2.630061842501163483e-02
-1.834363639354705811e-01
1.587163954973220825e-01
-1.661566346883773804e-01
-2.950334548950195312e-02
8.560577034950256348e-02
9.902727603912353516e-02
-2.273371070623397827e-01
-5.088604986667633057e-02
-8.126786351203918457e-02
5.469644442200660706e-03
1.973699545487761497e-03
1.174773499369621277e-01
5.815165489912033081e-02
-5.902744829654693604e-02
-1.600701920688152313e-02
1.328075118362903595e-02
-2.709391154348850250e-02
5.226990580558776855e-02
-1.641347259283065796e-02
-2.071014838293194771e-03
