-4.900505766272544861e-02
-2.949816361069679260e-02
9.860366582870483398e-03
1.116890087723731995e-02
3.299408033490180969e-02
-1.151092234067618847e-03
4.909507930278778076e-02
-1.620726473629474640e-02
6.878267973661422729e-02
2.282059751451015472e-02
-1.441907882690429688e-02
-4.573528096079826355e-02
1.913981325924396515e-02
1.403278205543756485e-02
1.564435847103595734e-02
-3.750932961702346802e-02
2.451075240969657898e-02
-4.449040442705154419e-02
2.117319032549858093e-03
2.982362173497676849e-02
6.175485625863075256e-02
2.134322561323642731e-02
-2.101702615618705750e-02
1.279113069176673889e-02
3.467054292559623718e-02
-2.108562504872679710e-03
-1.606674119830131531e-02
3.452837467193603516e-02
-8.313092589378356934e-02
4.490988701581954956e-02
-4.634303227066993713e-02
-8.776407688856124878e-02
6.203056313097476959e-03
1.089927032589912415e-01
-2.157989516854286194e-02
-5.553003773093223572e-02
-1.003874167799949646e-01
2.627448365092277527e-02
-7.028548419475555420e-02
5.711078643798828125e-02
6.061447202228009701e-04
-2.071272209286689758e-02
-1.843931525945663452e-02
-1.108045950531959534e-01
1.269690990447998047e-01
1.505338400602340698e-01
1.027863919734954834e-01
1.070279255509376526e-02
-7.522770762443542480e-02
-4.943034425377845764e-02
-5.781366676092147827e-02
1.835510283708572388e-01
-2.959498204290866852e-02
1.281351298093795776e-01
1.282646954059600830e-01
-6.625765562057495117e-02
-2.012316137552261353e-02
2.388278022408485413e-02
3.606584668159484863e-02
-6.189190223813056946e-02
2.850078605115413666e-02
-5.814351513981819153e-02
1.311611384153366089e-01
-1.400540322065353394e-01
1.322515308856964111e-02
5.862569436430931091e-02
-5.551342666149139404e-02
7.064808905124664307e-02
-1.974864117801189423e-02
-5.061163008213043213e-02
8.372021466493606567e-02
-3.704025596380233765e-02
-5.060420837253332138e-03
6.861662864685058594e-02
9.569813497364521027e-03
-4.772389773279428482e-03
1.267827209085226059e-02
5.944223701953887939e-02
-8.012901991605758667e-02
8.531434834003448486e-02
-7.611224800348281860e-02
1.968449167907238007e-02
1.838191784918308258e-02
-1.169603317975997925e-01
-7.006069272756576538e-02
1.213576830923557281e-02
6.529345992021262646e-04
5.868603289127349854e-02
3.722137957811355591e-02
-9.548573195934295654e-02
-8.639873936772346497e-03
5.743034929037094116e-02
-4.474774375557899475e-02
1.177734583616256714e-01
-1.017757505178451538e-01
-1.492258999496698380e-02
-8.547028899192810059e-02
1.837233081459999084e-02
6.676489021629095078e-03
-2.059173583984375000e-02
-5.921765044331550598e-02
-2.544827386736869812e-02
-2.477207221090793610e-02
2.560840919613838196e-02
-2.101164497435092926e-02
-3.868952393531799316e-03
8.312843739986419678e-02
1.232022419571876526e-02
5.981435254216194153e-02
-1.759922690689563751e-02
-1.152047961950302124e-01
2.206796780228614807e-02
-5.979081243276596069e-02
-7.871368527412414551e-02
-7.220659404993057251e-02
-5.817982926964759827e-02
3.149846941232681274e-02
-1.548700965940952301e-02
-6.709774956107139587e-03
7.503964006900787354e-02
2.542636357247829437e-02
-5.504953116178512573e-02
-1.933001913130283356e-02
2.670362778007984161e-02
7.477941922843456268e-03
5.229584127664566040e-02
-1.849273592233657837e-02
-8.073982596397399902e-02
-2.272274810820817947e-03
-2.995247207581996918e-02
1.410975120961666107e-02
-1.077547296881675720e-01
1.626183092594146729e-02
2.391957119107246399e-02
4.565482959151268005e-02
-2.627160772681236267e-02
5.164725705981254578e-03
1.504692621529102325e-02
-3.489092690870165825e-03
5.675157904624938965e-02
-9.196505881845951080e-03
-4.963870346546173096e-02
3.858022391796112061e-02
2.568394504487514496e-02
7.294271886348724365e-02
7.116340100765228271e-03
-1.438894681632518768e-02
8.876480162143707275e-02
2.253806591033935547e-02
-4.304018989205360413e-02
6.597792729735374451e-03
-1.866668695583939552e-03
-3.963525965809822083e-02
-1.036005467176437378e-01
2.819421701133251190e-02
9.010138362646102905e-02
2.510696835815906525e-02
4.525745287537574768e-02
-3.031077980995178223e-02
9.215356409549713135e-02
3.037900105118751526e-02
-8.241905830800533295e-03
4.022758826613426208e-02
3.285407274961471558e-02
-5.257548391819000244e-02
2.645166404545307159e-02
-6.097139418125152588e-02
-2.676689997315406799e-02
5.492463335394859314e-02
-7.729479670524597168e-02
6.671364605426788330e-02
-4.447866231203079224e-02
6.538837403059005737e-02
4.912751540541648865e-02
-5.075992271304130554e-02
-2.546997740864753723e-02
-4.575566574931144714e-02
-4.175690189003944397e-02
-7.255894131958484650e-03
3.758898377418518066e-02
4.914904944598674774e-03
-2.938829734921455383e-02
-8.401239028898999095e-05
-3.599822893738746643e-02
-4.924332350492477417e-02
-3.748847520910203457e-04
-8.187116682529449463e-02
-2.408813312649726868e-02
6.447832286357879639e-02
-7.309550791978836060e-02
-4.611183330416679382e-02
-2.426825091242790222e-02
3.256035223603248596e-02
-1.255307942628860474e-01
1.117689386010169983e-01
6.065404042601585388e-02
2.013330459594726562e-01
5.909265205264091492e-02
4.247702658176422119e-02
-6.999132782220840454e-02
-8.854591287672519684e-03
-4.198036342859268188e-02
3.764653950929641724e-02
-1.225132122635841370e-01
1.373030478134751320e-03
-6.317079812288284302e-02
5.059901624917984009e-02
2.007598802447319031e-02
1.321573741734027863e-02
-7.258087862282991409e-03
3.919872455298900604e-03
4.091584996785968542e-04
3.648108616471290588e-02
-1.193853616714477539e-01
2.223190106451511383e-02
-7.781618740409612656e-03
4.468523710966110229e-02
2.282470092177391052e-02
5.616659298539161682e-03
9.957337379455566406e-02
1.136769950389862061e-01
4.038244020193815231e-03
-1.100218147039413452e-01
-2.690310031175613403e-02
-3.131327778100967407e-02
-1.311281323432922363e-01
6.596686784178018570e-03
-9.139852598309516907e-03
-6.213480141013860703e-03
4.588339477777481079e-02
-9.304206073284149170e-02
6.565149128437042236e-02
-1.269862800836563110e-01
-1.337007805705070496e-02
4.624537751078605652e-02
5.120559036731719971e-02
-9.790109097957611084e-02
-5.102512985467910767e-02
-2.874389523640275002e-03
7.599110901355743408e-02
-2.816434390842914581e-02
1.153620705008506775e-01
2.344859242439270020e-01
-1.277429610490798950e-01
-1.218631640076637268e-01
4.886843264102935791e-03
-4.172509163618087769e-02
1.595505177974700928e-01
-7.812778651714324951e-02
1.535734236240386963e-01
