-2.365739643573760986e-02
9.806598536670207977e-03
-2.497546002268791199e-02
-5.935722030699253082e-03
8.269377052783966064e-02
1.221206039190292358e-02
6.078892201185226440e-02
-1.029718108475208282e-02
6.525854021310806274e-02
1.160695310682058334e-02
1.808804925531148911e-03
-4.029355198144912720e-02
-3.802700713276863098e-02
-3.786226967349648476e-03
6.619331985712051392e-02
-4.960584337823092937e-04
6.584392488002777100e-02
-4.176157712936401367e-02
-1.095487922430038452e-02
4.664546996355056763e-02
-3.116029687225818634e-02
5.104526877403259277e-02
-4.087823629379272461e-02
7.954052649438381195e-03
-3.635151311755180359e-02
-1.208428293466567993e-02
3.201140090823173523e-02
8.241151273250579834e-02
-2.793392911553382874e-02
9.019470214843750000e-02
2.304360968992114067e-03
-8.945710211992263794e-02
-1.802016235888004303e-02
2.935774810612201691e-02
-3.593715280294418335e-02
-1.117630489170551300e-02
-5.195990949869155884e-02
6.770214438438415527e-02
-6.425949186086654663e-02
1.884724944829940796e-02
-5.519120022654533386e-02
-2.052600122988224030e-02
-5.037570744752883911e-02
-9.043355286121368408e-02
1.083452627062797546e-01
1.466129869222640991e-01
1.281460374593734741e-01
-9.315350092947483063e-03
-2.951804734766483307e-02
-3.726798668503761292e-02
-7.378427684307098389e-02
1.561317294836044312e-01
-1.815244788303971291e-03
1.579289585351943970e-01
1.021403148770332336e-01
-6.396893411874771118e-02
6.526512559503316879e-03
8.036022633314132690e-02
1.490276865661144257e-02
-6.003347411751747131e-02
2.943492680788040161e-02
-1.081050559878349304e-01
1.357697099447250366e-01
-1.772612929344177246e-01
-1.762366667389869690e-02
4.491184651851654053e-02
7.071430794894695282e-03
7.737202197313308716e-02
8.652590215206146240e-03
-7.514837384223937988e-02
1.226288825273513794e-01
-6.252866238355636597e-02
-2.864099666476249695e-02
2.907806448638439178e-02
4.218392539769411087e-03
-2.401431091129779816e-02
1.489934045821428299e-02
4.010741040110588074e-02
-5.628759786486625671e-02
1.035585328936576843e-01
-8.207724988460540771e-02
5.665721371769905090e-02
4.818276315927505493e-02
-6.981194764375686646e-02
-6.877452880144119263e-02
-2.861234126612544060e-03
-4.815232753753662109e-02
1.907231099903583527e-02
7.771128416061401367e-02
-1.336986124515533447e-01
1.839107275009155273e-02
9.091085195541381836e-02
-2.484363131225109100e-02
1.073197051882743835e-01
-7.970970869064331055e-02
-1.644346676766872406e-02
-7.328091561794281006e-02
7.176536135375499725e-03
1.003170199692249298e-02
-3.708718111738562584e-03
-8.499522507190704346e-02
-2.174007333815097809e-02
-3.909019753336906433e-02
7.350227236747741699e-02
-4.479988943785429001e-03
4.086823016405105591e-02
4.465540498495101929e-02
1.166659314185380936e-02
6.409436464309692383e-02
1.313383132219314575e-02
-1.369732469320297241e-01
-1.015405077487230301e-02
-6.648170948028564453e-02
-9.823875874280929565e-02
-6.726323068141937256e-02
-8.933150768280029297e-02
2.040659449994564056e-02
7.227677851915359497e-03
-8.404694497585296631e-03
6.559133995324373245e-03
4.098179563879966736e-02
-6.719154119491577148e-02
2.864592708647251129e-02
-3.330703452229499817e-02
-4.327608272433280945e-03
5.896063894033432007e-02
-1.624182052910327911e-02
-7.272594422101974487e-02
5.198404192924499512e-02
-6.131083145737648010e-02
-1.131783612072467804e-02
-1.314248591661453247e-01
4.804212227463722229e-02
2.196468645706772804e-03
7.626646757125854492e-02
-1.540420344099402428e-03
1.780455000698566437e-02
9.905681014060974121e-03
1.090722996741533279e-02
7.276588678359985352e-02
-3.277421370148658752e-02
-5.147359520196914673e-02
4.407454282045364380e-02
8.267258293926715851e-03
2.901492267847061157e-02
8.810607716441154480e-03
2.979503013193607330e-02
1.529627144336700439e-01
-8.400841616094112396e-03
4.380591213703155518e-02
-2.392539754509925842e-02
6.820844020694494247e-03
-6.265090405941009521e-02
-1.038361489772796631e-01
-1.545734796673059464e-02
1.346554607152938843e-01
5.920615419745445251e-02
2.446427755057811737e-02
-3.195381909608840942e-02
1.003851369023323059e-01
6.188488751649856567e-02
-5.206420645117759705e-02
-1.419468503445386887e-02
1.730103045701980591e-02
-2.497362159192562103e-02
-5.704900249838829041e-03
-5.761665478348731995e-02
-3.525131568312644958e-02
6.327994167804718018e-02
-1.342240162193775177e-02
7.216343283653259277e-02
2.315827272832393646e-02
5.260021425783634186e-03
6.827569752931594849e-02
-1.244836021214723587e-02
3.334928676486015320e-02
1.936662476509809494e-03
2.042162418365478516e-02
7.475368911400437355e-04
6.118287518620491028e-02
7.882573455572128296e-02
-4.502621665596961975e-02
-3.458713740110397339e-02
-5.256416648626327515e-02
-1.423310022801160812e-02
-3.964839503169059753e-02
-4.876683279871940613e-02
-7.352676242589950562e-02
2.923635952174663544e-02
-2.567931637167930603e-02
-6.649148464202880859e-02
1.297726109623908997e-02
1.485420949757099152e-02
-1.160350218415260315e-01
6.595385819673538208e-02
6.505426019430160522e-02
1.114007532596588135e-01
5.669591575860977173e-02
3.086546063423156738e-02
-2.116808667778968811e-02
3.660359606146812439e-02
-6.312966346740722656e-02
5.243215337395668030e-02
-8.292239159345626831e-02
-1.204976439476013184e-02
-1.349218487739562988e-01
3.752057999372482300e-02
2.012294530868530273e-02
4.476245492696762085e-02
-2.945094602182507515e-03
1.116758119314908981e-02
1.710055395960807800e-02
7.627776823937892914e-03
-3.033060580492019653e-02
-4.606573493219912052e-04
-7.322222227230668068e-04
-7.847325177863240242e-04
-3.063949756324291229e-03
-3.730217367410659790e-02
6.433023512363433838e-02
7.581619918346405029e-02
2.562239207327365875e-02
-9.218910336494445801e-02
2.586899884045124054e-02
-7.702819537371397018e-03
-8.466285467147827148e-02
-1.871687918901443481e-02
-2.546877227723598480e-02
-2.444955334067344666e-02
9.070204943418502808e-02
-9.408934414386749268e-02
4.119801893830299377e-02
-1.276281028985977173e-01
-2.829027362167835236e-02
5.170652642846107483e-02
4.292274639010429382e-02
-1.124218702316284180e-01
-4.197794198989868164e-02
-1.903485134243965149e-02
7.618772238492965698e-02
-2.518828026950359344e-02
1.029524356126785278e-01
2.102588415145874023e-01
-1.638999581336975098e-01
-9.394906461238861084e-02
-2.371118776500225067e-02
-2.689548954367637634e-02
1.818920820951461792e-01
-6.530350446701049805e-02
1.302116662263870239e-01
