-1.170716360211372375e-01
-5.591918900609016418e-02
6.963455677032470703e-02
-4.906317219138145447e-02
-5.125397443771362305e-02
7.948256283998489380e-02
4.995429515838623047e-02
-1.532026231288909912e-01
1.257010996341705322e-01
6.658019870519638062e-02
-1.022462099790573120e-01
-1.007474437355995178e-01
1.011598035693168640e-01
-2.223068848252296448e-03
-3.166989982128143311e-02
2.378251031041145325e-02
4.467997327446937561e-02
-8.103832602500915527e-02
2.563204243779182434e-02
6.566287577152252197e-02
7.149768620729446411e-02
-8.301118388772010803e-03
-2.215836569666862488e-02
-1.958822831511497498e-03
3.386539593338966370e-02
-8.180482313036918640e-03
1.255837641656398773e-02
-4.851767793297767639e-02
-1.143689155578613281e-01
6.636988837271928787e-03
-4.013561457395553589e-02
-6.807184964418411255e-02
8.797268965281546116e-04
9.380753338336944580e-02
-1.914534159004688263e-02
-3.807991370558738708e-02
-8.372393995523452759e-02
-1.775164343416690826e-02
1.198695041239261627e-03
1.860811561346054077e-02
-8.455389179289340973e-03
-2.886460907757282257e-02
2.014313079416751862e-02
-7.726036012172698975e-02
1.233375594019889832e-01
7.789912074804306030e-02
5.777024105191230774e-02
6.799099966883659363e-03
-5.509082227945327759e-02
-8.081673085689544678e-02
-6.888859719038009644e-02
1.397158056497573853e-01
-4.530858248472213745e-02
8.279036730527877808e-02
8.005399256944656372e-02
-1.795943081378936768e-02
-5.451895296573638916e-02
-6.938367616385221481e-03
4.734490439295768738e-02
4.250469617545604706e-03
6.110793724656105042e-02
6.219488102942705154e-03
9.528547525405883789e-02
-1.317830979824066162e-01
8.596759289503097534e-03
7.326455786824226379e-03
-5.439016968011856079e-02
7.229962944984436035e-02
-2.470324933528900146e-02
1.589503884315490723e-02
2.317532338201999664e-02
-4.258464276790618896e-02
-2.850810624659061432e-02
4.730945453047752380e-02
5.535237863659858704e-02
-9.519844315946102142e-03
8.850949816405773163e-03
2.656521648168563843e-02
-8.456674963235855103e-02
6.747248768806457520e-02
-7.376380264759063721e-02
1.568198017776012421e-02
1.991435140371322632e-02
-1.129312217235565186e-01
-5.248952656984329224e-02
-4.450896009802818298e-02
3.750991821289062500e-02
1.012789383530616760e-01
-1.643860712647438049e-02
-3.677141666412353516e-02
3.996581211686134338e-02
3.843125328421592712e-02
-1.121118068695068359e-01
7.224673777818679810e-02
-8.128128945827484131e-02
-1.859312504529953003e-02
-8.131658285856246948e-02
2.944081649184226990e-02
-2.549615316092967987e-02
-2.306636050343513489e-02
-7.436279207468032837e-02
-3.822217881679534912e-02
-4.057382792234420776e-02
-5.823276937007904053e-03
-3.954373300075531006e-02
-7.684098929166793823e-02
8.948221057653427124e-02
2.517850697040557861e-02
4.922145977616310120e-02
-2.053652890026569366e-02
-5.726735293865203857e-02
3.970290347933769226e-02
-2.681159041821956635e-02
-4.876582697033882141e-02
-4.322795197367668152e-02
-3.051022253930568695e-02
2.815811522305011749e-02
-7.103250175714492798e-02
6.895177066326141357e-03
9.738586097955703735e-02
5.965310614556074142e-03
-2.710859850049018860e-02
-3.266873583197593689e-02
9.742908179759979248e-03
3.559946641325950623e-02
3.674497455358505249e-02
-4.163898120168596506e-04
-1.175079047679901123e-01
-6.900698691606521606e-02
-2.720278315246105194e-02
1.020908635109663010e-02
-4.626705870032310486e-02
4.279059171676635742e-02
7.739442400634288788e-03
-5.036196671426296234e-04
-6.983623653650283813e-02
6.195959076285362244e-02
-6.391266733407974243e-02
-2.468062937259674072e-02
-2.634205669164657593e-02
-3.694630786776542664e-02
-3.090793453156948090e-02
4.062033817172050476e-02
1.490306667983531952e-02
6.266330927610397339e-02
2.949048299342393875e-03
-2.426451072096824646e-02
4.878524318337440491e-02
8.527564257383346558e-02
-4.240927845239639282e-02
7.272327691316604614e-02
-1.573981717228889465e-02
7.713547907769680023e-03
-8.684071153402328491e-02
3.238079696893692017e-02
3.050567395985126495e-02
-4.770436324179172516e-03
1.642949320375919342e-02
-9.065194986760616302e-03
1.029123663902282715e-01
3.093071840703487396e-02
-2.298210561275482178e-02
7.960774935781955719e-03
4.133757203817367554e-03
-4.422779381275177002e-02
8.118772879242897034e-03
-3.183285519480705261e-02
2.667518798261880875e-03
5.212563648819923401e-02
-6.143828481435775757e-02
1.121172867715358734e-02
-3.063153289258480072e-02
6.722920387983322144e-02
3.946697339415550232e-02
-6.777678430080413818e-02
-2.702295407652854919e-02
-1.740632764995098114e-02
-3.275905922055244446e-02
5.368719343096017838e-03
5.976642016321420670e-03
-4.687998909503221512e-03
1.944249309599399567e-02
3.496194630861282349e-02
-7.847487926483154297e-02
-2.915916591882705688e-02
1.825179345905780792e-02
-1.596492156386375427e-02
-2.681799791753292084e-02
2.762815356254577637e-02
-4.658443853259086609e-02
-7.786842994391918182e-03
-5.299283564090728760e-02
7.738351821899414062e-02
-1.560972630977630615e-01
1.142339631915092468e-01
5.310538783669471741e-02
2.053616791963577271e-01
6.116760522127151489e-02
1.204563155770301819e-01
-3.865977376699447632e-02
-9.199972264468669891e-03
-4.038201179355382919e-03
4.706525057554244995e-02
-1.756468415260314941e-01
-5.154034122824668884e-03
-1.586714014410972595e-02
4.176561534404754639e-02
-1.622239314019680023e-02
-1.620657928287982941e-02
-6.798482965677976608e-03
1.046721171587705612e-02
-2.240178361535072327e-02
8.772637695074081421e-02
-9.490467607975006104e-02
-3.813474031630903482e-04
8.865068666636943817e-03
4.650908336043357849e-02
4.411161690950393677e-02
-6.305091083049774170e-03
7.152162492275238037e-02
8.545479923486709595e-02
-2.081978693604469299e-02
-6.881927698850631714e-02
-3.514674678444862366e-02
-8.071439713239669800e-02
-1.594005823135375977e-01
8.447649329900741577e-02
1.080624293535947800e-02
-5.282894242554903030e-03
1.015251036733388901e-02
-1.440355926752090454e-01
8.013412356376647949e-02
-1.612183600664138794e-01
-3.385190665721893311e-02
3.437798842787742615e-02
7.302300631999969482e-02
-1.658834815025329590e-01
-4.787669330835342407e-02
-2.458277530968189240e-02
6.696190685033798218e-02
-9.162923321127891541e-03
9.976023435592651367e-02
1.845694482326507568e-01
-1.106544211506843567e-01
-9.801866859197616577e-02
-7.509849965572357178e-04
-3.198035806417465210e-02
1.320066004991531372e-01
-6.076398119330406189e-02
1.306158602237701416e-01
