-6.164580956101417542e-02
-3.833863511681556702e-02
2.762479148805141449e-02
-4.401947930455207825e-02
-1.856805197894573212e-02
8.038847148418426514e-02
5.551261454820632935e-02
-8.242405951023101807e-02
1.056325137615203857e-01
5.653005093336105347e-02
-2.833647280931472778e-02
-5.215235799551010132e-02
1.097574681043624878e-01
3.315536677837371826e-02
4.605893045663833618e-02
5.774953216314315796e-02
1.848015934228897095e-02
-6.571356952190399170e-02
-9.245217777788639069e-03
3.234034031629562378e-02
3.606779873371124268e-02
-2.382574044167995453e-02
-2.158928290009498596e-02
-5.305181071162223816e-02
2.138822712004184723e-02
-1.041841693222522736e-02
5.809695273637771606e-02
-4.741286486387252808e-02
-1.361974626779556274e-01
1.165344147011637688e-03
-3.622338175773620605e-02
-8.504841476678848267e-02
-3.425636887550354004e-02
1.329345405101776123e-01
8.013627957552671432e-04
-2.700240351259708405e-02
-7.851202040910720825e-02
-1.240281946957111359e-02
-1.222137082368135452e-02
3.606026247143745422e-02
-8.693376556038856506e-03
-1.752642355859279633e-02
4.148807376623153687e-03
-8.193103969097137451e-02
1.597657799720764160e-01
8.839359879493713379e-02
7.050926983356475830e-02
2.138929069042205811e-02
-6.796977669000625610e-02
-7.630919665098190308e-02
-9.997354447841644287e-02
9.131553024053573608e-02
-4.972744267433881760e-03
5.266172066330909729e-02
1.048101037740707397e-01
-3.451181203126907349e-02
-4.734590277075767517e-02
2.671566046774387360e-02
3.284011036157608032e-02
-9.173883125185966492e-03
6.013314798474311829e-02
-7.515358179807662964e-02
1.111394762992858887e-01
-1.439079940319061279e-01
-2.371221408247947693e-02
2.832813002169132233e-02
-4.940282180905342102e-02
3.641509637236595154e-02
-4.266943410038948059e-02
-3.456313163042068481e-02
5.486584082245826721e-02
-2.641506679356098175e-02
-5.340843647718429565e-02
7.106103748083114624e-02
-7.345243939198553562e-04
9.860332356765866280e-04
2.787039056420326233e-02
5.199785903096199036e-02
-7.864632457494735718e-02
9.695795178413391113e-02
-3.201806917786598206e-02
4.150912538170814514e-02
1.839599944651126862e-02
-1.119405627250671387e-01
-4.817861318588256836e-02
-1.130438316613435745e-02
2.485711500048637390e-02
5.718590319156646729e-02
3.160446649417281151e-03
-6.421715766191482544e-02
-3.988768532872200012e-02
3.402169793844223022e-02
-1.020925417542457581e-01
5.380674079060554504e-02
-8.110604435205459595e-02
-3.389276971574872732e-04
-1.081937998533248901e-01
2.021181024610996246e-02
5.395552143454551697e-04
-3.333207592368125916e-02
-8.763746172189712524e-02
-1.847910811193287373e-03
-1.231363136321306229e-02
6.406538188457489014e-02
-4.229144752025604248e-02
-1.454509329050779343e-02
4.648779332637786865e-02
3.323250263929367065e-02
8.546290546655654907e-02
-2.984457882121205330e-03
-7.354214042425155640e-02
4.521356150507926941e-02
-2.451641485095024109e-02
-4.901433363556861877e-02
-1.367027312517166138e-01
-3.161302581429481506e-02
-1.465465594083070755e-02
-3.753115236759185791e-02
7.504491135478019714e-03
4.971779510378837585e-02
7.323066890239715576e-02
-6.504785269498825073e-02
6.488706171512603760e-02
-4.861015453934669495e-02
1.963577233254909515e-02
1.001600027084350586e-01
-7.549469918012619019e-02
-6.077482551336288452e-02
-3.199500590562820435e-02
-3.489745547994971275e-03
-9.765970753505825996e-04
-1.061365306377410889e-01
2.805485390126705170e-02
1.855150237679481506e-02
1.522361859679222107e-02
1.399195869453251362e-03
8.206010609865188599e-02
-3.887588158249855042e-02
-4.918161779642105103e-02
9.436490014195442200e-03
-4.778128489851951599e-02
-6.763021647930145264e-02
6.252968311309814453e-02
5.671762302517890930e-02
4.076914489269256592e-02
5.330044403672218323e-02
-2.656684489920735359e-03
2.958629466593265533e-02
2.614539489150047302e-02
-2.755360119044780731e-02
1.756138727068901062e-02
-5.383540410548448563e-03
-3.537579253315925598e-02
-1.225592046976089478e-01
-1.429317891597747803e-02
5.823140218853950500e-02
1.657988131046295166e-02
1.489459723234176636e-01
-6.719042360782623291e-02
7.525260746479034424e-02
1.725113019347190857e-02
2.238650247454643250e-02
1.913837529718875885e-02
3.852645680308341980e-02
-6.817689538002014160e-02
2.621286548674106598e-02
-7.660626620054244995e-02
-3.681389242410659790e-02
1.403785962611436844e-02
-9.321977198123931885e-02
6.301102787256240845e-02
-5.750178173184394836e-02
5.968431010842323303e-02
7.529217004776000977e-02
-8.945563808083534241e-03
-2.649705298244953156e-02
1.370487455278635025e-02
-1.284537930041551590e-02
-8.710068650543689728e-03
3.344263881444931030e-02
-3.962120786309242249e-02
-2.281608618795871735e-02
1.833543926477432251e-02
2.435359731316566467e-02
-6.478979438543319702e-02
-1.031399890780448914e-02
-8.050020039081573486e-02
-5.440111830830574036e-02
9.015152603387832642e-02
-4.840295761823654175e-02
-7.405715435743331909e-02
-1.155280973762273788e-02
5.458101257681846619e-02
-1.208222061395645142e-01
1.074450686573982239e-01
7.652358710765838623e-02
1.187472194433212280e-01
4.099332168698310852e-02
9.363355487585067749e-02
-4.816460609436035156e-02
-1.759441103786230087e-03
-3.783151134848594666e-02
2.148006297647953033e-02
-1.483644545078277588e-01
1.802692422643303871e-03
-4.351641237735748291e-02
6.305141001939773560e-02
-1.023664511740207672e-02
-6.812436506152153015e-03
-2.465001866221427917e-02
3.048532526008784771e-04
-3.945634514093399048e-02
3.843514993786811829e-02
-7.940298318862915039e-02
5.455958843231201172e-02
-1.878833957016468048e-02
7.020211219787597656e-02
1.195754930377006531e-01
2.045728825032711029e-02
7.200288027524948120e-02
1.012097373604774475e-01
-2.991553768515586853e-02
-1.064698249101638794e-01
-4.688590392470359802e-02
-4.950861260294914246e-02
-1.043860837817192078e-01
-1.275129034183919430e-04
2.923484891653060913e-02
1.324857864528894424e-02
3.634942322969436646e-02
-1.531013548374176025e-01
1.171530634164810181e-01
-1.295093446969985962e-01
-4.334370791912078857e-02
7.667130976915359497e-02
8.959864825010299683e-02
-1.758817732334136963e-01
-6.242300570011138916e-02
-4.658058658242225647e-02
3.552104532718658447e-02
-5.008633248507976532e-03
1.153958141803741455e-01
1.521715372800827026e-01
-1.146540567278862000e-01
-1.119700074195861816e-01
4.022958688437938690e-03
-4.317213967442512512e-02
1.051359474658966064e-01
-1.396434567868709564e-02
9.079379588365554810e-02
