-1.390762031078338623e-01
-6.777548231184482574e-03
-2.801248058676719666e-02
6.810521706938743591e-03
2.469528466463088989e-02
2.271614968776702881e-02
5.059685930609703064e-02
-9.769118577241897583e-02
1.052483767271041870e-01
5.573496222496032715e-02
-5.794466659426689148e-02
-5.536676198244094849e-02
6.495463848114013672e-02
9.989360347390174866e-03
9.806504473090171814e-03
-6.703390926122665405e-02
5.319997668266296387e-02
-4.068657755851745605e-02
3.111239336431026459e-02
5.621654167771339417e-02
4.323448613286018372e-02
-1.629386330023407936e-03
-2.014573290944099426e-02
4.259125515818595886e-02
2.992150140926241875e-03
2.101641334593296051e-02
-4.244852438569068909e-02
3.306499868631362915e-02
-6.899942457675933838e-02
2.876652218401432037e-02
-3.047589398920536041e-02
-6.612616777420043945e-02
3.765135630965232849e-02
6.576355546712875366e-02
-4.217883571982383728e-02
-6.481040269136428833e-02
-1.285531371831893921e-01
4.657053947448730469e-02
-4.953850433230400085e-02
5.033499374985694885e-02
-2.760136313736438751e-02
-4.265221208333969116e-02
-2.386285923421382904e-02
-7.406757771968841553e-02
1.481193155050277710e-01
1.647809296846389771e-01
1.200201734900474548e-01
-1.141290180385112762e-02
-5.031677335500717163e-02
-4.920854046940803528e-02
-6.417810916900634766e-02
1.921145617961883545e-01
-5.245448648929595947e-02
1.445996463298797607e-01
8.383348584175109863e-02
-6.819888204336166382e-02
-6.992708891630172729e-03
2.910291962325572968e-02
6.689820438623428345e-02
-5.703888833522796631e-02
5.567850545048713684e-02
-4.578108340501785278e-02
1.389799565076828003e-01
-1.482599973678588867e-01
7.423751056194305420e-03
3.935485705733299255e-02
-5.472519248723983765e-02
9.078704565763473511e-02
-3.592505306005477905e-02
-1.062660291790962219e-01
1.007789447903633118e-01
-3.613111376762390137e-02
-1.885719597339630127e-02
9.144695848226547241e-02
3.304811567068099976e-02
-9.947064332664012909e-03
2.369569847360253334e-03
5.969550460577011108e-02
-8.291395008563995361e-02
9.073840826749801636e-02
-8.971127122640609741e-02
-8.634580299258232117e-03
2.246698178350925446e-02
-9.874918311834335327e-02
-8.304148167371749878e-02
2.909612096846103668e-02
4.691498354077339172e-02
6.980548799037933350e-02
3.922171145677566528e-02
-6.620429456233978271e-02
3.914467617869377136e-02
3.967844694852828979e-02
-7.371367514133453369e-02
1.219450756907463074e-01
-7.593723386526107788e-02
-1.038780529052019119e-02
-3.967602178454399109e-02
4.347815737128257751e-02
-5.442285910248756409e-03
-9.445946197956800461e-04
-4.921041801571846008e-02
-2.260457724332809448e-02
-4.088044539093971252e-02
-3.297678008675575256e-02
-2.047215774655342102e-02
-2.706247009336948395e-02
1.078437343239784241e-01
2.923956513404846191e-02
6.557708978652954102e-02
-1.944377087056636810e-02
-1.053942888975143433e-01
1.856914348900318146e-02
-2.492512203752994537e-02
-6.885629147291183472e-02
-3.482034057378768921e-02
-3.888176754117012024e-02
5.129143595695495605e-02
-1.550967805087566376e-02
2.876337803900241852e-02
7.580260932445526123e-02
3.242240473628044128e-02
-2.562715671956539154e-02
-9.038365446031093597e-03
5.165553092956542969e-02
6.421672180294990540e-03
1.710872910916805267e-02
-9.039552882313728333e-03
-9.359195828437805176e-02
-1.171534042805433273e-02
-5.865669250488281250e-02
2.750302851200103760e-02
-1.049948111176490784e-01
2.175905555486679077e-02
2.092018350958824158e-02
1.613244600594043732e-02
-3.388992697000503540e-02
1.590887643396854401e-02
-4.270670562982559204e-02
1.380850188434123993e-02
4.296071827411651611e-02
-3.886879980564117432e-02
-5.029793083667755127e-02
3.784091398119926453e-02
5.004959646612405777e-03
7.916334271430969238e-02
9.256934747099876404e-03
-4.210449010133743286e-02
9.213036298751831055e-02
5.324438586831092834e-02
-5.472645163536071777e-02
3.823623433709144592e-02
-8.497224189341068268e-03
-6.108507886528968811e-02
-7.195476442575454712e-02
3.969769552350044250e-02
5.256895348429679871e-02
2.321046777069568634e-02
3.875537961721420288e-02
2.234632411273196340e-04
9.204117208719253540e-02
-3.164169378578662872e-03
-5.143981799483299255e-02
5.512155592441558838e-02
7.945216260850429535e-03
-3.419568017125129700e-02
-6.057777442038059235e-03
-3.736159950494766235e-02
-1.660806126892566681e-02
3.913532942533493042e-02
-7.589019089937210083e-02
2.523154765367507935e-02
6.583170965313911438e-03
9.165585041046142578e-03
5.771847441792488098e-02
-3.927997127175331116e-02
-7.505777291953563690e-03
-1.304749771952629089e-02
-4.939616471529006958e-02
1.376656908541917801e-02
6.570382416248321533e-02
3.474169969558715820e-02
-2.296439930796623230e-02
-1.652395538985729218e-02
-5.289135500788688660e-02
-4.019983112812042236e-02
5.806348286569118500e-03
-6.670881062746047974e-02
2.698093187063932419e-03
1.439760532230138779e-02
-1.731490902602672577e-02
-1.404536515474319458e-02
-4.974649474024772644e-02
2.729844674468040466e-02
-1.346694678068161011e-01
1.068139523267745972e-01
3.086616843938827515e-02
2.299264371395111084e-01
3.555254638195037842e-02
5.554075911641120911e-02
-6.305975466966629028e-02
1.037070434540510178e-02
-2.728635631501674652e-02
5.947727710008621216e-02
-1.281322836875915527e-01
4.194890148937702179e-03
-6.704445928335189819e-02
5.492099374532699585e-02
3.427546098828315735e-02
-2.360205253353342414e-04
-3.028821200132369995e-03
1.624452508985996246e-02
-1.856491155922412872e-02
6.103166937828063965e-02
-1.111793294548988342e-01
-1.960014924407005310e-02
-1.160980015993118286e-02
3.683017939329147339e-02
-2.250007120892405510e-03
-3.279561176896095276e-02
8.009675145149230957e-02
1.156967952847480774e-01
-1.601757854223251343e-02
-9.699926525354385376e-02
-3.883661702275276184e-02
-8.161555230617523193e-02
-1.351718157529830933e-01
3.415280207991600037e-02
-2.743800729513168335e-02
-1.858723163604736328e-02
4.369907826185226440e-02
-8.041084557771682739e-02
3.811698034405708313e-02
-8.141085505485534668e-02
-4.416903015226125717e-03
9.012941271066665649e-03
1.911942474544048309e-02
-5.869021266698837280e-02
-1.534396968781948090e-02
5.602497141808271408e-03
1.093763187527656555e-01
-4.483815655112266541e-02
3.648457676172256470e-02
1.923398822546005249e-01
-9.333939850330352783e-02
-1.127394884824752808e-01
-6.314082536846399307e-03
-2.791805751621723175e-02
1.462932229042053223e-01
-7.846215367317199707e-02
1.470731645822525024e-01
