-1.073226481676101685e-01
-5.946902185678482056e-02
7.690182328224182129e-02
-6.730616092681884766e-02
2.435433445498347282e-03
1.093736216425895691e-01
4.104467108845710754e-02
-1.611087918281555176e-01
1.137443780899047852e-01
6.042565032839775085e-02
-1.253816932439804077e-01
-6.836327910423278809e-02
1.031971424818038940e-01
-7.711125537753105164e-03
3.557526320219039917e-02
5.740256607532501221e-02
2.523022331297397614e-02
-8.592307567596435547e-02
1.014772802591323853e-02
4.278816655278205872e-02
6.549300253391265869e-02
-1.662209630012512207e-02
-1.119733229279518127e-02
-3.097484633326530457e-02
2.830362319946289062e-02
-2.650592941790819168e-03
3.050472959876060486e-02
-3.951916843652725220e-02
-1.059061437845230103e-01
2.055585570633411407e-02
-3.199009224772453308e-02
-9.037452936172485352e-02
-1.955421827733516693e-02
7.767179608345031738e-02
-2.249784208834171295e-02
-2.201387472450733185e-02
-6.394680589437484741e-02
1.286109816282987595e-02
-1.193224638700485229e-02
1.193299703299999237e-02
-5.137393996119499207e-02
-2.215020125731825829e-03
2.448786608874797821e-02
-8.460396528244018555e-02
8.521085232496261597e-02
7.180594652891159058e-02
3.708032891154289246e-02
2.181544713675975800e-02
-5.593491718173027039e-02
-5.962626263499259949e-02
-9.057463705539703369e-02
1.025175899267196655e-01
-2.492502145469188690e-02
4.706254974007606506e-02
7.007680833339691162e-02
-1.289141364395618439e-02
-2.688246965408325195e-02
3.608090057969093323e-02
1.727249287068843842e-02
2.860162779688835144e-02
5.428118631243705750e-02
-4.643596708774566650e-02
1.027043312788009644e-01
-1.343646794557571411e-01
-1.224667020142078400e-02
-4.215004388242959976e-03
-5.580542236566543579e-02
1.009492874145507812e-01
-3.239144012331962585e-02
-5.119974538683891296e-02
4.755333065986633301e-02
-2.654363773763179779e-02
-1.769129186868667603e-02
6.045699492096900940e-02
4.586749244481325150e-03
4.536994919180870056e-02
3.913357853889465332e-02
4.890750721096992493e-02
-8.524737507104873657e-02
1.021405681967735291e-01
-8.924172073602676392e-02
2.784954756498336792e-02
2.912470139563083649e-02
-1.079876273870468140e-01
-7.506123930215835571e-02
-1.747495867311954498e-02
2.029830776154994965e-02
9.243644773960113525e-02
2.901273779571056366e-02
-5.045806244015693665e-02
9.496884420514106750e-03
2.410468086600303650e-02
-9.318017214536666870e-02
5.092434212565422058e-02
-8.700120449066162109e-02
-6.947162095457315445e-03
-1.045065373182296753e-01
4.171501845121383667e-02
-3.228878602385520935e-03
-2.680826932191848755e-02
-9.731351584196090698e-02
4.080914426594972610e-03
-2.434487454593181610e-02
2.542992867529392242e-02
-5.347172170877456665e-02
-2.960264682769775391e-02
5.276746675372123718e-02
-1.358409505337476730e-02
3.794130682945251465e-02
-8.995567448437213898e-03
-8.096271008253097534e-02
1.652598194777965546e-02
-2.503173425793647766e-02
-4.418374970555305481e-02
-1.371333450078964233e-01
-5.405046790838241577e-02
1.743214391171932220e-02
-5.150053650140762329e-02
4.756401540362276137e-05
7.480446994304656982e-02
7.111191004514694214e-02
-6.720107793807983398e-02
8.008914999663829803e-03
-5.891376640647649765e-03
1.320305932313203812e-02
9.143995493650436401e-02
-8.189413696527481079e-02
-9.435064345598220825e-02
-3.592332080006599426e-02
-1.650083344429731369e-03
-7.738842628896236420e-03
-4.633983597159385681e-02
4.021803662180900574e-02
3.395527601242065430e-02
3.098549880087375641e-02
-1.681178063154220581e-02
7.050874829292297363e-02
-1.602458069100975990e-03
-1.428178884088993073e-02
-8.205929771065711975e-03
-1.599061675369739532e-02
-5.002591386437416077e-02
3.610934317111968994e-02
6.289170682430267334e-02
7.381122559309005737e-02
1.988604851067066193e-02
-1.510607358068227768e-02
5.671528354287147522e-02
3.911343216896057129e-02
-4.136903211474418640e-02
1.270542014390230179e-02
-6.963512860238552094e-03
2.215887419879436493e-02
-1.139124333858489990e-01
-9.027097839862108231e-04
9.478404372930526733e-02
2.371395938098430634e-02
8.035609126091003418e-02
-6.316390633583068848e-02
8.915535360574722290e-02
1.725286617875099182e-02
-1.081925444304943085e-02
-2.481148811057209969e-03
-4.033690784126520157e-03
-6.350125372409820557e-02
3.530300408601760864e-02
-5.775150656700134277e-02
-4.076699726283550262e-03
2.019673027098178864e-02
-8.077817410230636597e-02
4.773488640785217285e-02
-8.085373789072036743e-02
7.132159173488616943e-02
4.865802824497222900e-02
-2.969740331172943115e-02
-3.209546953439712524e-02
-2.631236426532268524e-02
3.176906320732086897e-04
-1.531041413545608521e-02
2.628881856799125671e-02
-2.550039254128932953e-02
-5.652139894664287567e-03
4.419374838471412659e-02
-4.924256354570388794e-03
-6.125529110431671143e-02
2.200225554406642914e-02
-5.119797959923744202e-02
-8.860572241246700287e-03
5.132241174578666687e-02
-6.480897217988967896e-02
-7.039050105959177017e-03
-2.759137190878391266e-02
5.495876446366310120e-02
-8.041996508836746216e-02
1.161975041031837463e-01
5.416848137974739075e-02
1.387423574924468994e-01
6.189693510532379150e-02
6.313099712133407593e-02
-2.773745218291878700e-03
-2.869325317442417145e-02
-2.051511965692043304e-02
2.602024190127849579e-02
-1.521954834461212158e-01
1.404334045946598053e-02
-5.761727318167686462e-02
5.475723370909690857e-02
-5.633272230625152588e-03
1.759991794824600220e-02
-3.785061091184616089e-02
1.640644622966647148e-03
-1.622267812490463257e-02
4.993419349193572998e-02
-4.834867641329765320e-02
3.131928294897079468e-02
-1.256720814853906631e-02
6.088564172387123108e-02
7.494004070758819580e-02
9.971382096409797668e-03
7.227481901645660400e-02
8.947017043828964233e-02
-2.681224048137664795e-02
-1.105459108948707581e-01
-6.357397884130477905e-02
-8.065412193536758423e-02
-1.661825329065322876e-01
5.378688871860504150e-02
3.149226307868957520e-02
1.607179641723632812e-02
2.454239130020141602e-02
-2.410956919193267822e-01
1.102559417486190796e-01
-1.764449626207351685e-01
-6.109447032213211060e-02
4.236166551709175110e-02
6.344410032033920288e-02
-1.808648109436035156e-01
-4.672661423683166504e-02
-7.662202231585979462e-03
3.660923615097999573e-02
-6.034241523593664169e-04
1.004198864102363586e-01
1.436028927564620972e-01
-1.460819542407989502e-01
-8.313307166099548340e-02
-6.841403432190418243e-03
-9.590403176844120026e-03
8.342654258012771606e-02
-4.687063395977020264e-02
9.393029659986495972e-02
