-6.719917058944702148e-02
-4.635282605886459351e-02
8.647980540990829468e-02
-1.176833584904670715e-01
-1.454375591129064560e-02
1.535375714302062988e-01
9.894811362028121948e-02
-2.044877111911773682e-01
1.025339514017105103e-01
3.444985672831535339e-02
-7.306422293186187744e-02
-6.677968055009841919e-02
7.148951292037963867e-02
-2.204622700810432434e-02
4.338080808520317078e-02
7.178819924592971802e-02
5.793252214789390564e-02
-6.426922231912612915e-02
-1.574377715587615967e-02
6.903576105833053589e-02
-2.421415876597166061e-03
9.949848055839538574e-03
-1.335859950631856918e-02
-6.121011078357696533e-02
6.592998746782541275e-03
9.447230957448482513e-03
5.420652404427528381e-02
-4.833235964179039001e-02
-6.136376410722732544e-02
2.905390411615371704e-02
1.419731508940458298e-02
-8.624007552862167358e-02
-7.507161796092987061e-02
3.263245522975921631e-02
6.528516300022602081e-03
2.304689213633537292e-02
-2.632867544889450073e-02
-4.819894209504127502e-03
5.196946440264582634e-04
1.837697112932801247e-03
-8.054877817630767822e-02
4.400000721216201782e-02
1.273055095225572586e-02
-5.342506244778633118e-02
7.855303585529327393e-02
1.263127545826137066e-03
3.263311833143234253e-02
1.491874549537897110e-02
-2.255094051361083984e-02
-3.350614383816719055e-02
-1.140428781509399414e-01
4.351958259940147400e-02
5.962976254522800446e-03
1.202769018709659576e-02
5.603469535708427429e-02
2.145350910723209381e-02
-4.652007296681404114e-02
8.831208571791648865e-03
-1.890208758413791656e-02
8.206684142351150513e-02
4.638364911079406738e-02
-3.335794061422348022e-02
8.014032244682312012e-02
-1.346650570631027222e-01
-6.652611494064331055e-02
-4.237440600991249084e-02
-3.483687061816453934e-03
8.507505059242248535e-02
-1.754732243716716766e-02
1.530576311051845551e-02
3.052966110408306122e-02
-5.088368430733680725e-02
-6.008623912930488586e-02
-2.488981466740369797e-03
4.648717003874480724e-04
1.892924122512340546e-02
3.171647712588310242e-02
2.349794656038284302e-02
-1.006574258208274841e-01
8.627498149871826172e-02
-8.237667381763458252e-02
6.171666458249092102e-02
2.803806401789188385e-02
-8.253838866949081421e-02
-4.220524802803993225e-02
-6.469701975584030151e-02
2.005533082410693169e-03
4.177753627300262451e-02
4.476810339838266373e-03
-5.177031829953193665e-02
-1.038799178786575794e-03
4.824132099747657776e-02
-8.843261748552322388e-02
2.470790222287178040e-02
-8.495184779167175293e-02
2.778361178934574127e-02
-1.174144297838211060e-01
-1.829603337682783604e-03
8.012183010578155518e-03
-1.481761038303375244e-02
-1.064660921692848206e-01
-1.244916953146457672e-02
-7.929869927465915680e-03
5.756291002035140991e-02
-3.190835937857627869e-02
-2.444282174110412598e-03
1.903396286070346832e-02
-2.720260992646217346e-03
6.640997529029846191e-02
2.045978605747222900e-02
-7.677539438009262085e-02
4.121338482946157455e-03
-2.332570962607860565e-02
-5.123063549399375916e-02
-1.380525082349777222e-01
-2.959796972572803497e-02
-3.808992728590965271e-02
-1.174799427390098572e-01
-8.913039229810237885e-03
5.624566227197647095e-02
6.869437545537948608e-02
-7.955420017242431641e-02
6.553766131401062012e-02
-8.410067111253738403e-02
5.346468463540077209e-02
9.535969048738479614e-02
-7.240910828113555908e-02
-7.450107485055923462e-02
-4.957375302910804749e-02
-3.277628868818283081e-02
2.420371025800704956e-02
-8.002996444702148438e-02
5.273806676268577576e-02
4.940084647387266159e-03
2.300851233303546906e-02
-1.306239236146211624e-02
1.095796003937721252e-01
-5.256182327866554260e-02
-3.095669858157634735e-02
-5.657745897769927979e-02
-8.195468783378601074e-02
-2.553422935307025909e-02
-4.076149780303239822e-03
4.840205982327461243e-02
1.500653102993965149e-02
5.350651964545249939e-02
1.913808658719062805e-02
3.589249774813652039e-02
1.853845454752445221e-02
-1.151397824287414551e-02
1.710515841841697693e-02
-1.558918505907058716e-02
3.164832293987274170e-02
-9.303463250398635864e-02
-1.050330605357885361e-02
3.746500611305236816e-02
4.762543737888336182e-02
1.087357550859451294e-01
-4.622383788228034973e-02
7.018809020519256592e-02
4.015829041600227356e-02
6.003499496728181839e-03
-8.618742227554321289e-02
8.900804095901548862e-04
-8.999220281839370728e-02
1.884951815009117126e-02
-7.942202687263488770e-02
-6.508128251880407333e-03
2.296521700918674469e-02
-9.211475402116775513e-02
6.643095612525939941e-02
-5.201229825615882874e-02
1.115024536848068237e-01
6.260628998279571533e-02
-2.376441285014152527e-02
1.720185019075870514e-02
3.722633421421051025e-02
-3.797276644036173820e-03
-3.206167835742235184e-03
-7.022502832114696503e-03
-1.430631615221500397e-02
3.311559790745377541e-03
4.306989908218383789e-02
3.748740535229444504e-03
-5.813958495855331421e-02
-4.431867040693759918e-03
-6.246262788772583008e-02
-5.728428065776824951e-02
5.858344584703445435e-02
-7.316917181015014648e-02
-4.865836724638938904e-02
-2.893050946295261383e-02
6.904914230108261108e-02
-4.477246478199958801e-02
5.151481553912162781e-02
5.365926399827003479e-02
7.533947378396987915e-02
5.736062303185462952e-02
9.705355018377304077e-02
3.254092112183570862e-02
-1.387219596654176712e-02
-6.503620743751525879e-02
3.288074210286140442e-02
-1.466369330883026123e-01
4.440517351031303406e-02
-7.784678786993026733e-02
4.551838338375091553e-02
-7.324221730232238770e-02
-1.344374497421085835e-03
-5.672408640384674072e-02
-2.457592077553272247e-02
-2.960160560905933380e-02
6.009688228368759155e-02
-8.175735361874103546e-03
8.791955187916755676e-03
-1.183577347546815872e-02
2.243024483323097229e-02
1.409867852926254272e-01
-7.839078083634376526e-03
4.233641922473907471e-02
5.669946596026420593e-02
-1.372511778026819229e-02
-6.873600929975509644e-02
-2.687463723123073578e-02
-7.266320288181304932e-02
-9.711474180221557617e-02
5.693742632865905762e-02
4.483887925744056702e-02
1.024809386581182480e-02
3.430619090795516968e-02
-2.386794239282608032e-01
1.369104832410812378e-01
-1.955264210700988770e-01
-8.831579238176345825e-02
7.863556593656539917e-02
8.868529647588729858e-02
-2.032290250062942505e-01
-4.670633375644683838e-02
-3.863399103283882141e-02
8.867412805557250977e-03
9.488916024565696716e-03
1.522092223167419434e-01
6.216054782271385193e-02
-1.248866468667984009e-01
-6.103431805968284607e-03
9.347844170406460762e-04
7.151162135414779186e-04
7.208227366209030151e-02
1.970983576029539108e-03
-6.473916582763195038e-03
