-3.517699986696243286e-02
-3.829966112971305847e-02
6.552949547767639160e-02
-7.151044160127639771e-02
-4.080486670136451721e-02
1.046665757894515991e-01
5.319848284125328064e-02
-8.637903630733489990e-02
8.241626620292663574e-02
4.302977398037910461e-02
-1.195991598069667816e-02
-4.909106343984603882e-02
8.094555139541625977e-02
4.423667490482330322e-02
2.375796809792518616e-02
6.654344499111175537e-02
-2.155810361728072166e-03
-5.286265164613723755e-02
-1.111296936869621277e-02
4.696937277913093567e-02
3.712798655033111572e-02
-1.045665983110666275e-02
-1.226298604160547256e-02
-5.578080564737319946e-02
4.042740166187286377e-02
-4.049532115459442139e-03
8.272410929203033447e-02
-7.328017801046371460e-02
-1.008752360939979553e-01
-1.520769298076629639e-02
-1.827104203402996063e-02
-4.851021617650985718e-02
-2.633121050894260406e-02
1.234446689486503601e-01
7.759913336485624313e-03
-3.080524876713752747e-02
-3.418343141674995422e-02
-4.683477059006690979e-02
2.449192665517330170e-02
1.751377806067466736e-02
2.709293039515614510e-03
-9.896896081045269966e-04
1.689381524920463562e-02
-5.391224101185798645e-02
1.202312037348747253e-01
3.825837001204490662e-02
3.543414548039436340e-02
1.830901950597763062e-02
-4.366197809576988220e-02
-6.080015748739242554e-02
-1.022653803229331970e-01
4.744147509336471558e-02
-2.135297842323780060e-02
1.034518703818321228e-02
8.794266730546951294e-02
-3.573919180780649185e-03
-6.370881199836730957e-02
-1.970626908587291837e-04
9.497932158410549164e-03
5.623859539628028870e-02
6.923512369394302368e-02
-4.838029667735099792e-02
1.019233018159866333e-01
-1.335543096065521240e-01
-3.089265152812004089e-02
1.008308026939630508e-02
-6.791733205318450928e-02
5.810084193944931030e-02
-5.629019066691398621e-02
2.044370770454406738e-02
1.325259637087583542e-02
-4.440746083855628967e-02
-3.809760138392448425e-02
5.818354710936546326e-02
7.207390852272510529e-03
7.850924506783485413e-03
2.611355111002922058e-02
2.469228208065032959e-02
-1.056194081902503967e-01
7.790427654981613159e-02
-2.894490770995616913e-02
5.400857701897621155e-02
2.688705548644065857e-02
-1.073826923966407776e-01
-4.839802533388137817e-02
-2.603553049266338348e-02
2.329042926430702209e-02
7.980202138423919678e-02
-3.498334810137748718e-02
-4.595457762479782104e-02
-3.716794401407241821e-02
1.385382749140262604e-02
-1.071709170937538147e-01
4.974817112088203430e-02
-9.220979362726211548e-02
2.594386693090200424e-03
-9.298390895128250122e-02
1.568528823554515839e-02
9.906530613079667091e-04
-3.956333175301551819e-02
-1.052570343017578125e-01
-7.620832417160272598e-03
3.863768652081489563e-03
6.399723887443542480e-02
-6.443806737661361694e-02
-2.011239714920520782e-02
5.635222420096397400e-02
2.847441285848617554e-02
6.682527065277099609e-02
-9.100718423724174500e-03
-7.962319254875183105e-02
4.049615189433097839e-02
-1.765042543411254883e-02
-6.564980745315551758e-02
-1.431492567062377930e-01
-1.330637931823730469e-02
-1.034137047827243805e-02
-8.925140649080276489e-02
9.859546087682247162e-03
7.375477999448776245e-02
7.438746094703674316e-02
-4.706768319010734558e-02
7.635329663753509521e-02
-6.511770933866500854e-02
4.419121518731117249e-02
9.467565268278121948e-02
-8.468789607286453247e-02
-6.546193361282348633e-02
-6.162828207015991211e-02
-1.011027954518795013e-02
1.857693493366241455e-02
-9.503292292356491089e-02
2.600187435746192932e-02
2.513432130217552185e-02
-2.393832616508007050e-02
-5.807221867144107819e-03
8.967953175306320190e-02
-6.501732021570205688e-02
-7.652366161346435547e-02
-4.050988703966140747e-02
-5.868484824895858765e-02
-7.194471359252929688e-02
3.647192940115928650e-02
6.151385977864265442e-02
3.597511723637580872e-02
4.489758610725402832e-02
-1.974043995141983032e-02
1.172664295881986618e-02
3.988779336214065552e-02
-2.383598685264587402e-02
4.673939943313598633e-02
-3.650069609284400940e-02
-1.072619482874870300e-02
-1.084154397249221802e-01
-2.505258470773696899e-02
2.950455248355865479e-02
6.312451325356960297e-03
1.521821022033691406e-01
-6.871750950813293457e-02
6.556978821754455566e-02
3.254479914903640747e-02
4.375087842345237732e-02
-3.208100050687789917e-02
4.899861291050910950e-02
-7.307974994182586670e-02
2.627799846231937408e-02
-8.979313820600509644e-02
-3.859997540712356567e-02
1.198071148246526718e-02
-1.080298572778701782e-01
6.551371514797210693e-02
-6.945583969354629517e-02
1.167987287044525146e-01
3.926850482821464539e-02
-1.467786263674497604e-02
-3.439397364854812622e-02
1.666483841836452484e-02
-2.194158174097537994e-02
6.829374004155397415e-03
7.208074908703565598e-03
-4.251409694552421570e-02
2.345534041523933411e-02
3.879159316420555115e-02
2.285608649253845215e-02
-6.649199873208999634e-02
2.868109941482543945e-02
-7.557081431150436401e-02
-5.208136141300201416e-02
1.117532178759574890e-01
-6.793975085020065308e-02
-7.497866451740264893e-02
-1.766838878393173218e-02
6.608115881681442261e-02
-9.456159919500350952e-02
1.001782491803169250e-01
7.684781402349472046e-02
1.034126505255699158e-01
5.483669415116310120e-02
9.998007118701934814e-02
-6.317596882581710815e-02
1.313234213739633560e-03
-2.126906625926494598e-02
1.920829340815544128e-02
-1.467322111129760742e-01
6.258611567318439484e-03
-9.103273972868919373e-03
5.110868066549301147e-02
-3.072805143892765045e-02
-2.299235947430133820e-02
-2.915384806692600250e-02
-2.962798625230789185e-02
-4.538843780755996704e-02
3.785167261958122253e-02
-7.040683925151824951e-02
3.777397796511650085e-02
-1.411801576614379883e-02
4.837942123413085938e-02
1.450108885765075684e-01
3.090536035597324371e-02
6.394696980714797974e-02
7.964939624071121216e-02
-3.310402855277061462e-02
-6.043066084384918213e-02
-4.152884706854820251e-02
-6.189101189374923706e-02
-1.007214039564132690e-01
1.936392299830913544e-02
5.433603376150131226e-02
3.235189616680145264e-02
4.950939328409731388e-04
-1.993121206760406494e-01
1.249784603714942932e-01
-1.726789027452468872e-01
-6.281429529190063477e-02
9.067244827747344971e-02
9.286657720804214478e-02
-1.913698315620422363e-01
-6.694453954696655273e-02
-5.269766971468925476e-02
2.117661945521831512e-02
5.678390152752399445e-03
1.614545136690139771e-01
9.270744025707244873e-02
-1.130693182349205017e-01
-7.546236366033554077e-02
3.302900493144989014e-02
-3.751133754849433899e-02
7.515903562307357788e-02
2.503179386258125305e-02
4.940560460090637207e-02
