-1.328482627868652344e-01
-4.358294978737831116e-02
-7.312691211700439453e-02
-2.169281244277954102e-02
4.328802973031997681e-02
4.763504117727279663e-02
6.092389672994613647e-02
-7.962717860937118530e-02
1.761655062437057495e-01
3.729157149791717529e-02
-4.994412511587142944e-02
-1.921984553337097168e-02
8.386472612619400024e-02
-1.260005752556025982e-03
3.887052088975906372e-02
-1.322906091809272766e-02
3.688814118504524231e-02
-7.737353444099426270e-02
-3.541112644597887993e-03
9.870907664299011230e-02
6.985041312873363495e-03
8.058005571365356445e-02
-3.251650929450988770e-02
-3.047969006001949310e-02
-2.799307554960250854e-02
9.625427424907684326e-03
-2.919165184721350670e-03
3.657405450940132141e-02
-8.428998291492462158e-02
4.798079282045364380e-02
-1.997287385165691376e-02
-7.805602252483367920e-02
4.079798236489295959e-02
7.260406017303466797e-02
6.524973083287477493e-03
-3.477424010634422302e-02
-9.040363878011703491e-02
4.532751068472862244e-02
-6.649608910083770752e-02
3.326198831200599670e-02
-4.530299082398414612e-02
-3.290735930204391479e-02
-3.547377511858940125e-02
-8.053946495056152344e-02
1.928408741950988770e-01
1.555060446262359619e-01
1.398636400699615479e-01
-5.601759999990463257e-03
-7.068353891372680664e-02
-3.332518041133880615e-02
-3.372378274798393250e-02
1.817791610956192017e-01
2.178158424794673920e-02
1.507762968540191650e-01
9.290443360805511475e-02
-7.718537002801895142e-02
2.416659332811832428e-02
6.114065274596214294e-02
3.487585112452507019e-02
-1.115040928125381470e-01
2.497876621782779694e-02
-3.670009598135948181e-02
1.053756102919578552e-01
-9.787664562463760376e-02
-1.179936993867158890e-02
5.836043506860733032e-02
1.129165291786193848e-03
-6.696758326143026352e-03
3.690647333860397339e-02
-7.124116271734237671e-02
1.074020937085151672e-01
-7.532024383544921875e-02
-7.601901143789291382e-02
2.526432089507579803e-02
3.184035420417785645e-02
-9.396979212760925293e-02
-4.762151837348937988e-02
3.252009302377700806e-02
-1.884327642619609833e-02
5.069280043244361877e-02
-1.963820308446884155e-02
3.861350938677787781e-02
3.966689109802246094e-02
-6.703123450279235840e-02
-4.149013385176658630e-02
6.189080700278282166e-02
-1.615641824901103973e-02
-9.753147140145301819e-03
5.508250370621681213e-02
-9.800428897142410278e-02
9.234984405338764191e-03
1.062619090080261230e-01
2.680016215890645981e-03
1.338436156511306763e-01
-6.847450882196426392e-02
-2.521071583032608032e-02
-1.349465083330869675e-02
2.638401649892330170e-02
1.981381140649318695e-02
5.717080086469650269e-02
-5.409101024270057678e-02
-2.119475975632667542e-02
-4.605156183242797852e-02
6.863316148519515991e-02
7.204942870885133743e-03
8.524712175130844116e-02
2.299431711435317993e-02
3.081836178898811340e-02
6.997055560350418091e-02
2.762538939714431763e-02
-1.482830047607421875e-01
-1.131750294007360935e-03
-7.599667459726333618e-02
-6.957091391086578369e-02
-8.174712955951690674e-02
-6.590370833873748779e-02
2.149404585361480713e-02
-1.661643572151660919e-02
5.144494771957397461e-02
1.731058931909501553e-03
4.261551797389984131e-02
-6.324377655982971191e-02
7.806123793125152588e-02
-5.253848060965538025e-02
1.461683679372072220e-02
4.064307734370231628e-02
3.829514607787132263e-03
-9.047703817486763000e-03
3.744433075189590454e-02
-9.688500314950942993e-02
6.100314110517501831e-02
-1.731604784727096558e-01
6.844446063041687012e-02
-1.170902792364358902e-02
4.288476705551147461e-02
4.949639551341533661e-03
6.559693813323974609e-02
-5.469273030757904053e-02
-5.182955786585807800e-02
6.316937506198883057e-02
-4.792603105306625366e-02
-5.606727302074432373e-02
-1.346190925687551498e-02
2.250066958367824554e-02
2.119415625929832458e-02
9.602520614862442017e-03
9.056758135557174683e-03
1.233287155628204346e-01
7.472651544958353043e-03
-2.897565439343452454e-02
3.228756785392761230e-02
7.704988121986389160e-03
-4.121970385313034058e-02
-1.322996169328689575e-01
-4.276786465197801590e-03
4.343717917799949646e-02
7.183905690908432007e-02
1.088137552142143250e-01
-5.278383195400238037e-02
9.722298383712768555e-02
5.742677301168441772e-02
-3.304894315078854561e-03
-5.046397564001381397e-04
6.589396297931671143e-02
-1.388084609061479568e-02
-3.823345294222235680e-03
-7.565083354711532593e-02
-8.566667139530181885e-02
8.251720108091831207e-03
-4.249215498566627502e-02
8.143603801727294922e-02
3.353232052177190781e-03
2.416354976594448090e-02
8.222395926713943481e-02
9.786694310605525970e-03
3.295427188277244568e-02
5.289548635482788086e-02
4.590544849634170532e-04
1.983763091266155243e-02
4.301022738218307495e-02
5.317837372422218323e-02
-1.968721672892570496e-02
-5.259853228926658630e-02
3.271089494228363037e-02
-2.482210844755172729e-02
-2.792140096426010132e-02
-4.892022162675857544e-02
-7.902125269174575806e-02
3.126408532261848450e-02
-4.300900548696517944e-02
-1.110260635614395142e-01
6.351086497306823730e-02
-9.283073246479034424e-03
-8.608362078666687012e-02
4.880985245108604431e-02
2.611991576850414276e-02
6.776715815067291260e-02
1.305788196623325348e-02
3.804145753383636475e-02
-6.356959044933319092e-02
5.286799743771553040e-02
-8.399057388305664062e-02
1.379993185400962830e-02
1.964929141104221344e-02
-3.266555815935134888e-02
-4.781999811530113220e-02
6.135818082839250565e-03
3.577781096100807190e-02
1.621277444064617157e-02
6.849498022347688675e-03
-1.976922526955604553e-02
2.985114976763725281e-02
9.485231712460517883e-03
-1.325216796249151230e-02
2.388128079473972321e-02
-9.906543418765068054e-04
-1.113286474719643593e-03
-3.065942786633968353e-02
-4.799973964691162109e-02
1.807949505746364594e-02
2.355370856821537018e-02
1.772472448647022247e-02
-8.004291355609893799e-02
2.990370988845825195e-02
7.820721715688705444e-03
-3.263760358095169067e-02
1.211481820791959763e-02
-5.222667939960956573e-03
-3.366865217685699463e-02
6.631737947463989258e-02
7.172998785972595215e-02
-6.853677798062562943e-03
-1.313561806455254555e-03
2.327996864914894104e-02
-5.668409168720245361e-03
4.373059794306755066e-02
-5.453600548207759857e-03
-6.316196918487548828e-02
-2.914201281964778900e-02
9.800454974174499512e-02
-5.182636156678199768e-02
5.510929971933364868e-02
2.077078372240066528e-01
-9.934397041797637939e-02
-1.396290212869644165e-01
-2.840433083474636078e-02
-3.919131681323051453e-02
1.810575872659683228e-01
-5.695578455924987793e-02
1.416517645120620728e-01
