-8.488313853740692139e-02
-4.259220883250236511e-02
7.265756279230117798e-02
-2.942122705280780792e-02
-7.626548409461975098e-03
4.693501442670822144e-02
2.366137690842151642e-02
-9.996169060468673706e-02
6.892677396535873413e-02
3.730477392673492432e-02
-1.182702332735061646e-01
-6.053680926561355591e-02
7.980328053236007690e-02
-3.634236007928848267e-02
1.852829009294509888e-02
1.532890275120735168e-02
4.679757356643676758e-02
-7.081953436136245728e-02
2.314870990812778473e-02
2.638835832476615906e-02
6.410371512174606323e-02
-2.732892334461212158e-02
-8.860203437507152557e-03
1.154333166778087616e-02
4.111187532544136047e-02
-1.239874213933944702e-02
-8.920149877667427063e-03
-1.188359409570693970e-02
-1.138730272650718689e-01
5.195971112698316574e-03
-3.512686863541603088e-02
-9.203627705574035645e-02
-1.021307613700628281e-02
8.315864205360412598e-02
-1.934693381190299988e-02
-2.155809663236141205e-02
-9.946525096893310547e-02
2.091634459793567657e-02
-1.396368537098169327e-02
3.372234851121902466e-02
-4.076999798417091370e-02
-2.755210362374782562e-02
1.560672558844089508e-02
-8.962140232324600220e-02
1.060780659317970276e-01
1.038600578904151917e-01
5.461095646023750305e-02
-1.288314443081617355e-02
-8.482781797647476196e-02
-8.739118278026580811e-02
-5.846226587891578674e-02
1.407219767570495605e-01
-4.182298481464385986e-02
8.015972375869750977e-02
8.227748423814773560e-02
-2.800322137773036957e-02
-3.653860837221145630e-02
3.070322051644325256e-02
3.778285905718803406e-02
7.620398420840501785e-03
5.014823377132415771e-02
-2.710559405386447906e-02
9.577686339616775513e-02
-1.616892069578170776e-01
-4.250025085639208555e-04
-1.132104173302650452e-02
-3.897813707590103149e-02
8.823222666978836060e-02
-3.518210723996162415e-02
-5.767384544014930725e-02
4.124376550316810608e-02
-4.819332621991634369e-03
-9.148907847702503204e-03
6.871016323566436768e-02
5.694704130291938782e-03
2.288261801004409790e-02
3.401364013552665710e-02
6.910688430070877075e-02
-7.020664215087890625e-02
7.785770297050476074e-02
-1.021160855889320374e-01
2.019475959241390228e-02
2.402048185467720032e-02
-1.273339837789535522e-01
-8.946078270673751831e-02
-1.380726508796215057e-02
4.691755026578903198e-02
1.081500202417373657e-01
2.018837258219718933e-02
-5.084963515400886536e-02
4.113550484180450439e-02
8.217587135732173920e-03
-9.206439554691314697e-02
7.035563141107559204e-02
-1.253331899642944336e-01
5.935614462941884995e-03
-9.426418691873550415e-02
3.465004637837409973e-02
3.133441496174782515e-04
-1.654045097529888153e-02
-6.997633725404739380e-02
-3.017857298254966736e-02
-2.738240174949169159e-02
5.805900320410728455e-03
-2.807047218084335327e-02
-4.396636039018630981e-02
9.214917570352554321e-02
-1.442321296781301498e-02
3.600963205099105835e-02
-1.580835692584514618e-02
-6.883011758327484131e-02
1.137812901288270950e-02
-2.497077174484729767e-02
-2.710307389497756958e-02
-7.910218834877014160e-02
-3.132365271449089050e-02
3.917391598224639893e-02
-4.276513680815696716e-02
-2.339812740683555603e-02
8.666715770959854126e-02
4.156443476676940918e-02
-4.867527633905410767e-02
-4.756189882755279541e-02
3.633027151226997375e-02
3.759991144761443138e-03
6.600698828697204590e-02
-4.639603570103645325e-02
-1.165411770343780518e-01
-4.618280380964279175e-02
-2.640246972441673279e-02
1.765838265419006348e-02
-6.172867491841316223e-02
5.428516492247581482e-02
2.398872561752796173e-02
3.030177019536495209e-02
-6.794889271259307861e-02
8.211878687143325806e-02
-2.254186384379863739e-02
3.042604774236679077e-03
-1.060504466295242310e-02
-4.743622150272130966e-03
-3.781634569168090820e-02
6.540881842374801636e-02
6.778434664011001587e-02
6.336126476526260376e-02
1.012780424207448959e-02
-3.185736387968063354e-02
7.372958213090896606e-02
4.849483072757720947e-02
-5.270050838589668274e-02
2.885005809366703033e-02
-4.388147499412298203e-03
2.305904962122440338e-02
-8.714059740304946899e-02
3.247974440455436707e-02
9.984522312879562378e-02
2.229847200214862823e-02
5.522980540990829468e-02
-5.292653292417526245e-02
9.452901780605316162e-02
3.258283808827400208e-02
-3.704803436994552612e-02
3.823475167155265808e-02
-2.327569387853145599e-02
-5.505508929491043091e-02
3.409495949745178223e-02
-2.421298250555992126e-02
1.549992593936622143e-03
3.132878243923187256e-02
-5.174434185028076172e-02
4.180476814508438110e-02
-5.823112279176712036e-02
4.760301113128662109e-02
4.753879830241203308e-02
-7.414373010396957397e-02
-2.589237876236438751e-02
-2.699712105095386505e-02
-2.795457839965820312e-02
-5.393759347498416901e-03
2.721432223916053772e-02
-1.942680962383747101e-02
-1.287749316543340683e-02
4.687628522515296936e-02
-5.310739576816558838e-02
-4.248115047812461853e-02
8.325979113578796387e-03
-4.461847990751266479e-02
1.307164970785379410e-02
3.814269602298736572e-02
-6.325152516365051270e-02
1.271966099739074707e-02
-6.162072345614433289e-02
5.538239330053329468e-02
-1.151161640882492065e-01
1.108422055840492249e-01
5.875065550208091736e-02
1.775558739900588989e-01
6.339675933122634888e-02
8.154075592756271362e-02
4.602378234267234802e-03
-3.927230834960937500e-02
-1.803193241357803345e-02
4.002885892987251282e-02
-1.594416201114654541e-01
1.514326222240924835e-02
-7.928103208541870117e-02
6.510435789823532104e-02
2.591873751953244209e-03
1.017479132860898972e-02
-2.530496381223201752e-02
-6.571852136403322220e-04
-3.733399137854576111e-02
8.235891908407211304e-02
-8.792992681264877319e-02
8.169330656528472900e-03
-1.323577295988798141e-02
5.491848662495613098e-02
3.444448485970497131e-02
-6.162101402878761292e-03
8.083429187536239624e-02
9.885399788618087769e-02
-6.542942952364683151e-03
-9.911417961120605469e-02
-4.627962782979011536e-02
-7.726655900478363037e-02
-1.613186895847320557e-01
5.649585649371147156e-02
3.034269902855157852e-03
-5.180382868275046349e-04
2.563204616308212280e-02
-2.224505096673965454e-01
8.772914856672286987e-02
-1.755709201097488403e-01
-4.836957156658172607e-02
3.510419651865959167e-02
5.646779388189315796e-02
-1.693485677242279053e-01
-4.465480148792266846e-02
3.063381183892488480e-03
5.007040873169898987e-02
-8.246575598604977131e-04
6.121779605746269226e-02
1.695159077644348145e-01
-1.418969631195068359e-01
-7.478199154138565063e-02
-1.159875001758337021e-02
-1.769422180950641632e-02
9.190454334020614624e-02
-7.450650632381439209e-02
1.068120300769805908e-01
