-1.323468089103698730e-01
-6.187073513865470886e-02
3.106756322085857391e-02
-3.292843326926231384e-02
-3.975153714418411255e-02
6.455591320991516113e-02
8.252043277025222778e-02
-1.831178963184356689e-01
1.630121767520904541e-01
7.802604883909225464e-02
-9.478843957185745239e-02
-9.695846587419509888e-02
9.590199589729309082e-02
3.572460031136870384e-03
-3.317648172378540039e-02
-2.679663337767124176e-02
4.632227122783660889e-02
-7.955725491046905518e-02
2.789929695427417755e-02
7.547936588525772095e-02
6.967169791460037231e-02
-1.821548445150256157e-03
-3.831173852086067200e-02
6.714198971167206764e-04
1.462875399738550186e-02
9.414968080818653107e-03
-1.415743585675954819e-02
-2.440699376165866852e-02
-7.198111712932586670e-02
2.704260498285293579e-02
-2.988658659160137177e-02
-6.862695515155792236e-02
-9.920856682583689690e-04
7.588532567024230957e-02
-3.268412500619888306e-02
-5.041008070111274719e-02
-9.852040559053421021e-02
2.039693994447588921e-03
-2.673968300223350525e-02
2.724517136812210083e-02
-1.592794060707092285e-02
-5.018717143684625626e-03
3.238469362258911133e-03
-9.219153225421905518e-02
1.660434752702713013e-01
9.759239107370376587e-02
7.295420765876770020e-02
2.822894789278507233e-02
-5.330444127321243286e-02
-4.595021158456802368e-02
-6.695549935102462769e-02
1.584821641445159912e-01
-2.716936171054840088e-02
1.143230497837066650e-01
7.936972379684448242e-02
-2.777258120477199554e-02
-3.173589333891868591e-02
-1.970698498189449310e-02
4.896612837910652161e-02
-3.410620614886283875e-02
5.718285590410232544e-02
2.169684693217277527e-02
1.271638274192810059e-01
-1.016612574458122253e-01
8.597394451498985291e-03
3.417658805847167969e-02
-5.397077649831771851e-02
6.094197556376457214e-02
-1.193397305905818939e-02
8.641789667308330536e-03
5.222735553979873657e-02
-5.565162375569343567e-02
-5.883647873997688293e-02
2.986122481524944305e-02
7.024623453617095947e-02
-1.835463568568229675e-02
-2.884759567677974701e-02
3.193720802664756775e-02
-8.655212819576263428e-02
6.722512841224670410e-02
-7.189628481864929199e-02
3.825161256827414036e-04
4.523911047726869583e-03
-1.027971208095550537e-01
-3.787822276353836060e-02
-3.766037523746490479e-02
1.659789681434631348e-02
6.081286817789077759e-02
1.200845930725336075e-02
-5.924167111515998840e-02
3.411443158984184265e-02
8.295305818319320679e-02
-8.846071362495422363e-02
9.038536995649337769e-02
-4.883409664034843445e-02
-2.599449269473552704e-02
-8.994416147470474243e-02
3.217692673206329346e-02
-3.190296515822410583e-02
3.050699597224593163e-03
-5.309541150927543640e-02
-3.616051748394966125e-02
-4.144173115491867065e-02
-1.184530835598707199e-02
-2.879612520337104797e-02
-3.802904859185218811e-02
7.399396598339080811e-02
2.691913023591041565e-02
7.793322950601577759e-02
-2.237592078745365143e-02
-7.994671911001205444e-02
3.939421102404594421e-02
-5.104726552963256836e-02
-7.367955893278121948e-02
-5.462837219238281250e-02
-5.233080685138702393e-02
1.581198349595069885e-02
-7.933586835861206055e-02
3.705237060785293579e-02
8.224622160196304321e-02
2.567511051893234253e-03
-4.667992144823074341e-02
-5.975372157990932465e-03
6.442434154450893402e-03
3.313915058970451355e-02
1.866697333753108978e-02
1.157472375780344009e-02
-1.094041913747787476e-01
-5.469613894820213318e-02
-4.350407421588897705e-02
2.445052564144134521e-02
-7.220028340816497803e-02
5.079321563243865967e-02
-1.204150845296680927e-03
1.566686294972896576e-02
-5.410270392894744873e-02
4.673807322978973389e-02
-7.236701995134353638e-02
-3.572558239102363586e-02
-1.169442664831876755e-02
-6.966515630483627319e-02
-1.456999499350786209e-02
8.875889703631401062e-03
-1.929910504259169102e-03
6.582581996917724609e-02
-2.455998765071853995e-05
-1.913864351809024811e-02
4.049985855817794800e-02
6.907153874635696411e-02
-5.842639133334159851e-02
6.752574443817138672e-02
3.820207202807068825e-03
-7.782215718179941177e-03
-1.127268746495246887e-01
6.549865752458572388e-02
5.536667536944150925e-03
6.982274353504180908e-03
2.935096994042396545e-02
7.109413389116525650e-03
1.126523464918136597e-01
8.194736205041408539e-03
-2.331319078803062439e-02
2.692178357392549515e-03
1.826659962534904480e-02
-4.878132790327072144e-02
2.198458649218082428e-03
-4.964734241366386414e-02
-1.573170721530914307e-02
4.646540433168411255e-02
-6.464476138353347778e-02
1.707263663411140442e-02
-1.736090891063213348e-02
7.582594454288482666e-02
6.581170856952667236e-02
-4.948068410158157349e-02
-1.314785517752170563e-02
-4.565729293972253799e-03
-2.997850440442562103e-02
-2.770292572677135468e-03
-6.444792379625141621e-04
1.465765060856938362e-03
1.198996044695377350e-02
8.004327304661273956e-03
-6.862845271825790405e-02
-2.696173451840877533e-02
1.434657908976078033e-02
-3.504243120551109314e-02
-5.232047289609909058e-02
1.387059688568115234e-02
-4.113678634166717529e-02
-3.927772492170333862e-02
-4.012984782457351685e-02
6.774710863828659058e-02
-1.377191692590713501e-01
9.255872666835784912e-02
4.672028496861457825e-02
2.085501551628112793e-01
4.530683159828186035e-02
1.154114305973052979e-01
-5.803314596414566040e-02
-5.162684246897697449e-03
-1.974007114768028259e-02
3.731935098767280579e-02
-1.497260481119155884e-01
1.612314954400062561e-02
-1.263925153762102127e-02
1.275160443037748337e-02
-2.323845401406288147e-02
-9.513017721474170685e-03
-7.341494783759117126e-03
1.735321246087551117e-02
-7.442162837833166122e-03
8.820798248052597046e-02
-9.432388097047805786e-02
1.861308701336383820e-03
-1.143169472925364971e-03
5.160477012395858765e-02
4.029112309217453003e-02
-1.347425766289234161e-02
5.448943749070167542e-02
8.167763054370880127e-02
-3.191172704100608826e-02
-7.667243480682373047e-02
-2.639578469097614288e-02
-7.763402163982391357e-02
-1.484208554029464722e-01
9.664579480886459351e-02
1.937177265062928200e-03
-2.070010453462600708e-02
3.171389922499656677e-02
-7.904255390167236328e-02
9.605931490659713745e-02
-1.148964464664459229e-01
-6.745698396116495132e-03
1.630695909261703491e-02
6.710361689329147339e-02
-1.300622671842575073e-01
-2.989002130925655365e-02
-3.958464413881301880e-02
7.603663206100463867e-02
-2.412481978535652161e-02
9.043454378843307495e-02
2.058617323637008667e-01
-7.069621980190277100e-02
-1.047839745879173279e-01
6.504519260488450527e-04
-2.796691842377185822e-02
1.582798957824707031e-01
-9.558355808258056641e-02
1.232103481888771057e-01
