-1.060124263167381287e-01
-4.472357407212257385e-02
5.198965221643447876e-02
-3.926284611225128174e-02
-1.628003269433975220e-02
6.803876161575317383e-02
2.679616585373878479e-02
-1.092449426651000977e-01
1.076224148273468018e-01
5.533598735928535461e-02
-1.069211214780807495e-01
-6.340011954307556152e-02
1.053099483251571655e-01
-1.302793901413679123e-02
1.491774711757898331e-02
3.668599575757980347e-02
3.180794045329093933e-02
-7.697577029466629028e-02
1.767092943191528320e-02
4.955242201685905457e-02
5.827935412526130676e-02
-1.352833770215511322e-02
-1.942797936499118805e-02
-7.788473740220069885e-03
2.479791082441806793e-02
-9.979363530874252319e-03
1.728545688092708588e-02
-2.610163576900959015e-02
-1.373619586229324341e-01
-3.680934663861989975e-03
-3.228569775819778442e-02
-8.075331151485443115e-02
7.973658852279186249e-03
1.038928404450416565e-01
-1.470439601689577103e-02
-3.167469799518585205e-02
-8.619184792041778564e-02
8.890863507986068726e-03
-1.711714314296841621e-03
2.146938815712928772e-02
-2.665843628346920013e-02
-4.355093464255332947e-02
1.467182300984859467e-02
-7.694292068481445312e-02
1.237498968839645386e-01
1.101800650358200073e-01
6.609275192022323608e-02
-4.325413145124912262e-03
-7.348977774381637573e-02
-8.240476250648498535e-02
-6.481190025806427002e-02
1.350932866334915161e-01
-3.361536189913749695e-02
7.921712845563888550e-02
8.021914213895797729e-02
-3.059266693890094757e-02
-3.931142389774322510e-02
3.018995560705661774e-02
4.396097734570503235e-02
-3.648367477580904961e-03
6.106498464941978455e-02
-3.411932662129402161e-02
9.934582561254501343e-02
-1.590237915515899658e-01
-3.514285897836089134e-03
-6.795483059249818325e-04
-4.271735250949859619e-02
7.072205841541290283e-02
-3.779736906290054321e-02
-4.646996781229972839e-02
3.640514984726905823e-02
-2.748674154281616211e-02
-2.301654219627380371e-02
7.526717334985733032e-02
2.276479452848434448e-02
1.321724150329828262e-03
2.280005626380443573e-02
5.246362835168838501e-02
-6.979276984930038452e-02
7.777220755815505981e-02
-7.367124408483505249e-02
2.521274611353874207e-02
3.260897845029830933e-02
-1.209383532404899597e-01
-7.817213982343673706e-02
-7.821984589099884033e-03
4.159307479858398438e-02
9.938421845436096191e-02
5.182763095945119858e-03
-4.680524021387100220e-02
3.279282152652740479e-02
1.834422722458839417e-02
-9.812707453966140747e-02
7.414186745882034302e-02
-1.052018404006958008e-01
-8.259885944426059723e-03
-8.575825393199920654e-02
4.113887622952461243e-02
-6.571148987859487534e-03
-1.261509209871292114e-02
-8.432609587907791138e-02
-2.793391048908233643e-02
-3.582025691866874695e-02
2.123425714671611786e-02
-3.270949423313140869e-02
-4.298458620905876160e-02
8.440513163805007935e-02
9.527907706797122955e-03
4.461101815104484558e-02
-1.288855168968439102e-02
-7.845693826675415039e-02
2.961961925029754639e-02
-2.921513468027114868e-02
-4.052342101931571960e-02
-8.794068545103073120e-02
-3.406938165426254272e-02
4.028171300888061523e-02
-4.377203807234764099e-02
6.454248796217143536e-04
7.811342179775238037e-02
4.664557427167892456e-02
-5.289506539702415466e-02
-1.680213026702404022e-02
8.496874012053012848e-03
1.740692369639873505e-02
6.610333919525146484e-02
-4.103067144751548767e-02
-1.062515974044799805e-01
-4.050102084875106812e-02
-2.625309675931930542e-02
1.275291014462709427e-02
-7.889428734779357910e-02
5.517593026161193848e-02
2.391146495938301086e-02
1.185364183038473129e-02
-5.100334808230400085e-02
9.220794588327407837e-02
-4.534589499235153198e-02
-1.693338900804519653e-02
-5.579529330134391785e-03
-1.273015979677438736e-02
-5.567396059632301331e-02
6.842151284217834473e-02
6.302560865879058838e-02
5.878873914480209351e-02
1.118784118443727493e-02
-2.306416630744934082e-02
7.909642159938812256e-02
6.126540154218673706e-02
-4.144078120589256287e-02
4.267784953117370605e-02
-1.107581611722707748e-02
2.127146581187844276e-03
-9.580018371343612671e-02
1.343302987515926361e-02
8.030945062637329102e-02
1.642972975969314575e-02
7.325673103332519531e-02
-5.778681859374046326e-02
1.047172769904136658e-01
3.775082156062126160e-02
-2.732953988015651703e-02
3.088373690843582153e-02
-1.112950732931494713e-03
-4.335317388176918030e-02
2.449464611709117889e-02
-3.360678255558013916e-02
-1.656985469162464142e-02
2.770091593265533447e-02
-5.290162190794944763e-02
3.973780944943428040e-02
-4.087137058377265930e-02
4.004819318652153015e-02
4.732894897460937500e-02
-5.432325229048728943e-02
-2.691050805151462555e-02
-1.954102888703346252e-02
-1.247345190495252609e-02
-1.900096540339291096e-04
3.591606765985488892e-02
-8.177201263606548309e-03
-1.020958460867404938e-02
2.890445105731487274e-02
-4.677182063460350037e-02
-3.347082063555717468e-02
1.273032743483781815e-02
-2.747562341392040253e-02
-1.142063178122043610e-02
4.610008746385574341e-02
-4.806017503142356873e-02
-1.150042749941349030e-02
-4.467160254716873169e-02
5.928403884172439575e-02
-1.418006569147109985e-01
1.246357336640357971e-01
6.574393808841705322e-02
1.766814291477203369e-01
5.669614672660827637e-02
9.879539161920547485e-02
-2.650873735547065735e-02
-1.212695613503456116e-02
-1.792901195585727692e-02
3.618382662534713745e-02
-1.555620878934860229e-01
-9.569728747010231018e-03
-5.520426854491233826e-02
6.151567772030830383e-02
1.073620375245809555e-02
-4.503420088440179825e-03
-1.811157725751399994e-02
4.652289208024740219e-03
-3.565664589405059814e-02
7.636608928442001343e-02
-8.113746345043182373e-02
1.337030902504920959e-02
-5.947365891188383102e-03
4.808370023965835571e-02
4.179403930902481079e-02
-8.806871250271797180e-03
7.813090085983276367e-02
9.552273899316787720e-02
-1.128344424068927765e-02
-9.545180201530456543e-02
-3.918185457587242126e-02
-7.997394353151321411e-02
-1.555695235729217529e-01
5.536602437496185303e-02
1.043006218969821930e-02
1.164595596492290497e-03
2.158471569418907166e-02
-1.882874071598052979e-01
8.109495043754577637e-02
-1.613985002040863037e-01
-4.149696230888366699e-02
3.787304461002349854e-02
7.318355888128280640e-02
-1.795174479484558105e-01
-5.475450307130813599e-02
-1.333723124116659164e-02
6.128900870680809021e-02
-2.086768858134746552e-03
7.804619520902633667e-02
1.749320179224014282e-01
-1.391810327768325806e-01
-9.848411381244659424e-02
-1.786459237337112427e-02
-2.651506476104259491e-02
1.122793555259704590e-01
-5.429804697632789612e-02
1.265232414007186890e-01
