-1.049860119819641113e-01
-6.735128909349441528e-02
1.109013557434082031e-01
-5.276495218276977539e-02
-1.431113667786121368e-02
6.833931058645248413e-02
-4.318861663341522217e-02
-7.285634428262710571e-02
4.773295298218727112e-02
1.314428728073835373e-02
-1.342923045158386230e-01
-1.495585124939680099e-02
1.365712881088256836e-01
-2.802250161767005920e-02
1.112783327698707581e-02
5.805722996592521667e-02
1.028900686651468277e-02
-9.709970653057098389e-02
5.902116000652313232e-02
3.351492108777165413e-03
9.188511222600936890e-02
-3.839778900146484375e-02
2.768965251743793488e-02
-2.137128636240959167e-02
7.118860632181167603e-02
-7.743414491415023804e-03
2.807701379060745239e-02
-9.312323480844497681e-02
-1.741975694894790649e-01
-7.684216648340225220e-02
-7.556326687335968018e-02
-6.703530997037887573e-02
3.347956016659736633e-02
1.431756168603897095e-01
9.842686355113983154e-03
-6.796848028898239136e-02
-1.063707843422889709e-01
-2.672378346323966980e-02
1.837116666138172150e-02
3.094523027539253235e-02
-3.302340582013130188e-02
-5.378446355462074280e-02
5.386489629745483398e-02
-5.262942612171173096e-02
6.847061216831207275e-02
1.015004441142082214e-01
2.473627589643001556e-02
-3.739786520600318909e-02
-8.184348046779632568e-02
-8.264261484146118164e-02
-5.845286417752504349e-03
1.092368513345718384e-01
-3.938890248537063599e-02
-6.002196823828853667e-05
6.671403348445892334e-02
-8.671015501022338867e-03
-7.117600739002227783e-02
1.587647199630737305e-02
7.130187749862670898e-02
3.910763561725616455e-02
3.622550517320632935e-02
-9.944409132003784180e-03
5.144570395350456238e-02
-1.299117952585220337e-01
1.272266265004873276e-02
-1.941127330064773560e-02
-6.509092450141906738e-02
7.121879607439041138e-02
-5.721567943692207336e-02
-8.382865786552429199e-02
1.333373505622148514e-02
-7.812490686774253845e-03
4.189401492476463318e-02
1.158108338713645935e-01
8.334501646459102631e-03
4.582140222191810608e-02
4.037368670105934143e-02
5.277683958411216736e-02
-7.575501501560211182e-02
4.492975026369094849e-02
-5.741827189922332764e-02
1.813211850821971893e-02
2.823426760733127594e-02
-1.164370924234390259e-01
-1.024243757128715515e-01
5.763945356011390686e-02
7.947801798582077026e-02
1.509155184030532837e-01
-1.495673414319753647e-02
-4.431581124663352966e-03
3.530781343579292297e-02
-6.135644391179084778e-02
-9.367478638887405396e-02
3.697207197546958923e-02
-1.389707624912261963e-01
9.166348725557327271e-03
-6.424831598997116089e-02
6.767481565475463867e-02
9.144132956862449646e-03
-8.067835122346878052e-03
-9.357168525457382202e-02
-1.135256886482238770e-02
-2.631145343184471130e-02
4.474203451536595821e-04
-6.080548837780952454e-02
-4.654536768794059753e-02
1.027587056159973145e-01
-1.281502284109592438e-02
-1.921142451465129852e-02
-1.775495149195194244e-02
-2.801462262868881226e-02
-5.990368081256747246e-04
1.547661237418651581e-02
8.940225467085838318e-03
-7.161529362201690674e-02
2.238996885716915131e-02
7.839602231979370117e-02
-4.315719753503799438e-02
-2.619892591610550880e-03
1.129745543003082275e-01
6.294931471347808838e-02
-7.436756975948810577e-03
-6.219384819269180298e-02
5.281565338373184204e-02
-4.283437971025705338e-03
8.193168789148330688e-02
-6.927312165498733521e-02
-6.836751103401184082e-02
-5.863941088318824768e-02
-1.175832282751798630e-02
1.441370602697134018e-02
-2.283207513391971588e-02
3.787222504615783691e-02
4.006731137633323669e-02
-2.067984081804752350e-02
-7.096698135137557983e-02
9.139963984489440918e-02
-6.103656254708766937e-03
-2.091669477522373199e-02
-4.353852942585945129e-02
5.221815034747123718e-02
-7.589461654424667358e-02
5.885943770408630371e-02
9.557597339153289795e-02
7.228169590234756470e-02
1.554129365831613541e-02
-7.746380567550659180e-02
2.367345802485942841e-02
1.061744764447212219e-01
-9.708520770072937012e-02
3.957751393318176270e-02
-2.959405770525336266e-03
4.568914324045181274e-02
-2.965658344328403473e-02
-2.218236029148101807e-02
7.163272053003311157e-02
-2.152495086193084717e-02
7.344386726617813110e-02
-7.307217270135879517e-02
6.392446160316467285e-02
1.432792376726865768e-02
-7.832667790353298187e-03
5.351114645600318909e-02
-1.787124015390872955e-02
-3.368376195430755615e-02
3.777217119932174683e-02
-7.372196763753890991e-03
1.553842611610889435e-02
8.466686122119426727e-03
-5.208653956651687622e-02
-6.183747667819261551e-03
-7.243154197931289673e-02
5.539175868034362793e-02
-2.008397690951824188e-02
-6.236245483160018921e-02
-7.510840147733688354e-02
-5.879495292901992798e-02
-4.947646707296371460e-02
5.215618759393692017e-03
3.828921914100646973e-02
-7.232671976089477539e-02
3.324808925390243530e-02
8.829691261053085327e-02
2.100902609527111053e-02
-5.349890515208244324e-02
3.712695464491844177e-02
-1.070717629045248032e-02
8.245182782411575317e-02
6.107893213629722595e-02
-5.626211687922477722e-02
3.467221930623054504e-02
-4.155512899160385132e-02
4.942253604531288147e-02
-7.770168781280517578e-02
1.225939393043518066e-01
3.397910669445991516e-02
1.534084677696228027e-01
3.328754380345344543e-02
4.165360704064369202e-02
9.413392981514334679e-04
-4.276484996080398560e-02
1.521082036197185516e-02
2.016379311680793762e-02
-1.290904283523559570e-01
-3.547294810414314270e-02
-7.839235477149486542e-04
8.921959251165390015e-02
3.397125750780105591e-02
4.630147479474544525e-03
-2.480173856019973755e-02
-1.699274964630603790e-02
-5.238131433725357056e-02
5.857183039188385010e-02
-8.710444718599319458e-02
5.257287528365850449e-03
-1.747412607073783875e-02
5.018506944179534912e-02
2.929251082241535187e-02
1.156900729984045029e-02
6.592113524675369263e-02
7.267579436302185059e-02
2.617031335830688477e-03
-5.737689137458801270e-02
-8.306226879358291626e-02
-8.747558295726776123e-02
-1.302264332771301270e-01
4.581839963793754578e-02
4.356205090880393982e-02
4.162663593888282776e-02
-3.418128937482833862e-02
-2.156905084848403931e-01
3.451525047421455383e-02
-1.425581723451614380e-01
-5.569640547037124634e-02
1.813418604433536530e-02
2.741303667426109314e-02
-1.413128674030303955e-01
-3.855350241065025330e-02
1.959769241511821747e-02
3.955931589007377625e-02
-1.628336124122142792e-02
3.357408940792083740e-02
9.518743306398391724e-02
-1.067595034837722778e-01
-5.682269111275672913e-02
-8.162096142768859863e-03
5.181953776627779007e-03
-1.734554680297151208e-04
-7.366375997662544250e-03
1.328332871198654175e-01
