-7.635314017534255981e-02
-6.953044328838586807e-03
4.474973678588867188e-02
-3.776291012763977051e-02
4.490969330072402954e-02
7.434735447168350220e-02
3.613007068634033203e-02
-7.687006890773773193e-02
1.114083752036094666e-01
3.330912068486213684e-02
-8.048225939273834229e-02
-2.622695639729499817e-02
4.466295614838600159e-02
-1.603421941399574280e-02
7.857205718755722046e-02
-5.957630928605794907e-04
2.789599634706974030e-02
-6.521611660718917847e-02
2.560886181890964508e-02
4.417394474148750305e-02
1.742162159644067287e-03
-4.949413239955902100e-03
-5.062787234783172607e-02
2.594606578350067139e-02
-4.760646261274814606e-03
6.620164029300212860e-03
3.375719860196113586e-02
2.445048093795776367e-02
-1.023099422454833984e-01
-3.255656687542796135e-03
-9.802363812923431396e-03
-5.908226221799850464e-02
2.135927975177764893e-02
7.634168118238449097e-02
-5.503925308585166931e-02
-4.995740950107574463e-02
-3.959812968969345093e-02
4.629828780889511108e-02
-1.076337881386280060e-02
-3.801927436143159866e-03
-3.015658631920814514e-02
-2.755543217062950134e-02
-3.510351106524467468e-02
-4.126792028546333313e-02
8.780648559331893921e-02
1.434421092271804810e-01
8.961299806833267212e-02
-3.188535571098327637e-02
-4.184410348534584045e-02
-2.854278683662414551e-02
-4.915899783372879028e-02
1.128074675798416138e-01
-3.063806332647800446e-02
9.899257868528366089e-02
7.009486109018325806e-02
-2.954277209937572479e-02
-1.856519468128681183e-02
7.442347705364227295e-02
3.630208969116210938e-02
4.994384944438934326e-03
5.147218331694602966e-02
-8.318560570478439331e-02
1.212343573570251465e-01
-1.845985502004623413e-01
-4.130200482904911041e-03
1.779192499816417694e-02
-3.882554918527603149e-02
9.928879141807556152e-02
-7.899732887744903564e-02
-7.622483372688293457e-02
4.821913316845893860e-02
-2.812162414193153381e-02
2.366657368838787079e-03
7.543385028839111328e-02
4.171709530055522919e-03
1.994119025766849518e-02
2.626623213291168213e-02
7.374732196331024170e-02
-6.730514019727706909e-02
6.833432614803314209e-02
-7.135768234729766846e-02
5.273748934268951416e-02
4.527648165822029114e-02
-9.022113680839538574e-02
-1.067370474338531494e-01
2.211412787437438965e-02
5.587308201938867569e-03
6.021504476666450500e-02
3.826231509447097778e-02
-8.865926414728164673e-02
3.333317115902900696e-02
-1.117825414985418320e-02
-3.899652510881423950e-02
9.792147576808929443e-02
-9.475403279066085815e-02
4.421641118824481964e-03
-7.984361052513122559e-02
2.795799262821674347e-02
1.107713300734758377e-02
-8.090018294751644135e-03
-8.140868693590164185e-02
-3.227986767888069153e-02
-2.326242625713348389e-02
2.877544611692428589e-02
-3.020689636468887329e-02
-2.430000109598040581e-03
8.945121616125106812e-02
-3.016095375642180443e-03
3.154304623603820801e-02
-1.895888149738311768e-02
-1.160135418176651001e-01
8.002662099897861481e-03
-1.630239747464656830e-02
-8.514087647199630737e-02
-7.600700110197067261e-02
-2.648872695863246918e-02
6.020975112915039062e-02
-1.013639289885759354e-02
-2.216956578195095062e-03
5.519519373774528503e-02
6.039523333311080933e-02
-6.340903043746948242e-02
-2.331761410459876060e-03
3.476285934448242188e-02
6.466946098953485489e-03
7.141830772161483765e-02
-4.626339301466941833e-02
-9.186544269323348999e-02
-5.533403716981410980e-03
-4.784549400210380554e-02
3.043923899531364441e-02
-1.388010382652282715e-01
7.116936892271041870e-02
3.016868978738784790e-02
1.235179603099822998e-02
-2.012703008949756622e-02
9.609898924827575684e-02
-3.266084566712379456e-02
4.065428394824266434e-03
2.302073314785957336e-02
-1.909191161394119263e-02
-8.755467832088470459e-02
9.585271030664443970e-02
8.728350698947906494e-02
5.157122761011123657e-02
1.708007045090198517e-02
-9.684997610747814178e-03
1.311718672513961792e-01
8.562798611819744110e-03
-5.591068184003233910e-04
-1.264832797460258007e-03
-3.985615447163581848e-03
-3.415012732148170471e-02
-8.286526799201965332e-02
6.050666794180870056e-03
1.286491155624389648e-01
4.606164991855621338e-02
8.626425266265869141e-02
-7.456044852733612061e-02
1.112675145268440247e-01
5.599094182252883911e-02
-4.964233562350273132e-02
6.295170634984970093e-03
-1.896136254072189331e-02
-3.854753449559211731e-02
5.432900507003068924e-03
-5.246507003903388977e-02
-2.217494137585163116e-02
1.696001924574375153e-02
-2.314331755042076111e-02
6.540380418300628662e-02
4.771552514284849167e-03
-4.079134669154882431e-03
4.379711672663688660e-02
-5.825993046164512634e-02
1.331307692453265190e-03
-3.369541466236114502e-02
3.876401577144861221e-03
9.271102026104927063e-03
7.750919461250305176e-02
2.417085133492946625e-02
-2.046292088925838470e-02
-1.639073155820369720e-02
-6.021482497453689575e-02
-1.821059733629226685e-02
-1.095469575375318527e-02
-4.679925367236137390e-02
-1.646190881729125977e-02
6.958398222923278809e-02
-5.064952746033668518e-02
-4.914006218314170837e-02
-5.119786411523818970e-02
5.566504970192909241e-02
-1.393898576498031616e-01
1.248330399394035339e-01
1.013284251093864441e-01
1.797087788581848145e-01
6.036834418773651123e-02
7.982827723026275635e-02
-6.741445511579513550e-02
-4.922200459986925125e-03
-5.178256705403327942e-02
2.975070476531982422e-02
-1.485230624675750732e-01
-1.010322105139493942e-02
-1.255362480878829956e-01
6.073047220706939697e-02
3.938051313161849976e-02
1.918451860547065735e-02
2.922020386904478073e-03
-2.913475967943668365e-03
-5.236482620239257812e-02
5.821203812956809998e-02
-7.949976623058319092e-02
-1.054611522704362869e-02
-1.636158674955368042e-02
1.537653617560863495e-02
1.341811567544937134e-02
-3.764045238494873047e-02
9.079793095588684082e-02
1.237014755606651306e-01
1.921491883695125580e-02
-1.080009862780570984e-01
-2.949855988845229149e-03
-8.161620795726776123e-02
-1.228192374110221863e-01
1.500821020454168320e-02
-8.255488239228725433e-03
-7.289535365998744965e-03
3.986560180783271790e-02
-1.949068456888198853e-01
5.277752876281738281e-02
-1.558553278446197510e-01
-4.299750924110412598e-02
5.344494059681892395e-02
3.287346288561820984e-02
-1.580058485269546509e-01
-4.535854235291481018e-02
-1.821011491119861603e-02
5.437555164098739624e-02
-4.326282534748315811e-03
5.728185176849365234e-02
1.369415521621704102e-01
-1.288441717624664307e-01
-5.201876163482666016e-02
-2.849185653030872345e-02
-2.170109935104846954e-02
9.702411293983459473e-02
-4.356229677796363831e-02
8.481697738170623779e-02
