-1.208344176411628723e-01
-7.316402345895767212e-02
6.358423829078674316e-02
-5.166203528642654419e-02
-5.423535406589508057e-02
6.339653581380844116e-02
7.566130254417657852e-03
-1.114071905612945557e-01
9.048344939947128296e-02
3.369376063346862793e-02
-1.263811141252517700e-01
-8.731234818696975708e-02
1.297855973243713379e-01
-3.231896087527275085e-02
1.906358078122138977e-02
3.870343789458274841e-02
5.324076488614082336e-02
-8.468996733427047729e-02
2.174914628267288208e-02
4.547329992055892944e-02
5.884122103452682495e-02
-2.443901635706424713e-02
-2.483075251802802086e-03
4.155786707997322083e-03
4.949454963207244873e-02
-1.617320254445075989e-02
1.158114895224571228e-02
-4.075524210929870605e-02
-1.118284389376640320e-01
-7.776834070682525635e-03
-2.161137573421001434e-02
-7.280478626489639282e-02
-3.232479095458984375e-02
1.022374629974365234e-01
1.413317304104566574e-02
-7.524671033024787903e-03
-1.037715375423431396e-01
-8.198868483304977417e-03
3.128503635525703430e-02
4.446676000952720642e-02
-4.182411730289459229e-02
-3.687678650021553040e-02
4.058531671762466431e-02
-7.874906808137893677e-02
1.682848930358886719e-01
7.601723074913024902e-02
5.584965646266937256e-02
-2.016585692763328552e-02
-7.767365127801895142e-02
-1.356829553842544556e-01
-8.070985227823257446e-02
1.056058630347251892e-01
-4.503595456480979919e-02
8.689095824956893921e-02
6.855355203151702881e-02
-3.660671785473823547e-02
-5.958643928170204163e-02
1.488433126360177994e-02
2.948523685336112976e-02
1.332967169582843781e-02
8.629177510738372803e-02
-2.325813844799995422e-02
7.701265811920166016e-02
-1.325081288814544678e-01
-8.357291226275265217e-04
-9.707439690828323364e-03
-2.800048515200614929e-02
4.108341410756111145e-02
-8.746950188651680946e-04
-2.535593323409557343e-02
4.863167181611061096e-02
-1.960660330951213837e-02
-6.084662303328514099e-02
5.006544664502143860e-02
1.848639361560344696e-02
-2.092386782169342041e-02
1.754791848361492157e-02
4.224884882569313049e-02
-6.882483512163162231e-02
5.941509827971458435e-02
-6.866526603698730469e-02
2.330881543457508087e-02
1.945860497653484344e-02
-1.337948590517044067e-01
-6.030894443392753601e-02
-1.978199928998947144e-02
3.984134271740913391e-02
1.144126132130622864e-01
-1.243204344063997269e-02
-4.308259114623069763e-02
4.449217766523361206e-02
3.358662128448486328e-02
-9.985677152872085571e-02
7.615154236555099487e-02
-1.311271488666534424e-01
-8.650393225252628326e-03
-7.001563161611557007e-02
5.307859741151332855e-03
1.344263274222612381e-02
2.158125163987278938e-03
-7.063497602939605713e-02
-3.392241895198822021e-02
-4.580512642860412598e-02
8.038003579713404179e-04
-3.595465049147605896e-02
-3.738887608051300049e-02
8.546280860900878906e-02
-7.394132204353809357e-03
6.155825778841972351e-02
-1.229546964168548584e-02
-6.037514656782150269e-02
9.235284291207790375e-03
-1.781522296369075775e-02
-2.396047301590442657e-02
-6.754998862743377686e-02
-8.709996007382869720e-03
8.447851054370403290e-03
-7.247147709131240845e-02
-6.749090272933244705e-03
6.887446343898773193e-02
2.981132455170154572e-02
-2.558850124478340149e-02
-4.968804307281970978e-03
-8.866537362337112427e-03
9.412000887095928192e-03
5.700546503067016602e-02
-4.016433656215667725e-02
-9.007881581783294678e-02
-7.563584297895431519e-02
-3.361088037490844727e-02
4.235107451677322388e-02
-7.611650228500366211e-02
4.416343942284584045e-02
-1.360348612070083618e-02
1.507295388728380203e-02
-7.013558596372604370e-02
8.727744966745376587e-02
-6.389178335666656494e-02
-6.027174741029739380e-02
-3.637976199388504028e-02
-2.552114240825176239e-02
-4.346571490168571472e-02
3.114936687052249908e-02
6.871378421783447266e-02
5.222743004560470581e-02
3.002444515004754066e-03
-5.095399543642997742e-02
3.874092549085617065e-02
7.879379391670227051e-02
-6.416972726583480835e-02
8.174808323383331299e-02
-2.601068839430809021e-02
3.401019424200057983e-02
-1.201261505484580994e-01
2.623077249154448509e-03
4.813577234745025635e-02
-2.747833263128995895e-03
7.845076918601989746e-02
-4.539897292852401733e-02
7.874098420143127441e-02
2.364479936659336090e-02
-7.994996383786201477e-03
2.741141244769096375e-02
1.801071129739284515e-02
-5.566114559769630432e-02
4.576091095805168152e-02
-4.320501163601875305e-02
-6.499842740595340729e-03
2.157594449818134308e-02
-6.872855871915817261e-02
3.329765424132347107e-02
-5.806342884898185730e-02
7.636007666587829590e-02
3.227500244975090027e-02
-3.231852129101753235e-02
-3.718489781022071838e-02
2.858822606503963470e-02
-6.246540322899818420e-02
-4.569840151816606522e-03
2.404947578907012939e-02
-2.999878488481044769e-02
4.159765318036079407e-02
5.548396706581115723e-02
-9.657191112637519836e-03
-4.066895693540573120e-02
1.772067695856094360e-02
-4.003289714455604553e-02
-2.755104377865791321e-02
4.102145880460739136e-02
-5.568852648138999939e-02
-3.888045437633991241e-03
-2.862933836877346039e-02
6.724868714809417725e-02
-1.430246233940124512e-01
1.094962954521179199e-01
4.582767188549041748e-02
1.524802744388580322e-01
5.210228636860847473e-02
1.278766542673110962e-01
2.103295410051941872e-03
-8.272635750472545624e-03
-1.455174665898084641e-02
4.421787336468696594e-02
-1.326931864023208618e-01
-1.458014594390988350e-03
-4.435532540082931519e-02
6.501439958810806274e-02
-1.414737477898597717e-02
7.213796488940715790e-04
-2.553804777562618256e-02
-1.825841888785362244e-02
-3.729919716715812683e-02
8.583762496709823608e-02
-7.801534235477447510e-02
2.396391332149505615e-02
-2.066881954669952393e-02
7.870400696992874146e-02
5.371766909956932068e-02
-2.813676558434963226e-02
4.772872105240821838e-02
5.067456886172294617e-02
-1.797683909535408020e-02
-8.588700741529464722e-02
-3.412521257996559143e-02
-5.857797339558601379e-02
-1.381828933954238892e-01
7.343216240406036377e-02
3.759901598095893860e-02
9.493948891758918762e-03
1.268795132637023926e-02
-1.813559681177139282e-01
7.846679538488388062e-02
-1.523571759462356567e-01
-5.154746398329734802e-02
3.085746429860591888e-02
5.797484889626502991e-02
-1.793714463710784912e-01
-5.401419475674629211e-02
-2.259808033704757690e-02
7.339791953563690186e-02
-2.123783715069293976e-02
5.225380510091781616e-02
1.662259101867675781e-01
-1.426174938678741455e-01
-1.068239957094192505e-01
1.004553679376840591e-02
-1.933896355330944061e-02
1.020520478487014771e-01
-6.043689325451850891e-02
1.059361472725868225e-01
