-1.146420240402221680e-01
-4.987865313887596130e-02
6.538624316453933716e-02
-4.186191782355308533e-02
-7.486356794834136963e-02
7.516328990459442139e-02
3.554147854447364807e-02
-1.364820152521133423e-01
9.130053222179412842e-02
6.051933765411376953e-02
-1.206319332122802734e-01
-7.914330065250396729e-02
1.350066661834716797e-01
-2.147184452041983604e-03
-3.638841211795806885e-03
3.116017393767833710e-02
3.994363918900489807e-02
-6.782383471727371216e-02
-4.554909188300371170e-03
5.919091030955314636e-02
6.580071896314620972e-02
-3.294072672724723816e-02
-3.002384910359978676e-03
-3.476349636912345886e-03
4.820003733038902283e-02
-1.322356890887022018e-02
7.518517319113016129e-03
-5.952634662389755249e-02
-1.228678673505783081e-01
-2.278725616633892059e-02
-1.365151535719633102e-02
-7.347809523344039917e-02
-1.039384026080369949e-02
8.157557249069213867e-02
1.094430778175592422e-02
-4.360059741884469986e-03
-9.349621087312698364e-02
-1.564049534499645233e-02
3.558618575334548950e-02
2.872426062822341919e-02
-2.969981916248798370e-02
-3.282735124230384827e-02
2.889278158545494080e-02
-6.747747957706451416e-02
1.511648446321487427e-01
6.151119247078895569e-02
2.805944904685020447e-02
-3.866605227813124657e-03
-8.671931177377700806e-02
-1.202171146869659424e-01
-8.575595170259475708e-02
9.468688070774078369e-02
-5.156250298023223877e-02
4.932218790054321289e-02
5.860212817788124084e-02
-2.044139988720417023e-02
-4.146585240960121155e-02
-9.222999215126037598e-04
3.086138330399990082e-02
2.689808607101440430e-02
8.342441916465759277e-02
2.182270865887403488e-03
8.163359761238098145e-02
-1.376320570707321167e-01
-1.435818243771791458e-02
-2.991759590804576874e-02
-3.899735957384109497e-02
6.220293417572975159e-02
-3.617158904671669006e-02
-1.891711726784706116e-02
1.039827242493629456e-02
-3.048528451472520828e-03
-5.473425239324569702e-02
5.777900665998458862e-02
1.062062010169029236e-02
-5.609735380858182907e-03
2.467520348727703094e-02
5.467828735709190369e-02
-6.998731940984725952e-02
6.795766204595565796e-02
-7.397900521755218506e-02
1.097049843519926071e-02
1.884161494672298431e-02
-1.328770220279693604e-01
-6.105971336364746094e-02
-3.449849784374237061e-02
7.028249651193618774e-02
1.139728501439094543e-01
-2.206131629645824432e-02
-1.333790738135576248e-02
2.955497428774833679e-02
1.005318714305758476e-03
-1.259315162897109985e-01
5.615732818841934204e-02
-1.177842020988464355e-01
6.089167203754186630e-03
-7.429444789886474609e-02
2.635948732495307922e-02
-9.224588982760906219e-03
-9.071798063814640045e-03
-6.491094082593917847e-02
-2.503358945250511169e-02
-2.133657224476337433e-02
5.758614744991064072e-03
-3.895173221826553345e-02
-5.748676508665084839e-02
8.364622294902801514e-02
-9.956369176506996155e-04
6.301829218864440918e-02
-1.936928182840347290e-02
-5.652124062180519104e-02
3.330955654382705688e-02
-1.476576365530490875e-02
-1.325985230505466461e-02
-1.013988927006721497e-01
-1.198018155992031097e-02
1.116886455565690994e-02
-8.440243452787399292e-02
-9.036982432007789612e-03
7.226160913705825806e-02
5.139007046818733215e-02
-4.276850819587707520e-02
1.230648346245288849e-02
-1.603042706847190857e-02
1.959137059748172760e-02
5.397249013185501099e-02
-5.230302363634109497e-02
-1.160244494676589966e-01
-7.702142000198364258e-02
-2.451220899820327759e-02
3.898061439394950867e-02
-5.844916030764579773e-02
5.507944524288177490e-02
1.555272843688726425e-02
-7.024037651717662811e-03
-5.814675241708755493e-02
1.124503612518310547e-01
-9.485574811697006226e-02
-3.831365704536437988e-02
-5.134995281696319580e-02
-4.276229813694953918e-02
-2.346769161522388458e-02
5.118354037404060364e-02
5.507984384894371033e-02
4.528212547302246094e-02
1.321809552609920502e-02
-4.716847836971282959e-02
2.364734560251235962e-02
5.551115050911903381e-02
-5.789538472890853882e-02
8.093443512916564941e-02
-3.447945788502693176e-02
2.537657879292964935e-02
-1.028232201933860779e-01
2.334112487733364105e-02
4.388700798153877258e-02
1.186009403318166733e-02
1.088615655899047852e-01
-5.841157957911491394e-02
6.852112710475921631e-02
1.262034755200147629e-02
-7.291442248970270157e-03
3.694109618663787842e-02
-7.056648842990398407e-03
-5.030987411737442017e-02
3.867993503808975220e-02
-1.208816468715667725e-02
-2.005253732204437256e-02
1.036791875958442688e-02
-6.150607392191886902e-02
3.915897384285926819e-02
-5.113062262535095215e-02
5.853345617651939392e-02
4.859702289104461670e-02
-4.900564998388290405e-02
-2.555698901414871216e-02
2.316954359412193298e-02
-2.735360339283943176e-02
6.062677130103111267e-03
-9.870607173070311546e-04
-2.990666776895523071e-02
3.042058786377310753e-03
5.619144439697265625e-02
-3.883519768714904785e-02
-3.809169679880142212e-02
2.892170660197734833e-02
-4.162941128015518188e-02
-1.298212446272373199e-02
3.164749220013618469e-02
-4.224620759487152100e-02
9.259984828531742096e-03
-5.638111755251884460e-02
5.101387202739715576e-02
-1.112902760505676270e-01
9.133279323577880859e-02
4.571592062711715698e-02
1.315975487232208252e-01
5.212950706481933594e-02
1.177926585078239441e-01
-1.844212878495454788e-03
-2.808706648647785187e-02
6.766919977962970734e-03
3.638547658920288086e-02
-1.437657624483108521e-01
3.333937376737594604e-02
-2.829009108245372772e-02
4.650898277759552002e-02
-1.772436685860157013e-02
-2.327059023082256317e-02
-3.097291104495525360e-02
-1.041207183152437210e-02
-5.377192422747612000e-02
9.288676083087921143e-02
-7.681605219841003418e-02
2.476005256175994873e-02
-1.430969219654798508e-02
6.857374310493469238e-02
8.454153686761856079e-02
4.498479887843132019e-03
4.925762861967086792e-02
7.541096210479736328e-02
-4.247016087174415588e-02
-6.046247482299804688e-02
-4.965593293309211731e-02
-7.506874203681945801e-02
-1.346900463104248047e-01
6.787812709808349609e-02
1.886972784996032715e-02
1.655690744519233704e-02
6.514582317322492599e-03
-2.268963307142257690e-01
1.149270460009574890e-01
-1.656958311796188354e-01
-6.445179879665374756e-02
3.840582445263862610e-02
9.205467253923416138e-02
-1.982656270265579224e-01
-5.270465463399887085e-02
-1.997462660074234009e-02
5.055234208703041077e-02
6.802957504987716675e-03
8.241314440965652466e-02
1.441053450107574463e-01
-1.220063343644142151e-01
-9.308308362960815430e-02
1.196361426264047623e-02
-2.369631268084049225e-02
9.106629341840744019e-02
-4.586135223507881165e-02
7.741742581129074097e-02
