-1.233833357691764832e-01
-4.805046692490577698e-02
3.085379488766193390e-02
-2.557094022631645203e-02
-5.481936410069465637e-02
6.028838083148002625e-02
4.205903410911560059e-02
-1.236222982406616211e-01
1.290240734815597534e-01
5.662158876657485962e-02
-7.679811120033264160e-02
-6.416098028421401978e-02
1.583383381366729736e-01
5.133369995746761560e-05
-3.376505151391029358e-02
6.600530818104743958e-03
7.227397989481687546e-03
-4.993241652846336365e-02
2.093121223151683807e-02
3.025219403207302094e-02
7.937893271446228027e-02
-2.252115122973918915e-02
3.029894083738327026e-03
-2.862021513283252716e-02
3.874995559453964233e-02
1.813691854476928711e-02
-2.922498248517513275e-02
-6.992907822132110596e-02
-1.480200439691543579e-01
-4.434476047754287720e-02
-4.792081564664840698e-02
-6.167798861861228943e-02
6.495598237961530685e-03
1.422842442989349365e-01
2.059021778404712677e-02
-5.501136928796768188e-02
-1.133724004030227661e-01
-2.759653702378273010e-02
-1.161287911236286163e-02
5.229355394840240479e-02
6.748403888195753098e-03
-2.456367947161197662e-02
3.858166560530662537e-02
-5.523001775145530701e-02
1.269015073776245117e-01
8.863603323698043823e-02
5.179200693964958191e-02
1.014082320034503937e-02
-5.849117413163185120e-02
-5.313589423894882202e-02
-4.031184315681457520e-02
1.153825446963310242e-01
-8.943237364292144775e-03
2.538835816085338593e-02
6.191051751375198364e-02
-6.891197059303522110e-03
-7.538327574729919434e-02
-4.688288271427154541e-02
6.372253596782684326e-02
-1.704931817948818207e-02
5.005893856287002563e-02
1.317814551293849945e-02
6.106002256274223328e-02
-8.777719736099243164e-02
-3.580812364816665649e-03
-4.146874882280826569e-03
-4.340442642569541931e-02
1.559968385845422745e-02
-4.668023809790611267e-02
-1.369925867766141891e-02
-3.060220973566174507e-03
-1.928826421499252319e-02
-2.883292175829410553e-02
7.357897609472274780e-02
3.832396119832992554e-02
8.190057240426540375e-03
1.002425327897071838e-02
3.418380394577980042e-02
-7.692628353834152222e-02
3.339100629091262817e-02
-3.255074843764305115e-02
-9.895494207739830017e-03
-8.080856874585151672e-03
-1.006590574979782104e-01
-2.299349568784236908e-02
3.111220139544457197e-04
6.738010048866271973e-02
6.643993407487869263e-02
-3.456619009375572205e-02
9.764203801751136780e-03
6.507804617285728455e-03
1.461262442171573639e-02
-8.561345934867858887e-02
3.477747365832328796e-02
-6.814935803413391113e-02
9.869442321360111237e-03
-8.776815235614776611e-02
3.490250557661056519e-02
-2.139590494334697723e-02
-6.093501579016447067e-03
-4.513343796133995056e-02
-2.783004008233547211e-02
-2.309548109769821167e-02
-2.622609026730060577e-02
-2.322349511086940765e-02
-6.366163492202758789e-02
7.403635233640670776e-02
2.748662047088146210e-02
5.423859134316444397e-02
-9.162574075162410736e-03
-3.652553632855415344e-02
5.058358237147331238e-02
-1.528410892933607101e-02
-1.821684464812278748e-02
-5.714631453156471252e-02
6.776620168238878250e-03
1.940107159316539764e-02
-6.919797509908676147e-02
2.056780271232128143e-02
1.013548895716667175e-01
2.080627158284187317e-02
-4.951493442058563232e-02
-2.318303287029266357e-02
1.082793902605772018e-02
4.734348505735397339e-02
3.342372551560401917e-02
-1.687581278383731842e-02
-6.277792155742645264e-02
-7.848984003067016602e-02
1.527987886220216751e-03
3.640694171190261841e-02
-6.138275191187858582e-02
2.097533456981182098e-02
2.719435840845108032e-02
-2.287011221051216125e-02
-4.946013540029525757e-02
8.684172481298446655e-02
-6.785119324922561646e-02
-2.903343178331851959e-02
-3.009651787579059601e-02
-2.256780117750167847e-02
-3.701755404472351074e-02
3.249766305088996887e-02
4.439981281757354736e-02
6.457699090242385864e-02
2.744104899466037750e-02
-2.939417585730552673e-02
-1.099963113665580750e-02
1.022310033440589905e-01
-1.177940592169761658e-01
7.066541165113449097e-02
5.372764542698860168e-03
1.116635370999574661e-02
-5.029482394456863403e-02
3.286334127187728882e-02
-2.616149745881557465e-02
-2.361043915152549744e-02
8.018963038921356201e-02
-2.309251390397548676e-02
8.245386928319931030e-02
-1.742343418300151825e-02
4.553833510726690292e-03
5.283223837614059448e-02
9.753483347594738007e-03
-6.430426239967346191e-02
2.710265852510929108e-02
-1.784182898700237274e-02
4.131628200411796570e-03
2.635393291711807251e-02
-9.524971246719360352e-02
-5.641219671815633774e-03
-3.835967928171157837e-02
6.148934364318847656e-02
3.219313919544219971e-02
-5.728389322757720947e-02
-4.790926352143287659e-02
-3.388282284140586853e-02
-6.014788523316383362e-02
-9.753152728080749512e-03
1.048829406499862671e-02
-6.366437673568725586e-02
-4.112041555345058441e-03
2.961130067706108093e-02
-1.160784158855676651e-02
-5.231309682130813599e-02
1.459048967808485031e-02
-3.430437296628952026e-02
8.260381408035755157e-03
4.158470779657363892e-02
-4.579493775963783264e-02
-1.009242422878742218e-02
-6.767214834690093994e-02
9.271353483200073242e-02
-1.483126282691955566e-01
1.360834687948226929e-01
4.152575135231018066e-02
2.435085624456405640e-01
9.241431020200252533e-03
1.353641301393508911e-01
-4.523851722478866577e-02
-3.365942090749740601e-02
-2.869598381221294403e-02
3.056713193655014038e-02
-1.717437356710433960e-01
-3.160644322633743286e-03
1.380967721343040466e-02
8.320492506027221680e-02
-9.625467471778392792e-03
-4.229471087455749512e-02
-3.231665492057800293e-02
2.641237108036875725e-03
-5.358700826764106750e-02
1.055355668067932129e-01
-1.230470910668373108e-01
1.375953573733568192e-02
-1.075574941933155060e-02
6.912620365619659424e-02
8.579588681459426880e-02
6.682484876364469528e-03
9.335558116436004639e-02
1.049525886774063110e-01
-2.700164355337619781e-02
-9.383723884820938110e-02
-7.324635237455368042e-02
-1.072800382971763611e-01
-1.455181092023849487e-01
9.348262101411819458e-02
3.095127642154693604e-02
8.597780019044876099e-03
2.816967433318495750e-03
-1.342630088329315186e-01
1.061417311429977417e-01
-1.308525204658508301e-01
-2.490096352994441986e-02
4.623079299926757812e-02
9.791720658540725708e-02
-1.801943033933639526e-01
-5.906225740909576416e-02
-2.169257402420043945e-02
6.869956105947494507e-02
-2.320165373384952545e-02
1.027163416147232056e-01
1.582139581441879272e-01
-6.792759895324707031e-02
-9.021219611167907715e-02
-4.734176211059093475e-03
-2.813690528273582458e-02
9.772553294897079468e-02
-2.839432097971439362e-02
1.273205876350402832e-01
