-6.118338182568550110e-02
-5.620849877595901489e-02
8.205413818359375000e-02
-2.809651382267475128e-02
3.234533220529556274e-02
3.659221157431602478e-02
9.192379191517829895e-03
-6.377798318862915039e-02
5.925709754228591919e-02
3.353641927242279053e-02
-1.050191968679428101e-01
-5.774448066949844360e-02
4.079239815473556519e-02
-2.850625850260257721e-02
4.058703314512968063e-03
5.687960982322692871e-02
4.912770912051200867e-02
-9.197296202182769775e-02
2.418849989771842957e-02
2.594412490725517273e-02
7.833334803581237793e-02
-1.065795659087598324e-03
-6.630531512200832367e-03
-1.619891822338104248e-02
1.865207962691783905e-02
-3.887282684445381165e-02
2.739361859858036041e-02
-4.722998943179845810e-03
-1.308061927556991577e-01
3.414659202098846436e-02
-6.482513993978500366e-02
-1.127360910177230835e-01
3.210482245776802301e-04
8.680213242769241333e-02
-2.687177807092666626e-02
-2.814580127596855164e-02
-8.583989739418029785e-02
2.173720486462116241e-02
-3.997446596622467041e-02
1.901688799262046814e-02
-4.288792610168457031e-02
-5.284847319126129150e-02
2.722888626158237457e-02
-1.141716912388801575e-01
7.194486260414123535e-02
1.228480413556098938e-01
6.188881397247314453e-02
3.468476003035902977e-03
-8.300875127315521240e-02
-7.776185870170593262e-02
-3.496922925114631653e-02
1.758419275283813477e-01
-2.750928141176700592e-02
8.624798804521560669e-02
1.010763570666313171e-01
-3.319726139307022095e-02
-3.214534744620323181e-02
3.893282264471054077e-02
5.555310845375061035e-02
-2.536088973283767700e-02
1.422424335032701492e-02
-3.425678238272666931e-02
9.761009365320205688e-02
-1.664079874753952026e-01
4.188659135252237320e-03
4.639284219592809677e-03
-2.653728425502777100e-02
8.415394276380538940e-02
1.356607885099947453e-03
-5.319007858633995056e-02
6.025951728224754333e-02
-3.677852079272270203e-02
8.578124456107616425e-03
6.186052039265632629e-02
3.048219531774520874e-02
1.543560344725847244e-02
2.662529423832893372e-02
4.639098793268203735e-02
-6.457675993442535400e-02
1.003314182162284851e-01
-9.969694167375564575e-02
3.060405142605304718e-02
3.977812454104423523e-02
-1.197732537984848022e-01
-8.685033768415451050e-02
-2.128318324685096741e-02
8.351814001798629761e-03
1.143120750784873962e-01
3.659751266241073608e-02
-6.833365559577941895e-02
4.196080192923545837e-02
3.846051171422004700e-02
-9.363164007663726807e-02
5.137304589152336121e-02
-1.122896894812583923e-01
-2.377892099320888519e-02
-1.085037142038345337e-01
5.496454611420631409e-02
-7.584571372717618942e-03
-1.520649436861276627e-02
-1.064634099602699280e-01
-2.071894519031047821e-02
-4.993404075503349304e-02
5.526281520724296570e-02
-2.592904120683670044e-02
-4.046122729778289795e-02
7.340969145298004150e-02
-3.471286967396736145e-03
1.416858006268739700e-02
-6.070004776120185852e-03
-6.395751982927322388e-02
1.328176353126764297e-02
-5.081791430711746216e-02
-2.932164445519447327e-02
-7.770280539989471436e-02
-7.651519775390625000e-02
5.773829296231269836e-02
-1.745364069938659668e-02
-2.241735532879829407e-02
7.964786142110824585e-02
2.719514816999435425e-02
-4.988457262516021729e-02
-7.050613313913345337e-02
2.283204719424247742e-02
-7.112097926437854767e-03
7.614721357822418213e-02
-2.199116535484790802e-02
-1.259619295597076416e-01
4.506955388933420181e-03
-1.603102684020996094e-02
-5.213718861341476440e-02
-1.802831888198852539e-02
5.827548727393150330e-02
2.183151990175247192e-02
6.199055165052413940e-02
-6.988743692636489868e-02
5.009942874312400818e-02
3.711937367916107178e-02
1.784322038292884827e-02
2.002217806875705719e-02
3.963441029191017151e-02
-3.997649252414703369e-02
7.383316755294799805e-02
3.490665927529335022e-02
6.326987594366073608e-02
-3.860093420371413231e-03
-2.219519810751080513e-03
1.094321534037590027e-01
6.433513760566711426e-02
-1.681870408356189728e-02
3.899049479514360428e-03
1.745256781578063965e-02
1.555465348064899445e-02
-8.028554916381835938e-02
1.325673237442970276e-02
1.355461925268173218e-01
1.474846526980400085e-02
-1.218329090625047684e-02
-4.061925783753395081e-02
1.180341169238090515e-01
5.920814722776412964e-02
-4.429161921143531799e-02
3.383749723434448242e-02
-2.480326220393180847e-02
-7.885136641561985016e-03
1.810020208358764648e-02
-1.328905113041400909e-03
9.177882224321365356e-03
7.314620167016983032e-02
-1.981080742552876472e-03
2.034981176257133484e-02
-4.232969507575035095e-02
2.648616023361682892e-02
2.951180189847946167e-02
-6.804557889699935913e-02
-2.957240678369998932e-02
-7.098189741373062134e-02
1.705602183938026428e-02
-2.000255696475505829e-02
2.296213805675506592e-02
-2.363408915698528290e-03
-3.074716590344905853e-02
5.027812719345092773e-02
-7.881244271993637085e-02
-1.564939692616462708e-02
6.534110754728317261e-03
1.456939894706010818e-02
5.487994290888309479e-03
2.593894675374031067e-02
-4.641918838024139404e-02
2.236124873161315918e-02
-3.236538916826248169e-02
4.121367633342742920e-02
-1.092113032937049866e-01
9.363893419504165649e-02
5.657116696238517761e-02
1.431410461664199829e-01
7.282247394323348999e-02
3.239694610238075256e-02
2.780597098171710968e-02
-1.919572614133358002e-02
3.153768368065357208e-03
4.289581999182701111e-02
-1.406601220369338989e-01
-2.193349227309226990e-02
-6.015144661068916321e-02
4.454831406474113464e-02
1.760086975991725922e-02
2.507990039885044098e-02
-1.193705387413501740e-02
3.086052834987640381e-02
5.846659187227487564e-03
5.092711001634597778e-02
-6.678064167499542236e-02
1.256876438856124878e-02
1.330416928976774216e-02
3.536183014512062073e-02
-5.076332017779350281e-03
4.450232256203889847e-03
7.163760066032409668e-02
7.632321864366531372e-02
1.597877778112888336e-02
-7.435943186283111572e-02
-3.428148105740547180e-02
-4.438406974077224731e-02
-1.591213792562484741e-01
3.366189077496528625e-02
-8.464344777166843414e-03
-1.083153765648603439e-03
3.247353062033653259e-02
-1.686720550060272217e-01
5.765520036220550537e-02
-1.711279600858688354e-01
-3.376445546746253967e-02
1.227443851530551910e-02
4.990652203559875488e-02
-1.552850753068923950e-01
-3.396105766296386719e-02
4.514069762080907822e-03
4.022061824798583984e-02
-8.934752549976110458e-04
8.391117304563522339e-02
2.128299772739410400e-01
-1.598361730575561523e-01
-8.255525678396224976e-02
-3.882189095020294189e-02
-1.311554387211799622e-02
1.157463118433952332e-01
-8.241598308086395264e-02
1.812313348054885864e-01
