-5.730063468217849731e-02
-5.489861592650413513e-02
6.444877386093139648e-02
-4.383241757750511169e-02
-1.339562609791755676e-02
4.578497260808944702e-02
7.741298060864210129e-03
-6.257496774196624756e-02
6.666487455368041992e-02
2.234387025237083435e-02
-6.860253959894180298e-02
-5.052625760436058044e-02
8.074790239334106445e-02
-2.299955673515796661e-02
2.053044037893414497e-03
6.594150513410568237e-02
3.609121963381767273e-02
-7.823403924703598022e-02
1.834018155932426453e-02
4.439191892743110657e-02
5.385670438408851624e-02
1.147785410284996033e-02
-3.172248136252164841e-03
-3.549638018012046814e-02
4.317738115787506104e-02
-1.548547111451625824e-02
3.576880320906639099e-02
-4.062297195196151733e-02
-1.493172943592071533e-01
4.985233768820762634e-03
-4.112581536173820496e-02
-9.730726480484008789e-02
-1.139866653829813004e-02
1.236391589045524597e-01
1.678974367678165436e-02
-2.851673960685729980e-02
-1.016212180256843567e-01
-3.618548857048153877e-03
-1.102953683584928513e-02
4.177559167146682739e-02
-2.927129715681076050e-02
-4.522532224655151367e-02
2.858640067279338837e-02
-9.639813750982284546e-02
1.169094741344451904e-01
8.992109447717666626e-02
7.308584451675415039e-02
-4.602050874382257462e-03
-8.863954991102218628e-02
-8.687388151884078979e-02
-5.758637934923171997e-02
1.495966911315917969e-01
-2.079528942704200745e-02
7.025987654924392700e-02
1.112608313560485840e-01
-3.374788910150527954e-02
-5.652446299791336060e-02
2.339129708707332611e-02
3.513942658901214600e-02
-3.919422626495361328e-03
4.081637412309646606e-02
-3.327262029051780701e-02
7.636811584234237671e-02
-1.600724160671234131e-01
-1.072965376079082489e-02
-4.941893275827169418e-04
-2.924499288201332092e-02
5.054719746112823486e-02
-3.691439749673008919e-03
-2.505023032426834106e-02
3.388896957039833069e-02
-4.121548682451248169e-02
-1.209627371281385422e-02
5.971187353134155273e-02
1.957971602678298950e-02
-2.378932945430278778e-02
2.517460100352764130e-02
3.692436963319778442e-02
-7.244308292865753174e-02
7.008117437362670898e-02
-7.093395292758941650e-02
4.251840338110923767e-02
3.795369714498519897e-02
-1.311577558517456055e-01
-7.478451728820800781e-02
-8.305825293064117432e-03
3.044895827770233154e-02
1.012356504797935486e-01
-1.014448143541812897e-02
-4.903149232268333435e-02
2.149396948516368866e-02
3.941233083605766296e-02
-8.996411412954330444e-02
6.783215701580047607e-02
-1.304432600736618042e-01
-8.262746036052703857e-03
-9.311688691377639771e-02
3.218386322259902954e-02
1.253923960030078888e-02
-1.519350614398717880e-02
-1.015362367033958435e-01
-4.246322810649871826e-02
-4.087611660361289978e-02
5.596562847495079041e-02
-2.656005509197711945e-02
-3.095120750367641449e-02
7.136372476816177368e-02
1.354068983346223831e-02
4.100480675697326660e-02
-1.102690002880990505e-03
-7.393487542867660522e-02
1.818482764065265656e-02
-4.524951800704002380e-02
-2.972888574004173279e-02
-8.437255769968032837e-02
-2.670310251414775848e-02
2.902089431881904602e-02
-6.418733298778533936e-02
-5.562131758779287338e-03
9.229344874620437622e-02
4.239883646368980408e-02
-4.891861975193023682e-02
-3.456659242510795593e-02
-1.832102052867412567e-02
2.258829213678836823e-02
8.340831100940704346e-02
-3.171688690781593323e-02
-8.616794645786285400e-02
-3.753122314810752869e-02
-3.716331347823143005e-02
1.270178053528070450e-02
-7.682111859321594238e-02
4.768051579594612122e-02
1.465325616300106049e-02
2.048683911561965942e-02
-6.654124706983566284e-02
8.716457337141036987e-02
-2.517763152718544006e-02
-3.835387527942657471e-02
-1.293629501014947891e-02
8.343068882822990417e-03
-5.383923649787902832e-02
4.396450147032737732e-02
6.143478304147720337e-02
5.187916010618209839e-02
1.393370050936937332e-02
-1.336699631065130234e-02
7.171628624200820923e-02
7.369171828031539917e-02
-4.634658992290496826e-02
4.066684469580650330e-02
-7.615134119987487793e-03
1.768024824559688568e-02
-8.642593026161193848e-02
-6.484880577772855759e-03
7.127555459737777710e-02
9.833746589720249176e-03
5.929251760244369507e-02
-5.659237504005432129e-02
1.010619029402732849e-01
6.928899139165878296e-02
-4.346133209764957428e-03
1.168576069176197052e-02
2.894800156354904175e-02
-5.926233157515525818e-02
3.907727077603340149e-02
-5.994462594389915466e-02
-2.337770164012908936e-02
4.060399904847145081e-02
-7.693621516227722168e-02
5.260475724935531616e-02
-7.360920310020446777e-02
9.847421944141387939e-02
4.433084279298782349e-02
-6.718566268682479858e-02
-3.413512185215950012e-02
-1.682850345969200134e-02
-2.917606197297573090e-02
2.034124452620744705e-03
2.737114392220973969e-02
-1.569498144090175629e-02
1.033145189285278320e-02
5.892356112599372864e-02
-1.195160020142793655e-02
-5.007142201066017151e-02
1.190127432346343994e-02
-2.761858887970447540e-02
-1.878341101109981537e-02
7.020062208175659180e-02
-7.942746579647064209e-02
-2.712288312613964081e-02
-1.844439096748828888e-02
6.219213455915451050e-02
-1.346169710159301758e-01
1.220484972000122070e-01
6.029740720987319946e-02
1.621692180633544922e-01
6.611863523721694946e-02
9.276430308818817139e-02
-1.030341163277626038e-02
-4.040252417325973511e-03
-3.098295442759990692e-02
3.225614503026008606e-02
-1.379316598176956177e-01
-2.628360688686370850e-02
-4.085634276270866394e-02
6.961227208375930786e-02
-7.324732374399900436e-03
1.485725399106740952e-03
-3.200723603367805481e-02
-5.417684093117713928e-03
-2.249133214354515076e-02
6.508500874042510986e-02
-6.812103092670440674e-02
2.218474447727203369e-02
3.816022304818034172e-03
3.617396578192710876e-02
4.653413966298103333e-02
-7.926242542453110218e-04
7.961026579141616821e-02
7.146989554166793823e-02
1.644862629473209381e-02
-8.261127769947052002e-02
-3.660992160439491272e-02
-5.693741887807846069e-02
-1.456489562988281250e-01
5.451127886772155762e-02
3.164716437458992004e-02
7.450843229889869690e-03
9.425670839846134186e-03
-1.590859740972518921e-01
6.497234851121902466e-02
-1.649433523416519165e-01
-5.111216008663177490e-02
4.211891815066337585e-02
7.817344367504119873e-02
-1.669222712516784668e-01
-7.129026204347610474e-02
-1.312846504151821136e-02
5.426018312573432922e-02
-7.141541689634323120e-03
1.074776351451873779e-01
1.902194619178771973e-01
-1.611875146627426147e-01
-1.058323085308074951e-01
-1.752509362995624542e-02
-1.909615844488143921e-02
1.191213950514793396e-01
-3.741271048784255981e-02
1.470660418272018433e-01
