-6.144293397665023804e-02
-4.998958855867385864e-02
5.059507489204406738e-02
-2.292231470346450806e-02
-1.119280420243740082e-02
2.485969476401805878e-02
2.479695901274681091e-02
-6.017882004380226135e-02
6.687051802873611450e-02
4.658647626638412476e-02
-5.821740254759788513e-02
-4.007559642195701599e-02
6.338661909103393555e-02
1.561934314668178558e-02
1.371947769075632095e-02
2.953864820301532745e-02
1.904830150306224823e-02
-7.236738502979278564e-02
1.574743539094924927e-02
3.898258879780769348e-02
7.779376208782196045e-02
1.389854587614536285e-03
-2.406712248921394348e-02
-1.678067818284034729e-02
3.826306015253067017e-02
-2.038622461259365082e-02
2.738233283162117004e-02
-1.541208196431398392e-02
-1.522662639617919922e-01
1.231490913778543472e-02
-3.427433222532272339e-02
-1.083045154809951782e-01
1.009574276395142078e-03
1.214517876505851746e-01
-2.034382335841655731e-02
-4.926706477999687195e-02
-1.037043184041976929e-01
1.434298139065504074e-02
-2.436885051429271698e-02
3.310195729136466980e-02
-1.249719969928264618e-02
-4.313611611723899841e-02
6.937587168067693710e-03
-1.077469885349273682e-01
1.434556990861892700e-01
1.161171644926071167e-01
6.800556182861328125e-02
2.440903894603252411e-02
-1.008208841085433960e-01
-6.884535402059555054e-02
-7.136410474777221680e-02
1.747681647539138794e-01
-3.376344963908195496e-02
9.599811583757400513e-02
1.173885762691497803e-01
-4.863921180367469788e-02
-2.726081013679504395e-02
2.963802404701709747e-02
4.369652271270751953e-02
-2.846399880945682526e-02
4.799627885222434998e-02
-4.281126335263252258e-02
1.306001842021942139e-01
-1.524549871683120728e-01
4.993857350200414658e-03
2.352420613169670105e-02
-6.338378041982650757e-02
6.652858853340148926e-02
-1.892865262925624847e-02
-3.778985515236854553e-02
5.734103918075561523e-02
-3.806502372026443481e-02
-1.119847595691680908e-02
7.071489095687866211e-02
2.130006998777389526e-02
-1.393397524952888489e-02
9.954783134162425995e-03
5.722334980964660645e-02
-8.032871037721633911e-02
9.627164900302886963e-02
-7.573362439870834351e-02
1.800897344946861267e-02
2.596404030919075012e-02
-1.419293582439422607e-01
-8.404618501663208008e-02
-1.270442176610231400e-02
3.039545193314552307e-02
9.943295270204544067e-02
1.597614586353302002e-02
-6.616350263357162476e-02
-1.057348679751157761e-03
4.118137434124946594e-02
-9.701176732778549194e-02
1.021804586052894592e-01
-1.002666726708412170e-01
-2.297733724117279053e-02
-1.092005893588066101e-01
4.554836452007293701e-02
1.189113035798072815e-02
-2.086985856294631958e-02
-8.425810933113098145e-02
-3.242159262299537659e-02
-4.325664788484573364e-02
5.009096488356590271e-02
-2.542421407997608185e-02
-2.708966471254825592e-02
7.945316284894943237e-02
1.813840493559837341e-02
5.883533880114555359e-02
-2.992024458944797516e-02
-8.628215640783309937e-02
4.438553750514984131e-02
-5.995330959558486938e-02
-5.367016792297363281e-02
-1.152415499091148376e-01
-5.795270204544067383e-02
2.711728028953075409e-02
-4.563548788428306580e-02
5.459236912429332733e-03
8.372487872838973999e-02
4.957725480198860168e-02
-6.744939088821411133e-02
-1.918527297675609589e-02
-3.415987361222505569e-03
1.306638494133949280e-02
7.641983032226562500e-02
-4.293046891689300537e-02
-1.084842234849929810e-01
-2.274771593511104584e-02
-2.742625214159488678e-02
-7.401400711387395859e-03
-7.698904722929000854e-02
3.779882937669754028e-02
2.059684507548809052e-02
2.763320878148078918e-02
-3.872309625148773193e-02
4.711735993623733521e-02
-9.228101931512355804e-03
-2.639228105545043945e-02
2.254811860620975494e-02
-2.265584887936711311e-03
-4.468267783522605896e-02
6.161435320973396301e-02
5.547471717000007629e-02
6.829010695219039917e-02
3.600320313125848770e-03
-1.553121116012334824e-02
7.248293608427047729e-02
4.376240819692611694e-02
-2.391305193305015564e-02
1.083030458539724350e-02
-2.178867580369114876e-03
-2.019132487475872040e-02
-1.077007427811622620e-01
3.210023790597915649e-02
8.898133784532546997e-02
1.534744072705507278e-02
7.595031708478927612e-02
-5.423105880618095398e-02
1.045377179980278015e-01
4.270856827497482300e-02
-2.610954223200678825e-03
2.728788182139396667e-02
3.184962272644042969e-02
-5.099736526608467102e-02
3.732172399759292603e-02
-7.517238706350326538e-02
-4.737764224410057068e-02
3.437245637178421021e-02
-8.383242040872573853e-02
7.383064925670623779e-02
-8.125652372837066650e-02
9.355677664279937744e-02
5.986770614981651306e-02
-5.308242142200469971e-02
-3.492352366447448730e-02
-4.200768098235130310e-02
-1.108301151543855667e-02
-6.790332961827516556e-03
2.710435166954994202e-02
-1.061069313436746597e-02
-1.799838431179523468e-02
4.728527739644050598e-02
-3.800357133150100708e-02
-4.200085625052452087e-02
3.062960505485534668e-02
-4.591352865099906921e-02
-3.649485483765602112e-02
7.329552620649337769e-02
-6.527637690305709839e-02
-3.642856329679489136e-02
-2.067810669541358948e-02
3.755752369761466980e-02
-1.096355244517326355e-01
1.084737107157707214e-01
7.434489578008651733e-02
1.428335905075073242e-01
7.456827908754348755e-02
5.515950545668601990e-02
-5.184824019670486450e-02
-8.602824993431568146e-03
-8.079499937593936920e-03
2.527933754026889801e-02
-1.319737136363983154e-01
1.283449091715738177e-04
-3.020956553518772125e-02
3.002831712365150452e-02
7.017875555902719498e-03
2.452710410580039024e-03
-1.529385056346654892e-02
1.633301563560962677e-02
-1.471327431499958038e-02
4.959833994507789612e-02
-8.583860844373703003e-02
3.372294083237648010e-02
-3.431829856708645821e-03
5.191806703805923462e-02
4.404826834797859192e-02
1.958115585148334503e-02
6.258395314216613770e-02
9.870219975709915161e-02
-4.620850551873445511e-03
-7.719655334949493408e-02
-3.510367125272750854e-02
-4.563978314399719238e-02
-1.492234170436859131e-01
1.822738349437713623e-02
1.212039403617382050e-02
4.243919160217046738e-03
1.376800518482923508e-02
-1.345782577991485596e-01
8.301749080419540405e-02
-1.290232837200164795e-01
-2.995296195149421692e-02
3.431294858455657959e-02
5.764929950237274170e-02
-1.250189244747161865e-01
-4.373589903116226196e-02
-1.586068980395793915e-02
4.675282165408134460e-02
3.155340673401951790e-03
9.138185530900955200e-02
1.942511945962905884e-01
-1.177519410848617554e-01
-1.160389706492424011e-01
-2.575398422777652740e-03
-2.511876262724399567e-02
1.199226900935173035e-01
-6.615998595952987671e-02
1.287274509668350220e-01
