-9.557830542325973511e-02
-4.474462941288948059e-02
4.773236438632011414e-02
-3.271266072988510132e-02
9.868436027318239212e-04
5.620648339390754700e-02
2.520375512540340424e-02
-7.748150825500488281e-02
9.738874435424804688e-02
4.191812127828598022e-02
-8.436765521764755249e-02
-4.271893948316574097e-02
8.860033005475997925e-02
-4.940076731145381927e-03
1.537940744310617447e-02
2.304083853960037231e-02
2.533807046711444855e-02
-7.506723701953887939e-02
2.019174210727214813e-02
4.485685378313064575e-02
6.689319759607315063e-02
3.388285636901855469e-03
-1.597707532346248627e-02
-9.905260987579822540e-03
3.047442249953746796e-02
-8.161205798387527466e-03
1.412241254001855850e-02
-1.939656957983970642e-02
-1.505251526832580566e-01
-6.896604318171739578e-03
-4.487059637904167175e-02
-8.980026841163635254e-02
2.252897247672080994e-02
1.227392554283142090e-01
-1.332808192819356918e-02
-5.075661465525627136e-02
-9.591326862573623657e-02
9.949072264134883881e-03
-2.114075981080532074e-02
2.998677082359790802e-02
-1.808645762503147125e-02
-4.820672422647476196e-02
8.265604265034198761e-03
-8.196332305669784546e-02
1.210162341594696045e-01
1.313983500003814697e-01
7.679583877325057983e-02
-5.826624576002359390e-03
-8.189709484577178955e-02
-6.511554121971130371e-02
-4.913182556629180908e-02
1.599575132131576538e-01
-3.032496385276317596e-02
8.218554407358169556e-02
9.725476801395416260e-02
-3.615251183509826660e-02
-3.913756087422370911e-02
2.713484875857830048e-02
5.392511188983917236e-02
-2.061519958078861237e-02
4.532928392291069031e-02
-3.706828877329826355e-02
1.082818359136581421e-01
-1.595101952552795410e-01
1.065028947778046131e-03
1.253925263881683350e-02
-4.888581112027168274e-02
6.944794952869415283e-02
-3.668948262929916382e-02
-5.364279076457023621e-02
4.371853917837142944e-02
-3.744992986321449280e-02
-8.034171536564826965e-03
8.186857402324676514e-02
2.418328449130058289e-02
-3.481914754956960678e-03
1.660832576453685760e-02
5.506226792931556702e-02
-7.872304320335388184e-02
7.544479519128799438e-02
-7.090593129396438599e-02
2.470116876065731049e-02
3.264855593442916870e-02
-1.282868981361389160e-01
-8.512568473815917969e-02
1.403924822807312012e-02
3.889402374625205994e-02
9.817773103713989258e-02
7.818046957254409790e-03
-5.613478273153305054e-02
2.125611342489719391e-02
1.910091191530227661e-02
-8.424712717533111572e-02
9.152435511350631714e-02
-1.138287410140037537e-01
-7.020341232419013977e-03
-8.746081590652465820e-02
4.459413141012191772e-02
4.061766434460878372e-03
-7.786744739860296249e-03
-8.746813237667083740e-02
-3.083080053329467773e-02
-3.560991212725639343e-02
2.995679527521133423e-02
-2.736069262027740479e-02
-2.910460717976093292e-02
9.040437638759613037e-02
1.493128202855587006e-02
3.892814740538597107e-02
-1.423579268157482147e-02
-9.085122495889663696e-02
3.032305277884006500e-02
-3.980473801493644714e-02
-4.739030823111534119e-02
-8.948412537574768066e-02
-3.359668329358100891e-02
5.172372236847877502e-02
-4.067291691899299622e-02
4.073527641594409943e-03
8.804630488157272339e-02
4.688929393887519836e-02
-5.528238043189048767e-02
-2.530493959784507751e-02
1.533780060708522797e-02
1.792066358029842377e-02
6.922862678766250610e-02
-3.694503381848335266e-02
-9.707951545715332031e-02
-2.726216800510883331e-02
-3.419429063796997070e-02
1.588338799774646759e-02
-9.012090414762496948e-02
4.818031564354896545e-02
2.800180390477180481e-02
1.223239209502935410e-02
-4.595844820141792297e-02
7.683851569890975952e-02
-2.720398828387260437e-02
-1.333893556147813797e-02
9.906635619699954987e-03
-5.079024049337022007e-05
-6.157886981964111328e-02
6.327525526285171509e-02
6.469279527664184570e-02
6.459464877843856812e-02
1.140438672155141830e-02
-2.315302006900310516e-02
8.745617419481277466e-02
6.020015105605125427e-02
-4.759895429015159607e-02
3.185771778225898743e-02
-6.668152753263711929e-03
-9.232968091964721680e-03
-8.600624650716781616e-02
1.589777134358882904e-02
8.229225128889083862e-02
2.018785476684570312e-02
7.419553399085998535e-02
-5.695998296141624451e-02
1.052307114005088806e-01
4.265592619776725769e-02
-1.748752221465110779e-02
3.540303185582160950e-02
1.007246505469083786e-02
-4.191761091351509094e-02
2.519004791975021362e-02
-4.211803153157234192e-02
-2.619711495935916901e-02
3.283587470650672913e-02
-6.349691748619079590e-02
4.860925674438476562e-02
-4.467842355370521545e-02
5.343498662114143372e-02
3.909257426857948303e-02
-6.083459779620170593e-02
-3.048745356500148773e-02
-4.081334918737411499e-02
-2.007860131561756134e-02
2.006739610806107521e-03
3.794662654399871826e-02
-1.012909039855003357e-02
-1.692076772451400757e-02
2.766192890703678131e-02
-3.902727365493774414e-02
-3.843178227543830872e-02
1.735503040254116058e-02
-3.325863182544708252e-02
-3.674743929877877235e-03
6.073632463812828064e-02
-6.130527332425117493e-02
-2.618004567921161652e-02
-3.799775987863540649e-02
5.352482572197914124e-02
-1.307138800621032715e-01
1.229208931326866150e-01
6.593820452690124512e-02
1.850508749485015869e-01
5.635467916727066040e-02
7.420055568218231201e-02
-4.490948095917701721e-02
-1.193884946405887604e-02
-2.603638544678688049e-02
3.489388525485992432e-02
-1.437234133481979370e-01
-1.629063114523887634e-02
-4.608938097953796387e-02
6.095625832676887512e-02
2.159246057271957397e-02
-6.562740076333284378e-03
-1.439888030290603638e-02
1.970562618225812912e-03
-2.801925875246524811e-02
6.504733115434646606e-02
-9.561566263437271118e-02
1.226348429918289185e-02
-4.286568146198987961e-03
3.859575092792510986e-02
3.359963744878768921e-02
-2.977396128699183464e-03
8.242250978946685791e-02
1.032232046127319336e-01
3.039054339751601219e-03
-8.936364948749542236e-02
-4.077504947781562805e-02
-6.969793140888214111e-02
-1.463599503040313721e-01
3.890302404761314392e-02
8.208381943404674530e-03
4.080852493643760681e-03
1.777439564466476440e-02
-1.596583575010299683e-01
6.861755251884460449e-02
-1.515348404645919800e-01
-3.396406024694442749e-02
3.662900254130363464e-02
6.510566920042037964e-02
-1.489780396223068237e-01
-5.522267520427703857e-02
-8.649918250739574432e-03
6.400364637374877930e-02
-7.382569834589958191e-03
9.173883497714996338e-02
1.862473785877227783e-01
-1.312464475631713867e-01
-9.860634803771972656e-02
-1.719227619469165802e-02
-2.977638877928256989e-02
1.188030168414115906e-01
-4.859067127108573914e-02
1.468206197023391724e-01
