-1.088115945458412170e-01
-8.041984587907791138e-02
9.196374565362930298e-02
-9.890908002853393555e-02
-6.901731248944997787e-03
1.262009441852569580e-01
4.960893839597702026e-02
-1.787200123071670532e-01
1.229101866483688354e-01
2.914189733564853668e-02
-1.161406338214874268e-01
-6.414376199245452881e-02
1.243437305092811584e-01
-1.284779887646436691e-02
8.500272035598754883e-02
2.739807404577732086e-02
3.165535628795623779e-02
-8.992566168308258057e-02
4.680988937616348267e-02
-7.651578634977340698e-04
5.008316412568092346e-02
-6.385264545679092407e-02
-1.196616422384977341e-02
-2.734866179525852203e-02
4.345005750656127930e-02
1.524001639336347580e-02
3.316862508654594421e-02
-4.333741217851638794e-02
-5.377213656902313232e-02
1.239035627804696560e-03
-3.332327678799629211e-02
-5.671428889036178589e-02
-7.336286455392837524e-02
1.024720370769500732e-01
-3.104507923126220703e-02
-3.652612864971160889e-02
-7.291597872972488403e-02
-1.166727486997842789e-02
1.345484144985675812e-02
3.680627048015594482e-02
-4.876778647303581238e-02
4.233457893133163452e-02
2.958440408110618591e-02
-6.954564899206161499e-02
1.310756951570510864e-01
4.774774610996246338e-02
3.217099979519844055e-02
8.889408782124519348e-03
-1.901965402066707611e-02
-5.028866603970527649e-02
-9.605400264263153076e-02
3.289247676730155945e-02
-1.254874467849731445e-02
3.212115541100502014e-02
4.878954961895942688e-02
1.643914147280156612e-03
-6.673726439476013184e-02
1.521546579897403717e-02
2.393490634858608246e-02
6.375529617071151733e-02
7.389916479587554932e-02
-7.040273398160934448e-02
1.179496273398399353e-01
-9.059387445449829102e-02
-6.205445155501365662e-03
1.842469349503517151e-02
-7.088351249694824219e-02
7.152045518159866333e-02
-4.376545920968055725e-02
-5.351464822888374329e-02
8.483112603425979614e-02
-8.790658786892890930e-03
-5.022057145833969116e-02
4.945517703890800476e-02
-1.187433837912976742e-03
8.432285487651824951e-02
2.389260008931159973e-02
5.459018051624298096e-02
-1.127923503518104553e-01
8.679543435573577881e-02
-5.318136140704154968e-02
2.487243153154850006e-02
-6.906654220074415207e-03
-9.687075018882751465e-02
-5.508184805512428284e-02
-4.366521257907152176e-03
6.883468013256788254e-03
7.597877830266952515e-02
3.092835657298564911e-02
-7.107951492071151733e-02
-1.563119515776634216e-02
2.134347707033157349e-02
-8.015757054090499878e-02
4.557612538337707520e-02
-7.179137319326400757e-02
1.019974984228610992e-02
-1.161804795265197754e-01
7.533553056418895721e-03
2.098037675023078918e-02
-2.160045132040977478e-02
-8.062305301427841187e-02
1.368202548474073410e-02
-1.248814724385738373e-02
-1.123053301125764847e-02
-6.634376943111419678e-02
1.480296778026968241e-04
5.749861150979995728e-02
-1.676029339432716370e-02
6.525892019271850586e-02
-2.158312685787677765e-02
-5.131927877664566040e-02
-3.395441919565200806e-03
1.975751295685768127e-02
-5.146681517362594604e-02
-1.130268871784210205e-01
-1.248348783701658249e-02
-2.781751006841659546e-02
-4.928900301456451416e-02
4.604755900800228119e-03
6.725945323705673218e-02
5.379222333431243896e-02
-3.461687266826629639e-02
4.104058071970939636e-02
1.837090589106082916e-02
-8.090779185295104980e-03
8.824531733989715576e-02
-1.071274727582931519e-01
-5.096128955483436584e-02
-6.899767369031906128e-02
1.143787056207656860e-02
7.023229263722896576e-03
-6.363324820995330811e-02
8.506378158926963806e-03
-3.580964868888258934e-03
2.974734827876091003e-02
-3.815175034105777740e-03
3.445734456181526184e-02
1.124147884547710419e-02
-5.751330405473709106e-02
-3.146581351757049561e-02
-5.811089277267456055e-02
-6.665277481079101562e-02
1.439799461513757706e-02
8.198956400156021118e-02
6.903859227895736694e-02
4.539095982909202576e-02
-5.316559970378875732e-02
-2.409018948674201965e-02
4.496867582201957703e-02
-6.825343519449234009e-02
5.409650621004402637e-04
9.245168417692184448e-03
1.943757198750972748e-02
-1.201309487223625183e-01
2.237951150164008141e-03
4.031417518854141235e-02
-1.056342106312513351e-02
1.240669190883636475e-01
-3.993644937872886658e-02
5.135550722479820251e-02
-3.691203519701957703e-02
1.084641460329294205e-02
-1.356341410428285599e-02
9.256532415747642517e-03
-8.826466649770736694e-02
3.855956718325614929e-02
-1.000658869743347168e-01
2.834202162921428680e-02
2.605961053632199764e-04
-1.027440726757049561e-01
2.300525829195976257e-02
-8.308733999729156494e-02
8.915676921606063843e-02
2.853916212916374207e-02
1.954486779868602753e-02
-5.710375681519508362e-02
2.140830038115382195e-03
-6.671435385942459106e-02
-3.283486515283584595e-02
3.673089668154716492e-02
-8.157344907522201538e-02
3.992596268653869629e-02
4.248117282986640930e-02
5.209007114171981812e-02
-8.230016380548477173e-02
1.287489477545022964e-02
-1.073353290557861328e-01
-1.074722874909639359e-02
7.854497432708740234e-02
-5.729938298463821411e-02
-3.342273831367492676e-02
-3.438095375895500183e-02
7.958981394767761230e-02
-6.350214034318923950e-02
9.739095717668533325e-02
5.171031877398490906e-02
1.362185180187225342e-01
3.589902818202972412e-02
7.646035403013229370e-02
-9.808614850044250488e-03
-3.469701856374740601e-02
-3.093305602669715881e-02
2.867981046438217163e-02
-1.636368185281753540e-01
3.123333863914012909e-02
-6.072304770350456238e-02
6.742551177740097046e-02
-3.817975148558616638e-02
1.991754956543445587e-02
-3.469246253371238708e-02
-1.817114278674125671e-02
-4.054315388202667236e-02
4.782763868570327759e-02
-8.754703402519226074e-02
3.590451553463935852e-02
-6.406614929437637329e-02
1.028843745589256287e-01
1.294866353273391724e-01
-9.208431467413902283e-03
4.762359336018562317e-02
7.915940135717391968e-02
-5.356786027550697327e-02
-1.202797740697860718e-01
-7.289131730794906616e-02
-8.558093011379241943e-02
-1.213830485939979553e-01
3.647271171212196350e-02
6.805349886417388916e-02
1.868761517107486725e-02
2.446533180773258209e-02
-2.278562486171722412e-01
1.303219050168991089e-01
-1.345518976449966431e-01
-4.897363111376762390e-02
6.033212319016456604e-02
7.076910231262445450e-03
-1.721863746643066406e-01
-1.791415177285671234e-02
-2.869042195379734039e-02
2.571381069719791412e-02
-3.251876682043075562e-02
4.325059056282043457e-02
6.359047442674636841e-02
-7.373550534248352051e-02
-3.080542385578155518e-02
3.579108789563179016e-02
-3.561088349670171738e-03
7.782667409628629684e-03
-3.094606846570968628e-02
1.282270625233650208e-02
