-8.533619344234466553e-02
-3.805587068200111389e-02
2.836243808269500732e-02
-7.057944685220718384e-02
2.576136775314807892e-02
1.120396330952644348e-01
4.301150888204574585e-02
-1.079466119408607483e-01
1.376874148845672607e-01
4.148519039154052734e-02
-9.684419631958007812e-02
-3.386253025382757187e-03
1.048271730542182922e-01
-5.270234495401382446e-02
5.338739603757858276e-02
4.732855036854743958e-02
2.896907180547714233e-02
-8.925140649080276489e-02
2.689744904637336731e-02
7.475028932094573975e-02
1.113237068057060242e-02
4.175565764307975769e-02
-2.082134597003459930e-02
-5.196525529026985168e-02
1.509169302880764008e-02
8.074950426816940308e-03
2.947219647467136383e-02
-3.815420717000961304e-02
-1.627326607704162598e-01
-1.815044321119785309e-02
-1.514241471886634827e-02
-1.107176542282104492e-01
1.356738433241844177e-02
9.297813475131988525e-02
1.394911948591470718e-02
-3.134075924754142761e-02
-6.653418391942977905e-02
2.821145392954349518e-02
-2.073555439710617065e-02
1.792990602552890778e-02
-6.114360690116882324e-02
-2.344916388392448425e-02
-6.481156218796968460e-03
-6.714572012424468994e-02
1.223445385694503784e-01
1.027568206191062927e-01
8.405191451311111450e-02
-2.834619954228401184e-02
-8.737451583147048950e-02
-3.206739202141761780e-02
-3.900716081261634827e-02
1.236095130443572998e-01
1.655738428235054016e-02
6.594875454902648926e-02
9.013833105564117432e-02
-1.210223603993654251e-02
-1.289596315473318100e-02
6.237787008285522461e-02
9.352671913802623749e-03
9.543181397020816803e-03
4.127397015690803528e-02
-2.483665943145751953e-02
8.354701846837997437e-02
-1.731666922569274902e-01
-4.503941163420677185e-02
-2.410679869353771210e-02
-5.096248351037502289e-03
4.113474488258361816e-02
-3.372669592499732971e-02
-6.149780377745628357e-02
7.390874903649091721e-03
-3.866354003548622131e-02
-2.071882598102092743e-02
4.000886157155036926e-02
-2.939547179266810417e-03
-1.957741566002368927e-02
1.293847337365150452e-02
4.231097549200057983e-02
-2.626572363078594208e-02
3.185407072305679321e-02
-5.474204197525978088e-02
7.147025316953659058e-02
5.310000106692314148e-02
-9.309837222099304199e-02
-7.992994785308837891e-02
3.259453177452087402e-02
2.883282490074634552e-02
3.805292397737503052e-02
5.804237443953752518e-03
-5.400236696004867554e-02
2.349044941365718842e-02
1.928692311048507690e-02
-3.403871506452560425e-02
7.474604249000549316e-02
-1.179536506533622742e-01
3.072053566575050354e-02
-6.588247418403625488e-02
4.231158643960952759e-02
2.501009032130241394e-02
2.473815903067588806e-02
-8.693356812000274658e-02
-3.533608093857765198e-02
-3.410205245018005371e-03
8.728815615177154541e-02
1.261512399651110172e-03
4.562249407172203064e-02
4.363521933555603027e-02
5.552397109568119049e-03
3.694259375333786011e-02
2.844689227640628815e-02
-1.308696717023849487e-01
-6.859040353447198868e-03
-5.854715406894683838e-02
-4.625153541564941406e-02
-1.338537633419036865e-01
-1.577331312000751495e-02
4.022327437996864319e-02
-6.817247718572616577e-02
1.571162976324558258e-02
5.849393084645271301e-02
8.639501035213470459e-02
-8.233036100864410400e-02
3.501208871603012085e-02
-4.857807233929634094e-02
3.973482549190521240e-02
8.821238577365875244e-02
-7.017160207033157349e-02
-4.695738106966018677e-02
-3.105083107948303223e-02
-8.911507576704025269e-02
8.901234716176986694e-02
-1.683681607246398926e-01
9.531294554471969604e-02
3.972792625427246094e-02
1.166846323758363724e-02
-3.062584623694419861e-02
1.693221181631088257e-01
-8.998206257820129395e-02
-4.160071909427642822e-02
-2.767735160887241364e-02
-2.833119966089725494e-02
-7.151831686496734619e-02
3.809021413326263428e-02
1.112919673323631287e-01
2.222402952611446381e-02
2.857676148414611816e-02
4.845096264034509659e-03
1.167119219899177551e-01
2.156057022511959076e-02
-4.336948320269584656e-02
3.558273240923881531e-02
-7.902415818534791470e-04
1.615771837532520294e-02
-9.297544509172439575e-02
3.939417190849781036e-03
7.373838871717453003e-02
7.295507192611694336e-02
1.639641970396041870e-01
-9.935221821069717407e-02
1.128213480114936829e-01
1.022510305047035217e-01
-1.399352098815143108e-03
-5.006389319896697998e-02
2.363116480410099030e-02
-7.576861977577209473e-02
2.135984040796756744e-02
-9.015821665525436401e-02
-7.591960579156875610e-02
-2.323818020522594452e-02
-7.939421385526657104e-02
9.913594275712966919e-02
-4.895732551813125610e-02
8.512203395366668701e-02
8.414842933416366577e-02
-6.168244406580924988e-02
2.117218077182769775e-02
3.407359868288040161e-02
5.210776813328266144e-03
4.405389353632926941e-02
3.488968312740325928e-02
7.925491780042648315e-03
-6.654608063399791718e-03
-8.389847353100776672e-04
2.741802856326103210e-02
-5.660700052976608276e-02
-2.886647125706076622e-03
-5.306332930922508240e-02
-2.424405701458454132e-02
8.170581609010696411e-02
-9.060302376747131348e-02
-9.254054725170135498e-02
-4.035418387502431870e-03
4.342612996697425842e-02
-6.261176615953445435e-02
8.431337028741836548e-02
6.668457388877868652e-02
9.147907048463821411e-02
4.231421649456024170e-02
8.074602484703063965e-02
-2.935188077390193939e-02
4.721782635897397995e-03
-9.107717871665954590e-02
1.049627270549535751e-02
-6.477647274732589722e-02
-1.810673810541629791e-02
-8.567967265844345093e-02
5.718087032437324524e-02
-1.811444526538252831e-04
-5.286952946335077286e-03
-3.837464377284049988e-02
-5.533806607127189636e-02
-3.103634901344776154e-02
5.285786464810371399e-02
-1.466823928058147430e-02
-1.545061124488711357e-03
-1.883163116872310638e-03
-1.316804718226194382e-02
3.350565209984779358e-02
-2.324051223695278168e-02
6.419467180967330933e-02
7.025323808193206787e-02
3.409767895936965942e-02
-8.528286218643188477e-02
-8.966889581643044949e-04
-5.240538343787193298e-02
-8.673494309186935425e-02
5.307168886065483093e-02
2.237865515053272247e-02
1.059012603946030140e-03
2.165888436138629913e-02
-1.423144936561584473e-01
4.895590990781784058e-02
-1.268629282712936401e-01
-2.725072018802165985e-02
4.798682779073715210e-02
7.159142196178436279e-02
-1.143234744668006897e-01
-7.264881581068038940e-02
-3.225402161478996277e-02
2.950582280755043030e-02
9.093908593058586121e-03
8.113682270050048828e-02
8.170379698276519775e-02
-1.273878812789916992e-01
-4.545722529292106628e-02
-3.603499382734298706e-02
-2.213948778808116913e-02
8.069150149822235107e-02
-4.528200719505548477e-03
5.607771873474121094e-02
