-1.044932082295417786e-01
-7.377880066633224487e-02
9.391514956951141357e-02
-6.612373143434524536e-02
-1.589378155767917633e-02
1.052972897887229919e-01
1.200969889760017395e-02
-1.167697459459304810e-01
1.169557124376296997e-01
3.608531132340431213e-02
-1.413610577583312988e-01
-5.016221106052398682e-02
1.534827202558517456e-01
-5.377704277634620667e-02
2.056558430194854736e-02
5.249291658401489258e-02
1.464586146175861359e-02
-9.528174996376037598e-02
5.447439476847648621e-02
5.655577406287193298e-03
8.364713191986083984e-02
-3.149120137095451355e-02
5.773328710347414017e-03
-3.901915997266769409e-02
6.172650307416915894e-02
-8.526963065378367901e-04
2.238533692434430122e-03
-7.339359074831008911e-02
-1.699897050857543945e-01
-4.687102138996124268e-02
-7.077849656343460083e-02
-8.386770635843276978e-02
-5.486660171300172806e-03
1.459445953369140625e-01
5.611242260783910751e-03
-4.198758676648139954e-02
-8.259340375661849976e-02
-2.170629985630512238e-02
8.228572551161050797e-04
3.894197568297386169e-02
-1.698746718466281891e-02
-1.892903819680213928e-02
4.551013186573982239e-02
-6.950968503952026367e-02
8.239856362342834473e-02
7.850549370050430298e-02
3.645265102386474609e-02
-2.213294059038162231e-02
-6.531393527984619141e-02
-6.509057432413101196e-02
-2.302987128496170044e-02
8.717308938503265381e-02
-7.092541083693504333e-03
1.100846659392118454e-02
6.324377655982971191e-02
9.889669716358184814e-03
-7.281785458326339722e-02
9.445936419069766998e-03
4.551941901445388794e-02
3.265092521905899048e-02
4.207010194659233093e-02
-1.088475342839956284e-02
5.577758327126502991e-02
-1.262383311986923218e-01
-2.261809539049863815e-03
-2.024855278432369232e-02
-4.320236667990684509e-02
4.180368781089782715e-02
-5.534570664167404175e-02
-4.244750738143920898e-02
-6.278804969042539597e-03
1.250378205440938473e-03
3.123803064227104187e-03
6.791634857654571533e-02
9.504236280918121338e-03
5.261575803160667419e-02
3.279239311814308167e-02
4.823018237948417664e-02
-5.522697046399116516e-02
3.088561631739139557e-02
-4.814987257122993469e-02
3.204174712300300598e-02
1.440321281552314758e-02
-1.085809916257858276e-01
-6.095916405320167542e-02
1.591999456286430359e-02
5.268951877951622009e-02
9.634826332330703735e-02
-1.501338556408882141e-02
-2.035839483141899109e-02
2.316188253462314606e-02
-1.775594241917133331e-02
-7.395699620246887207e-02
2.788787893950939178e-02
-1.113903969526290894e-01
2.222241833806037903e-02
-9.178535640239715576e-02
3.884423524141311646e-02
2.656604163348674774e-03
-1.458415109664201736e-02
-7.391075044870376587e-02
-1.842413097620010376e-02
-4.747493658214807510e-03
5.767149385064840317e-03
-3.093013353645801544e-02
-3.749139979481697083e-02
7.904352247714996338e-02
-5.708930548280477524e-03
1.203683484345674515e-02
1.564576989039778709e-03
-4.469574987888336182e-02
1.019132789224386215e-02
-4.975378513336181641e-03
-5.701879039406776428e-03
-7.326497882604598999e-02
1.382009312510490417e-02
4.175812005996704102e-02
-4.005767405033111572e-02
-1.582500338554382324e-02
1.000925227999687195e-01
3.562578558921813965e-02
-3.638655692338943481e-02
-4.718782752752304077e-02
3.696800023317337036e-02
1.553735975176095963e-02
7.409267872571945190e-02
-6.650079786777496338e-02
-6.156462058424949646e-02
-7.611156255006790161e-02
-1.655493280850350857e-03
3.134967386722564697e-02
-6.306269764900207520e-02
4.579293727874755859e-02
3.653734549880027771e-02
7.830291986465454102e-03
-5.928092449903488159e-02
1.097993552684783936e-01
-2.659697830677032471e-02
-2.274127677083015442e-02
-4.656628891825675964e-02
8.910101838409900665e-03
-6.654036045074462891e-02
5.993558093905448914e-02
1.034367308020591736e-01
5.973027274012565613e-02
2.792642824351787567e-02
-3.381126746535301208e-02
3.124779276549816132e-02
8.059411495923995972e-02
-9.574835002422332764e-02
3.967848420143127441e-02
1.152008958160877228e-02
5.400642752647399902e-02
-6.595204770565032959e-02
1.566860638558864594e-02
5.053909122943878174e-02
-3.491082927212119102e-03
9.345889836549758911e-02
-6.168288737535476685e-02
8.876219391822814941e-02
3.205809369683265686e-02
-1.591049716807901859e-03
2.058750204741954803e-02
-1.365202199667692184e-02
-6.601334363222122192e-02
3.415545821189880371e-02
-3.602869436144828796e-02
1.261170487850904465e-02
3.827644977718591690e-03
-6.795819848775863647e-02
1.162067148834466934e-02
-7.211466133594512939e-02
6.231627613306045532e-02
2.056984975934028625e-02
-6.720930337905883789e-02
-5.273714661598205566e-02
-3.735473006963729858e-02
-4.995141923427581787e-02
-3.167739196214824915e-04
2.528392709791660309e-02
-7.289893925189971924e-02
1.163978036493062973e-02
4.136154428124427795e-02
6.310987286269664764e-03
-6.411110609769821167e-02
7.925768382847309113e-03
-3.842166811227798462e-02
4.510319232940673828e-02
7.010240107774734497e-02
-7.740920782089233398e-02
-1.270825415849685669e-02
-6.082030758261680603e-02
9.197974205017089844e-02
-1.087225228548049927e-01
1.312901377677917480e-01
5.597791448235511780e-02
1.895017474889755249e-01
3.360658884048461914e-02
1.039253398776054382e-01
-9.395086206495761871e-03
-4.918872937560081482e-02
-3.975312784314155579e-02
2.467105351388454437e-02
-1.600231677293777466e-01
-2.355733327567577362e-02
-4.277039319276809692e-02
1.000184193253517151e-01
-6.074474193155765533e-03
-1.540930476039648056e-02
-3.220560029149055481e-02
-2.880834229290485382e-02
-4.707793891429901123e-02
8.270874619483947754e-02
-1.013263016939163208e-01
1.023232471197843552e-02
-1.940956339240074158e-02
5.822194367647171021e-02
6.219463422894477844e-02
-7.860430632717907429e-04
9.526287764310836792e-02
9.547170251607894897e-02
-4.310979042202234268e-03
-1.100629866123199463e-01
-6.778185814619064331e-02
-8.899173140525817871e-02
-1.421109586954116821e-01
7.418812066316604614e-02
3.984510153532028198e-02
1.801216043531894684e-02
8.730180561542510986e-04
-2.097248286008834839e-01
7.892882823944091797e-02
-1.658046245574951172e-01
-2.878250740468502045e-02
5.414039269089698792e-02
5.986851826310157776e-02
-1.785562336444854736e-01
-6.228808686137199402e-02
-1.062714587897062302e-02
2.535952068865299225e-02
-1.172490185126662254e-03
5.848680064082145691e-02
9.291105717420578003e-02
-1.039529740810394287e-01
-3.711593896150588989e-02
-1.216904725879430771e-02
-2.495645917952060699e-02
2.665680088102817535e-02
-1.790065690875053406e-02
9.030092507600784302e-02
