-8.562548458576202393e-02
-5.507379397749900818e-02
1.039128899574279785e-01
-5.897726118564605713e-02
-2.151132375001907349e-02
8.203437179327011108e-02
-6.087429821491241455e-03
-1.024412140250205994e-01
6.950912624597549438e-02
4.127912223339080811e-02
-1.087038069963455200e-01
-1.835591346025466919e-02
1.199562102556228638e-01
5.639203824102878571e-03
8.966933004558086395e-03
7.273039966821670532e-02
8.084326982498168945e-03
-9.150741249322891235e-02
3.890971839427947998e-02
2.348466590046882629e-02
8.465732634067535400e-02
-2.874788641929626465e-02
7.812558673322200775e-03
-4.386294633150100708e-02
5.152389407157897949e-02
-1.107051502913236618e-02
5.220162495970726013e-02
-9.202418476343154907e-02
-1.800308376550674438e-01
-5.232862383127212524e-02
-5.945418030023574829e-02
-8.512076735496520996e-02
2.230654098093509674e-02
1.307746320962905884e-01
-6.963479332625865936e-03
-6.339832395315170288e-02
-9.348528832197189331e-02
-1.975452341139316559e-02
1.098178047686815262e-02
1.510802563279867172e-02
-2.764721028506755829e-02
-4.195124283432960510e-02
3.728679195046424866e-02
-6.376075744628906250e-02
8.199714869260787964e-02
8.537487685680389404e-02
2.283179573714733124e-02
-1.834684400819242001e-03
-8.447366207838058472e-02
-5.875601246953010559e-02
-3.731326386332511902e-02
1.215998828411102295e-01
-3.091807849705219269e-02
2.677388256415724754e-03
7.863226532936096191e-02
-3.753567580133676529e-04
-5.631402879953384399e-02
1.750982366502285004e-02
6.674119830131530762e-02
3.508166223764419556e-02
3.809949755668640137e-02
-1.645880006253719330e-02
8.607781678438186646e-02
-1.423232257366180420e-01
-1.932680315803736448e-04
-1.322245132178068161e-02
-7.528291642665863037e-02
8.350135385990142822e-02
-5.935399606823921204e-02
-5.789323151111602783e-02
1.110974792391061783e-02
-2.358288131654262543e-02
2.302977629005908966e-02
1.004878804087638855e-01
1.878489926457405090e-02
3.400007262825965881e-02
3.220899030566215515e-02
5.376881733536720276e-02
-9.416981041431427002e-02
7.560472190380096436e-02
-6.585493683815002441e-02
2.150447852909564972e-02
2.991539426147937775e-02
-1.236243918538093567e-01
-9.866509586572647095e-02
2.392276935279369354e-02
7.130366563796997070e-02
1.353943049907684326e-01
-9.453905746340751648e-03
-1.472826395183801651e-02
1.186955254524946213e-02
-3.373154625296592712e-02
-1.146963164210319519e-01
4.450273141264915466e-02
-1.128439009189605713e-01
6.984210340306162834e-04
-9.621912240982055664e-02
7.556467503309249878e-02
1.072330749593675137e-03
-2.175910957157611847e-02
-1.069601625204086304e-01
-1.294278074055910110e-02
-2.637755684554576874e-02
3.256946802139282227e-02
-5.934784188866615295e-02
-4.656466841697692871e-02
8.268503099679946899e-02
4.626717884093523026e-03
4.613880533725023270e-03
-2.296312525868415833e-02
-4.219473153352737427e-02
2.771827019751071930e-02
-6.544261239469051361e-03
-1.214490924030542374e-02
-1.187073290348052979e-01
-1.125060580670833588e-02
5.641940236091613770e-02
-6.077308580279350281e-02
1.075071189552545547e-02
1.093452870845794678e-01
8.004134893417358398e-02
-4.098830744624137878e-02
-3.056647442281246185e-02
1.222493313252925873e-02
1.162021514028310776e-02
9.716925024986267090e-02
-7.591773569583892822e-02
-8.965858072042465210e-02
-4.760526493191719055e-02
-1.150467339903116226e-02
-7.994011975824832916e-03
-2.734141983091831207e-02
4.709811881184577942e-02
4.398341104388237000e-02
-1.789646036922931671e-02
-4.716775193810462952e-02
9.661808609962463379e-02
-1.841430179774761200e-02
-2.547384239733219147e-02
-3.498949483036994934e-02
1.969488337635993958e-02
-6.316918879747390747e-02
6.402025371789932251e-02
8.378499001264572144e-02
6.857115030288696289e-02
2.555094845592975616e-02
-4.508058726787567139e-02
2.571759745478630066e-02
8.089630305767059326e-02
-6.193558499217033386e-02
2.359539084136486053e-02
8.129807538352906704e-04
2.108911238610744476e-02
-5.194410309195518494e-02
-6.318743806332349777e-03
7.411839067935943604e-02
-2.543566748499870300e-03
9.579098969697952271e-02
-7.783000171184539795e-02
8.082053065299987793e-02
2.161718532443046570e-02
-5.462056724354624748e-04
2.843573875725269318e-02
-5.395219661295413971e-03
-4.638744518160820007e-02
3.152669966220855713e-02
-3.635393455624580383e-02
-1.335457898676395416e-02
1.187595631927251816e-02
-7.356952130794525146e-02
2.567487210035324097e-02
-8.551859855651855469e-02
7.924320548772811890e-02
1.999806798994541168e-02
-6.396991759538650513e-02
-5.590506270527839661e-02
-5.641762167215347290e-02
-1.077707391232252121e-02
3.074010601267218590e-03
2.356413565576076508e-02
-5.812001973390579224e-02
9.235298261046409607e-03
8.561362326145172119e-02
3.967342432588338852e-03
-5.825901031494140625e-02
4.279244318604469299e-02
-1.975308358669281006e-02
3.751099854707717896e-02
7.236582785844802856e-02
-5.910780280828475952e-02
-6.251928280107676983e-04
-3.503413125872612000e-02
5.396273359656333923e-02
-7.150316238403320312e-02
1.148764789104461670e-01
5.693406984210014343e-02
1.327981203794479370e-01
4.856022819876670837e-02
4.674871638417243958e-02
-1.746168918907642365e-02
-3.735526278614997864e-02
1.232904847711324692e-02
1.480801403522491455e-02
-1.473757475614547729e-01
-1.326987333595752716e-02
3.017823444679379463e-03
6.015255302190780640e-02
1.683254912495613098e-02
-8.831327431835234165e-04
-2.829247526824474335e-02
2.011807373492047191e-04
-4.757447540760040283e-02
5.611300468444824219e-02
-6.791615486145019531e-02
2.019155584275722504e-02
-9.656225331127643585e-03
4.504148662090301514e-02
6.486549973487854004e-02
3.234912827610969543e-02
6.068905815482139587e-02
8.831516653299331665e-02
-1.065653190016746521e-02
-5.131509900093078613e-02
-8.084062486886978149e-02
-9.349515289068222046e-02
-1.450693011283874512e-01
4.291234537959098816e-02
4.119759798049926758e-02
3.317282348871231079e-02
-2.325841598212718964e-02
-2.250087708234786987e-01
7.943642884492874146e-02
-1.554557383060455322e-01
-6.304343789815902710e-02
3.078942745923995972e-02
5.439084768295288086e-02
-1.562163531780242920e-01
-4.423305392265319824e-02
-3.857606090605258942e-03
2.485120669007301331e-02
3.343755612149834633e-03
7.914885878562927246e-02
1.140370592474937439e-01
-1.056791245937347412e-01
-6.902663409709930420e-02
-7.441956084221601486e-03
-3.684574039652943611e-03
3.196321427822113037e-02
-6.131790112704038620e-03
1.204864904284477234e-01
