-8.635865151882171631e-02
-6.880594789981842041e-02
9.156709909439086914e-02
-3.293847665190696716e-02
-1.956131309270858765e-02
3.379261493682861328e-02
-4.229803010821342468e-02
-3.377528488636016846e-02
5.015315860509872437e-02
2.085038833320140839e-02
-1.022004336118698120e-01
-2.448579529300332069e-03
1.144944056868553162e-01
-1.620326191186904907e-02
-9.327456355094909668e-03
5.668294429779052734e-02
-2.587471622973680496e-03
-8.334787935018539429e-02
4.729055985808372498e-02
1.425449177622795105e-02
1.131577119231224060e-01
-1.288523524999618530e-02
7.261188700795173645e-03
-2.246460877358913422e-02
5.937650427222251892e-02
-1.999516598880290985e-02
1.702441275119781494e-02
-5.416336283087730408e-02
-2.300494313240051270e-01
-5.749262869358062744e-02
-8.147188276052474976e-02
-8.418514579534530640e-02
5.353238061070442200e-02
1.715433597564697266e-01
-2.403715858235955238e-03
-6.877564638853073120e-02
-1.146444827318191528e-01
-1.310204155743122101e-02
-3.890529973432421684e-03
3.364244475960731506e-02
9.240832179784774780e-03
-8.428980410099029541e-02
4.182253405451774597e-02
-6.734042614698410034e-02
7.928594201803207397e-02
1.168756112456321716e-01
4.616628959774971008e-02
-1.240030489861965179e-02
-1.108554750680923462e-01
-6.269490718841552734e-02
6.123486440628767014e-03
1.677379012107849121e-01
-3.592169657349586487e-02
2.783496305346488953e-02
8.893495053052902222e-02
-2.733296714723110199e-02
-5.984801799058914185e-02
1.371950190514326096e-02
8.976419270038604736e-02
-1.863370649516582489e-02
1.218470558524131775e-02
-9.086364880204200745e-03
6.232068315148353577e-02
-1.267247498035430908e-01
2.671117521822452545e-02
-1.909708254970610142e-03
-6.443098187446594238e-02
3.953044861555099487e-02
-3.445648774504661560e-02
-4.866518825292587280e-02
7.507720496505498886e-03
-1.678526028990745544e-02
3.529259562492370605e-02
1.057867556810379028e-01
3.484918177127838135e-02
-1.061750948429107666e-02
7.929831743240356445e-03
6.132812798023223877e-02
-7.032220065593719482e-02
4.885486885905265808e-02
-4.838538914918899536e-02
6.117100361734628677e-03
2.783689461648464203e-02
-1.439715921878814697e-01
-9.985325485467910767e-02
4.275955259799957275e-02
7.932108640670776367e-02
1.378705650568008423e-01
-2.389666810631752014e-02
-1.008706539869308472e-02
2.323185093700885773e-02
-3.065215982496738434e-02
-9.295880049467086792e-02
7.454130053520202637e-02
-1.257764995098114014e-01
-1.697136461734771729e-02
-7.825110107660293579e-02
6.792637705802917480e-02
2.094720862805843353e-02
-6.240993738174438477e-03
-8.516903966665267944e-02
-4.147803038358688354e-02
-4.957560077309608459e-02
2.213081717491149902e-02
-2.043898776173591614e-02
-5.670628324151039124e-02
1.043068617582321167e-01
1.970231533050537109e-02
-1.102992519736289978e-02
-3.088011778891086578e-02
-3.059829957783222198e-02
4.478729516267776489e-02
-1.707479171454906464e-02
9.651508182287216187e-03
-6.003475189208984375e-02
-7.199389510788023472e-04
7.924165576696395874e-02
-2.433884143829345703e-02
-9.986633667722344398e-04
1.230059117078781128e-01
3.136861324310302734e-02
-3.030265495181083679e-02
-9.915095567703247070e-02
5.857583507895469666e-02
1.094781607389450073e-02
7.682064175605773926e-02
-2.405958995223045349e-02
-8.714398741722106934e-02
-3.158350661396980286e-02
-1.326899323612451553e-02
-6.683645769953727722e-03
-3.373168781399726868e-02
4.061397537589073181e-02
2.870392985641956329e-02
-1.104448642581701279e-02
-7.461359351873397827e-02
7.392501831054687500e-02
1.084162387996912003e-02
-6.979483179748058319e-03
3.701244946569204330e-03
6.563746184110641479e-02
-6.297304481267929077e-02
8.307061344385147095e-02
9.181122481822967529e-02
6.931745260953903198e-02
7.388780359178781509e-03
-4.008911177515983582e-02
6.277880072593688965e-02
8.970423042774200439e-02
-6.913600116968154907e-02
2.058099769055843353e-02
6.540410686284303665e-03
1.753231510519981384e-02
-3.243885189294815063e-02
2.247119136154651642e-02
6.984829902648925781e-02
-7.654303684830665588e-03
4.984265193343162537e-02
-6.536692380905151367e-02
9.308102726936340332e-02
5.111657455563545227e-02
-5.519064143300056458e-04
8.000542968511581421e-02
5.378367379307746887e-03
-2.143886312842369080e-02
3.911103308200836182e-02
-2.421372383832931519e-02
-1.793213188648223877e-02
2.450857870280742645e-02
-6.004605069756507874e-02
3.163589909672737122e-02
-8.835715800523757935e-02
5.864460766315460205e-02
1.485221670009195805e-03
-9.246355295181274414e-02
-6.692604720592498779e-02
-9.402152150869369507e-02
-3.510168567299842834e-02
-4.365327302366495132e-03
3.544092550873756409e-02
-5.470682308077812195e-02
-8.217346854507923126e-03
7.754930853843688965e-02
-2.736450731754302979e-02
-3.573650866746902466e-02
3.937485814094543457e-02
7.334722205996513367e-03
5.494466051459312439e-02
8.006755262613296509e-02
-7.703002542257308960e-02
2.744131954386830330e-03
-4.673545062541961670e-02
5.330123007297515869e-02
-1.142521053552627563e-01
1.293927729129791260e-01
5.899950116872787476e-02
1.717554330825805664e-01
5.503968521952629089e-02
4.580864310264587402e-02
-4.036149382591247559e-02
-3.200493752956390381e-02
4.726114217191934586e-03
1.336649712175130844e-02
-1.338165700435638428e-01
-4.917308315634727478e-02
1.191422436386346817e-02
6.113819405436515808e-02
4.128394275903701782e-02
-1.913681998848915100e-02
-4.101570695638656616e-03
1.554027386009693146e-02
-3.729374706745147705e-02
7.160545140504837036e-02
-1.112880930304527283e-01
1.791748218238353729e-02
1.590969623066484928e-03
3.789612650871276855e-02
2.218951238319277763e-03
1.597176678478717804e-02
6.877170503139495850e-02
9.049454331398010254e-02
2.169450744986534119e-02
-5.652489885687828064e-02
-6.597555428743362427e-02
-7.467494904994964600e-02
-1.436926871538162231e-01
3.318043798208236694e-02
2.087401598691940308e-02
1.316169835627079010e-02
-3.358269110321998596e-02
-1.211897656321525574e-01
2.358573488891124725e-02
-1.051747277379035950e-01
-2.225268632173538208e-02
3.199031198164448142e-06
3.494347259402275085e-02
-9.298604726791381836e-02
-4.637633264064788818e-02
2.107203379273414612e-02
3.454706072807312012e-02
6.261727772653102875e-03
2.893992327153682709e-02
1.462918072938919067e-01
-8.666722476482391357e-02
-7.620421051979064941e-02
-2.790034189820289612e-02
-1.765732467174530029e-02
3.764927014708518982e-02
-2.437161654233932495e-02
1.552676409482955933e-01
