-9.203314036130905151e-02
-2.578926086425781250e-02
8.481320925056934357e-03
-1.008236408233642578e-02
-6.682243198156356812e-02
1.700449176132678986e-02
9.447805583477020264e-03
-1.126325801014900208e-01
1.022047400474548340e-01
8.372877538204193115e-02
-5.849660933017730713e-02
-5.316299200057983398e-02
1.404255479574203491e-01
2.522299811244010925e-02
-6.956256181001663208e-02
7.979875802993774414e-02
1.397617813199758530e-02
-4.150369763374328613e-02
8.918864652514457703e-03
5.705932527780532837e-02
7.351659238338470459e-02
3.531155874952673912e-03
6.466685445047914982e-04
-6.830696761608123779e-02
5.923725664615631104e-03
-1.233276561833918095e-03
1.445281086489558220e-03
-7.548678666353225708e-02
-2.035719007253646851e-01
-1.161655131727457047e-02
-2.387931011617183685e-02
-1.030040159821510315e-01
1.068041007965803146e-02
9.849914908409118652e-02
2.540380135178565979e-02
-2.984516881406307220e-02
-1.200928613543510437e-01
-1.420463202521204948e-03
-5.799416918307542801e-03
3.013074398040771484e-02
-2.378869568929076195e-03
-6.738247722387313843e-02
4.085472226142883301e-02
-6.653535366058349609e-02
1.072803139686584473e-01
3.729948028922080994e-02
3.908123075962066650e-02
5.382337793707847595e-02
-8.047876507043838501e-02
-4.813260957598686218e-02
-4.734606668353080750e-02
1.534742265939712524e-01
-5.744872149080038071e-03
1.632778346538543701e-02
5.649264529347419739e-02
-9.656582958996295929e-03
-3.806488588452339172e-02
-2.569919452071189880e-02
6.763339787721633911e-02
-4.843596741557121277e-02
3.302188590168952942e-02
2.146598696708679199e-02
3.946555778384208679e-02
-9.005641192197799683e-02
-1.439360249787569046e-02
-2.882817573845386505e-02
-2.092487178742885590e-02
-3.057975554838776588e-03
9.358227252960205078e-03
-3.431107616052031517e-03
-2.813314273953437805e-02
-3.095222823321819305e-02
-2.640157192945480347e-02
4.134060069918632507e-02
5.659657716751098633e-02
-5.661415308713912964e-02
-9.107695950660854578e-05
1.530381757766008377e-02
-4.387773200869560242e-02
5.794044956564903259e-02
-4.733504354953765869e-02
-2.302937768399715424e-02
8.218370378017425537e-03
-1.127588078379631042e-01
-2.182336896657943726e-02
-4.136618971824645996e-02
7.410308718681335449e-02
6.945967674255371094e-02
-4.284324496984481812e-02
5.036405101418495178e-02
1.169476844370365143e-02
4.882759600877761841e-02
-1.189498081803321838e-01
1.714097149670124054e-02
-2.635227516293525696e-02
-1.924933679401874542e-02
-9.976842254400253296e-02
6.983751058578491211e-02
-1.308439485728740692e-02
-1.071704085916280746e-02
-6.687141954898834229e-02
-4.693714901804924011e-02
-6.703832745552062988e-02
2.855213917791843414e-02
5.242811981588602066e-03
-9.377468377351760864e-02
3.177402913570404053e-02
5.420781299471855164e-02
5.252789705991744995e-02
-1.541294809430837631e-02
-1.255686208605766296e-02
8.443174511194229126e-02
-4.864835739135742188e-02
1.535436976701021194e-02
-7.930211722850799561e-02
-3.076610714197158813e-02
7.769452407956123352e-03
-7.762283831834793091e-02
4.226537793874740601e-02
9.184883534908294678e-02
3.350108116865158081e-02
-7.695507258176803589e-02
-4.608794301748275757e-02
-4.553373157978057861e-02
5.041684582829475403e-02
4.372838512063026428e-02
1.294482406228780746e-02
-8.995878696441650391e-02
-3.496280312538146973e-02
-5.033354274928569794e-03
-2.503615804016590118e-02
-1.209768117405474186e-03
3.720914572477340698e-02
1.836133934557437897e-02
-1.532491482794284821e-02
-4.840506613254547119e-02
9.452756494283676147e-02
-6.859721988439559937e-02
-2.929878421127796173e-02
-1.728232763707637787e-02
5.395085085183382034e-03
-2.545406110584735870e-03
4.236074909567832947e-02
2.029594406485557556e-02
5.961843580007553101e-02
1.134263537824153900e-02
2.311954274773597717e-02
9.003655286505818367e-04
9.846188127994537354e-02
-6.133503094315528870e-02
5.377760902047157288e-02
2.014136500656604767e-02
-3.278162330389022827e-03
-3.460207954049110413e-02
3.572554141283035278e-02
-2.150859311223030090e-02
-1.511352974921464920e-02
4.691410437226295471e-02
-1.809267140924930573e-02
1.060373857617378235e-01
2.161970920860767365e-02
-2.663173479959368706e-03
4.783795401453971863e-02
2.312017232179641724e-02
-4.422771930694580078e-02
2.855077385902404785e-02
-3.161833807826042175e-02
-3.953564912080764771e-02
2.814211137592792511e-02
-1.004489436745643616e-01
1.692878827452659607e-02
-7.497304677963256836e-02
7.857409864664077759e-02
7.929354906082153320e-02
-7.646077871322631836e-02
-2.807322703301906586e-02
-3.812887147068977356e-02
1.230727322399616241e-02
-6.412851624190807343e-03
6.243799813091754913e-03
-2.230891212821006775e-02
-3.060033358633518219e-02
7.006607204675674438e-02
-3.210461512207984924e-02
-3.721043094992637634e-02
3.833510726690292358e-02
3.165258839726448059e-02
-3.065008670091629028e-02
2.082576043903827667e-02
-2.975614182651042938e-02
-4.454253707081079483e-03
-3.506201878190040588e-02
7.804121077060699463e-02
-1.392815411090850830e-01
1.268051713705062866e-01
4.342339187860488892e-02
1.756695806980133057e-01
3.586478531360626221e-02
1.235677301883697510e-01
-1.971258968114852905e-02
-5.523813422769308090e-03
-6.043429486453533173e-03
1.947394758462905884e-02
-1.475329101085662842e-01
-1.267000660300254822e-02
4.520895332098007202e-02
4.118834063410758972e-02
-1.507357321679592133e-02
-4.585862532258033752e-02
-4.583087936043739319e-02
5.322038382291793823e-02
-3.159651160240173340e-02
1.036207675933837891e-01
-4.568092897534370422e-02
3.759216517210006714e-02
2.932955883443355560e-02
4.461766034364700317e-02
6.407816708087921143e-02
2.360222488641738892e-02
6.203970685601234436e-02
8.107395470142364502e-02
-9.955295361578464508e-03
-5.283005535602569580e-02
-6.980845332145690918e-02
-9.840420633554458618e-02
-1.774846762418746948e-01
1.076317727565765381e-01
3.148999810218811035e-02
-3.498615929856896400e-03
-1.467563491314649582e-02
-9.259277582168579102e-02
9.180956333875656128e-02
-9.999717026948928833e-02
-3.499863669276237488e-02
1.915592001751065254e-03
1.188827455043792725e-01
-1.532684713602066040e-01
-6.793228536844253540e-02
-3.308102115988731384e-02
6.193091347813606262e-02
4.291790071874856949e-03
1.038799062371253967e-01
2.154192030429840088e-01
-9.546698629856109619e-02
-1.455410569906234741e-01
-4.525440931320190430e-02
-1.085216179490089417e-02
1.470424085855484009e-01
-3.417447954416275024e-02
1.818787455558776855e-01
