-8.473243564367294312e-02
-3.123429045081138611e-02
7.094614207744598389e-03
4.038254730403423309e-03
7.827172055840492249e-03
1.212890632450580597e-02
4.944040998816490173e-02
-1.521284505724906921e-02
3.876045346260070801e-02
1.306806225329637527e-02
-3.327031061053276062e-02
-2.394873835146427155e-02
3.930449485778808594e-02
-1.382733811624348164e-03
3.191875293850898743e-02
-5.256124958395957947e-02
4.125543311238288879e-02
-2.715233899652957916e-02
-2.227769419550895691e-02
5.856673419475555420e-02
5.974292382597923279e-02
3.575107082724571228e-02
-1.196583546698093414e-02
3.430308029055595398e-02
3.783865272998809814e-02
-4.863511305302381516e-03
-4.087900370359420776e-02
4.767550528049468994e-02
-1.332810223102569580e-01
1.355816796422004700e-02
-1.763789542019367218e-02
-1.067093014717102051e-01
1.984498463571071625e-02
1.004467234015464783e-01
4.028114955872297287e-03
-2.854272164404392242e-02
-1.182679906487464905e-01
4.362899437546730042e-02
-4.351264983415603638e-02
6.348298490047454834e-02
-1.652177795767784119e-02
-5.080139264464378357e-02
-1.403190195560455322e-02
-9.028135240077972412e-02
1.478133499622344971e-01
1.605176627635955811e-01
1.033767834305763245e-01
-1.753920875489711761e-02
-1.143357455730438232e-01
-7.877478003501892090e-02
-6.978567689657211304e-02
1.962786912918090820e-01
-5.383555963635444641e-02
1.301942318677902222e-01
1.153357475996017456e-01
-7.939548045396804810e-02
-1.114007085561752319e-02
1.977239921689033508e-02
3.354814276099205017e-02
-4.738224670290946960e-02
4.304176941514015198e-02
-5.309190973639488220e-02
1.238844022154808044e-01
-1.725556105375289917e-01
-8.754716254770755768e-03
7.085386198014020920e-03
-2.671317569911479950e-02
7.094163447618484497e-02
-2.282364107668399811e-02
-6.407574564218521118e-02
7.205528020858764648e-02
-2.956336550414562225e-02
-2.681812271475791931e-02
7.597254216670989990e-02
-5.763929802924394608e-03
-4.173919185996055603e-02
1.581483893096446991e-02
7.856591790914535522e-02
-8.561599254608154297e-02
8.203434944152832031e-02
-9.299749881029129028e-02
1.145441923290491104e-02
2.865839190781116486e-02
-1.488562971353530884e-01
-9.078156203031539917e-02
1.129120308905839920e-02
4.481104016304016113e-02
7.685276865959167480e-02
1.583455316722393036e-02
-7.057978212833404541e-02
6.068311166018247604e-03
2.948690950870513916e-02
-5.599067732691764832e-02
1.414790749549865723e-01
-1.509142220020294189e-01
7.581747137010097504e-03
-6.361456960439682007e-02
2.873696386814117432e-03
3.951822593808174133e-02
7.555138785392045975e-03
-4.741119965910911560e-02
-4.200296849012374878e-02
-2.961531281471252441e-02
2.075250633060932159e-02
1.112437341362237930e-02
-2.453116234391927719e-03
1.041856706142425537e-01
3.314110799692571163e-04
6.864290684461593628e-02
-1.583183929324150085e-02
-1.233981251716613770e-01
2.665839530527591705e-02
-5.771878361701965332e-02
-5.487423390150070190e-02
-8.476691693067550659e-02
-3.088809922337532043e-02
3.151452541351318359e-02
-4.452507942914962769e-02
-2.688357047736644745e-02
7.236961275339126587e-02
4.099416732788085938e-02
-6.690564751625061035e-02
-1.195494458079338074e-02
1.097949501127004623e-02
2.285710722208023071e-02
4.522403702139854431e-02
-2.612105756998062134e-02
-9.652581065893173218e-02
-6.792392581701278687e-03
-5.940318852663040161e-02
5.163504183292388916e-02
-1.392459124326705933e-01
2.228540368378162384e-02
1.872155442833900452e-02
2.944621443748474121e-02
-3.403633460402488708e-02
4.498945549130439758e-02
-2.504239231348037720e-02
1.396088115870952606e-02
4.805774986743927002e-02
-5.602531135082244873e-03
-3.450473397970199585e-02
5.045751854777336121e-02
5.856556072831153870e-02
5.132471397519111633e-02
4.031734541058540344e-03
-2.293579094111919403e-02
1.164335608482360840e-01
1.040805410593748093e-02
-3.552620857954025269e-02
2.573555894196033478e-02
-3.683131933212280273e-02
-3.510574251413345337e-02
-8.559458702802658081e-02
4.446513950824737549e-02
8.831086754798889160e-02
5.290828272700309753e-02
8.611578494310379028e-02
-4.986811801791191101e-02
7.762636989355087280e-02
3.796131908893585205e-02
-3.630711231380701065e-03
5.932057648897171021e-02
2.168862521648406982e-02
-4.542654380202293396e-02
4.246738180518150330e-02
-3.788353875279426575e-02
-5.369865521788597107e-02
3.888392820954322815e-02
-9.037176519632339478e-02
1.049493327736854553e-01
-3.816826269030570984e-02
6.010427698493003845e-02
4.107520729303359985e-02
-6.298700720071792603e-02
-3.417102852836251259e-03
-2.997267432510852814e-02
-5.363890528678894043e-02
9.833601070567965508e-04
3.295223787426948547e-02
1.467444002628326416e-02
-5.439212173223495483e-02
1.291039492934942245e-02
-5.609693378210067749e-02
-3.301357105374336243e-02
1.949891820549964905e-02
-7.783442735671997070e-02
-1.438654493540525436e-02
6.341647356748580933e-02
-7.719649374485015869e-02
-2.516989409923553467e-02
-4.893495887517929077e-02
1.457916200160980225e-02
-1.015994474291801453e-01
7.895901799201965332e-02
5.456884205341339111e-02
1.586755514144897461e-01
6.229503452777862549e-02
4.008828103542327881e-02
-4.645375162363052368e-02
-1.143691968172788620e-02
-4.324793443083763123e-02
5.078360438346862793e-02
-9.112001955509185791e-02
2.840636670589447021e-02
-7.521298527717590332e-02
4.792335256934165955e-02
2.511505596339702606e-02
-1.809981465339660645e-02
-1.565928943455219269e-02
-7.151473779231309891e-03
-2.332602441310882568e-02
5.787331983447074890e-02
-1.151799708604812622e-01
4.923404660075902939e-03
-9.561213664710521698e-03
2.740327268838882446e-02
2.379203960299491882e-02
-7.998104207217693329e-03
7.475558668375015259e-02
1.091820821166038513e-01
1.755421608686447144e-02
-7.390430569648742676e-02
-1.178429462015628815e-02
-3.173978626728057861e-02
-1.103527992963790894e-01
-9.033091366291046143e-03
-2.218277007341384888e-02
3.408613614737987518e-03
3.305349498987197876e-02
-1.132654994726181030e-01
5.714765563607215881e-02
-1.231134608387947083e-01
-3.146792575716972351e-02
3.639347851276397705e-02
4.695707932114601135e-02
-7.339815050363540649e-02
-3.859034180641174316e-02
1.537542697042226791e-02
6.577217578887939453e-02
-4.898692015558481216e-03
8.766392618417739868e-02
1.724078208208084106e-01
-1.173708066344261169e-01
-7.912439107894897461e-02
6.888183765113353729e-03
-3.229284286499023438e-02
1.294018030166625977e-01
-6.188698858022689819e-02
9.579925239086151123e-02
