-1.077001467347145081e-01
-3.244914114475250244e-02
4.651563242077827454e-02
-8.901597000658512115e-03
-2.076714858412742615e-02
2.344430796802043915e-02
9.699990041553974152e-03
-8.541245013475418091e-02
6.168786063790321350e-02
4.949196055531501770e-02
-9.669745713472366333e-02
-5.176411569118499756e-02
9.170755743980407715e-02
1.287952880375087261e-03
-8.082526735961437225e-03
2.837381092831492424e-03
3.259417414665222168e-02
-5.283496528863906860e-02
1.870955713093280792e-02
3.924300149083137512e-02
8.532367646694183350e-02
-1.768304966390132904e-02
4.110818263143301010e-04
1.708252169191837311e-02
4.081093147397041321e-02
-5.747532937675714493e-03
-2.211904525756835938e-02
-1.861770264804363251e-02
-1.413631141185760498e-01
-7.122324779629707336e-03
-3.426319360733032227e-02
-9.021367132663726807e-02
2.308390289545059204e-02
9.071862697601318359e-02
-1.419678051024675369e-02
-4.154754430055618286e-02
-1.222029849886894226e-01
2.050371468067169189e-02
-1.370239257812500000e-02
4.142370074987411499e-02
-2.289884537458419800e-02
-5.508888140320777893e-02
1.877495646476745605e-02
-7.580483704805374146e-02
1.151161193847656250e-01
1.118164435029029846e-01
5.734722688794136047e-02
2.348724228795617819e-04
-9.174099564552307129e-02
-8.285757154226303101e-02
-5.680640041828155518e-02
1.693059056997299194e-01
-6.041499227285385132e-02
7.619060575962066650e-02
7.699219882488250732e-02
-4.059543833136558533e-02
-2.773599885404109955e-02
1.335161272436380386e-02
5.935891717672348022e-02
-1.817491091787815094e-02
5.064028128981590271e-02
-1.746241375803947449e-02
9.591136127710342407e-02
-1.434225291013717651e-01
6.129513960331678391e-03
-7.715610321611166000e-03
-5.366516113281250000e-02
8.059278875589370728e-02
-3.053301014006137848e-02
-6.386344134807586670e-02
3.666570782661437988e-02
-1.155810430645942688e-02
-2.370091853663325310e-03
8.345845341682434082e-02
1.946830190718173981e-02
-5.017751362174749374e-03
2.378594689071178436e-02
6.419420242309570312e-02
-7.761969417333602905e-02
8.040209859609603882e-02
-9.614136070013046265e-02
-7.722381502389907837e-03
1.938966661691665649e-02
-1.382584720849990845e-01
-8.898067474365234375e-02
-1.369015430100262165e-03
7.033677399158477783e-02
1.186772137880325317e-01
4.059117753058671951e-03
-2.157984487712383270e-02
3.399980440735816956e-02
1.423331676051020622e-03
-1.024894639849662781e-01
8.530340343713760376e-02
-1.093330904841423035e-01
-7.859691046178340912e-03
-7.660444080829620361e-02
4.911479353904724121e-02
7.174776867032051086e-03
-1.033880189061164856e-02
-6.489732861518859863e-02
-3.142128139734268188e-02
-4.441034421324729919e-02
-8.809603750705718994e-03
-2.424432151019573212e-02
-6.254978477954864502e-02
1.023807525634765625e-01
4.911744501441717148e-03
3.972257673740386963e-02
-3.152623400092124939e-02
-6.644410640001296997e-02
3.667027875781059265e-02
-2.605577558279037476e-02
-2.117676101624965668e-02
-7.732582092285156250e-02
-2.789433300495147705e-02
4.823940619826316833e-02
-4.879365488886833191e-02
9.930647211149334908e-04
1.008334904909133911e-01
4.366357997059822083e-02
-4.507267102599143982e-02
-4.891699180006980896e-02
3.577644005417823792e-02
1.230253372341394424e-02
5.068337172269821167e-02
-3.058236651122570038e-02
-1.191298663616180420e-01
-3.925932943820953369e-02
-2.735604159533977509e-02
1.469991449266672134e-02
-4.781091213226318359e-02
3.668289631605148315e-02
2.812449447810649872e-02
6.364935543388128281e-03
-5.913979932665824890e-02
6.323397159576416016e-02
-3.324142470955848694e-02
1.775952754542231560e-03
3.994983620941638947e-03
6.727235857397317886e-03
-3.452087566256523132e-02
5.861331149935722351e-02
5.006229504942893982e-02
8.089936524629592896e-02
1.625369535759091377e-03
-4.025550186634063721e-02
6.153211370110511780e-02
6.446696817874908447e-02
-6.557182967662811279e-02
4.349648207426071167e-02
-1.292999554425477982e-02
-1.809475594200193882e-03
-6.837346404790878296e-02
3.960798680782318115e-02
7.153192162513732910e-02
1.139150466769933701e-02
5.360744521021842957e-02
-3.965637087821960449e-02
9.062688797712326050e-02
1.459309365600347519e-02
-2.469902299344539642e-02
6.744451820850372314e-02
-7.408255245536565781e-03
-4.077822715044021606e-02
3.432204946875572205e-02
-2.096452564001083374e-02
-1.533831935375928879e-02
3.158809244632720947e-02
-8.030395954847335815e-02
3.854278847575187683e-02
-6.197053566575050354e-02
5.380690470337867737e-02
4.083649814128875732e-02
-7.532632350921630859e-02
-3.433306887745857239e-02
-4.585252702236175537e-02
-3.564712405204772949e-02
-1.578922150656580925e-03
3.185683861374855042e-02
-1.647318899631500244e-02
-1.736201532185077667e-02
5.672159790992736816e-02
-5.169270560145378113e-02
-4.322990775108337402e-02
3.670058771967887878e-02
-3.419698402285575867e-02
1.804665476083755493e-02
3.693304210901260376e-02
-5.436498671770095825e-02
2.029757387936115265e-02
-6.112069636583328247e-02
4.588574916124343872e-02
-1.190630123019218445e-01
1.217849701642990112e-01
4.719743877649307251e-02
1.967632323503494263e-01
6.005162373185157776e-02
7.061094790697097778e-02
-2.667649649083614349e-02
-2.872703969478607178e-02
-6.117309676483273506e-04
4.112821444869041443e-02
-1.503026187419891357e-01
1.247211080044507980e-02
-3.419933840632438660e-02
5.499331280589103699e-02
2.068879827857017517e-02
-9.092009626328945160e-03
-2.303053624927997589e-02
1.589454524219036102e-02
-3.809425607323646545e-02
8.571507781744003296e-02
-1.020173579454421997e-01
1.287734042853116989e-02
-3.035261994227766991e-03
5.747684463858604431e-02
2.816388942301273346e-02
1.398939755745232105e-03
7.494438439607620239e-02
1.078603714704513550e-01
-1.081096939742565155e-02
-7.804553210735321045e-02
-6.199195981025695801e-02
-8.579239249229431152e-02
-1.704941093921661377e-01
5.705541372299194336e-02
3.285632468760013580e-03
7.295411080121994019e-03
3.744672052562236786e-03
-1.816120594739913940e-01
7.375090569257736206e-02
-1.429042965173721313e-01
-4.515966773033142090e-02
1.129643246531486511e-02
5.455660074949264526e-02
-1.307503879070281982e-01
-3.959116339683532715e-02
8.373627439141273499e-03
7.074180245399475098e-02
-9.072737768292427063e-03
6.313233822584152222e-02
1.910780668258666992e-01
-1.219172477722167969e-01
-1.090368777513504028e-01
-9.628481231629848480e-03
-1.632795669138431549e-02
1.082187592983245850e-01
-6.715075671672821045e-02
1.427631825208663940e-01
