-7.307533174753189087e-02
-7.213687151670455933e-02
8.562271296977996826e-02
-5.720291286706924438e-02
1.595418155193328857e-02
5.205444991588592529e-02
7.774278521537780762e-03
-7.503261417150497437e-02
7.875740528106689453e-02
1.683224551379680634e-02
-9.428679943084716797e-02
-2.524639852344989777e-02
8.610624074935913086e-02
-2.499281615018844604e-02
5.570756644010543823e-02
4.802648350596427917e-02
3.739806637167930603e-02
-1.005440577864646912e-01
5.120140686631202698e-02
6.473968271166086197e-03
6.714352220296859741e-02
-2.233145572245121002e-02
-1.872729510068893433e-02
-3.015002794563770294e-02
3.392412140965461731e-02
-1.883917674422264099e-02
4.210472479462623596e-02
-2.231116965413093567e-02
-1.625656783580780029e-01
-8.450395427644252777e-03
-5.854829028248786926e-02
-1.073421165347099304e-01
-2.377298846840858459e-02
1.469750255346298218e-01
-2.267397753894329071e-02
-5.872025340795516968e-02
-1.134526357054710388e-01
1.256685890257358551e-02
-1.830931380391120911e-02
3.710107877850532532e-02
-3.771407157182693481e-02
-3.562907129526138306e-02
2.363834157586097717e-02
-1.039869412779808044e-01
1.334929466247558594e-01
1.269496083259582520e-01
7.114015519618988037e-02
-2.436790149658918381e-03
-8.665750175714492798e-02
-6.107429787516593933e-02
-4.714845493435859680e-02
1.562136858701705933e-01
-1.079082395881414413e-02
7.999856770038604736e-02
1.085512563586235046e-01
-3.093594126403331757e-02
-6.254422664642333984e-02
3.689425438642501831e-02
6.664872169494628906e-02
-7.350950501859188080e-03
3.868918865919113159e-02
-6.543873250484466553e-02
1.214734092354774475e-01
-1.560193002223968506e-01
6.935294717550277710e-03
2.013295516371726990e-02
-5.114087834954261780e-02
5.857515335083007812e-02
-2.256407216191291809e-02
-7.082448154687881470e-02
7.966888695955276489e-02
-3.596880659461021423e-02
-1.071588136255741119e-02
8.162705600261688232e-02
2.129097841680049896e-02
2.331349253654479980e-02
1.616356894373893738e-02
6.361439079046249390e-02
-9.413887560367584229e-02
9.292715042829513550e-02
-6.740397959947586060e-02
2.947982028126716614e-02
2.144999802112579346e-02
-1.339466571807861328e-01
-9.249746054410934448e-02
1.274074427783489227e-02
2.099539153277873993e-02
1.031478866934776306e-01
2.846715785562992096e-02
-7.633210718631744385e-02
9.370491839945316315e-03
2.896420098841190338e-02
-8.604779839515686035e-02
7.724883407354354858e-02
-1.140242069959640503e-01
-7.154583465307950974e-03
-1.308936774730682373e-01
4.382732883095741272e-02
2.444087155163288116e-02
-9.957537055015563965e-03
-1.002086997032165527e-01
-2.934889122843742371e-02
-5.037572607398033142e-02
4.470371082425117493e-02
-2.898306213319301605e-02
-1.199922617524862289e-02
7.863599807024002075e-02
4.349295515567064285e-03
3.981308639049530029e-02
-2.059725485742092133e-02
-5.626833438873291016e-02
1.614307984709739685e-02
-2.979631349444389343e-02
-3.929812461137771606e-02
-9.595008939504623413e-02
-3.814730048179626465e-02
2.949559874832630157e-02
-2.749441377818584442e-02
-2.689101966097950935e-03
8.764727413654327393e-02
4.519446939229965210e-02
-5.489620193839073181e-02
-4.199762269854545593e-02
2.508752420544624329e-02
-5.993443075567483902e-03
9.621742367744445801e-02
-5.707139521837234497e-02
-8.497636020183563232e-02
-2.272356487810611725e-02
-1.919453218579292297e-02
-2.174944244325160980e-02
-6.810086220502853394e-02
3.692197799682617188e-02
5.253891926258802414e-03
4.089468345046043396e-02
-4.998213052749633789e-02
5.266123637557029724e-02
3.278821706771850586e-02
-2.521019242703914642e-02
1.175748277455568314e-02
1.806497387588024139e-02
-6.778655946254730225e-02
6.973597407341003418e-02
8.894488215446472168e-02
6.417872011661529541e-02
2.298991940915584564e-02
-2.585057914257049561e-02
5.797955021262168884e-02
7.050933688879013062e-02
-4.025821015238761902e-02
-1.275002583861351013e-02
2.698162570595741272e-02
-6.384368170984089375e-04
-8.693090081214904785e-02
1.280029769986867905e-02
9.581527113914489746e-02
-1.367895631119608879e-03
7.167921215295791626e-02
-5.698713287711143494e-02
1.023480221629142761e-01
2.946704253554344177e-02
-1.585759036242961884e-02
2.800243906676769257e-02
9.423051960766315460e-03
-5.204610526561737061e-02
3.773320466279983521e-02
-7.050793617963790894e-02
-3.454143414273858070e-03
3.732772916555404663e-02
-6.118973717093467712e-02
4.119530692696571350e-02
-7.293047755956649780e-02
7.001536339521408081e-02
3.404706344008445740e-02
-4.087042808532714844e-02
-5.062318965792655945e-02
-5.687262862920761108e-02
-2.692957408726215363e-02
-2.562194690108299255e-02
4.868884384632110596e-02
-4.570249095559120178e-02
-5.650287959724664688e-03
5.762285366654396057e-02
-1.270218286663293839e-02
-4.381648823618888855e-02
1.116481795907020569e-02
-3.591191396117210388e-02
-6.156976800411939621e-03
7.628125697374343872e-02
-5.874907597899436951e-02
-2.417797781527042389e-02
-2.609335444867610931e-02
6.086692959070205688e-02
-1.052167266607284546e-01
1.059094443917274475e-01
7.589745521545410156e-02
1.487437337636947632e-01
5.590428039431571960e-02
4.901759326457977295e-02
-8.680550381541252136e-03
-1.984597928822040558e-02
-1.893058419227600098e-02
3.010787628591060638e-02
-1.494364887475967407e-01
-1.825662702322006226e-02
-5.302229523658752441e-02
6.076793372631072998e-02
7.199966348707675934e-03
1.908062584698200226e-02
-1.822490245103836060e-02
1.560418307781219482e-02
-2.735487185418605804e-02
5.246458202600479126e-02
-8.829633891582489014e-02
2.582830935716629028e-02
-2.686475962400436401e-02
5.938193202018737793e-02
4.487695172429084778e-02
6.513299886137247086e-04
6.010588258504867554e-02
8.764278888702392578e-02
8.892952464520931244e-03
-9.201060235500335693e-02
-4.659849032759666443e-02
-6.412564218044281006e-02
-1.413743942975997925e-01
1.687311381101608276e-02
3.235680982470512390e-02
2.880502026528120041e-03
1.724251359701156616e-02
-1.587731093168258667e-01
7.534916698932647705e-02
-1.310104429721832275e-01
-3.256320208311080933e-02
3.411757946014404297e-02
2.179231867194175720e-02
-1.478556096553802490e-01
-3.069657646119594574e-02
-1.343128085136413574e-02
3.597163036465644836e-02
-1.610118523240089417e-02
4.776640608906745911e-02
1.571311503648757935e-01
-1.102943345904350281e-01
-6.666456907987594604e-02
-1.616381481289863586e-02
-7.566217798739671707e-03
6.551981717348098755e-02
-5.550598725676536560e-02
1.240689530968666077e-01
