-1.459524333477020264e-01
-5.895587801933288574e-02
1.915960572659969330e-02
-4.515551403164863586e-02
-2.127370983362197876e-02
9.222814440727233887e-02
6.864140182733535767e-02
-1.368449926376342773e-01
1.114325672388076782e-01
4.458589479327201843e-02
-6.307090818881988525e-02
-6.655181199312210083e-02
1.140887662768363953e-01
4.179656505584716797e-02
3.117725998163223267e-02
-1.879435218870639801e-02
5.490195751190185547e-02
-6.408440321683883667e-02
-1.500597409904003143e-02
8.343128859996795654e-02
5.857036635279655457e-02
1.095188036561012268e-02
-2.807165030390024185e-03
-8.008187636733055115e-03
3.483003750443458557e-02
1.995179988443851471e-02
5.323520861566066742e-03
-2.680569328367710114e-02
-9.907702356576919556e-02
1.996846310794353485e-02
-1.686620712280273438e-02
-9.661498665809631348e-02
-1.232346054166555405e-02
7.742217928171157837e-02
5.264018196612596512e-03
-3.223514556884765625e-02
-1.179691925644874573e-01
8.831219747662544250e-03
-1.280891522765159607e-02
5.835639312863349915e-02
-3.891161456704139709e-02
-1.759873703122138977e-02
2.406432060524821281e-03
-8.084253966808319092e-02
1.710593998432159424e-01
9.404078871011734009e-02
7.747541368007659912e-02
1.247657369822263718e-02
-6.571173667907714844e-02
-7.577471435070037842e-02
-1.121429726481437683e-01
1.234035417437553406e-01
-5.058818310499191284e-02
8.200353384017944336e-02
7.987152040004730225e-02
-5.730504170060157776e-02
-1.747261174023151398e-02
-4.173363558948040009e-03
3.256079182028770447e-02
-1.725953631103038788e-02
6.666804105043411255e-02
-5.035652592778205872e-02
1.245225518941879272e-01
-1.246614232659339905e-01
-1.831185631453990936e-02
1.950840465724468231e-02
-4.342847689986228943e-02
7.929474115371704102e-02
-1.084859296679496765e-02
-6.250493228435516357e-02
8.854518085718154907e-02
-4.192354902625083923e-02
-6.942515075206756592e-02
4.757202416658401489e-02
9.545481763780117035e-03
-2.036353014409542084e-02
7.923576049506664276e-03
5.709021538496017456e-02
-1.176789849996566772e-01
1.006463319063186646e-01
-8.084413409233093262e-02
2.915305783972144127e-03
1.629230007529258728e-02
-1.437163650989532471e-01
-6.206114217638969421e-02
2.342433668673038483e-03
2.704086713492870331e-02
7.903997600078582764e-02
1.170200109481811523e-02
-5.828946456313133240e-02
-1.319102663546800613e-02
5.408598855137825012e-02
-9.281332790851593018e-02
1.022283360362052917e-01
-9.950856864452362061e-02
-6.503141485154628754e-04
-7.479510456323623657e-02
5.327214486896991730e-03
3.004105947911739349e-02
8.788068778812885284e-03
-8.025144785642623901e-02
-7.863393053412437439e-03
-3.413674980401992798e-02
8.802693337202072144e-03
-3.546275198459625244e-02
-9.241313673555850983e-03
7.409781217575073242e-02
1.253324840217828751e-02
1.008020117878913879e-01
-2.308039925992488861e-02
-1.107500791549682617e-01
2.710099145770072937e-02
-2.824997343122959137e-02
-5.729794874787330627e-02
-1.173760220408439636e-01
-1.953030936419963837e-02
-1.043582987040281296e-02
-8.711016178131103516e-02
2.039967291057109833e-02
6.463146954774856567e-02
6.424450874328613281e-02
-5.360456928610801697e-02
5.660846084356307983e-02
-2.848631702363491058e-02
1.260793581604957581e-02
5.835216492414474487e-02
-4.957668855786323547e-02
-8.227488398551940918e-02
-2.150868810713291168e-02
-4.436714574694633484e-02
3.470358252525329590e-02
-1.038664057850837708e-01
1.035515498369932175e-02
2.895662328228354454e-04
1.733953692018985748e-02
7.402967195957899094e-03
3.311832994222640991e-02
-4.826758801937103271e-02
-4.050797596573829651e-02
5.271353293210268021e-03
-5.856407061219215393e-02
-3.533742949366569519e-02
-6.153408437967300415e-03
2.311191335320472717e-02
7.510774582624435425e-02
2.153293043375015259e-02
-4.027217626571655273e-02
3.486957401037216187e-02
2.941216714680194855e-02
-6.019002199172973633e-02
5.114230886101722717e-02
-3.635268658399581909e-02
-3.549810498952865601e-02
-1.182082518935203552e-01
9.570928290486335754e-03
2.833787165582180023e-02
2.955980598926544189e-02
1.208305209875106812e-01
-2.214272134006023407e-02
5.202404409646987915e-02
-1.428710203617811203e-02
2.167744562029838562e-02
2.928567118942737579e-02
3.807706013321876526e-02
-5.516275018453598022e-02
3.920488804578781128e-02
-6.773596256971359253e-02
-4.084830731153488159e-02
1.946543902158737183e-02
-1.250101476907730103e-01
6.396695971488952637e-02
-4.320307448506355286e-02
9.100037068128585815e-02
4.360849037766456604e-02
-6.938334088772535324e-03
-2.454312704503536224e-02
1.277475152164697647e-02
-5.754053220152854919e-02
-4.524737596511840820e-04
3.057955019176006317e-02
-1.007585041224956512e-02
-7.618603296577930450e-03
3.248016536235809326e-02
1.399421878159046173e-02
-6.419419497251510620e-02
3.644577041268348694e-02
-9.267115592956542969e-02
-3.424403071403503418e-02
5.516065657138824463e-02
-5.701841041445732117e-02
-4.247677326202392578e-02
-2.320603840053081512e-02
3.272352367639541626e-02
-8.440575748682022095e-02
8.301438391208648682e-02
2.375081554055213928e-02
1.517024189233779907e-01
5.245906859636306763e-02
6.315036863088607788e-02
-4.670979455113410950e-02
-2.780977229122072458e-04
-3.306568413972854614e-02
4.914117604494094849e-02
-1.158450245857238770e-01
4.584317654371261597e-02
-3.422931581735610962e-02
4.299681261181831360e-02
-1.279471628367900848e-02
-1.834490522742271423e-02
-3.871252760291099548e-02
6.364551954902708530e-04
-1.861245185136795044e-02
5.017829686403274536e-02
-1.001882553100585938e-01
3.320298716425895691e-02
-2.217297069728374481e-02
6.751813739538192749e-02
1.055016741156578064e-01
-1.216712035238742828e-02
4.657521471381187439e-02
9.477765113115310669e-02
-3.267195448279380798e-02
-7.361664623022079468e-02
-6.128719076514244080e-02
-5.065369978547096252e-02
-1.131337359547615051e-01
2.250362746417522430e-02
2.371339127421379089e-02
2.943688258528709412e-02
2.458709850907325745e-02
-1.371462494134902954e-01
9.373127669095993042e-02
-1.078685522079467773e-01
-6.085114181041717529e-02
2.718322724103927612e-02
4.786032065749168396e-02
-9.959958493709564209e-02
-2.497253753244876862e-02
-1.889871805906295776e-02
7.870803773403167725e-02
-3.040703013539314270e-02
1.110834330320358276e-01
1.739418357610702515e-01
-9.972234815359115601e-02
-1.079491078853607178e-01
2.588678337633609772e-02
-1.219355221837759018e-02
1.377477049827575684e-01
-4.115485772490501404e-02
1.104042753577232361e-01
