-9.189660847187042236e-02
-6.199461594223976135e-02
9.762478619813919067e-02
-7.114869356155395508e-02
-3.997579216957092285e-02
1.035671383142471313e-01
4.201737046241760254e-02
-1.443962901830673218e-01
1.172812953591346741e-01
4.381380230188369751e-02
-1.302941441535949707e-01
-6.388500332832336426e-02
1.316726505756378174e-01
-2.863607928156852722e-02
1.490656845271587372e-02
3.508577495813369751e-02
3.778083249926567078e-02
-9.586608409881591797e-02
4.262235015630722046e-02
2.355263568460941315e-02
6.811936944723129272e-02
-3.888710960745811462e-02
-5.712955025956034660e-04
-3.140004724264144897e-02
5.457588285207748413e-02
-6.502534262835979462e-03
1.944077387452125549e-02
-7.767745852470397949e-02
-1.199159473180770874e-01
-3.726163506507873535e-02
-4.296342283487319946e-02
-8.230821043252944946e-02
-2.453666552901268005e-02
1.009691506624221802e-01
-3.945922944694757462e-03
-2.725470624864101410e-02
-7.575277239084243774e-02
-3.048149496316909790e-02
1.873970776796340942e-02
3.009054809808731079e-02
-3.185768797993659973e-02
8.342380169779062271e-04
2.877392061054706573e-02
-6.694482266902923584e-02
1.266332715749740601e-01
5.151060596108436584e-02
2.121055684983730316e-02
-1.601620763540267944e-02
-5.944980308413505554e-02
-7.464542239904403687e-02
-4.317906871438026428e-02
7.047939300537109375e-02
-1.849150098860263824e-02
1.589014194905757904e-02
5.160365626215934753e-02
1.968157477676868439e-02
-6.371826678514480591e-02
-2.368198009207844734e-03
4.322807490825653076e-02
4.643879830837249756e-02
5.757322162389755249e-02
1.185565255582332611e-02
8.589715510606765747e-02
-1.296242177486419678e-01
-1.750489696860313416e-02
-2.114811912178993225e-02
-3.977197036147117615e-02
5.045251175761222839e-02
-4.666371271014213562e-02
-1.729677617549896240e-02
2.211519284173846245e-03
-5.003700498491525650e-03
-3.720489516854286194e-02
3.454469889402389526e-02
1.742160879075527191e-02
3.486224263906478882e-02
8.579643443226814270e-03
5.175646394491195679e-02
-6.874661147594451904e-02
4.059973359107971191e-02
-6.099633499979972839e-02
3.520276024937629700e-02
8.984093554317951202e-03
-1.192296817898750305e-01
-5.751626566052436829e-02
-1.292834244668483734e-02
4.551417380571365356e-02
9.860198944807052612e-02
-1.198086980730295181e-02
-3.569904714822769165e-02
2.745881862938404083e-02
-1.914951601065695286e-03
-9.805638343095779419e-02
3.780427202582359314e-02
-1.116889417171478271e-01
2.315998263657093048e-02
-1.018384546041488647e-01
3.451856598258018494e-02
-2.481693634763360023e-03
-1.929514342918992043e-03
-7.933812588453292847e-02
-2.386207319796085358e-02
-1.965660369023680687e-03
2.078338898718357086e-02
-3.970246016979217529e-02
-2.294720895588397980e-02
8.083871006965637207e-02
-1.431047101505100727e-03
4.472978785634040833e-02
-9.438604116439819336e-03
-5.664827302098274231e-02
1.159072853624820709e-02
-1.153177767992019653e-02
-2.171433530747890472e-02
-9.658712148666381836e-02
3.136443672701716423e-03
2.190394513309001923e-02
-8.101756125688552856e-02
-5.345004145056009293e-03
8.486291766166687012e-02
4.403925314545631409e-02
-3.602657839655876160e-02
2.778362482786178589e-03
2.989612985402345657e-03
1.109327375888824463e-02
7.052478939294815063e-02
-6.596098840236663818e-02
-9.100911766290664673e-02
-8.400043100118637085e-02
-2.937608771026134491e-02
4.639502614736557007e-02
-6.967458873987197876e-02
7.493276149034500122e-02
1.678371243178844452e-02
5.546541884541511536e-03
-6.105351075530052185e-02
1.238708570599555969e-01
-7.909914851188659668e-02
-5.170309543609619141e-02
-7.926802337169647217e-02
-5.038351938128471375e-02
-4.359599575400352478e-02
4.270226135849952698e-02
7.858068495988845825e-02
4.573184624314308167e-02
3.149522840976715088e-02
-4.323869198560714722e-02
9.174888953566551208e-03
6.114692613482475281e-02
-8.076734095811843872e-02
6.170811876654624939e-02
6.744229234755039215e-03
4.670766368508338928e-02
-9.550488740205764771e-02
3.297768533229827881e-02
3.744955733418464661e-02
9.456743486225605011e-03
1.261711567640304565e-01
-5.227267742156982422e-02
8.477617800235748291e-02
2.713931724429130554e-02
-1.022604294121265411e-03
-2.425111830234527588e-03
-1.567209698259830475e-02
-6.189564615488052368e-02
2.220505289733409882e-02
-3.902467340230941772e-02
-4.983101040124893188e-03
2.146745333448052406e-03
-5.258510634303092957e-02
1.897075586020946503e-02
-5.300715565681457520e-02
7.969548553228378296e-02
4.196147248148918152e-02
-5.822792276740074158e-02
-2.848128043115139008e-02
9.648961015045642853e-03
-3.959802165627479553e-02
1.110489200800657272e-02
-2.040760824456810951e-03
-6.389427930116653442e-02
2.316095866262912750e-02
4.979687556624412537e-02
-9.313638322055339813e-03
-5.549299344420433044e-02
1.241332478821277618e-02
-5.141943693161010742e-02
7.364783436059951782e-03
5.823174491524696350e-02
-6.413201242685317993e-02
-3.552914783358573914e-02
-5.816475674510002136e-02
8.326282352209091187e-02
-8.832956105470657349e-02
8.608748018741607666e-02
6.002017855644226074e-02
1.471675485372543335e-01
4.286934435367584229e-02
1.178896501660346985e-01
-6.908267270773649216e-03
-4.437035322189331055e-02
-2.744250372052192688e-02
2.955675683915615082e-02
-1.582095921039581299e-01
1.722596958279609680e-02
-4.200653731822967529e-02
6.111147254705429077e-02
-3.361538797616958618e-02
-1.562569290399551392e-02
-2.952742762863636017e-02
-3.566101565957069397e-02
-5.403827503323554993e-02
9.410759061574935913e-02
-9.390267729759216309e-02
1.383548974990844727e-02
-2.612011320888996124e-02
6.490705162286758423e-02
9.386052936315536499e-02
-3.804037347435951233e-03
5.690519884228706360e-02
8.130341768264770508e-02
-2.729902043938636780e-02
-6.946834921836853027e-02
-5.636040121316909790e-02
-7.778716832399368286e-02
-1.168381869792938232e-01
7.884553819894790649e-02
3.495545685291290283e-02
1.648471318185329437e-02
1.053126994520425797e-02
-2.363524734973907471e-01
1.207191124558448792e-01
-1.808107048273086548e-01
-4.550190642476081848e-02
5.482772737741470337e-02
7.583814859390258789e-02
-2.023725658655166626e-01
-5.743949860334396362e-02
-4.715068638324737549e-02
3.298554196953773499e-02
-3.952022176235914230e-03
8.889146149158477783e-02
1.179450079798698425e-01
-1.017076820135116577e-01
-4.623348638415336609e-02
8.246964775025844574e-03
-2.860530652105808258e-02
6.286738067865371704e-02
-3.256830200552940369e-02
7.589478790760040283e-02
