1.364582777023315430e-02
1.483984012156724930e-02
-4.683743417263031006e-02
-8.341852575540542603e-03
1.198931261897087097e-01
-1.106400229036808014e-02
4.918349906802177429e-02
2.759133651852607727e-02
4.605285450816154480e-02
-3.610646352171897888e-02
3.644391521811485291e-02
-4.060606285929679871e-02
-4.782086610794067383e-02
-2.551713585853576660e-02
5.514946207404136658e-02
1.056236028671264648e-02
8.436533808708190918e-02
-3.320880234241485596e-02
4.017499275505542755e-03
1.683109253644943237e-02
-4.691570252180099487e-02
8.151306211948394775e-02
5.160697037354111671e-04
-3.171934559941291809e-02
-1.831135526299476624e-02
1.111038494855165482e-02
1.629646518267691135e-03
8.807379007339477539e-02
-1.279647462069988251e-02
1.251982599496841431e-01
-1.560173276811838150e-02
-1.179755404591560364e-01
-5.269473791122436523e-02
1.291930675506591797e-02
2.289227209985256195e-03
6.959839258342981339e-03
-7.254239171743392944e-02
6.097403541207313538e-02
-9.409105777740478516e-02
6.972844898700714111e-02
-5.861149355769157410e-02
-1.033172229654155672e-04
-3.761523216962814331e-02
-9.861142188310623169e-02
4.274159297347068787e-02
8.411726355552673340e-02
1.371666193008422852e-01
-8.770133368670940399e-03
1.196399144828319550e-02
-8.955379016697406769e-03
-4.073129966855049133e-02
1.274105608463287354e-01
3.524645790457725525e-02
1.110342890024185181e-01
7.905508577823638916e-02
-4.615654051303863525e-02
-4.715019837021827698e-03
6.452077627182006836e-02
9.549164213240146637e-03
-7.413629442453384399e-02
-1.955475844442844391e-02
-1.159294024109840393e-01
6.967404484748840332e-02
-1.333631277084350586e-01
-3.336865082383155823e-02
3.669183328747749329e-02
5.991156026721000671e-02
2.718261070549488068e-02
6.710907816886901855e-02
-8.374947309494018555e-02
1.183815374970436096e-01
-3.557263687252998352e-02
-6.604264490306377411e-03
-3.541124984622001648e-02
-1.495729386806488037e-02
-9.137184359133243561e-03
2.495417930185794830e-02
1.727246679365634918e-02
-2.369567379355430603e-02
7.056674361228942871e-02
-7.360981404781341553e-02
5.221853032708168030e-02
3.014839254319667816e-02
-4.741162806749343872e-02
-2.738277055323123932e-02
7.060648407787084579e-03
-7.729228585958480835e-02
-2.465912699699401855e-02
7.996996492147445679e-02
-1.162854582071304321e-01
-7.043861551210284233e-04
1.198002249002456665e-01
2.673179097473621368e-02
5.627528578042984009e-02
-5.983760207891464233e-02
2.698106691241264343e-03
-6.764542311429977417e-02
-1.333013921976089478e-02
4.106831178069114685e-02
-6.329741794615983963e-03
-8.871246874332427979e-02
-2.585232630372047424e-02
-3.806992992758750916e-02
7.617828249931335449e-02
2.894602902233600616e-02
5.567693710327148438e-02
8.706213906407356262e-03
1.480116136372089386e-02
5.985111370682716370e-02
3.704215586185455322e-02
-1.173122674226760864e-01
-4.042883962392807007e-02
-6.384193897247314453e-02
-4.955887421965599060e-02
-7.184765301644802094e-03
-6.608972698450088501e-02
-9.838022291660308838e-03
3.095104359090328217e-02
-2.722026035189628601e-02
3.738688537850975990e-03
3.261537058278918266e-03
-4.966014996170997620e-02
-1.434075273573398590e-02
-2.615061402320861816e-02
-2.797047421336174011e-02
4.793263226747512817e-02
1.350427046418190002e-02
-2.034710161387920380e-02
7.888863980770111084e-02
-4.567793011665344238e-02
-2.723869681358337402e-02
-9.938489645719528198e-02
1.780978590250015259e-02
-9.228696115314960480e-03
1.179824769496917725e-01
8.298641070723533630e-03
-3.306765481829643250e-02
6.727293133735656738e-02
2.045834064483642578e-02
6.373693794012069702e-02
-1.100883167237043381e-02
-3.622473776340484619e-02
-8.736164309084415436e-03
-3.236923366785049438e-02
3.324563801288604736e-02
1.626418344676494598e-02
5.340579897165298462e-02
1.129558607935905457e-01
-3.537664189934730530e-03
7.501179818063974380e-03
-5.171625688672065735e-02
4.205537587404251099e-02
-4.562905430793762207e-02
-5.468013882637023926e-02
-2.884512208402156830e-02
9.337121248245239258e-02
4.081672430038452148e-02
-2.613402530550956726e-02
1.646506227552890778e-02
6.765360385179519653e-02
6.931327283382415771e-02
-3.951597213745117188e-02
-2.147303707897663116e-02
2.611393481492996216e-02
-3.385705873370170593e-02
-2.602044725790619850e-03
-6.780605763196945190e-02
-3.123441245406866074e-03
6.987515836954116821e-02
-2.938365563750267029e-02
3.401012346148490906e-02
1.531725656241178513e-02
2.574498392641544342e-02
5.606603622436523438e-02
-1.905173249542713165e-02
2.678361721336841583e-02
-2.694868249818682671e-03
-1.739732362329959869e-02
-5.204938352108001709e-04
6.721781939268112183e-02
7.380092144012451172e-02
-4.746450483798980713e-02
-3.178658336400985718e-02
-1.295043854042887688e-03
-4.293189197778701782e-02
-6.511262059211730957e-02
-6.047999858856201172e-02
-3.698522970080375671e-02
2.426636032760143280e-02
-3.950248658657073975e-02
-6.628961116075515747e-02
1.847466640174388885e-02
3.034037724137306213e-02
-1.093415841460227966e-01
6.875772029161453247e-02
2.363753877580165863e-02
1.513971686363220215e-01
4.879622906446456909e-02
2.343579195439815521e-02
2.511295117437839508e-02
3.140984475612640381e-02
-1.089885458350181580e-01
6.574760377407073975e-02
-7.487472146749496460e-02
-2.313704229891300201e-02
-1.566334515810012817e-01
8.262345194816589355e-02
-2.005211263895034790e-02
4.022872075438499451e-02
-3.236512467265129089e-02
5.411414895206689835e-03
4.288171604275703430e-02
5.909430328756570816e-03
-4.141386970877647400e-02
8.313586004078388214e-03
-3.746495814993977547e-03
-5.122729577124118805e-03
1.625469699501991272e-02
-6.049049273133277893e-02
9.428781270980834961e-02
6.818490475416183472e-02
4.462306573987007141e-02
-1.107789427042007446e-01
-7.171146105974912643e-03
1.217746641486883163e-02
-7.107289135456085205e-02
-3.753007389605045319e-03
-6.367603782564401627e-03
-2.084898203611373901e-02
1.018732935190200806e-01
-7.962977886199951172e-02
2.893905341625213623e-02
-1.302346885204315186e-01
-3.557837009429931641e-02
6.007317081093788147e-02
5.172093957662582397e-02
-1.119357645511627197e-01
-7.401840388774871826e-02
-1.102502271533012390e-02
9.742637723684310913e-02
-5.444977805018424988e-02
1.412069499492645264e-01
2.614922225475311279e-01
-1.958483457565307617e-01
-1.009733155369758606e-01
-3.820179402828216553e-02
-2.024298906326293945e-02
2.139887958765029907e-01
-4.565490037202835083e-02
1.961956173181533813e-01
