3.595408517867326736e-03
-2.712789177894592285e-02
-1.631807535886764526e-02
-5.842842534184455872e-02
-1.729246415197849274e-02
9.861645102500915527e-02
9.468708187341690063e-02
-6.960435956716537476e-02
1.070185750722885132e-01
5.484579503536224365e-02
5.015791580080986023e-02
-6.646280735731124878e-02
8.058718591928482056e-02
3.287716582417488098e-02
6.998056173324584961e-02
9.893558919429779053e-02
2.738581039011478424e-02
-2.661865390837192535e-02
-5.967155098915100098e-02
3.352148830890655518e-02
-2.753581479191780090e-02
-1.674429886043071747e-02
-3.261374682188034058e-02
-9.711178392171859741e-02
-2.143999189138412476e-02
-1.811520010232925415e-02
8.332697302103042603e-02
-2.368462644517421722e-02
-9.438221901655197144e-02
4.710378870368003845e-02
-9.239966049790382385e-03
-7.164434343576431274e-02
-1.148817613720893860e-01
1.039059087634086609e-01
3.246216475963592529e-02
4.024509713053703308e-02
-2.820300869643688202e-02
-1.258257683366537094e-02
-8.771204389631748199e-03
3.823304548859596252e-02
6.790564511902630329e-04
1.033511944115161896e-02
1.388991158455610275e-02
-7.266318798065185547e-02
1.494683176279067993e-01
8.637920953333377838e-03
7.222843170166015625e-02
5.465684831142425537e-02
-3.700409829616546631e-02
-6.827131658792495728e-02
-1.415678709745407104e-01
6.637700833380222321e-03
4.133291542530059814e-02
3.032185696065425873e-02
9.318783134222030640e-02
-2.386955171823501587e-02
-5.166022852063179016e-02
1.541099697351455688e-02
-1.217200700193643570e-02
-2.795998007059097290e-03
5.227217450737953186e-02
-1.121411249041557312e-01
6.378423422574996948e-02
-1.042100116610527039e-01
-6.751985102891921997e-02
1.653123088181018829e-02
1.254060212522745132e-02
-3.966324776411056519e-02
2.524299547076225281e-03
3.557905554771423340e-02
4.472514241933822632e-02
-1.973583549261093140e-02
-1.195953786373138428e-01
5.842340644448995590e-03
-1.773032732307910919e-02
-2.219931222498416901e-02
3.763282299041748047e-02
1.308445446193218231e-02
-4.585718736052513123e-02
1.004533842206001282e-01
1.768537238240242004e-02
6.145298853516578674e-02
5.533117800951004028e-03
-5.537030473351478577e-02
3.114642947912216187e-02
-8.501230180263519287e-02
-2.496555820107460022e-02
-4.047182574868202209e-02
-1.251750253140926361e-02
-5.474684014916419983e-02
-9.147591888904571533e-02
8.536878228187561035e-02
-7.794068008661270142e-02
-2.350639179348945618e-02
-1.970483548939228058e-02
5.541755817830562592e-03
-1.132420673966407776e-01
-4.237703979015350342e-02
5.729372147470712662e-03
-4.755200818181037903e-02
-6.887795776128768921e-02
1.183285843580961227e-02
-1.130059245042502880e-03
1.100639253854751587e-01
-7.442879024893045425e-03
3.185689274687319994e-04
-4.140371456742286682e-02
4.722121357917785645e-02
1.265098154544830322e-01
3.542024269700050354e-02
-3.399606794118881226e-02
5.380289629101753235e-02
-2.426600642502307892e-02
-3.204277157783508301e-02
-1.348131299018859863e-01
-4.533456638455390930e-02
-1.091560274362564087e-01
-2.167757041752338409e-02
-1.163931190967559814e-02
-1.219680812209844589e-02
4.760764166712760925e-02
-7.735255360603332520e-02
1.295138597488403320e-01
-1.303444057703018188e-01
4.006774351000785828e-02
1.001519411802291870e-01
-6.389600038528442383e-02
-1.223642099648714066e-02
-1.291448809206485748e-02
3.359287232160568237e-02
-3.563405945897102356e-02
-9.753743559122085571e-02
-5.589141510426998138e-03
-1.207687798887491226e-02
4.236459359526634216e-02
3.986429795622825623e-02
7.185065001249313354e-02
-2.322905324399471283e-02
-5.666380375623703003e-02
2.169558778405189514e-02
-7.141549140214920044e-02
-4.377964138984680176e-02
4.848424717783927917e-02
2.380250580608844757e-02
-1.891475357115268707e-02
8.192701637744903564e-02
7.263884693384170532e-02
-2.566978801041841507e-03
-1.495708245784044266e-02
2.904781885445117950e-02
-1.960033318027853966e-03
-3.093658247962594032e-03
-4.998810961842536926e-02
-1.264917254447937012e-01
-3.331385180354118347e-02
1.270807348191738129e-02
1.641833223402500153e-02
1.407961845397949219e-01
-4.683313891291618347e-02
4.397352412343025208e-02
2.072402648627758026e-02
5.410991609096527100e-02
-2.175434306263923645e-02
6.046794354915618896e-02
-7.412255555391311646e-02
2.289237454533576965e-02
-8.255637437105178833e-02
-2.365885674953460693e-02
2.375897578895092010e-02
-9.080539643764495850e-02
7.028429955244064331e-02
-3.816730901598930359e-02
3.684345260262489319e-02
1.006539613008499146e-01
4.131609946489334106e-02
9.731893427670001984e-03
6.681838631629943848e-02
1.601914875209331512e-02
-4.016491025686264038e-02
1.320330239832401276e-02
-3.719548508524894714e-02
-5.279821157455444336e-02
-1.859358511865139008e-02
4.100754112005233765e-02
-5.076760053634643555e-02
-5.421494320034980774e-02
-7.798711955547332764e-02
-1.280284076929092407e-01
8.889906108379364014e-02
-2.497887983918190002e-02
-9.302195161581039429e-02
9.470059536397457123e-03
6.309846043586730957e-02
-1.114021614193916321e-01
5.298480764031410217e-02
7.638496160507202148e-02
1.963713578879833221e-02
2.259400486946105957e-02
1.143929064273834229e-01
4.374241456389427185e-03
2.716020122170448303e-02
-6.570598483085632324e-02
1.976622641086578369e-02
-1.171051412820816040e-01
1.583906821906566620e-02
-6.022645160555839539e-02
4.951833188533782959e-02
-6.454919278621673584e-02
-1.923895440995693207e-02
-3.665738925337791443e-02
1.474278606474399567e-02
-2.459896169602870941e-02
1.492254342883825302e-02
-1.816426403820514679e-02
8.213223516941070557e-02
-1.187495794147253036e-02
6.353570520877838135e-02
1.710931360721588135e-01
2.204473316669464111e-02
5.844675004482269287e-02
5.347341299057006836e-02
-3.221657499670982361e-02
-1.086367294192314148e-01
-1.008376851677894592e-02
-1.269115041941404343e-02
-4.845970869064331055e-02
-2.577378042042255402e-02
3.522621095180511475e-02
-3.471343545243144035e-03
6.594694405794143677e-02
-9.007141739130020142e-02
1.494682282209396362e-01
-1.019987836480140686e-01
-3.981961309909820557e-02
1.031574457883834839e-01
1.165312156081199646e-01
-1.988825649023056030e-01
-6.799297034740447998e-02
-7.935221493244171143e-02
-1.203874405473470688e-02
8.443806320428848267e-03
1.385823041200637817e-01
9.089686721563339233e-02
-1.068189069628715515e-01
-7.903432846069335938e-02
-6.740100681781768799e-03
-4.984671995043754578e-02
9.635218977928161621e-02
1.823222078382968903e-02
6.167428568005561829e-03
