-1.052444577217102051e-01
-5.963443592190742493e-02
9.658385068178176880e-02
-6.324659287929534912e-02
-2.164195850491523743e-02
1.062473356723785400e-01
3.536890447139739990e-02
-1.342582553625106812e-01
9.476540982723236084e-02
3.324406594038009644e-02
-1.242440119385719299e-01
-5.581894516944885254e-02
1.157915741205215454e-01
-2.172262407839298248e-02
2.233004197478294373e-02
2.593173459172248840e-02
4.416683688759803772e-02
-8.066958189010620117e-02
2.300132624804973602e-02
3.980882838368415833e-02
7.104662805795669556e-02
-1.345497090369462967e-02
6.336077116429805756e-03
-1.650885120034217834e-02
5.914303660392761230e-02
2.316430211067199707e-03
5.022004246711730957e-03
-6.005028262734413147e-02
-1.460584849119186401e-01
-2.444601804018020630e-02
-4.423496127128601074e-02
-1.015651971101760864e-01
-1.354169379919767380e-02
9.188149124383926392e-02
1.356647815555334091e-03
-2.808260917663574219e-02
-8.962185680866241455e-02
-2.062609419226646423e-03
4.658122081309556961e-03
3.891856968402862549e-02
-3.401495516300201416e-02
-1.434107683598995209e-02
2.893037721514701843e-02
-6.754659861326217651e-02
8.143579959869384766e-02
6.123436242341995239e-02
3.232868388295173645e-02
-1.419870276004076004e-02
-7.170190662145614624e-02
-6.610927730798721313e-02
-5.721124634146690369e-02
1.011879891157150269e-01
-3.760757669806480408e-02
2.451290376484394073e-02
6.247371062636375427e-02
3.113659331575036049e-03
-4.946258291602134705e-02
3.187711350619792938e-03
3.878707066178321838e-02
3.981636837124824524e-02
4.433921724557876587e-02
-1.589019037783145905e-02
7.605414837598800659e-02
-1.416041105985641479e-01
-1.410720031708478928e-02
-2.694944851100444794e-02
-3.804849833250045776e-02
8.421305567026138306e-02
-4.344480857253074646e-02
-3.639595955610275269e-02
6.765102967619895935e-03
-7.173926103860139847e-03
-1.204268261790275574e-02
4.866668581962585449e-02
4.693974275141954422e-03
3.074841387569904327e-02
3.761247918009757996e-02
5.967198312282562256e-02
-9.207465499639511108e-02
5.967887490987777710e-02
-9.068187326192855835e-02
2.223032899200916290e-02
1.836911402642726898e-02
-1.300356388092041016e-01
-7.774936407804489136e-02
-6.649304646998643875e-03
4.800965636968612671e-02
1.027179881930351257e-01
-8.253534324467182159e-03
-2.596071548759937286e-02
1.989978924393653870e-02
-8.574396371841430664e-03
-8.137989044189453125e-02
5.103106424212455750e-02
-1.243167072534561157e-01
2.223980054259300232e-02
-9.448447078466415405e-02
2.255083620548248291e-02
1.815064810216426849e-02
-1.361889112740755081e-02
-7.976521551609039307e-02
-2.531793899834156036e-02
-1.481272559612989426e-02
6.106356158852577209e-03
-3.131405264139175415e-02
-3.947012498974800110e-02
7.954327017068862915e-02
-1.700442098081111908e-02
3.070954605937004089e-02
-1.359482761472463608e-02
-6.349818408489227295e-02
1.233095675706863403e-02
-1.084385998547077179e-02
-1.674811914563179016e-02
-9.063351899385452271e-02
2.949353074654936790e-03
2.597830072045326233e-02
-7.535343617200851440e-02
-1.846065372228622437e-02
9.765554219484329224e-02
5.012204125523567200e-02
-4.602251574397087097e-02
-3.198463097214698792e-02
1.539904810488224030e-02
1.431473437696695328e-02
7.273377478122711182e-02
-5.874609202146530151e-02
-9.200023114681243896e-02
-5.796367302536964417e-02
-2.267662622034549713e-02
3.118349984288215637e-02
-5.515757203102111816e-02
4.080224409699440002e-02
2.830162271857261658e-02
1.032148115336894989e-02
-4.356689751148223877e-02
9.089782834053039551e-02
-3.398809209465980530e-02
-1.141765993088483810e-02
-4.378916323184967041e-02
-1.081278920173645020e-02
-3.640234842896461487e-02
3.738946840167045593e-02
7.420310378074645996e-02
6.519366800785064697e-02
2.234427258372306824e-02
-3.042634017765522003e-02
3.316817805171012878e-02
4.863191768527030945e-02
-7.020431011915206909e-02
4.115696996450424194e-02
-1.171944569796323776e-02
3.281286731362342834e-02
-6.729737669229507446e-02
2.181914076209068298e-02
6.240089610219001770e-02
1.929245889186859131e-02
8.181558549404144287e-02
-4.842228442430496216e-02
7.031670212745666504e-02
2.319682948291301727e-02
2.379477227805182338e-04
1.580561511218547821e-02
-1.467830874025821686e-02
-6.845223158597946167e-02
3.980541601777076721e-02
-3.547471016645431519e-02
-7.713838713243603706e-04
1.647792197763919830e-02
-8.775637298822402954e-02
3.969991579651832581e-02
-6.623244285583496094e-02
8.454638719558715820e-02
2.793500386178493500e-02
-7.824537903070449829e-02
-2.914278022944927216e-02
-3.220198675990104675e-02
-4.431417584419250488e-02
1.820300240069627762e-03
1.427959743887186050e-02
-4.438288509845733643e-02
1.691857003606855869e-03
5.878386646509170532e-02
-1.657344028353691101e-02
-6.260453909635543823e-02
2.637832425534725189e-02
-5.294440314173698425e-02
2.695986069738864899e-02
5.915533378720283508e-02
-8.321781456470489502e-02
-7.273628842085599899e-03
-6.293790787458419800e-02
7.712252438068389893e-02
-8.713053166866302490e-02
1.047012656927108765e-01
5.073550716042518616e-02
1.770228296518325806e-01
5.582656338810920715e-02
8.497086167335510254e-02
-4.742064338643103838e-04
-4.976054653525352478e-02
-3.161050751805305481e-02
3.906403854489326477e-02
-1.578179299831390381e-01
2.473365329205989838e-02
-5.446463450789451599e-02
7.455253601074218750e-02
-1.459700055420398712e-02
-1.153489667922258377e-02
-4.033768549561500549e-02
-1.605091243982315063e-02
-4.605526104569435120e-02
8.411227166652679443e-02
-9.015013277530670166e-02
1.137502025812864304e-02
-1.589666493237018585e-02
5.023198947310447693e-02
8.151365071535110474e-02
4.277036350686103106e-05
8.087106794118881226e-02
1.005531251430511475e-01
-6.119595374912023544e-03
-7.791599631309509277e-02
-7.045052200555801392e-02
-8.699066936969757080e-02
-1.478338092565536499e-01
6.725200265645980835e-02
2.884034067392349243e-02
2.611997351050376892e-02
4.302061628550291061e-03
-2.502768337726593018e-01
1.024079844355583191e-01
-1.908398717641830444e-01
-7.409887015819549561e-02
4.548963904380798340e-02
6.168268993496894836e-02
-1.713347882032394409e-01
-5.350486561655998230e-02
-1.120536774396896362e-02
3.468040376901626587e-02
-6.749066524207592010e-04
1.012530401349067688e-01
1.294016242027282715e-01
-1.245693489909172058e-01
-4.780370742082595825e-02
2.693275455385446548e-04
-1.305101159960031509e-02
7.143984735012054443e-02
-2.579043805599212646e-02
9.475465863943099976e-02
