-1.189235821366310120e-01
-4.943346604704856873e-02
5.978853255510330200e-02
-5.685735121369361877e-02
7.746363990008831024e-03
8.002407103776931763e-02
1.667050272226333618e-02
-1.506710946559906006e-01
1.123135164380073547e-01
5.706572160124778748e-02
-1.115877851843833923e-01
-6.592907756567001343e-02
1.060581877827644348e-01
-1.413891674019396305e-03
1.665244624018669128e-02
5.212763324379920959e-02
3.289730474352836609e-02
-8.622940629720687866e-02
4.141826555132865906e-02
4.327333346009254456e-02
6.350655108690261841e-02
-2.384790591895580292e-02
-1.045206841081380844e-02
-2.620377950370311737e-02
1.804648712277412415e-02
9.311626665294170380e-03
3.201267123222351074e-02
-3.445338085293769836e-02
-1.056933701038360596e-01
2.112199924886226654e-02
-3.907267376780509949e-02
-7.402741163969039917e-02
2.117135096341371536e-03
8.685094118118286133e-02
-3.280586749315261841e-02
-4.664068296551704407e-02
-9.031838923692703247e-02
9.584692306816577911e-03
-7.402573712170124054e-03
1.930548064410686493e-02
-4.695377126336097717e-02
-2.700618840754032135e-02
2.046187035739421844e-02
-7.937262952327728271e-02
1.000819951295852661e-01
8.850280195474624634e-02
6.285575777292251587e-02
1.480120606720447540e-02
-3.954737633466720581e-02
-5.564478412270545959e-02
-7.182185351848602295e-02
1.258438229560852051e-01
-3.514959290623664856e-02
5.908524990081787109e-02
6.471259146928787231e-02
-2.566755563020706177e-02
-3.585119917988777161e-02
3.561939299106597900e-02
5.002968013286590576e-02
1.100785285234451294e-02
5.337764695286750793e-02
-4.752450436353683472e-02
1.072425097227096558e-01
-1.402594447135925293e-01
9.882492013275623322e-04
1.030846592038869858e-02
-6.455694884061813354e-02
9.541523456573486328e-02
-2.678375132381916046e-02
-7.570057362318038940e-02
6.519446521997451782e-02
-3.631276264786720276e-02
-7.617020979523658752e-03
7.375165075063705444e-02
3.076685965061187744e-02
2.910610847175121307e-02
1.913569495081901550e-02
4.388234019279479980e-02
-8.801713585853576660e-02
1.014047563076019287e-01
-8.405131846666336060e-02
1.811041124165058136e-02
3.179831430315971375e-02
-1.112102121114730835e-01
-8.479155600070953369e-02
1.076426357030868530e-03
3.128838166594505310e-02
1.091612204909324646e-01
2.311122789978981018e-02
-4.609003663063049316e-02
3.106541559100151062e-02
2.862831391394138336e-02
-1.118324920535087585e-01
5.986135452985763550e-02
-7.355801016092300415e-02
-1.998094841837882996e-02
-9.303685277700424194e-02
6.266346573829650879e-02
-3.493063617497682571e-03
-1.923821866512298584e-02
-1.124320402741432190e-01
-8.426824584603309631e-03
-4.797004908323287964e-02
1.146076992154121399e-02
-5.665056034922599792e-02
-4.670181125402450562e-02
7.840197533369064331e-02
1.518074981868267059e-02
3.805277124047279358e-02
-2.128635905683040619e-02
-7.220288366079330444e-02
1.930154114961624146e-02
-1.175836008042097092e-02
-4.403657466173171997e-02
-9.341101348400115967e-02
-4.210632294416427612e-02
3.790522739291191101e-02
-4.187890887260437012e-02
2.352174744009971619e-02
9.269055724143981934e-02
5.787787958979606628e-02
-3.990513458847999573e-02
-1.601811125874519348e-02
2.177233435213565826e-02
3.673475235700607300e-03
7.787874341011047363e-02
-5.224491283297538757e-02
-1.019148230552673340e-01
-2.659960463643074036e-02
-1.473835296928882599e-02
-2.178132347762584686e-02
-4.210638627409934998e-02
4.216526076197624207e-02
2.108960598707199097e-02
1.787154935300350189e-02
-3.672936186194419861e-02
5.560729280114173889e-02
-8.780639618635177612e-03
-2.305224537849426270e-02
-7.920423522591590881e-03
-1.270840410143136978e-02
-6.630958616733551025e-02
4.262420162558555603e-02
4.662236571311950684e-02
8.610354363918304443e-02
1.801010407507419586e-02
-3.229007497429847717e-02
5.601167678833007812e-02
7.567699253559112549e-02
-5.070557817816734314e-02
2.125241234898567200e-02
4.227190744131803513e-03
2.849798765964806080e-04
-9.113103896379470825e-02
-1.922963652759790421e-03
7.091670483350753784e-02
2.136321505531668663e-03
5.811262130737304688e-02
-3.677216544747352600e-02
1.024972200393676758e-01
1.799604482948780060e-02
-3.044784441590309143e-02
1.643907465040683746e-02
1.738700957503169775e-04
-4.241876304149627686e-02
1.834715530276298523e-02
-6.030447781085968018e-02
1.204627449624240398e-03
2.731129527091979980e-02
-7.312257587909698486e-02
1.602770388126373291e-02
-6.342919915914535522e-02
5.666107684373855591e-02
4.145488888025283813e-02
-3.179609403014183044e-02
-4.556560143828392029e-02
-2.989957854151725769e-02
-1.496523804962635040e-02
-5.986526608467102051e-03
5.467844381928443909e-02
-1.308732945472002029e-02
1.098247058689594269e-02
4.945973306894302368e-02
-1.362971961498260498e-02
-5.501049757003784180e-02
2.683475241065025330e-02
-3.133012726902961731e-02
5.721004679799079895e-03
4.591594263911247253e-02
-4.233954474329948425e-02
-4.017543047666549683e-03
-3.448244556784629822e-02
5.986330658197402954e-02
-1.162900924682617188e-01
1.347901374101638794e-01
4.726158082485198975e-02
1.829334050416946411e-01
6.066108122467994690e-02
7.270349562168121338e-02
-2.178683690726757050e-02
-5.617293994873762131e-03
-1.044658478349447250e-02
3.578842431306838989e-02
-1.688969880342483521e-01
-1.505297701805830002e-02
-4.434107616543769836e-02
6.224503740668296814e-02
2.813644707202911377e-03
1.213665772229433060e-02
-2.980874851346015930e-02
1.946898736059665680e-02
-2.001510560512542725e-02
6.046732142567634583e-02
-7.015164196491241455e-02
1.680222153663635254e-02
-1.125749759376049042e-02
5.671597644686698914e-02
5.158186703920364380e-02
-9.564154781401157379e-03
7.143296301364898682e-02
9.168627858161926270e-02
-2.412397228181362152e-02
-1.023697480559349060e-01
-7.040220499038696289e-02
-1.003665477037429810e-01
-1.762289851903915405e-01
6.429871916770935059e-02
3.366952762007713318e-02
7.806041277945041656e-03
1.350725162774324417e-02
-1.960580497980117798e-01
7.403343170881271362e-02
-1.445127427577972412e-01
-4.512932896614074707e-02
1.908762566745281219e-02
4.326159879565238953e-02
-1.578486263751983643e-01
-3.512826561927795410e-02
-6.448314059525728226e-03
6.789876520633697510e-02
-2.062124945223331451e-02
6.366340816020965576e-02
1.717523783445358276e-01
-1.355632990598678589e-01
-1.036601662635803223e-01
-1.682386174798011780e-02
-2.495334018021821976e-03
9.493227303028106689e-02
-5.152987316250801086e-02
1.440160274505615234e-01
