-5.246581882238388062e-02
-4.228821024298667908e-03
-4.935678839683532715e-02
1.648530550301074982e-02
7.413326203823089600e-02
-1.216751756146550179e-03
6.549616158008575439e-02
1.455158181488513947e-02
6.579329073429107666e-02
1.102254912257194519e-02
-4.864717833697795868e-03
-2.200257219374179840e-02
-6.369315087795257568e-04
-3.361523896455764771e-02
6.682883203029632568e-02
-4.738592356443405151e-02
5.982752889394760132e-02
-2.470286935567855835e-02
-2.021323889493942261e-02
3.466741368174552917e-02
7.255406817421317101e-04
3.717166930437088013e-02
-3.609336540102958679e-02
2.414275705814361572e-02
-2.389486692845821381e-02
-1.395682618021965027e-02
-3.300159424543380737e-02
1.009574532508850098e-01
-8.418498933315277100e-02
5.005701631307601929e-02
-2.414290048182010651e-02
-9.660524129867553711e-02
-4.882281646132469177e-03
8.140713721513748169e-02
-1.185474544763565063e-02
-1.082351151853799820e-02
-8.937376737594604492e-02
7.409366220235824585e-02
-8.551450818777084351e-02
5.068553611636161804e-02
-3.164541721343994141e-02
-4.124848544597625732e-02
-3.492401540279388428e-02
-9.408674389123916626e-02
1.400082111358642578e-01
1.926642656326293945e-01
1.429550051689147949e-01
-2.578636445105075836e-02
-8.087781816720962524e-02
-5.660907179117202759e-02
-5.280186235904693604e-02
1.872861534357070923e-01
-1.707183080725371838e-03
1.681326031684875488e-01
1.191589981317520142e-01
-8.214604854583740234e-02
-6.478698924183845520e-03
5.554660782217979431e-02
3.315427526831626892e-02
-8.759257197380065918e-02
2.212755754590034485e-02
-9.193933755159378052e-02
1.195264756679534912e-01
-1.776357889175415039e-01
-2.168477512896060944e-02
3.139974921941757202e-02
1.998848840594291687e-02
3.498780354857444763e-02
-4.994193091988563538e-03
-8.565214276313781738e-02
1.090043336153030396e-01
-4.015868529677391052e-02
-4.825393483042716980e-02
6.373561918735504150e-02
-5.383033771067857742e-03
-3.479248657822608948e-02
1.259332988411188126e-02
6.466253846883773804e-02
-4.369714856147766113e-02
8.597623556852340698e-02
-6.845251470804214478e-02
3.687372058629989624e-02
3.218693658709526062e-02
-8.765669912099838257e-02
-6.255041062831878662e-02
1.317555643618106842e-02
-5.441620014607906342e-03
5.131192039698362350e-03
5.981981009244918823e-02
-1.111594215035438538e-01
1.052018813788890839e-02
7.099728286266326904e-02
-1.456385850906372070e-02
1.098703444004058838e-01
-1.125420182943344116e-01
9.176029823720455170e-03
-6.530971825122833252e-02
-6.740381475538015366e-03
1.836717687547206879e-02
1.363825239241123199e-02
-3.895243257284164429e-02
-2.974357269704341888e-02
-2.895834110677242279e-02
4.875219240784645081e-02
3.308675810694694519e-02
3.502150997519493103e-02
5.961554124951362610e-02
8.863546885550022125e-03
7.081632316112518311e-02
2.476428449153900146e-02
-1.172398626804351807e-01
4.528232850134372711e-03
-6.571582704782485962e-02
-6.657163053750991821e-02
-5.461898073554039001e-02
-6.370227783918380737e-02
2.408717200160026550e-02
2.279904484748840332e-02
-2.809697948396205902e-02
1.669881865382194519e-02
2.352116070687770844e-02
-7.080513238906860352e-02
5.338350776582956314e-03
3.903137985616922379e-03
1.049363333731889725e-02
4.423295706510543823e-02
-7.440374698489904404e-03
-6.053158640861511230e-02
3.759959712624549866e-02
-5.564342439174652100e-02
2.311581000685691833e-02
-1.580496728420257568e-01
3.284635767340660095e-02
5.947391968220472336e-03
7.215528190135955811e-02
-2.181004732847213745e-02
4.170011729001998901e-02
7.262609899044036865e-03
3.897328302264213562e-02
8.954551070928573608e-02
-7.032966706901788712e-03
-4.787837341427803040e-02
6.551528722047805786e-02
4.095410928130149841e-02
1.834201440215110779e-02
2.191344648599624634e-02
2.647310122847557068e-02
1.566377431154251099e-01
-4.832789301872253418e-03
6.864583119750022888e-04
-8.992191404104232788e-03
2.423511352390050888e-03
-5.762748047709465027e-02
-8.807548880577087402e-02
2.498938329517841339e-02
1.107912436127662659e-01
6.425815075635910034e-02
5.029458552598953247e-02
-3.879181668162345886e-02
9.689817577600479126e-02
4.847447946667671204e-02
-4.139851033687591553e-02
4.567953944206237793e-02
7.535061798989772797e-03
-2.630702964961528778e-02
7.334069814532995224e-03
-2.037436887621879578e-02
-2.777281217277050018e-02
5.606158822774887085e-02
-2.167264744639396667e-02
7.849530130624771118e-02
2.882095612585544586e-02
-2.926470525562763214e-02
6.451778113842010498e-02
-2.844626270234584808e-02
3.222686424851417542e-02
-9.110677987337112427e-03
-1.206694543361663818e-02
-1.583770290017127991e-02
5.638043954968452454e-02
4.185144975781440735e-02
-8.873683959245681763e-02
-5.493565648794174194e-02
-6.316339224576950073e-02
-4.593767225742340088e-03
-5.153189226984977722e-02
-5.512546002864837646e-02
-4.341032356023788452e-02
3.082297928631305695e-02
-3.379520773887634277e-02
-4.221419245004653931e-02
-2.348991297185420990e-02
1.416768692433834076e-02
-1.244681552052497864e-01
5.665762722492218018e-02
6.308588385581970215e-02
1.345718353986740112e-01
3.096919134259223938e-02
3.490578755736351013e-02
-1.072694826871156693e-02
1.351243630051612854e-02
-7.814490050077438354e-02
5.456282198429107666e-02
-7.290229946374893188e-02
-3.319493029266595840e-03
-1.338116526603698730e-01
5.684125423431396484e-02
3.551723062992095947e-02
1.072144228965044022e-02
1.931302831508219242e-03
7.008376531302928925e-03
-2.264849143102765083e-03
3.352917358279228210e-02
-7.585725933313369751e-02
-3.450949210673570633e-03
-6.501887924969196320e-03
8.229448460042476654e-03
-1.778652518987655640e-02
-3.585385531187057495e-02
8.153255283832550049e-02
8.889860659837722778e-02
3.690290078520774841e-02
-1.118320897221565247e-01
2.726428024470806122e-02
-8.523773401975631714e-03
-7.488282769918441772e-02
-2.908544242382049561e-02
-5.102325603365898132e-02
-3.539641946554183960e-02
9.119969606399536133e-02
-4.720389097929000854e-02
4.212384670972824097e-02
-1.001832261681556702e-01
5.744335241615772247e-03
4.509263113141059875e-02
4.686890169978141785e-02
-8.823405206203460693e-02
-4.276373609900474548e-02
-5.635061301290988922e-03
7.153055071830749512e-02
-2.230811677873134613e-02
7.119546830654144287e-02
1.936172395944595337e-01
-1.384669393301010132e-01
-7.389673590660095215e-02
-3.825588524341583252e-02
-4.790649190545082092e-02
1.655909866094589233e-01
-8.098211139440536499e-02
1.176838278770446777e-01
