-1.118515282869338989e-01
-1.687226630747318268e-02
5.487250536680221558e-02
-7.961120456457138062e-03
-4.938186705112457275e-02
7.321664690971374512e-02
9.923994541168212891e-03
-6.726675480604171753e-02
7.682453840970993042e-02
5.135250091552734375e-02
-1.132252961397171021e-01
-3.799527138471603394e-02
8.765168488025665283e-02
1.566781476140022278e-02
1.198224630206823349e-02
-5.567729240283370018e-04
2.419994212687015533e-02
-6.046193838119506836e-02
-9.833793155848979950e-03
6.087972596287727356e-02
3.059371374547481537e-02
5.821060389280319214e-03
-2.473646402359008789e-02
3.503433242440223694e-02
2.096835710108280182e-02
-1.833296939730644226e-02
3.853374719619750977e-02
-7.762226462364196777e-02
-1.165515333414077759e-01
-8.726565539836883545e-02
5.896396003663539886e-03
-6.019208952784538269e-02
4.421254992485046387e-02
6.728371232748031616e-02
4.194769077003002167e-03
-5.232087150216102600e-02
-3.723097965121269226e-02
7.717223372310400009e-03
4.516805708408355713e-02
-2.898235432803630829e-02
-3.403569012880325317e-02
-5.501712486147880554e-02
-8.221884258091449738e-03
-2.855368144810199738e-02
9.427835792303085327e-02
1.243283823132514954e-01
3.101454582065343857e-03
-3.993436321616172791e-02
-7.033763825893402100e-02
-7.116132974624633789e-02
-5.270103737711906433e-02
8.437167108058929443e-02
-4.641393572092056274e-02
6.792308390140533447e-02
6.111479178071022034e-02
2.395458985120058060e-03
-2.480786666274070740e-02
4.884252790361642838e-03
1.940666697919368744e-02
1.348068937659263611e-02
1.013770028948783875e-01
1.001817989163100719e-03
9.501531720161437988e-02
-1.552612483501434326e-01
9.314624592661857605e-03
-9.347763843834400177e-03
-4.356591030955314636e-02
1.257481724023818970e-01
-9.198521822690963745e-02
-5.300519242882728577e-02
-2.175153791904449463e-02
-7.250362634658813477e-02
-1.402529515326023102e-02
1.075339615345001221e-01
1.769143901765346527e-02
9.597085299901664257e-04
4.390741512179374695e-02
3.337665274739265442e-02
-1.006183475255966187e-01
3.780275583267211914e-02
-8.278968930244445801e-02
1.402285788208246231e-02
4.445252940058708191e-02
-1.189738586544990540e-01
-8.679109811782836914e-02
3.529845550656318665e-02
3.822541236877441406e-02
1.216601058840751648e-01
-2.847484126687049866e-02
-2.481885813176631927e-02
6.214633211493492126e-02
-2.141743339598178864e-02
-7.399015128612518311e-02
9.746065735816955566e-02
-1.273142993450164795e-01
2.076839655637741089e-02
-7.105869054794311523e-02
3.495229780673980713e-02
-3.554216772317886353e-02
1.103627588599920273e-02
-5.806347355246543884e-02
-2.871714159846305847e-02
-1.046658866107463837e-02
-5.035989917814731598e-03
-5.534045770764350891e-02
-3.439863771200180054e-02
8.057058602571487427e-02
-2.885604463517665863e-02
8.022973313927650452e-03
-1.833334937691688538e-02
-9.680005908012390137e-02
2.096839621663093567e-02
-4.285907000303268433e-02
-8.177934587001800537e-02
-1.144227981567382812e-01
6.897142622619867325e-03
8.747387677431106567e-02
-1.089673191308975220e-01
2.782689593732357025e-02
5.052051320672035217e-02
9.292089194059371948e-02
-6.512230634689331055e-02
4.511751234531402588e-03
-3.567750751972198486e-02
2.758272364735603333e-02
4.188408330082893372e-02
-6.614155322313308716e-02
-9.298846125602722168e-02
-6.170447915792465210e-02
-5.596175417304039001e-02
7.527822256088256836e-02
-8.091676980257034302e-02
4.722976312041282654e-02
4.991940036416053772e-02
-5.715899169445037842e-02
-2.289222739636898041e-02
1.244723722338676453e-01
-1.172458231449127197e-01
-2.407435886561870575e-02
-4.047707840800285339e-02
-3.118903841823339462e-03
-3.521935269236564636e-02
4.936100542545318604e-02
9.958706051111221313e-02
4.778676107525825500e-02
-2.396203577518463135e-02
-4.806464165449142456e-02
6.197938323020935059e-02
6.531275808811187744e-02
-2.893546968698501587e-02
9.461628645658493042e-02
-5.833831056952476501e-02
-2.406697021797299385e-03
-6.549158692359924316e-02
-3.086491301655769348e-02
8.719914406538009644e-02
2.191753499209880829e-02
9.079654514789581299e-02
-7.713705301284790039e-02
7.310672104358673096e-02
-4.969381727278232574e-03
-3.088291548192501068e-02
1.359031908214092255e-02
-7.077484391629695892e-03
-5.376501381397247314e-02
4.307746142148971558e-02
1.076999958604574203e-02
-4.762657359242439270e-02
4.651072435081005096e-03
-3.560766205191612244e-02
4.348396882414817810e-02
1.565781794488430023e-02
4.790258780121803284e-02
5.359694827347993851e-03
-4.544451832771301270e-02
-1.949716545641422272e-02
-2.534647844731807709e-02
2.508262917399406433e-02
3.138900175690650940e-02
1.765811443328857422e-02
1.236362010240554810e-02
1.414202060550451279e-02
2.591684646904468536e-02
-4.432278499007225037e-02
-1.039524935185909271e-02
6.140343099832534790e-02
1.686187833547592163e-02
-1.463777013123035431e-02
5.397378699854016304e-04
-2.046118304133415222e-02
-5.146833136677742004e-03
-1.646505109965801239e-02
5.612847954034805298e-02
-9.955943375825881958e-02
1.049703881144523621e-01
6.257282197475433350e-02
1.562521308660507202e-01
1.722714304924011230e-02
8.993116021156311035e-02
-5.123314633965492249e-02
-1.463232003152370453e-02
9.080106392502784729e-03
2.967544272541999817e-02
-1.046408414840698242e-01
-2.182131283916532993e-04
-1.143305748701095581e-02
5.646567791700363159e-02
5.833529308438301086e-02
-7.779000326991081238e-03
-3.304681181907653809e-02
-2.072646841406822205e-02
-5.682950094342231750e-02
5.496314913034439087e-02
-2.974117547273635864e-02
-1.822184026241302490e-02
-2.033008786384016275e-05
1.662943139672279358e-02
3.583407774567604065e-02
1.758400723338127136e-02
5.552637204527854919e-02
8.167792111635208130e-02
7.373247295618057251e-03
-3.234841674566268921e-02
-2.773882821202278137e-02
-7.871084660291671753e-02
-1.338529884815216064e-01
7.042202353477478027e-02
1.263890229165554047e-02
4.240857809782028198e-02
-1.224373746663331985e-02
-2.341929227113723755e-01
7.360649853944778442e-02
-1.892931014299392700e-01
-8.655132353305816650e-02
4.554142057895660400e-02
8.058990538120269775e-02
-1.865056306123733521e-01
-3.172009810805320740e-02
-3.251355886459350586e-02
6.098994240164756775e-02
1.214700564742088318e-02
1.136356890201568604e-01
1.123883947730064392e-01
-1.185534372925758362e-01
-7.472399622201919556e-02
3.750002710148692131e-03
-6.396439392119646072e-03
1.191649436950683594e-01
-1.964140497148036957e-02
1.189787462353706360e-01
