-1.258471608161926270e-01
-5.478093400597572327e-02
8.193127810955047607e-02
-6.172717735171318054e-02
-4.471055418252944946e-02
9.420473873615264893e-02
2.580806426703929901e-02
-1.830110400915145874e-01
1.140121445059776306e-01
5.722529068589210510e-02
-1.481494009494781494e-01
-9.039758890867233276e-02
1.548221111297607422e-01
-1.061383727937936783e-02
5.720783490687608719e-03
3.367736935615539551e-02
4.147727787494659424e-02
-8.642321079969406128e-02
4.896165430545806885e-02
1.396154798567295074e-02
7.042507082223892212e-02
-6.898723542690277100e-02
1.650620996952056885e-02
-2.233367413282394409e-02
5.302464216947555542e-02
9.636069647967815399e-03
4.861560184508562088e-03
-8.873035013675689697e-02
-6.963495165109634399e-02
-2.222933061420917511e-02
-3.636140748858451843e-02
-6.049113348126411438e-02
-3.677289560437202454e-02
6.531287729740142822e-02
-5.615685135126113892e-03
-2.804286219179630280e-02
-9.129650145769119263e-02
-2.886127866804599762e-02
3.226551413536071777e-02
3.483406454324722290e-02
-4.919314384460449219e-02
8.717797696590423584e-03
4.697025939822196960e-02
-5.908007919788360596e-02
1.114594340324401855e-01
2.514934167265892029e-02
4.366342909634113312e-03
9.216766338795423508e-04
-2.589839510619640350e-02
-8.663705736398696899e-02
-6.529710441827774048e-02
4.040468111634254456e-02
-3.403251245617866516e-02
2.294260542839765549e-03
1.741441525518894196e-02
1.835956051945686340e-02
-5.930399522185325623e-02
-1.016642339527606964e-02
4.152093455195426941e-02
5.820829421281814575e-02
7.683084160089492798e-02
3.212806303054094315e-03
7.004930078983306885e-02
-9.037326276302337646e-02
-8.978725410997867584e-03
-2.315330132842063904e-02
-5.231532827019691467e-02
6.587841361761093140e-02
-3.812849894165992737e-02
-5.115668475627899170e-02
2.085771597921848297e-02
1.189587544649839401e-02
-3.198973461985588074e-02
4.216453433036804199e-02
1.166536565870046616e-02
7.154291868209838867e-02
3.053402714431285858e-02
3.711853548884391785e-02
-6.922268122434616089e-02
5.802301689982414246e-02
-6.819149851799011230e-02
1.376402215100824833e-03
-4.885118454694747925e-03
-9.405577927827835083e-02
-4.213671386241912842e-02
-1.842719130218029022e-02
5.061342939734458923e-02
1.075395122170448303e-01
-8.940577390603721142e-04
-3.617127658799290657e-03
3.058565035462379456e-02
-6.542048882693052292e-03
-1.129004135727882385e-01
1.668253447860479355e-03
-6.859995424747467041e-02
1.556339487433433533e-02
-8.550342172384262085e-02
4.186680912971496582e-02
-1.509142760187387466e-02
-1.514039281755685806e-02
-7.246514409780502319e-02
5.643023177981376648e-03
-1.393252424895763397e-02
-3.037860803306102753e-02
-6.613683700561523438e-02
-5.583266913890838623e-02
7.002779841423034668e-02
-1.234410889446735382e-02
4.641420394182205200e-02
-1.946558430790901184e-02
-2.539418078958988190e-02
1.211265567690134048e-03
2.005453966557979584e-02
-4.999139346182346344e-03
-8.102500438690185547e-02
3.789919719565659761e-04
6.248766090720891953e-03
-6.927450746297836304e-02
8.023539558053016663e-03
7.886820286512374878e-02
4.585183411836624146e-02
-1.264067646116018295e-02
5.319085903465747833e-03
1.987527497112751007e-02
-9.680058807134628296e-03
5.037445947527885437e-02
-7.339698821306228638e-02
-8.601016551256179810e-02
-8.858733624219894409e-02
4.981760401278734207e-03
1.550009474158287048e-02
-2.357792342081665993e-03
3.635105863213539124e-02
1.640964485704898834e-02
2.845018869265913963e-03
-4.719156026840209961e-02
7.650541514158248901e-02
-5.678978934884071350e-02
-4.787781834602355957e-02
-8.310568332672119141e-02
-4.336710646748542786e-02
-3.525386750698089600e-02
1.881363429129123688e-02
4.243988543748855591e-02
7.417301088571548462e-02
2.266589924693107605e-02
-6.731040775775909424e-02
-4.565996304154396057e-02
8.701499551534652710e-02
-1.015641242265701294e-01
6.508366763591766357e-02
5.386866163462400436e-03
4.655681550502777100e-02
-8.161746710538864136e-02
1.170397084206342697e-02
1.551202218979597092e-02
-2.790033817291259766e-02
8.954974263906478882e-02
-2.266488224267959595e-02
5.407071858644485474e-02
-3.652209788560867310e-02
-1.421678066253662109e-02
1.596492342650890350e-02
-2.841738611459732056e-02
-5.581946298480033875e-02
2.545389905571937561e-02
-2.027772739529609680e-02
3.556932508945465088e-02
1.043939962983131409e-03
-6.139556318521499634e-02
-3.434297069907188416e-02
-5.379487946629524231e-02
5.871221050620079041e-02
2.634975314140319824e-02
-2.065231464803218842e-02
-5.350615456700325012e-02
1.118168886750936508e-02
-4.749167338013648987e-02
-3.245211672037839890e-03
1.097249332815408707e-02
-6.893574446439743042e-02
4.217589646577835083e-02
6.485284864902496338e-02
1.179431285709142685e-02
-6.456043571233749390e-02
2.851093001663684845e-02
-4.858440905809402466e-02
2.809213101863861084e-02
1.670761592686176300e-02
-2.137946337461471558e-02
2.906965464353561401e-02
-5.813648924231529236e-02
7.568017393350601196e-02
-7.875899225473403931e-02
1.009767204523086548e-01
2.065289579331874847e-02
1.610682010650634766e-01
2.771021984517574310e-02
1.054427400231361389e-01
2.192092873156070709e-02
-4.526721686124801636e-02
9.046079590916633606e-03
3.935814276337623596e-02
-1.658966839313507080e-01
3.014539182186126709e-02
-2.303403615951538086e-02
7.053757458925247192e-02
-3.499312326312065125e-02
-1.531240181066095829e-03
-4.512105509638786316e-02
-1.483621634542942047e-02
-4.963105544447898865e-02
8.533801883459091187e-02
-7.944888621568679810e-02
2.167510613799095154e-02
-3.502380475401878357e-02
9.623170644044876099e-02
1.036170423030853271e-01
-2.934383461251854897e-03
5.316751450300216675e-02
7.096694409847259521e-02
-6.375899165868759155e-02
-7.932742685079574585e-02
-9.355653822422027588e-02
-1.007580086588859558e-01
-1.457891762256622314e-01
9.806027263402938843e-02
5.187941715121269226e-02
2.851473540067672729e-02
3.337745321914553642e-03
-2.689805626869201660e-01
1.259974241256713867e-01
-1.680648177862167358e-01
-6.127414479851722717e-02
3.669297695159912109e-02
5.870485305786132812e-02
-2.161657214164733887e-01
-3.735790401697158813e-02
-3.070151247084140778e-02
5.697569251060485840e-02
-2.966428920626640320e-02
6.553411483764648438e-02
1.217377930879592896e-01
-1.044446006417274475e-01
-7.527305185794830322e-02
1.756721921265125275e-02
-2.008338924497365952e-03
5.237427726387977600e-02
-4.306769743561744690e-02
9.538110345602035522e-02
