-7.507406175136566162e-02
-4.957855120301246643e-02
8.787257224321365356e-02
-6.091987341642379761e-02
-2.106419950723648071e-02
8.913125097751617432e-02
2.540130726993083954e-02
-1.235939860343933105e-01
1.153809055685997009e-01
5.500614643096923828e-02
-1.181450933218002319e-01
-6.939452886581420898e-02
1.172484159469604492e-01
-3.078735247254371643e-02
-1.032382063567638397e-02
7.180351018905639648e-02
1.575043611228466034e-02
-8.966900408267974854e-02
4.164000973105430603e-02
1.620803400874137878e-02
7.024308294057846069e-02
-2.701789699494838715e-02
-3.631051629781723022e-03
-4.636046290397644043e-02
3.932352736592292786e-02
-1.124456338584423065e-02
2.664609253406524658e-02
-7.423840463161468506e-02
-1.309153884649276733e-01
-2.329934202134609222e-02
-5.451072379946708679e-02
-7.418584823608398438e-02
-5.059792660176753998e-03
1.121820807456970215e-01
-7.165771909058094025e-03
-3.158379346132278442e-02
-5.646177008748054504e-02
-2.981423772871494293e-02
-1.145940477726981044e-04
1.204121112823486328e-02
-1.809748075902462006e-02
-1.458128169178962708e-02
3.381522372364997864e-02
-6.977373361587524414e-02
7.581087946891784668e-02
5.978936329483985901e-02
2.584343403577804565e-02
-2.054913202300667763e-03
-4.651363939046859741e-02
-6.105729937553405762e-02
-3.160681203007698059e-02
8.565673232078552246e-02
-5.575661081820726395e-03
1.143764890730381012e-02
6.158225610852241516e-02
2.005951106548309326e-02
-6.569483131170272827e-02
8.498262614011764526e-03
3.948786109685897827e-02
3.129414841532707214e-02
4.339536279439926147e-02
4.919575061649084091e-03
6.605552881956100464e-02
-1.321315765380859375e-01
-9.933182038366794586e-03
-1.625300012528896332e-02
-4.142345860600471497e-02
5.221657827496528625e-02
-4.553370177745819092e-02
-1.272035576403141022e-02
-1.234621461480855942e-02
-1.852139085531234741e-02
-1.172962365671992302e-03
5.140246450901031494e-02
2.559778839349746704e-02
4.228010773658752441e-02
2.454420924186706543e-02
2.936923131346702576e-02
-5.057467892765998840e-02
4.495065286755561829e-02
-5.410119891166687012e-02
3.886381164193153381e-02
2.134122513234615326e-02
-9.891161322593688965e-02
-5.173426866531372070e-02
-1.590989716351032257e-02
3.702093288302421570e-02
9.723634272813796997e-02
-1.212429441511631012e-02
-2.526351064443588257e-02
3.098770417273044586e-02
3.579353913664817810e-03
-9.822466969490051270e-02
1.888976991176605225e-02
-8.766209334135055542e-02
7.330595981329679489e-03
-1.030451282858848572e-01
5.495861545205116272e-02
-2.577083557844161987e-02
-2.272202819585800171e-02
-9.201807528734207153e-02
-1.994774304330348969e-02
-9.243681095540523529e-03
2.912485785782337189e-02
-4.238041490316390991e-02
-4.961251467466354370e-02
6.946542859077453613e-02
1.147472020238637924e-02
1.894561387598514557e-02
1.365988166071474552e-03
-4.999505355954170227e-02
2.254098281264305115e-02
-2.210291847586631775e-02
-2.343716472387313843e-02
-8.555103838443756104e-02
-1.788892596960067749e-02
4.322975128889083862e-02
-5.390894785523414612e-02
-3.206681460142135620e-03
9.258618950843811035e-02
3.640100732445716858e-02
-4.263915494084358215e-02
-3.030331246554851532e-02
7.591563742607831955e-03
2.291438728570938110e-02
7.240108400583267212e-02
-5.244361236691474915e-02
-8.997875452041625977e-02
-6.993682682514190674e-02
-6.253975443542003632e-03
1.107107754796743393e-02
-4.267566651105880737e-02
6.812510639429092407e-02
3.693155944347381592e-02
5.844788160175085068e-03
-6.466228514909744263e-02
1.163493543863296509e-01
-5.000068247318267822e-02
-2.931025065481662750e-02
-5.587277561426162720e-02
-1.380228903144598007e-02
-5.627236887812614441e-02
5.940067395567893982e-02
6.775048375129699707e-02
5.282860994338989258e-02
2.333450317382812500e-02
-1.777829229831695557e-02
3.733119741082191467e-02
8.338917046785354614e-02
-6.743632256984710693e-02
4.790032655000686646e-02
1.355761289596557617e-02
4.699492827057838440e-02
-7.799233496189117432e-02
1.262707356363534927e-02
5.305965617299079895e-02
-2.044551540166139603e-03
7.457156479358673096e-02
-5.221145227551460266e-02
1.088072285056114197e-01
4.540506005287170410e-02
-1.701083965599536896e-02
-2.324551576748490334e-03
-1.769216358661651611e-02
-5.210781097412109375e-02
1.372358109802007675e-02
-2.875564619898796082e-02
7.919327355921268463e-03
2.061873301863670349e-02
-3.882604092359542847e-02
1.216932083480060101e-03
-5.370829254388809204e-02
5.953456088900566101e-02
3.750265762209892273e-02
-6.519903987646102905e-02
-3.895914927124977112e-02
-2.520903572440147400e-02
-9.195420891046524048e-03
6.040690001100301743e-03
8.497066795825958252e-03
-4.720164090394973755e-02
1.044177170842885971e-02
4.113699868321418762e-02
-2.726081758737564087e-02
-4.737433418631553650e-02
6.586069706827402115e-03
-1.231160480529069901e-02
1.249759271740913391e-02
4.937878996133804321e-02
-5.734804645180702209e-02
-1.663099974393844604e-02
-5.152602866291999817e-02
8.919802308082580566e-02
-1.221862956881523132e-01
1.267717331647872925e-01
6.446272879838943481e-02
1.800425499677658081e-01
4.609694704413414001e-02
1.178176328539848328e-01
-1.151265949010848999e-02
-3.457867726683616638e-02
-2.454869262874126434e-02
2.513378299772739410e-02
-1.778683066368103027e-01
-2.340529859066009521e-02
-3.295800089836120605e-02
7.679940015077590942e-02
-1.607763580977916718e-02
-1.176255941390991211e-02
-2.764324657618999481e-02
-1.744716428220272064e-02
-3.794639557600021362e-02
8.466500043869018555e-02
-7.989425212144851685e-02
1.116640865802764893e-02
-1.581711228936910629e-03
4.968117177486419678e-02
6.710399687290191650e-02
6.996940355747938156e-03
8.857061713933944702e-02
8.929348737001419067e-02
-1.528877485543489456e-02
-9.304307401180267334e-02
-5.707221105694770813e-02
-8.831435441970825195e-02
-1.525097489356994629e-01
8.923613280057907104e-02
3.209434822201728821e-02
9.115479886531829834e-03
9.893083013594150543e-03
-2.265987098217010498e-01
1.019992306828498840e-01
-1.980079114437103271e-01
-3.559555858373641968e-02
5.874858424067497253e-02
9.735616296529769897e-02
-2.263115793466567993e-01
-7.427431643009185791e-02
-3.374440968036651611e-02
3.853703662753105164e-02
2.290470991283655167e-03
1.095971167087554932e-01
1.470572054386138916e-01
-1.335805505514144897e-01
-7.017838209867477417e-02
-1.974713802337646484e-02
-3.261078149080276489e-02
8.401850610971450806e-02
-3.177044913172721863e-02
1.237719431519508362e-01
