1.973022967576980591e-01
1.193549670279026031e-02
3.658698499202728271e-02
-3.431989252567291260e-02
-4.948833212256431580e-02
-6.710466742515563965e-02
-1.082811206579208374e-01
-4.717643558979034424e-02
7.234620302915573120e-02
3.290824964642524719e-02
-2.527729794383049011e-02
-4.307376965880393982e-02
1.477703917771577835e-02
-1.115673407912254333e-01
2.978728525340557098e-02
-7.430903613567352295e-02
4.515118524432182312e-02
7.694772630929946899e-02
1.017433032393455505e-02
-9.475279599428176880e-03
-3.907690569758415222e-02
-1.069491542875766754e-02
3.537601605057716370e-02
-1.822566986083984375e-02
-6.775087863206863403e-02
-1.087452620267868042e-01
5.537122488021850586e-02
-8.441884070634841919e-02
-1.240087971091270447e-01
-8.710977435111999512e-02
5.062937363982200623e-02
-3.963975980877876282e-02
4.086851840838789940e-04
-9.070123732089996338e-02
-7.881362922489643097e-03
-2.335318364202976227e-02
7.343967258930206299e-02
-2.356141060590744019e-02
-6.562490016222000122e-02
-5.816816538572311401e-02
7.295660674571990967e-02
-1.665861904621124268e-02
3.899005055427551270e-02
8.259254693984985352e-02
4.979647323489189148e-02
3.254842013120651245e-02
-1.200091019272804260e-01
-1.076843682676553726e-02
-2.603050693869590759e-02
-5.878845602273941040e-02
-1.789715141057968140e-01
6.075750291347503662e-02
1.213412433862686157e-01
-7.406274974346160889e-02
-5.420010164380073547e-02
5.768423154950141907e-02
-4.719039052724838257e-02
-4.529583454132080078e-02
1.383871138095855713e-01
-1.341365650296211243e-02
5.644938722252845764e-02
3.304848447442054749e-02
-7.179565727710723877e-02
2.316601015627384186e-02
-6.796234846115112305e-02
-7.486934214830398560e-02
-3.634765371680259705e-02
-1.032791361212730408e-01
2.579932846128940582e-02
-4.080305993556976318e-02
-6.882673501968383789e-02
-1.167730987071990967e-01
1.380806118249893188e-01
-6.940124183893203735e-02
-1.279997676610946655e-01
5.142339318990707397e-02
-6.873947381973266602e-02
4.838689789175987244e-02
-7.658339571207761765e-03
-1.633318513631820679e-01
4.404007270932197571e-02
4.020875692367553711e-02
5.559863056987524033e-03
4.346875101327896118e-02
-5.505643784999847412e-02
6.036490947008132935e-02
-6.456551607698202133e-03
2.798355370759963989e-02
3.988156840205192566e-02
-2.566508390009403229e-02
-1.753586530685424805e-01
6.582702044397592545e-03
-6.837514787912368774e-02
-1.298529468476772308e-02
-5.644379556179046631e-02
-3.776303306221961975e-02
-2.720698155462741852e-02
3.172372281551361084e-02
1.193801909685134888e-01
-1.047099903225898743e-01
7.220018655061721802e-02
-2.018735371530056000e-02
3.052506968379020691e-02
1.221074024215340614e-03
8.875841740518808365e-04
-4.401700571179389954e-02
5.665138363838195801e-02
1.210583001375198364e-01
1.080861017107963562e-01
-9.371283650398254395e-02
-2.048176154494285583e-02
1.484027504920959473e-01
-6.174334324896335602e-03
8.604191988706588745e-02
1.923388801515102386e-02
-1.954351365566253662e-02
-1.540570799261331558e-02
6.704393029212951660e-02
7.766089588403701782e-02
-8.487565815448760986e-02
-1.008965373039245605e-01
1.014391183853149414e-01
9.933771565556526184e-03
5.979053676128387451e-02
-2.376081608235836029e-02
4.013410769402980804e-03
-7.607695460319519043e-02
-7.632617652416229248e-02
-1.058729588985443115e-01
1.150422319769859314e-01
-6.522784475237131119e-03
7.159426063299179077e-02
-9.614355862140655518e-02
4.554490372538566589e-02
3.169893100857734680e-02
3.988606855273246765e-02
-8.817036449909210205e-02
7.052695751190185547e-02
1.374887526035308838e-01
5.849290266633033752e-02
4.513793811202049255e-02
3.266478702425956726e-02
6.835622340440750122e-02
-1.678749471902847290e-01
-6.002146378159523010e-02
-6.462829560041427612e-02
7.673160731792449951e-02
1.055544055998325348e-02
-6.829808931797742844e-03
5.318658798933029175e-02
-8.032512664794921875e-02
-3.975734487175941467e-02
3.889492899179458618e-02
-4.901199415326118469e-02
-5.012736469507217407e-02
-5.826576054096221924e-02
9.340552240610122681e-02
2.925792336463928223e-02
-8.072020113468170166e-02
7.672589272260665894e-03
-2.822715602815151215e-02
1.069478839635848999e-01
-3.631845116615295410e-03
-4.553885385394096375e-02
-8.538570255041122437e-03
6.828425917774438858e-03
3.053347021341323853e-02
5.369450524449348450e-02
-4.414764791727066040e-02
-2.009584382176399231e-02
1.132618486881256104e-01
1.228137388825416565e-01
-2.892851643264293671e-02
6.065578758716583252e-02
5.831126496195793152e-02
-1.560026127845048904e-02
-5.814307183027267456e-02
-3.337517380714416504e-02
-4.396682605147361755e-02
4.753494635224342346e-03
7.741629960946738720e-04
3.943785652518272400e-02
-1.162727084010839462e-02
-3.413403779268264771e-02
1.163257136940956116e-01
-1.545686833560466766e-02
3.321399167180061340e-02
8.439335972070693970e-02
4.387028887867927551e-02
9.317556023597717285e-02
-3.665401414036750793e-02
-2.105444855988025665e-02
-4.068982321768999100e-03
2.393078058958053589e-03
-1.797846704721450806e-02
1.666173152625560760e-02
-1.101303845643997192e-01
5.329610779881477356e-02
5.071187391877174377e-02
6.820071488618850708e-02
-1.029204227961599827e-03
-4.612029530107975006e-03
-1.115062553435564041e-02
1.999442838132381439e-02
-3.639175742864608765e-02
1.739859022200107574e-02
-1.977302320301532745e-02
1.070946641266345978e-02
1.442031702026724815e-03
8.804453164339065552e-02
3.574168658815324306e-04
1.143380254507064819e-02
5.361910443753004074e-03
-3.606287762522697449e-02
1.929650269448757172e-02
4.666748642921447754e-02
-2.340530976653099060e-03
-8.674731850624084473e-02
6.209316477179527283e-02
-2.954259887337684631e-02
2.132853958755731583e-03
1.212167553603649139e-02
6.432767212390899658e-02
9.808024764060974121e-02
1.372934971004724503e-02
-6.174417212605476379e-02
3.160902112722396851e-02
9.443544549867510796e-04
2.270619198679924011e-02
-1.349353697150945663e-02
9.320028126239776611e-03
-1.985783502459526062e-02
-2.557402104139328003e-02
-6.051712110638618469e-02
4.557354748249053955e-02
-2.497271262109279633e-02
-4.676354303956031799e-02
-7.360946852713823318e-03
1.491186209022998810e-02
-1.481498498469591141e-02
4.184164106845855713e-02
4.190614446997642517e-02
-5.796242039650678635e-04
4.503708332777023315e-02
-6.453660130500793457e-02
-9.396398440003395081e-03
-8.836955763399600983e-03
3.146621957421302795e-02
3.830680623650550842e-03
-2.345531433820724487e-02
