1.201338618993759155e-01
8.801833027973771095e-04
3.325310721993446350e-02
-2.728532254695892334e-02
-2.134344913065433502e-02
-2.207845635712146759e-02
-7.096508890390396118e-02
-5.006176978349685669e-02
2.174887619912624359e-02
1.492083072662353516e-02
1.484839431941509247e-02
-4.400622472167015076e-02
-4.825843963772058487e-03
-6.382974982261657715e-02
-8.272043429315090179e-03
-2.879863604903221130e-02
1.882701739668846130e-02
8.295314759016036987e-02
-1.692949794232845306e-02
-4.634313285350799561e-03
-1.308578066527843475e-02
-1.474591158330440521e-02
1.025066431611776352e-02
-3.344191610813140869e-02
-3.479395434260368347e-02
-1.132942661643028259e-01
3.955009579658508301e-02
-4.994256794452667236e-02
-1.020954176783561707e-01
-1.116784736514091492e-01
6.754580140113830566e-02
-4.997197911143302917e-02
-6.102271005511283875e-02
-4.456750303506851196e-02
4.385587573051452637e-02
6.538393907248973846e-03
3.370328573510050774e-03
-4.894905537366867065e-02
-4.729010909795761108e-02
-6.165041401982307434e-02
5.405988171696662903e-02
1.707855798304080963e-02
2.903330139815807343e-02
6.864701956510543823e-02
3.908829763531684875e-02
7.165784016251564026e-03
-1.315484344959259033e-01
8.385910093784332275e-02
-3.338367864489555359e-02
-4.433161765336990356e-02
-1.648471206426620483e-01
6.858095526695251465e-02
1.069635450839996338e-01
-9.915908426046371460e-02
-2.864980138838291168e-02
4.304035380482673645e-02
-3.313446789979934692e-02
-1.630052551627159119e-02
1.526113897562026978e-01
-9.355260059237480164e-03
7.263638079166412354e-02
4.345375671982765198e-02
-9.343145042657852173e-02
-5.797061137855052948e-03
-6.558503955602645874e-02
-4.445591196417808533e-02
-4.930762946605682373e-02
-9.218219667673110962e-02
-6.808154284954071045e-03
-5.858931317925453186e-02
-7.935945689678192139e-02
-8.365442603826522827e-02
1.132313013076782227e-01
-7.433302700519561768e-02
-1.405293345451354980e-01
3.295422717928886414e-02
-5.592180043458938599e-02
1.014981493353843689e-01
1.068787556141614914e-02
-1.999677866697311401e-01
2.476677857339382172e-02
6.111211702227592468e-02
3.678046166896820068e-02
8.466360718011856079e-02
-4.538721591234207153e-02
3.762971609830856323e-02
-4.164766520261764526e-02
6.439969688653945923e-02
5.200402438640594482e-02
-4.917073622345924377e-02
-1.625950932502746582e-01
-5.168361961841583252e-02
-4.120426997542381287e-02
-1.966773718595504761e-02
-5.855420604348182678e-02
-4.442058503627777100e-02
-2.438367903232574463e-02
3.001162782311439514e-02
6.365294009447097778e-02
-6.763513386249542236e-02
5.046430975198745728e-02
-1.292289514094591141e-02
1.824459433555603027e-02
-2.895952761173248291e-02
-8.497891947627067566e-03
-6.365048140287399292e-02
7.142501324415206909e-02
5.868693813681602478e-02
1.101502627134323120e-01
-8.518467843532562256e-02
2.100611338391900063e-03
1.350550502538681030e-01
-5.765254609286785126e-03
9.552184492349624634e-02
-3.504619700834155083e-03
-2.420320920646190643e-02
-1.169876474887132645e-02
3.429446369409561157e-02
3.789218142628669739e-02
-4.681232571601867676e-02
-2.161446213722229004e-02
1.060406044125556946e-01
-6.346926093101501465e-03
3.462801873683929443e-02
-6.464696675539016724e-02
-1.364269945770502090e-02
-4.083156213164329529e-02
-6.719051301479339600e-02
-8.468976616859436035e-02
1.066047921776771545e-01
1.728132925927639008e-02
8.632875978946685791e-02
-8.843173831701278687e-02
2.700185589492321014e-02
3.591929376125335693e-02
5.709904711693525314e-03
-5.407870560884475708e-02
-1.563882268965244293e-02
7.008916139602661133e-02
4.304452612996101379e-02
-3.070725826546549797e-03
4.111701622605323792e-02
5.089939385652542114e-02
-1.132241711020469666e-01
-9.059079736471176147e-02
-5.131792649626731873e-02
8.131094276905059814e-02
8.063171990215778351e-03
4.412922542542219162e-03
6.294820923358201981e-03
-6.373239308595657349e-02
-6.559509038925170898e-02
3.084094636142253876e-02
7.405500859022140503e-03
-3.638520464301109314e-02
-2.241223491728305817e-02
9.610823541879653931e-02
-1.440217811614274979e-02
-4.842748120427131653e-02
7.360462099313735962e-03
1.633950322866439819e-02
1.095116287469863892e-01
-4.757010564208030701e-02
-7.332243025302886963e-03
-1.576384156942367554e-02
1.256807823665440083e-03
4.630750790238380432e-02
3.858556970953941345e-02
-5.347453430294990540e-02
-8.093132823705673218e-02
1.501949727535247803e-01
1.121748462319374084e-01
-4.780696332454681396e-02
4.774704203009605408e-02
4.826665297150611877e-02
-3.246687352657318115e-02
-8.454179763793945312e-02
7.321549113839864731e-03
-5.206356942653656006e-02
1.245928276330232620e-02
-2.821953035891056061e-02
4.261870635673403740e-04
-2.471579797565937042e-02
6.129442481324076653e-04
4.816417023539543152e-02
-3.945784643292427063e-02
3.671541810035705566e-02
3.655653074383735657e-02
-3.561237826943397522e-03
1.098864972591400146e-01
-2.352553606033325195e-02
-2.769592776894569397e-02
3.134435415267944336e-02
3.036269359290599823e-02
-6.712619680911302567e-03
-1.675452222116291523e-03
-1.285022497177124023e-01
5.412939190864562988e-02
7.549618929624557495e-02
5.917200446128845215e-02
-1.394640654325485229e-02
-3.970399871468544006e-02
4.567905329167842865e-03
4.620688036084175110e-02
-2.701888233423233032e-02
3.498138394206762314e-03
6.109074223786592484e-03
3.164881467819213867e-02
4.261135589331388474e-03
9.261416643857955933e-02
-2.857418172061443329e-02
2.791059389710426331e-02
3.730316879227757454e-03
-6.569819897413253784e-02
5.426372960209846497e-02
9.246888011693954468e-02
4.563017562031745911e-02
-9.242614358663558960e-02
8.453733474016189575e-02
1.261094212532043457e-02
4.394915327429771423e-02
-2.707991562783718109e-02
5.702349916100502014e-02
7.624337822198867798e-02
4.314352944493293762e-02
-1.859064847230911255e-01
1.150909531861543655e-02
2.497274987399578094e-02
1.092614606022834778e-01
-7.742102444171905518e-02
5.233161896467208862e-02
-1.387883257120847702e-02
-1.097182035446166992e-01
-3.616335242986679077e-02
7.132774591445922852e-02
-4.868878796696662903e-02
-9.108585119247436523e-02
-8.478172123432159424e-02
-5.776688456535339355e-02
-6.588025391101837158e-02
1.758332177996635437e-02
1.327783763408660889e-01
-3.213270381093025208e-02
9.507090598344802856e-02
-1.404261142015457153e-01
-3.993111476302146912e-02
-8.075683563947677612e-02
-1.028248225338757038e-03
4.378744214773178101e-02
-9.310939162969589233e-02
