1.805168986320495605e-01
-1.315630227327346802e-02
4.434719309210777283e-02
-5.262406170368194580e-02
-5.125961825251579285e-02
-2.997770160436630249e-02
-1.055531129240989685e-01
-6.036223098635673523e-02
6.439975649118423462e-02
5.222092196345329285e-02
1.027979422360658646e-02
-5.648382008075714111e-02
-1.249579899013042450e-02
-9.660688787698745728e-02
1.091320440173149109e-02
-5.838483572006225586e-02
2.341546677052974701e-02
9.460158646106719971e-02
1.513740606606006622e-02
-1.475976686924695969e-02
-3.968860954046249390e-02
-1.343590114265680313e-02
2.352307550609111786e-02
-1.832601986825466156e-02
-4.690304398536682129e-02
-1.204074919223785400e-01
3.367501497268676758e-02
-6.873864680528640747e-02
-1.211667060852050781e-01
-1.144243478775024414e-01
6.740716099739074707e-02
-6.280645728111267090e-02
-6.150896102190017700e-02
-6.209305673837661743e-02
3.634059429168701172e-02
-1.280387770384550095e-02
1.192226540297269821e-02
-3.822467103600502014e-02
-4.768687859177589417e-02
-5.333200097084045410e-02
4.663283750414848328e-02
-2.455520909279584885e-03
4.474766179919242859e-02
6.523546576499938965e-02
4.745122045278549194e-02
2.516834996640682220e-02
-1.170429661870002747e-01
4.353801906108856201e-02
-2.730781771242618561e-02
-2.172941341996192932e-02
-1.685405671596527100e-01
6.132617220282554626e-02
1.134981960058212280e-01
-9.717824310064315796e-02
-3.369333967566490173e-02
4.184556752443313599e-02
-2.701920829713344574e-02
2.016345597803592682e-02
1.597493141889572144e-01
-3.808985697105526924e-03
6.072558462619781494e-02
3.595701605081558228e-02
-8.079077303409576416e-02
-4.214911721646785736e-03
-7.265421003103256226e-02
-5.435857549309730530e-02
-5.140528082847595215e-02
-9.903954714536666870e-02
5.725314840674400330e-04
-4.440576955676078796e-02
-1.013414561748504639e-01
-8.857160061597824097e-02
1.354267746210098267e-01
-8.444175869226455688e-02
-1.279892772436141968e-01
4.664565250277519226e-02
-5.747323855757713318e-02
8.655699342489242554e-02
2.189915440976619720e-02
-1.870502978563308716e-01
4.082689806818962097e-02
5.803870037198066711e-02
2.324274368584156036e-02
7.194232940673828125e-02
-4.718092828989028931e-02
4.984015226364135742e-02
-3.567699342966079712e-02
6.409199535846710205e-02
2.485411427915096283e-02
-4.688839614391326904e-02
-1.395574212074279785e-01
-4.175177961587905884e-02
-6.082318723201751709e-02
-2.290272153913974762e-02
-4.732581600546836853e-02
-5.807422846555709839e-02
-2.438961155712604523e-02
4.199796915054321289e-02
6.619413942098617554e-02
-8.532708138227462769e-02
4.949096590280532837e-02
-1.138729043304920197e-02
1.628995500504970551e-02
-2.192655019462108612e-02
-1.293339580297470093e-02
-5.341863632202148438e-02
6.043890491127967834e-02
7.910828292369842529e-02
9.438546746969223022e-02
-9.360713511705398560e-02
2.762780291959643364e-03
1.323293149471282959e-01
-2.758387289941310883e-02
8.815632015466690063e-02
-7.269993075169622898e-04
-1.242665108293294907e-02
-1.952137611806392670e-02
5.279371887445449829e-02
4.856406152248382568e-02
-5.042697861790657043e-02
-2.513422816991806030e-02
1.056130155920982361e-01
-1.249430584721267223e-03
3.803244605660438538e-02
-4.849664121866226196e-02
1.118907053023576736e-02
-3.824340552091598511e-02
-7.596071809530258179e-02
-1.002906337380409241e-01
9.961526840925216675e-02
1.422957796603441238e-02
8.038008213043212891e-02
-8.591711521148681641e-02
3.743185102939605713e-02
4.199660196900367737e-02
1.989722484722733498e-03
-6.510982662439346313e-02
9.038129821419715881e-03
8.375921845436096191e-02
3.614284098148345947e-02
8.860638365149497986e-03
5.853834748268127441e-02
2.692534588277339935e-02
-1.273106038570404053e-01
-8.546407520771026611e-02
-5.084221437573432922e-02
8.688490837812423706e-02
8.715179748833179474e-03
-1.525973714888095856e-02
6.339699961245059967e-03
-6.410305202007293701e-02
-5.949019268155097961e-02
1.786195440217852592e-03
-1.304063759744167328e-02
-3.780202195048332214e-02
-2.248160354793071747e-02
1.054793372750282288e-01
1.203821226954460144e-02
-5.854954943060874939e-02
-3.920007031410932541e-03
1.435262430459260941e-02
9.310115128755569458e-02
-2.245499566197395325e-02
-2.433227747678756714e-02
-3.833117336034774780e-02
-1.761543750762939453e-02
4.722978919744491577e-02
4.227123409509658813e-02
-3.911393880844116211e-02
-6.661027669906616211e-02
1.582876443862915039e-01
1.225696280598640442e-01
-5.665904283523559570e-02
4.337082430720329285e-02
4.134970158338546753e-02
-1.863640546798706055e-02
-7.619175314903259277e-02
-3.506461143842898309e-05
-5.002342909574508667e-02
-7.010679692029953003e-03
-2.129628695547580719e-02
1.302072685211896896e-02
-3.272579982876777649e-02
-4.920621868222951889e-03
6.082457676529884338e-02
-1.949069835245609283e-02
3.356656059622764587e-02
5.066134408116340637e-02
1.883131824433803558e-02
1.100238114595413208e-01
-1.988367550075054169e-02
-2.274484187364578247e-02
3.044718876481056213e-02
2.880347147583961487e-02
-6.476499256677925587e-04
2.549302065744996071e-03
-1.103495731949806213e-01
5.057195201516151428e-02
6.019378453493118286e-02
4.858580604195594788e-02
-2.118036895990371704e-02
-3.616940602660179138e-02
-2.013991028070449829e-02
2.767821401357650757e-02
-3.730505332350730896e-02
-1.557102054357528687e-02
6.445169914513826370e-03
3.391950204968452454e-02
1.987858675420284271e-03
9.090894460678100586e-02
-4.000663384795188904e-02
4.127252846956253052e-02
1.122265495359897614e-02
-6.562858819961547852e-02
6.773807108402252197e-02
7.641047239303588867e-02
4.468405991792678833e-02
-7.290990650653839111e-02
6.401279568672180176e-02
5.654628854244947433e-03
3.470100089907646179e-02
-1.250414457172155380e-02
3.900782763957977295e-02
6.960606575012207031e-02
1.849313080310821533e-02
-1.435369402170181274e-01
2.035372890532016754e-02
2.927324734628200531e-02
9.603377431631088257e-02
-6.148556619882583618e-02
4.404776170849800110e-02
-1.586677506566047668e-02
-6.623896956443786621e-02
-4.021123424172401428e-02
7.788906246423721313e-02
-4.809704422950744629e-02
-8.254832029342651367e-02
-5.740301311016082764e-02
-5.195876955986022949e-02
-4.878305643796920776e-02
2.517299726605415344e-02
1.269348710775375366e-01
-1.692003756761550903e-02
1.158609390258789062e-01
-1.459441184997558594e-01
-2.155220508575439453e-02
-6.989393383264541626e-02
-8.754204027354717255e-03
4.107556119561195374e-02
-8.178531378507614136e-02
