1.698864996433258057e-01
-8.071584627032279968e-03
3.980695456266403198e-02
-4.878393933176994324e-02
-5.271982029080390930e-02
-3.209837153553962708e-02
-1.076902225613594055e-01
-5.282722413539886475e-02
7.412604242563247681e-02
6.423353403806686401e-02
4.972499329596757889e-03
-4.187878966331481934e-02
-6.699018646031618118e-03
-1.090624257922172546e-01
1.540650706738233566e-02
-6.180931627750396729e-02
2.579296566545963287e-02
7.838724553585052490e-02
1.299792900681495667e-02
-2.158014662563800812e-02
-3.840104117989540100e-02
-1.167563442140817642e-02
2.664074115455150604e-02
-1.535883080214262009e-02
-5.006768554449081421e-02
-1.169331818819046021e-01
3.356136009097099304e-02
-7.256896793842315674e-02
-1.171791553497314453e-01
-1.052036806941032410e-01
7.318396121263504028e-02
-5.815672501921653748e-02
-4.704408720135688782e-02
-8.089321106672286987e-02
2.978744544088840485e-02
-2.353850193321704865e-02
2.570150047540664673e-02
-4.037339985370635986e-02
-4.930708184838294983e-02
-4.268297925591468811e-02
4.870774596929550171e-02
-2.031507529318332672e-02
4.392908513545989990e-02
7.610190659761428833e-02
4.739819094538688660e-02
2.795462869107723236e-02
-1.205944269895553589e-01
1.208043843507766724e-02
-2.438415586948394775e-02
-3.373550996184349060e-02
-1.717076897621154785e-01
6.345856934785842896e-02
1.221456006169319153e-01
-9.254565089941024780e-02
-4.367852583527565002e-02
4.611464217305183411e-02
-2.540134266018867493e-02
2.149695530533790588e-02
1.587644368410110474e-01
-1.942324824631214142e-02
6.288506835699081421e-02
3.478115424513816833e-02
-6.095037609338760376e-02
1.461177831515669823e-03
-7.323562353849411011e-02
-5.665218085050582886e-02
-6.386171281337738037e-02
-9.651762247085571289e-02
3.056574845686554909e-03
-5.188200622797012329e-02
-1.029093414545059204e-01
-8.980113267898559570e-02
1.421098262071609497e-01
-8.323605358600616455e-02
-1.238655373454093933e-01
5.736132711172103882e-02
-6.600383669137954712e-02
7.277370989322662354e-02
7.682189345359802246e-03
-1.786838471889495850e-01
5.487621575593948364e-02
6.169455125927925110e-02
2.020981162786483765e-02
6.143021956086158752e-02
-5.770810693502426147e-02
5.835192278027534485e-02
-3.742968663573265076e-02
5.996788665652275085e-02
2.482609264552593231e-02
-3.382880985736846924e-02
-1.540521383285522461e-01
-3.151353448629379272e-02
-6.245049089193344116e-02
-1.990747824311256409e-02
-5.022551491856575012e-02
-6.345802545547485352e-02
-3.423507139086723328e-02
2.362189255654811859e-02
6.843529641628265381e-02
-9.374868869781494141e-02
5.982838571071624756e-02
-1.243573892861604691e-02
1.638696715235710144e-02
-2.045958489179611206e-02
-1.535337697714567184e-02
-5.443029850721359253e-02
6.327851116657257080e-02
9.389225393533706665e-02
9.928647428750991821e-02
-1.022512018680572510e-01
-1.878648618003353477e-04
1.357204020023345947e-01
-3.274978324770927429e-02
9.019539505243301392e-02
2.474409528076648712e-03
-2.122476324439048767e-02
-1.610001176595687866e-02
5.453871935606002808e-02
5.124701932072639465e-02
-5.891591310501098633e-02
-3.573148325085639954e-02
1.008548736572265625e-01
1.951898448169231415e-03
5.417278409004211426e-02
-4.051431640982627869e-02
1.310624182224273682e-02
-4.098030924797058105e-02
-9.875028580427169800e-02
-1.087875738739967346e-01
9.593980759382247925e-02
1.235071383416652679e-02
8.179587870836257935e-02
-9.153034538030624390e-02
4.249262064695358276e-02
3.674395382404327393e-02
1.631158776581287384e-02
-7.656757533550262451e-02
3.110986016690731049e-02
1.034496873617172241e-01
4.039249941706657410e-02
2.819182164967060089e-02
6.528428196907043457e-02
3.108064271509647369e-02
-1.353439837694168091e-01
-7.965558767318725586e-02
-6.099255010485649109e-02
8.991961926221847534e-02
7.435008417814970016e-03
-2.144380845129489899e-02
9.820549748837947845e-03
-6.622951477766036987e-02
-5.872704461216926575e-02
6.287386640906333923e-03
-2.353341318666934967e-02
-4.314982146024703979e-02
-3.013461828231811523e-02
1.132527589797973633e-01
2.859095297753810883e-02
-6.739953905344009399e-02
2.977750264108181000e-04
3.119325730949640274e-03
8.396466821432113647e-02
-1.186755578964948654e-02
-4.239901155233383179e-02
-3.800219669938087463e-02
-1.487354654818773270e-02
3.284663334488868713e-02
5.287886410951614380e-02
-4.808037355542182922e-02
-5.178795754909515381e-02
1.591530889272689819e-01
1.230046227574348450e-01
-4.597528651356697083e-02
3.620576858520507812e-02
4.501838237047195435e-02
-1.748944632709026337e-02
-7.830838114023208618e-02
-1.780519261956214905e-02
-4.292058572173118591e-02
-6.972019094973802567e-03
-1.098472997546195984e-02
2.429897710680961609e-02
-3.807136788964271545e-02
-1.370648480951786041e-02
8.112071454524993896e-02
-1.730163395404815674e-02
2.794287726283073425e-02
7.569666951894760132e-02
3.324630111455917358e-02
1.029537096619606018e-01
-2.834892272949218750e-02
-2.095148526132106781e-02
2.107366360723972321e-02
2.126835659146308899e-02
-8.443658240139484406e-03
1.455967687070369720e-02
-1.078155860304832458e-01
3.825248777866363525e-02
5.904311314225196838e-02
4.778048023581504822e-02
-2.522132731974124908e-02
-2.600278519093990326e-02
-3.024432063102722168e-02
1.945056207478046417e-02
-4.418010264635086060e-02
-7.289665285497903824e-03
6.830250378698110580e-03
2.503705397248268127e-02
7.421127986162900925e-03
8.005229383707046509e-02
-3.899433463811874390e-02
3.939146175980567932e-02
1.268184371292591095e-02
-6.433051079511642456e-02
5.084604769945144653e-02
6.338501721620559692e-02
1.960868947207927704e-02
-6.655303388833999634e-02
6.673686206340789795e-02
6.053511518985033035e-03
2.943894080817699432e-02
-5.711445584893226624e-03
4.847005009651184082e-02
8.999133855104446411e-02
1.298738550394773483e-02
-1.380005478858947754e-01
3.770172595977783203e-02
3.116283565759658813e-02
9.212953597307205200e-02
-5.378544703125953674e-02
3.313113749027252197e-02
-1.407267153263092041e-02
-5.134718865156173706e-02
-4.413809254765510559e-02
6.613352894783020020e-02
-4.352426901459693909e-02
-7.127153873443603516e-02
-4.333265498280525208e-02
-2.625304274260997772e-02
-4.854346439242362976e-02
2.428547479212284088e-02
9.805158525705337524e-02
-1.689581014215946198e-02
1.074396222829818726e-01
-1.202743425965309143e-01
-1.250895578414201736e-02
-5.616221949458122253e-02
2.035167533904314041e-03
2.529444731771945953e-02
-6.489782035350799561e-02
