1.882492303848266602e-01
-5.610792431980371475e-03
3.337440267205238342e-02
-4.267964139580726624e-02
-6.392055004835128784e-02
-1.845600269734859467e-02
-1.195978149771690369e-01
-6.571743637323379517e-02
9.494201838970184326e-02
5.714037641882896423e-02
8.475501090288162231e-03
-4.682684689760208130e-02
-1.219354849308729172e-02
-1.189928501844406128e-01
1.554036885499954224e-02
-7.848776131868362427e-02
2.525659650564193726e-02
8.616074919700622559e-02
1.790796406567096710e-02
-2.317411266267299652e-02
-6.566131114959716797e-02
-1.571801677346229553e-02
1.354617439210414886e-02
-2.217938937246799469e-02
-6.255705654621124268e-02
-1.246721148490905762e-01
5.334999039769172668e-02
-8.542127907276153564e-02
-1.334210485219955444e-01
-1.405139267444610596e-01
7.960930466651916504e-02
-7.756060361862182617e-02
-3.830182924866676331e-02
-6.626934558153152466e-02
1.824115030467510223e-02
-2.399183996021747589e-02
2.634855173528194427e-02
-2.965120226144790649e-02
-4.537032544612884521e-02
-3.844575211405754089e-02
5.267721787095069885e-02
1.292385626584291458e-03
4.150489717721939087e-02
8.266314119100570679e-02
4.979163035750389099e-02
2.654994651675224304e-02
-1.186897680163383484e-01
1.714770123362541199e-02
-2.215331979095935822e-02
-3.264031186699867249e-02
-1.706197857856750488e-01
6.711135059595108032e-02
1.356637030839920044e-01
-1.038577854633331299e-01
-4.053181782364845276e-02
3.816420584917068481e-02
-3.014196082949638367e-02
6.198551040142774582e-03
1.484461128711700439e-01
-8.580376394093036652e-03
5.875190347433090210e-02
3.820474073290824890e-02
-6.838952004909515381e-02
4.135806579142808914e-03
-7.007186859846115112e-02
-5.075988546013832092e-02
-5.087389424443244934e-02
-1.011901572346687317e-01
-6.132905837148427963e-04
-4.386615753173828125e-02
-1.050072610378265381e-01
-1.039054319262504578e-01
1.420346051454544067e-01
-8.741240203380584717e-02
-1.418585181236267090e-01
3.880577906966209412e-02
-6.290706992149353027e-02
7.002694904804229736e-02
1.550468895584344864e-02
-1.864222735166549683e-01
4.186143353581428528e-02
4.226336255669593811e-02
2.029507979750633240e-02
7.781679928302764893e-02
-5.374644696712493896e-02
5.463891103863716125e-02
-2.786855399608612061e-02
4.029290750622749329e-02
3.487471491098403931e-02
-3.634475171566009521e-02
-1.534595489501953125e-01
-2.862970903515815735e-02
-6.616763770580291748e-02
-3.427131846547126770e-02
-6.162651255726814270e-02
-5.407083779573440552e-02
-2.319711260497570038e-02
3.346031159162521362e-02
6.459632515907287598e-02
-8.203440904617309570e-02
4.317216202616691589e-02
-9.814643301069736481e-03
1.973426528275012970e-02
-1.680438779294490814e-02
-2.850841265171766281e-03
-4.536086320877075195e-02
5.450955778360366821e-02
9.225741028785705566e-02
8.598821610212326050e-02
-8.785964548587799072e-02
-1.424014917574822903e-03
1.204593256115913391e-01
-2.728525362908840179e-02
8.976970613002777100e-02
-4.004455637186765671e-03
1.496630720794200897e-03
-2.780977077782154083e-02
4.605633392930030823e-02
5.746894702315330505e-02
-5.349703505635261536e-02
-3.753185644745826721e-02
9.932234883308410645e-02
6.828355602920055389e-03
4.032064229249954224e-02
-3.959466516971588135e-02
2.651233412325382233e-02
-4.455515369772911072e-02
-8.057041466236114502e-02
-8.830328285694122314e-02
7.714934647083282471e-02
1.635901629924774170e-02
6.733214855194091797e-02
-8.563777059316635132e-02
3.793414682149887085e-02
2.893704175949096680e-02
-8.644860237836837769e-03
-6.144823879003524780e-02
3.748785331845283508e-02
9.651946276426315308e-02
3.408755734562873840e-02
1.983447000384330750e-02
6.518673151731491089e-02
1.750203408300876617e-02
-1.391699761152267456e-01
-7.573067396879196167e-02
-6.504152715206146240e-02
7.985280454158782959e-02
1.667005196213722229e-02
-1.080312207341194153e-02
1.788975484669208527e-02
-6.551090627908706665e-02
-3.847784921526908875e-02
5.177774932235479355e-03
-2.289460785686969757e-02
-3.330792486667633057e-02
-3.437917307019233704e-02
9.517174959182739258e-02
5.396458785980939865e-03
-6.936379522085189819e-02
2.690491965040564537e-03
1.339986268430948257e-02
9.279542416334152222e-02
-1.683878526091575623e-02
-2.858079224824905396e-02
-2.807252667844295502e-02
2.109952270984649658e-03
4.717986658215522766e-02
3.550687432289123535e-02
-4.879149049520492554e-02
-5.573113262653350830e-02
1.518565863370895386e-01
1.366916447877883911e-01
-4.751975834369659424e-02
3.220337629318237305e-02
4.365886375308036804e-02
-1.381865236908197403e-02
-7.162089645862579346e-02
-1.404149923473596573e-02
-3.430364653468132019e-02
-5.016648676246404648e-03
-1.773709990084171295e-02
2.391033247113227844e-02
-4.058684781193733215e-02
-1.142937690019607544e-02
6.916030496358871460e-02
-1.029145345091819763e-02
3.107757866382598877e-02
6.513652950525283813e-02
3.564898297190666199e-02
1.080615445971488953e-01
-2.197987213730812073e-02
-1.424785610288381577e-02
2.490194886922836304e-02
2.580677531659603119e-02
-1.247796602547168732e-02
7.709641940891742706e-03
-1.027968525886535645e-01
4.798952862620353699e-02
6.121661886572837830e-02
5.989274755120277405e-02
-1.931758597493171692e-02
-3.853633999824523926e-02
-3.332510590553283691e-02
2.898229472339153290e-02
-5.034286901354789734e-02
-1.332477014511823654e-02
-5.283561535179615021e-03
2.745558694005012512e-02
-9.366335347294807434e-03
1.013618335127830505e-01
-3.169588744640350342e-02
3.822093456983566284e-02
1.743756793439388275e-02
-6.558088213205337524e-02
6.105734407901763916e-02
7.290897518396377563e-02
2.558526769280433655e-02
-7.092380523681640625e-02
5.554654821753501892e-02
-3.573663765564560890e-03
3.283856064081192017e-02
1.352813676930963993e-03
5.414503067731857300e-02
7.740658521652221680e-02
1.881725341081619263e-02
-1.332622468471527100e-01
3.400617837905883789e-02
3.477294743061065674e-02
9.083475172519683838e-02
-3.835929930210113525e-02
2.313438057899475098e-02
-2.486349642276763916e-02
-5.599278584122657776e-02
-3.508286923170089722e-02
6.415878236293792725e-02
-4.727315157651901245e-02
-7.517868280410766602e-02
-4.092974960803985596e-02
-2.775133401155471802e-02
-3.288649022579193115e-02
3.431323915719985962e-02
9.665414690971374512e-02
-2.507781423628330231e-02
8.358566462993621826e-02
-1.295044422149658203e-01
-1.215549930930137634e-02
-3.780432045459747314e-02
-1.924612000584602356e-02
3.547986224293708801e-02
-5.328674986958503723e-02
