1.684774160385131836e-01
2.207444421947002411e-02
3.616071119904518127e-02
-1.254724152386188507e-02
-1.168999820947647095e-02
-7.062278687953948975e-02
-6.542508304119110107e-02
-3.335911035537719727e-02
3.920263610780239105e-03
-2.844262123107910156e-02
-3.332436457276344299e-02
-3.715256974101066589e-02
2.929122559726238251e-02
-6.980096548795700073e-02
2.107368223369121552e-02
-5.848394706845283508e-02
1.676045916974544525e-02
5.083924159407615662e-02
-2.407569624483585358e-02
3.517746180295944214e-02
-8.820149116218090057e-03
-1.315489690750837326e-02
4.484625160694122314e-02
-2.173953130841255188e-02
-3.338462486863136292e-02
-7.193508744239807129e-02
4.672244563698768616e-02
-5.843124911189079285e-02
-1.097323000431060791e-01
-5.233636125922203064e-02
2.784600481390953064e-03
-1.203331630676984787e-02
1.395766343921422958e-02
-7.043542712926864624e-02
1.083553209900856018e-02
-1.068175653927028179e-03
6.627918034791946411e-02
-2.734042145311832428e-02
-9.875089675188064575e-02
-7.989139854907989502e-02
7.411745935678482056e-02
1.067328546196222305e-02
4.971462115645408630e-02
5.129311233758926392e-02
2.760725654661655426e-02
1.850229129195213318e-02
-1.070140525698661804e-01
3.848928958177566528e-02
-4.956127703189849854e-02
-4.854261130094528198e-02
-1.890873610973358154e-01
5.383909493684768677e-02
8.291586488485336304e-02
-5.903278663754463196e-02
-2.682212926447391510e-02
5.993349850177764893e-02
-3.930342569947242737e-02
-6.098084896802902222e-02
1.516357362270355225e-01
2.191281132400035858e-02
6.799177825450897217e-02
1.006583310663700104e-02
-1.043714806437492371e-01
3.810788318514823914e-02
-7.268883287906646729e-02
-5.653186887502670288e-02
-2.771090157330036163e-02
-1.239881590008735657e-01
3.385452181100845337e-02
-4.055140167474746704e-02
-4.973201453685760498e-02
-1.149664446711540222e-01
1.377207636833190918e-01
-5.202275142073631287e-02
-1.303142905235290527e-01
3.073906712234020233e-02
-3.551473468542098999e-02
9.462118893861770630e-02
-1.433364930562674999e-03
-1.733242869377136230e-01
3.330868110060691833e-02
6.056168302893638611e-02
3.882623510435223579e-03
6.284581869840621948e-02
-2.960091456770896912e-02
4.946815222501754761e-02
-1.715159416198730469e-02
6.718477606773376465e-02
5.351632088422775269e-02
-4.329155758023262024e-02
-1.869977861642837524e-01
-2.496946603059768677e-02
-5.152506381273269653e-02
-1.451711868867278099e-03
-4.266504570841789246e-02
-1.617198623716831207e-02
-3.279496356844902039e-02
6.696363538503646851e-02
1.636931896209716797e-01
-1.013576164841651917e-01
1.103364899754524231e-01
-3.956807032227516174e-02
5.670559033751487732e-02
1.828644890338182449e-04
-1.264487765729427338e-02
-4.263469204306602478e-02
5.586008727550506592e-02
9.332846105098724365e-02
1.422560214996337891e-01
-8.277739584445953369e-02
-3.430584445595741272e-02
1.712720692157745361e-01
2.074144594371318817e-02
1.133242994546890259e-01
1.422432716935873032e-02
-4.462473466992378235e-02
-1.030644588172435760e-02
6.672974675893783569e-02
6.509386003017425537e-02
-8.632060140371322632e-02
-1.050689443945884705e-01
1.192486062645912170e-01
-1.437543425709009171e-02
4.009523242712020874e-02
-2.301041036844253540e-02
-2.480408735573291779e-02
-8.593736588954925537e-02
-4.910345375537872314e-02
-9.655456990003585815e-02
1.484466493129730225e-01
-8.262009359896183014e-03
7.519809156656265259e-02
-8.227507770061492920e-02
4.009139537811279297e-02
5.228831991553306580e-02
4.184905812144279480e-02
-8.511170744895935059e-02
1.952571049332618713e-02
1.226610019803047180e-01
6.683469563722610474e-02
2.660880051553249359e-02
4.633338656276464462e-03
1.001112908124923706e-01
-1.439733952283859253e-01
-8.946834504604339600e-02
-4.361562803387641907e-02
7.311037182807922363e-02
1.771458541043102741e-03
-1.801112294197082520e-02
5.221166461706161499e-02
-9.467574954032897949e-02
-7.959349453449249268e-02
3.408450633287429810e-02
-3.677731752395629883e-02
-5.300294607877731323e-02
-4.943871870636940002e-02
8.251305669546127319e-02
1.296480558812618256e-02
-5.874693393707275391e-02
8.976364508271217346e-03
-1.397933159023523331e-02
1.159961968660354614e-01
-1.886028423905372620e-02
-6.030305288732051849e-03
1.353812031447887421e-02
2.199405338615179062e-03
5.300683155655860901e-02
4.727874696254730225e-02
-2.553106099367141724e-02
-4.025647044181823730e-02
7.540800422430038452e-02
9.767909348011016846e-02
-3.992868587374687195e-02
6.872324645519256592e-02
5.984325334429740906e-02
-3.775689378380775452e-02
-5.922039970755577087e-02
8.866456919349730015e-04
-7.847254723310470581e-02
8.931174874305725098e-03
-8.724616840481758118e-03
3.192544355988502502e-02
-1.248693279922008514e-02
-2.714142575860023499e-02
8.433421701192855835e-02
-2.697884105145931244e-02
4.576021805405616760e-02
4.527556151151657104e-02
-4.617109152604825795e-05
7.101704925298690796e-02
-3.327181190252304077e-02
-3.867465257644653320e-02
1.253429334610700607e-03
-2.089909045025706291e-03
-1.723168045282363892e-02
5.211238283663988113e-03
-1.166349574923515320e-01
5.522638559341430664e-02
4.904318228363990784e-02
7.412260770797729492e-02
1.728873327374458313e-02
6.102138664573431015e-03
3.089825809001922607e-02
4.305015504360198975e-02
-3.082365170121192932e-02
2.295944280922412872e-02
-2.547119557857513428e-02
-2.146239392459392548e-03
4.152049310505390167e-03
6.014634296298027039e-02
8.009510114789009094e-03
-5.099147558212280273e-03
-9.379360824823379517e-03
-2.381341718137264252e-02
1.825888827443122864e-02
6.403195112943649292e-02
2.710844390094280243e-02
-8.219464123249053955e-02
6.470019370317459106e-02
-2.580753527581691742e-02
-1.353332493454217911e-02
3.848194843158125877e-03
4.933952540159225464e-02
7.492621988058090210e-02
3.760864958167076111e-02
-7.471203058958053589e-02
3.335928311571478844e-03
4.821476060897111893e-03
2.098363079130649567e-02
-4.436242580413818359e-02
3.678727149963378906e-02
-6.074517965316772461e-03
-5.447987467050552368e-02
-7.932920008897781372e-02
8.202523738145828247e-02
-2.667608298361301422e-02
-7.219583541154861450e-02
-1.676417700946331024e-02
-2.148791216313838959e-02
-2.451415173709392548e-02
4.030958563089370728e-02
9.741144627332687378e-02
1.827402040362358093e-02
8.033940941095352173e-02
-1.055951789021492004e-01
-2.105638384819030762e-02
-4.211901873350143433e-02
5.617668852210044861e-02
2.214989252388477325e-02
-5.165069922804832458e-02
