1.603517979383468628e-01
-8.356436155736446381e-03
3.836903721094131470e-02
-4.821163788437843323e-02
-3.033680655062198639e-02
-3.206634148955345154e-02
-9.733927249908447266e-02
-4.817968979477882385e-02
5.576064065098762512e-02
5.929886549711227417e-02
1.245863852091133595e-03
-4.432117566466331482e-02
-4.406175110489130020e-03
-9.259670972824096680e-02
9.681437164545059204e-03
-4.708904772996902466e-02
2.405014634132385254e-02
6.183932349085807800e-02
7.567119784653186798e-03
-5.664751864969730377e-03
-3.663474321365356445e-02
-2.433318272233009338e-02
2.866110205650329590e-02
-5.825002212077379227e-03
-4.544596746563911438e-02
-1.084355562925338745e-01
2.579290419816970825e-02
-6.366599351167678833e-02
-9.261474758386611938e-02
-8.577941358089447021e-02
6.974816322326660156e-02
-5.790649726986885071e-02
-5.709118396043777466e-02
-7.752406597137451172e-02
3.626086935400962830e-02
-3.393206745386123657e-02
2.570882253348827362e-02
-3.796911239624023438e-02
-4.689486324787139893e-02
-4.983223974704742432e-02
3.431461006402969360e-02
-3.944531828165054321e-02
5.057690665125846863e-02
6.159980967640876770e-02
5.250410363078117371e-02
2.672324143350124359e-02
-1.262710243463516235e-01
1.389537006616592407e-02
-2.489444799721240997e-02
-2.957144752144813538e-02
-1.616880595684051514e-01
5.817766115069389343e-02
1.132641732692718506e-01
-9.040780365467071533e-02
-4.474197328090667725e-02
4.391044750809669495e-02
-2.514218538999557495e-02
2.298242971301078796e-02
1.463152319192886353e-01
-6.616079714149236679e-03
6.263303756713867188e-02
3.996009752154350281e-02
-5.370656028389930725e-02
1.476785913109779358e-02
-8.027552813291549683e-02
-4.298046976327896118e-02
-6.257865577936172485e-02
-1.031356230378150940e-01
1.236712653189897537e-02
-4.598147794604301453e-02
-1.005376949906349182e-01
-7.679306715726852417e-02
1.443564593791961670e-01
-6.462910771369934082e-02
-1.256529688835144043e-01
5.386825650930404663e-02
-5.497581884264945984e-02
8.452329039573669434e-02
-2.944044535979628563e-03
-1.644165962934494019e-01
5.569275096058845520e-02
6.904946267604827881e-02
2.883611992001533508e-02
5.447360128164291382e-02
-4.427025467157363892e-02
6.224717944860458374e-02
-1.743262819945812225e-02
6.727883964776992798e-02
2.737291157245635986e-02
-4.222166538238525391e-02
-1.746195852756500244e-01
-1.686572097241878510e-02
-5.606462061405181885e-02
-1.435812097042798996e-02
-3.290517628192901611e-02
-6.420733779668807983e-02
-3.927021846175193787e-02
2.483875863254070282e-02
8.946570008993148804e-02
-9.803283214569091797e-02
7.511579245328903198e-02
-1.790156029164791107e-02
2.695630304515361786e-02
-3.360423445701599121e-02
-3.674185648560523987e-02
-6.877432763576507568e-02
5.722066760063171387e-02
9.861433506011962891e-02
1.127158030867576599e-01
-1.012293919920921326e-01
-1.156338583678007126e-02
1.582866013050079346e-01
-4.012646526098251343e-02
9.044215828180313110e-02
1.050815079361200333e-02
-3.171160817146301270e-02
-8.636130951344966888e-03
5.987360328435897827e-02
5.494027957320213318e-02
-8.763589709997177124e-02
-4.516621679067611694e-02
1.140136718750000000e-01
-1.110611669719219208e-02
5.179622396826744080e-02
-3.758452087640762329e-02
8.927349932491779327e-03
-5.896479636430740356e-02
-1.019604727625846863e-01
-1.117865964770317078e-01
1.272667497396469116e-01
-5.330451298505067825e-03
8.603736013174057007e-02
-9.445799887180328369e-02
3.861530125141143799e-02
5.506068468093872070e-02
2.856561727821826935e-02
-7.298488169908523560e-02
1.340831257402896881e-02
1.082734987139701843e-01
6.159806624054908752e-02
1.360659953206777573e-02
6.510805338621139526e-02
2.218879014253616333e-02
-1.461712867021560669e-01
-9.130885452032089233e-02
-5.536054819822311401e-02
8.217512816190719604e-02
1.691997167654335499e-03
-2.327502705156803131e-02
-1.403413945809006691e-03
-8.648403733968734741e-02
-7.038850337266921997e-02
-3.781597770284861326e-04
-2.988440357148647308e-02
-4.538325592875480652e-02
-2.844540961086750031e-02
1.114804372191429138e-01
4.563376307487487793e-02
-7.054585963487625122e-02
9.896242409013211727e-05
-5.361324641853570938e-03
1.024185940623283386e-01
-2.389532700181007385e-02
-4.602124541997909546e-02
-5.811826512217521667e-02
-1.894260570406913757e-02
3.559245914220809937e-02
5.837986618280410767e-02
-5.336019024252891541e-02
-6.536217033863067627e-02
1.703134775161743164e-01
1.386042386293411255e-01
-5.401474609971046448e-02
5.752637237310409546e-02
5.000900849699974060e-02
-3.781558945775032043e-02
-8.070238679647445679e-02
-1.222183741629123688e-02
-5.606043711304664612e-02
-5.108522716909646988e-03
-4.070964176207780838e-03
2.622913755476474762e-02
-4.818589240312576294e-02
-1.496528857387602329e-03
1.011631712317466736e-01
-1.206175610423088074e-02
1.974925398826599121e-02
7.542759180068969727e-02
2.590170130133628845e-02
1.062388867139816284e-01
-3.185031935572624207e-02
-2.679457701742649078e-02
3.389578312635421753e-02
2.264960855245590210e-02
-8.452335372567176819e-03
3.436852246522903442e-02
-1.067997962236404419e-01
4.725450649857521057e-02
4.857810214161872864e-02
5.851326510310173035e-02
-3.214273229241371155e-02
-2.020902559161186218e-02
-3.683330863714218140e-02
1.475259661674499512e-02
-3.651420772075653076e-02
-1.219883933663368225e-02
7.814810960553586483e-04
1.654564216732978821e-02
-5.457764957100152969e-03
8.013279736042022705e-02
-5.318368971347808838e-02
3.092535585165023804e-02
1.052120979875326157e-02
-5.704572051763534546e-02
5.431294441223144531e-02
5.027506500482559204e-02
8.679275400936603546e-03
-6.772255897521972656e-02
6.509453803300857544e-02
-1.291131693869829178e-02
1.739162392914295197e-02
-1.116484589874744415e-02
3.895671665668487549e-02
8.986015617847442627e-02
1.698911003768444061e-02
-1.127465739846229553e-01
4.103664308786392212e-02
3.384657949209213257e-02
6.402834504842758179e-02
-3.688385337591171265e-02
6.618378683924674988e-03
-1.545058842748403549e-02
-3.232247009873390198e-02
-4.101364314556121826e-02
7.583437860012054443e-02
-2.823097445070743561e-02
-6.619238108396530151e-02
-2.334837988018989563e-02
-1.958687044680118561e-02
-3.235714137554168701e-02
1.152378972619771957e-02
7.782402634620666504e-02
4.449736152309924364e-04
8.067310601472854614e-02
-1.071158647537231445e-01
-1.078221714124083519e-03
-4.802005365490913391e-02
-1.635101274587213993e-03
1.844864897429943085e-02
-4.227719828486442566e-02
