2.446247488260269165e-01
-1.266903709620237350e-02
4.680298268795013428e-02
-8.801255375146865845e-02
-6.687621027231216431e-02
-5.214347690343856812e-02
-1.351343393325805664e-01
-8.331086486577987671e-02
8.872841298580169678e-02
9.161607176065444946e-02
-6.612215656787157059e-03
-7.969476282596588135e-02
-2.533790469169616699e-02
-1.267613470554351807e-01
8.661487139761447906e-03
-7.314939796924591064e-02
3.367064520716667175e-02
1.235767602920532227e-01
5.072973296046257019e-02
-2.822335436940193176e-02
-7.060831040143966675e-02
-4.118892550468444824e-02
2.759772911667823792e-02
-7.937316782772541046e-03
-9.653601795434951782e-02
-1.562919318675994873e-01
3.720898553729057312e-02
-8.890807628631591797e-02
-1.340241879224777222e-01
-1.233485639095306396e-01
8.719058334827423096e-02
-1.025189831852912903e-01
-8.091570436954498291e-02
-5.433436855673789978e-02
2.977480180561542511e-02
-2.797463536262512207e-02
1.910506747663021088e-02
-3.523283079266548157e-02
-2.460443973541259766e-02
-5.173994228243827820e-02
1.353178080171346664e-02
-2.030931599438190460e-02
4.282959178090095520e-02
5.850896239280700684e-02
8.643955737352371216e-02
3.854723274707794189e-02
-1.075653210282325745e-01
3.405204415321350098e-02
-2.029330097138881683e-02
-1.387045904994010925e-02
-1.455967128276824951e-01
4.529759287834167480e-02
1.274139434099197388e-01
-9.016748517751693726e-02
-2.666252665221691132e-02
1.877952925860881805e-02
-4.037094116210937500e-02
4.603192955255508423e-02
1.365626007318496704e-01
-9.228772483766078949e-03
4.385721310973167419e-02
4.270544648170471191e-02
-6.897044926881790161e-02
-1.104308106005191803e-02
-7.097305357456207275e-02
-4.731117561459541321e-02
-4.212409630417823792e-02
-7.312324643135070801e-02
2.375865122303366661e-03
-1.273720152676105499e-02
-9.803628176450729370e-02
-6.129273399710655212e-02
1.227013841271400452e-01
-7.338783890008926392e-02
-1.083160340785980225e-01
4.612204432487487793e-02
-4.902644455432891846e-02
6.116538867354393005e-02
1.190982479602098465e-02
-1.299627125263214111e-01
4.271657019853591919e-02
6.162363663315773010e-02
4.636384919285774231e-02
4.965548962354660034e-02
-4.743309319019317627e-02
5.248018726706504822e-02
-5.143012851476669312e-03
4.363443329930305481e-02
2.932204119861125946e-02
-3.226328268647193909e-02
-1.191618368029594421e-01
-1.636926084756851196e-02
-6.255298852920532227e-02
-2.001337148249149323e-02
-3.548360243439674377e-02
-5.975723266601562500e-02
-1.248173695057630539e-02
3.914805874228477478e-02
6.606573611497879028e-02
-8.142890781164169312e-02
3.200884908437728882e-02
1.012397930026054382e-02
9.585186839103698730e-03
-3.178334608674049377e-02
-2.433964051306247711e-02
-3.589862585067749023e-02
2.983229793608188629e-02
7.513620704412460327e-02
6.507229804992675781e-02
-8.638446033000946045e-02
-7.283669896423816681e-03
1.158173605799674988e-01
-6.205985695123672485e-02
6.134374067187309265e-02
-8.395544718950986862e-04
2.318657562136650085e-02
-6.418143864721059799e-03
5.238322541117668152e-02
3.929900750517845154e-02
-4.877912253141403198e-02
-4.517130553722381592e-03
9.837982058525085449e-02
-2.616454381495714188e-03
4.176007956266403198e-02
-3.426260501146316528e-02
3.004753030836582184e-02
-3.364285081624984741e-02
-5.940045416355133057e-02
-9.415815025568008423e-02
1.050745174288749695e-01
8.297358639538288116e-03
6.172681972384452820e-02
-8.534792065620422363e-02
3.278163447976112366e-02
3.926198929548263550e-02
-1.424047350883483887e-02
-4.604195430874824524e-02
1.510120090097188950e-02
7.875458151102066040e-02
5.142623558640480042e-02
-1.332815457135438919e-02
6.671267002820968628e-02
-2.172742970287799835e-02
-1.157811209559440613e-01
-6.776033341884613037e-02
-5.090457201004028320e-02
8.442876487970352173e-02
1.087575405836105347e-02
-4.054618184454739094e-04
-2.237994223833084106e-02
-7.466985285282135010e-02
-4.513650014996528625e-02
-1.209523715078830719e-02
-6.696181371808052063e-03
-2.783116325736045837e-02
-7.080911193042993546e-03
1.103204116225242615e-01
3.193531185388565063e-02
-5.241847783327102661e-02
-1.262556947767734528e-02
4.142274614423513412e-03
7.754542678594589233e-02
-6.011073943227529526e-03
-2.969528175890445709e-02
-6.694433838129043579e-02
-2.643627300858497620e-02
3.161245211958885193e-02
6.367429345846176147e-02
-3.273446857929229736e-02
-8.033921569585800171e-02
1.750721484422683716e-01
1.279029399156570435e-01
-4.720317199826240540e-02
5.439805239439010620e-02
3.452323004603385925e-02
-2.892604097723960876e-03
-7.246501743793487549e-02
-8.675082586705684662e-03
-4.769397899508476257e-02
-6.627344526350498199e-03
7.928748527774587274e-05
4.720568191260099411e-03
-2.953041717410087585e-02
1.786238863132894039e-03
7.477650046348571777e-02
6.212006788700819016e-03
3.425567597150802612e-02
4.976057633757591248e-02
2.787329070270061493e-02
1.042237877845764160e-01
-3.142699599266052246e-02
-1.255236566066741943e-02
3.898502513766288757e-02
2.429949305951595306e-02
-2.135827904567122459e-03
1.445606071501970291e-02
-7.825498282909393311e-02
5.878316983580589294e-02
4.577695578336715698e-02
5.147671326994895935e-02
-2.736559696495532990e-02
-5.351328477263450623e-02
-3.466951102018356323e-02
1.102711074054241180e-02
-3.180065751075744629e-02
-4.632798209786415100e-02
4.947666078805923462e-03
4.486932232975959778e-02
-1.296926569193601608e-02
9.674262255430221558e-02
-4.744381457567214966e-02
3.932503238320350647e-02
2.260842174291610718e-02
-6.879493594169616699e-02
6.841418892145156860e-02
4.138335585594177246e-02
2.417264319956302643e-02
-5.723015964031219482e-02
2.356635965406894684e-02
-1.421527937054634094e-02
2.414053305983543396e-02
-7.197037339210510254e-03
2.257013134658336639e-02
5.085929483175277710e-02
9.649733081459999084e-03
-1.093212440609931946e-01
4.943439364433288574e-02
3.130778670310974121e-02
8.147196471691131592e-02
-4.640847072005271912e-02
3.207576228305697441e-03
-4.174331948161125183e-02
-5.719618126749992371e-02
-2.891807071864604950e-02
9.045033156871795654e-02
-4.312182590365409851e-02
-9.379369765520095825e-02
-4.021546617150306702e-02
-4.562972486019134521e-02
-3.924295306205749512e-02
3.580539301037788391e-02
1.130332052707672119e-01
-1.967706345021724701e-02
1.149185672402381897e-01
-1.731460094451904297e-01
-1.585864461958408356e-02
-7.419541478157043457e-02
-3.055592067539691925e-02
3.768414631485939026e-02
-7.517591118812561035e-02
