1.717092543840408325e-01
-6.430169101804494858e-03
3.788370639085769653e-02
-5.042675137519836426e-02
-4.451879486441612244e-02
-4.577802121639251709e-02
-1.000592261552810669e-01
-5.407592654228210449e-02
6.493338942527770996e-02
4.969873279333114624e-02
2.604233799502253532e-03
-4.554649069905281067e-02
-2.777678426355123520e-03
-9.631256014108657837e-02
1.551568973809480667e-02
-5.453409254550933838e-02
3.537972643971443176e-02
8.652182668447494507e-02
5.575585179030895233e-03
-1.719363033771514893e-02
-3.497548773884773254e-02
-1.266283541917800903e-02
2.503952942788600922e-02
-2.240127883851528168e-02
-5.660495907068252563e-02
-1.174436211585998535e-01
3.821682184934616089e-02
-6.739494949579238892e-02
-1.116670966148376465e-01
-9.830787777900695801e-02
7.147325575351715088e-02
-5.459507554769515991e-02
-5.402181670069694519e-02
-7.404095679521560669e-02
3.030115924775600433e-02
-1.620516367256641388e-02
3.058938309550285339e-02
-3.284341841936111450e-02
-4.852777346968650818e-02
-5.150233209133148193e-02
5.004199966788291931e-02
-2.356388047337532043e-02
3.974165767431259155e-02
7.424206286668777466e-02
5.307500809431076050e-02
2.369172312319278717e-02
-1.291183531284332275e-01
2.300950698554515839e-02
-2.326609194278717041e-02
-4.128347337245941162e-02
-1.720545291900634766e-01
6.148221343755722046e-02
1.172229945659637451e-01
-8.940149843692779541e-02
-4.555365070700645447e-02
4.529391974210739136e-02
-3.388831019401550293e-02
1.916612964123487473e-03
1.545145660638809204e-01
-1.919495128095149994e-02
5.792625248432159424e-02
4.590509831905364990e-02
-6.779389083385467529e-02
1.368188066408038139e-03
-6.934648007154464722e-02
-6.049498170614242554e-02
-5.276950821280479431e-02
-1.008331254124641418e-01
9.718143264763057232e-04
-4.597385600209236145e-02
-9.289690107107162476e-02
-8.920434862375259399e-02
1.381142884492874146e-01
-7.692832499742507935e-02
-1.268095225095748901e-01
5.837436765432357788e-02
-7.384651899337768555e-02
7.000230997800827026e-02
5.906666629016399384e-03
-1.720612943172454834e-01
4.322380200028419495e-02
5.985200405120849609e-02
2.060416154563426971e-02
5.775347724556922913e-02
-5.718494579195976257e-02
5.507337674498558044e-02
-2.638142928481101990e-02
5.562426522374153137e-02
2.892077155411243439e-02
-3.778244554996490479e-02
-1.642419248819351196e-01
-2.119597606360912323e-02
-6.144922226667404175e-02
-2.173496037721633911e-02
-5.200586095452308655e-02
-5.378387495875358582e-02
-3.027967549860477448e-02
2.483510226011276245e-02
8.180915564298629761e-02
-9.140220284461975098e-02
5.932390689849853516e-02
-5.156133789569139481e-03
1.488072331994771957e-02
-2.287521213293075562e-02
-1.083013787865638733e-02
-6.063347682356834412e-02
6.327155977487564087e-02
9.754900634288787842e-02
1.013094857335090637e-01
-9.977369755506515503e-02
-6.273306906223297119e-03
1.419402658939361572e-01
-2.633002772927284241e-02
8.679004013538360596e-02
1.122219953685998917e-02
-2.236464247107505798e-02
-1.583565399050712585e-02
5.406031757593154907e-02
5.725226923823356628e-02
-7.013002038002014160e-02
-4.616728425025939941e-02
1.078079789876937866e-01
2.525264630094170570e-03
5.208711326122283936e-02
-4.902409762144088745e-02
5.377018358558416367e-03
-5.523150041699409485e-02
-9.121997654438018799e-02
-1.078186556696891785e-01
1.114870682358741760e-01
3.251953283324837685e-03
8.491232991218566895e-02
-9.525602310895919800e-02
4.070014134049415588e-02
4.077846929430961609e-02
2.231076918542385101e-02
-7.540331780910491943e-02
2.622082270681858063e-02
1.076604276895523071e-01
5.314969643950462341e-02
1.942615211009979248e-02
5.717353150248527527e-02
3.881102427840232849e-02
-1.403618603944778442e-01
-6.919565796852111816e-02
-5.470100045204162598e-02
8.249501883983612061e-02
8.408748544752597809e-03
-8.115472272038459778e-03
1.107948552817106247e-02
-7.492566108703613281e-02
-5.648859962821006775e-02
2.045785821974277496e-02
-2.498793229460716248e-02
-4.505052417516708374e-02
-3.483441099524497986e-02
1.076246351003646851e-01
2.162908390164375305e-02
-6.984578073024749756e-02
1.469914917834103107e-03
-7.937921211123466492e-03
1.035614758729934692e-01
-1.962647587060928345e-02
-3.831466287374496460e-02
-3.691042959690093994e-02
-1.283188443630933762e-02
3.805438429117202759e-02
5.004807561635971069e-02
-4.403812065720558167e-02
-5.724395811557769775e-02
1.548469960689544678e-01
1.280733793973922729e-01
-4.453786090016365051e-02
5.457464233040809631e-02
4.892640188336372375e-02
-1.802550815045833588e-02
-7.663006335496902466e-02
-1.563402265310287476e-02
-4.227377474308013916e-02
2.333279000595211983e-03
-5.266561172902584076e-03
1.813434995710849762e-02
-3.135598823428153992e-02
-1.069933548569679260e-02
8.809328079223632812e-02
-1.638651266694068909e-02
2.664820291101932526e-02
6.957717239856719971e-02
2.819390408694744110e-02
1.097775176167488098e-01
-2.767287194728851318e-02
-2.675111033022403717e-02
1.658917032182216644e-02
2.519832924008369446e-02
-1.136740576475858688e-02
1.288761105388402939e-02
-1.166591197252273560e-01
5.185548961162567139e-02
5.898651480674743652e-02
5.790283158421516418e-02
-1.707862317562103271e-02
-2.450497075915336609e-02
-2.175405621528625488e-02
1.917062327265739441e-02
-3.138039633631706238e-02
-4.385445732623338699e-03
1.372047816403210163e-03
2.253350988030433655e-02
-1.251369132660329342e-03
9.167423099279403687e-02
-3.074200823903083801e-02
2.879763022065162659e-02
8.457791991531848907e-03
-5.690498650074005127e-02
5.082990601658821106e-02
5.841003730893135071e-02
1.629420556128025055e-02
-8.267892897129058838e-02
6.930021941661834717e-02
-4.167700186371803284e-03
3.063187003135681152e-02
-8.435018360614776611e-03
5.077000707387924194e-02
8.752609044313430786e-02
1.470982469618320465e-02
-1.217564046382904053e-01
2.888086438179016113e-02
1.823846437036991119e-02
7.428044080734252930e-02
-4.727862030267715454e-02
3.007493726909160614e-02
-2.182182669639587402e-02
-5.706283077597618103e-02
-4.390063136816024780e-02
7.136623561382293701e-02
-3.618503361940383911e-02
-7.362714409828186035e-02
-4.759517684578895569e-02
-2.798026800155639648e-02
-4.164776206016540527e-02
3.040396608412265778e-02
1.044785529375076294e-01
-1.278126612305641174e-02
9.668272733688354492e-02
-1.250156015157699585e-01
-2.556661888957023621e-02
-5.822303146123886108e-02
8.334181271493434906e-03
1.967045851051807404e-02
-6.650717556476593018e-02
