1.540792882442474365e-01
-9.778993204236030579e-03
3.831971064209938049e-02
-5.034632980823516846e-02
-3.521197289228439331e-02
-4.216371476650238037e-02
-9.713367372751235962e-02
-4.226619005203247070e-02
6.539314240217208862e-02
6.571520864963531494e-02
3.975279629230499268e-03
-3.681285306811332703e-02
-2.877649967558681965e-04
-9.479121863842010498e-02
1.745992712676525116e-02
-4.499827697873115540e-02
3.402756527066230774e-02
6.144485622644424438e-02
6.883369758725166321e-03
-1.841709762811660767e-02
-3.296473994851112366e-02
-1.361328735947608948e-02
3.001976758241653442e-02
-8.910695090889930725e-03
-4.532578960061073303e-02
-1.080175265669822693e-01
2.221320383250713348e-02
-6.338312476873397827e-02
-8.994449675083160400e-02
-7.593087852001190186e-02
7.208234071731567383e-02
-4.781512543559074402e-02
-5.468459799885749817e-02
-9.052114933729171753e-02
3.147425875067710876e-02
-3.467192500829696655e-02
3.583482280373573303e-02
-3.176377341151237488e-02
-4.515120759606361389e-02
-4.336963221430778503e-02
4.123882576823234558e-02
-5.559530481696128845e-02
4.443580284714698792e-02
6.934930384159088135e-02
5.017576366662979126e-02
3.018393367528915405e-02
-1.284555792808532715e-01
-8.498637937009334564e-03
-2.057217992842197418e-02
-3.841210901737213135e-02
-1.645103693008422852e-01
5.794126540422439575e-02
1.123941838741302490e-01
-8.378490060567855835e-02
-5.634111538529396057e-02
4.979066178202629089e-02
-2.621539123356342316e-02
2.084550634026527405e-02
1.489397287368774414e-01
-2.423257566988468170e-02
5.900077894330024719e-02
4.307464510202407837e-02
-3.989142552018165588e-02
1.221144199371337891e-02
-7.448387891054153442e-02
-5.452446639537811279e-02
-6.831400096416473389e-02
-1.001938879489898682e-01
8.701009675860404968e-03
-4.988000169396400452e-02
-9.779403358697891235e-02
-7.898911833763122559e-02
1.465899795293807983e-01
-6.943961977958679199e-02
-1.179014146327972412e-01
6.756904721260070801e-02
-7.446880638599395752e-02
6.803490221500396729e-02
-5.305676721036434174e-03
-1.581483483314514160e-01
6.062825769186019897e-02
6.767450273036956787e-02
1.632140576839447021e-02
4.379707202315330505e-02
-5.756487324833869934e-02
6.375428289175033569e-02
-2.186069078743457794e-02
6.783039867877960205e-02
2.049372904002666473e-02
-3.298001363873481750e-02
-1.768578737974166870e-01
-1.181680522859096527e-02
-6.003240123391151428e-02
-1.590971834957599640e-02
-3.825296089053153992e-02
-6.331258267164230347e-02
-4.254608228802680969e-02
1.069608703255653381e-02
8.460982888936996460e-02
-1.016747057437896729e-01
7.338820397853851318e-02
-1.141500379890203476e-02
1.701478287577629089e-02
-2.860659547150135040e-02
-2.945860661566257477e-02
-7.063064724206924438e-02
6.241343542933464050e-02
1.092770248651504517e-01
1.076521649956703186e-01
-1.065352633595466614e-01
-1.035862788558006287e-02
1.540133506059646606e-01
-4.194876924157142639e-02
8.454832434654235840e-02
1.650151237845420837e-02
-4.036317020654678345e-02
-1.031541731208562851e-02
6.032783910632133484e-02
5.947642400860786438e-02
-8.852652460336685181e-02
-5.030059441924095154e-02
1.079980954527854919e-01
-3.113042796030640602e-03
6.033290550112724304e-02
-3.814014792442321777e-02
8.594146929681301117e-03
-6.010142713785171509e-02
-1.172154098749160767e-01
-1.177281439304351807e-01
1.184847280383110046e-01
-1.037976518273353577e-02
8.924289047718048096e-02
-9.782313555479049683e-02
4.288334026932716370e-02
5.153924599289894104e-02
4.248524829745292664e-02
-8.458761125802993774e-02
2.995315007865428925e-02
1.195350289344787598e-01
6.129020079970359802e-02
2.991816028952598572e-02
6.615842878818511963e-02
3.128197789192199707e-02
-1.471689343452453613e-01
-7.204706966876983643e-02
-5.522698536515235901e-02
8.077863603830337524e-02
8.968688780441880226e-04
-2.527007088065147400e-02
2.017238643020391464e-03
-8.122514188289642334e-02
-6.329151242971420288e-02
8.840350434184074402e-03
-3.942536935210227966e-02
-5.272921919822692871e-02
-3.515173867344856262e-02
1.131185218691825867e-01
5.268721655011177063e-02
-7.697983831167221069e-02
4.525233816821128130e-04
-1.817204430699348450e-02
9.616998583078384399e-02
-1.334417145699262619e-02
-5.698386952280998230e-02
-5.739109590649604797e-02
-2.032169140875339508e-02
2.608628757297992706e-02
5.803785473108291626e-02
-5.125632137060165405e-02
-4.914663732051849365e-02
1.664116233587265015e-01
1.335737854242324829e-01
-4.635091125965118408e-02
5.464647710323333740e-02
4.828979447484016418e-02
-2.894995734095573425e-02
-7.596560567617416382e-02
-2.297560311853885651e-02
-4.256165400147438049e-02
-5.013207904994487762e-03
4.494014661759138107e-03
2.849955111742019653e-02
-4.512790217995643616e-02
-9.882117621600627899e-03
1.114716008305549622e-01
-1.285107620060443878e-02
1.316118426620960236e-02
8.820956945419311523e-02
3.661219030618667603e-02
1.047007367014884949e-01
-3.231969475746154785e-02
-3.014942258596420288e-02
2.113752625882625580e-02
2.319260872900485992e-02
-1.397078670561313629e-02
3.581313043832778931e-02
-1.113871410489082336e-01
4.203482717275619507e-02
4.719132557511329651e-02
5.423372238874435425e-02
-3.080375678837299347e-02
-1.022055000066757202e-02
-3.921461105346679688e-02
4.884487949311733246e-03
-3.208162635564804077e-02
-2.164321485906839371e-03
1.457029953598976135e-03
1.016080006957054138e-02
-1.198391197249293327e-03
7.538329064846038818e-02
-4.630710184574127197e-02
2.930590510368347168e-02
7.555380929261445999e-03
-5.303885042667388916e-02
4.399884864687919617e-02
4.262753576040267944e-02
-5.203830078244209290e-03
-7.089083641767501831e-02
7.245440781116485596e-02
-7.530360482633113861e-03
2.069826610386371613e-02
-7.339478936046361923e-03
4.410063102841377258e-02
1.008668467402458191e-01
7.709649391472339630e-03
-1.057482510805130005e-01
4.126438125967979431e-02
2.343727834522724152e-02
5.942884087562561035e-02
-3.243809938430786133e-02
1.226210873574018478e-02
-1.319265551865100861e-02
-2.471614442765712738e-02
-4.366301745176315308e-02
6.750712543725967407e-02
-2.504301816225051880e-02
-5.633898451924324036e-02
-2.483751066029071808e-02
-1.061915792524814606e-02
-3.367697447538375854e-02
1.741462200880050659e-02
7.363223284482955933e-02
1.301205600611865520e-03
8.738223463296890259e-02
-9.386218339204788208e-02
-7.094422355294227600e-03
-4.481557011604309082e-02
1.456514187157154083e-02
6.702893413603305817e-03
-4.279481992125511169e-02
