1.285634785890579224e-01
-8.115250617265701294e-03
2.724500373005867004e-02
-2.982791140675544739e-02
-3.531484678387641907e-02
-1.507201325148344040e-02
-8.253940939903259277e-02
-4.483852908015251160e-02
6.260424107313156128e-02
3.388461470603942871e-02
1.045694854110479355e-02
-3.903646394610404968e-02
-7.227678317576646805e-03
-8.356553316116333008e-02
8.601434528827667236e-03
-5.309204757213592529e-02
2.160788513720035553e-02
6.403505057096481323e-02
-5.242287646979093552e-03
-1.064373180270195007e-02
-3.532057255506515503e-02
2.198463538661599159e-03
1.195748243480920792e-02
-2.565856836736202240e-02
-3.342481702566146851e-02
-1.063804179430007935e-01
4.194889217615127563e-02
-6.708101928234100342e-02
-1.127721369266510010e-01
-1.144915521144866943e-01
6.420277059078216553e-02
-4.725128784775733948e-02
-4.593756049871444702e-02
-6.693445146083831787e-02
2.969078160822391510e-02
-1.406623888760805130e-02
2.243056334555149078e-02
-3.342038020491600037e-02
-5.571013689041137695e-02
-4.221053794026374817e-02
6.046952307224273682e-02
-2.746661426499485970e-03
4.067487642168998718e-02
7.461997121572494507e-02
3.570086136460304260e-02
1.862293854355812073e-02
-1.268212646245956421e-01
2.976829931139945984e-02
-3.073006123304367065e-02
-4.172533005475997925e-02
-1.785823553800582886e-01
7.064658403396606445e-02
1.168258935213088989e-01
-1.051952987909317017e-01
-4.092209786176681519e-02
5.107761174440383911e-02
-2.642699144780635834e-02
-3.334418637678027153e-03
1.640872657299041748e-01
-1.175342593342065811e-02
6.919631361961364746e-02
3.530541434884071350e-02
-7.028478384017944336e-02
4.267795942723751068e-03
-7.273399084806442261e-02
-5.596001073718070984e-02
-5.381818860769271851e-02
-1.130499765276908875e-01
-4.340609535574913025e-03
-5.240533128380775452e-02
-1.031856164336204529e-01
-1.016247943043708801e-01
1.455567330121994019e-01
-8.634827286005020142e-02
-1.507611423730850220e-01
4.811204969882965088e-02
-6.737769395112991333e-02
8.570956438779830933e-02
1.477853581309318542e-02
-2.065491676330566406e-01
4.615767300128936768e-02
5.044101551175117493e-02
1.023916155099868774e-02
7.620773464441299438e-02
-5.588547140359878540e-02
4.883005842566490173e-02
-3.961696848273277283e-02
6.332834064960479736e-02
3.266292437911033630e-02
-4.193016886711120605e-02
-1.727019846439361572e-01
-3.979892656207084656e-02
-6.158770248293876648e-02
-3.472292050719261169e-02
-6.107559427618980408e-02
-5.672322958707809448e-02
-2.914931252598762512e-02
2.788174152374267578e-02
6.921339780092239380e-02
-8.667657524347305298e-02
5.497565865516662598e-02
-1.591324806213378906e-02
1.959261484444141388e-02
-1.697964221239089966e-02
-4.793153144419193268e-03
-6.093754619359970093e-02
6.852109730243682861e-02
9.097103774547576904e-02
1.039609462022781372e-01
-9.180367738008499146e-02
-1.142045715823769569e-03
1.388134360313415527e-01
-1.393509656190872192e-02
9.865599125623703003e-02
1.602503238245844841e-03
-2.401621267199516296e-02
-2.944477647542953491e-02
4.173967987298965454e-02
5.592074617743492126e-02
-5.790089443325996399e-02
-4.265317320823669434e-02
1.065179705619812012e-01
3.224848071113228798e-03
3.539015725255012512e-02
-4.995062574744224548e-02
7.340034935623407364e-03
-4.981814324855804443e-02
-9.034970402717590332e-02
-9.585431963205337524e-02
9.157430380582809448e-02
1.118004880845546722e-02
7.919553667306900024e-02
-9.064546972513198853e-02
3.712445124983787537e-02
4.019501432776451111e-02
6.818388123065233231e-03
-7.377717643976211548e-02
1.757778041064739227e-02
9.193983674049377441e-02
3.923115506768226624e-02
2.008148469030857086e-02
5.456734076142311096e-02
4.209258407354354858e-02
-1.381474137306213379e-01
-7.733517885208129883e-02
-5.331642925739288330e-02
7.900932431221008301e-02
5.121030844748020172e-03
-1.359537616372108459e-02
1.986212469637393951e-02
-6.951049715280532837e-02
-5.465292930603027344e-02
1.169205643236637115e-02
-2.613666094839572906e-02
-4.529539495706558228e-02
-3.701810538768768311e-02
9.610095620155334473e-02
5.014105234295129776e-03
-6.770320236682891846e-02
3.321742173284292221e-03
1.059214305132627487e-02
1.050570830702781677e-01
-2.473999559879302979e-02
-2.769821882247924805e-02
-2.548747323453426361e-02
-9.924762416630983353e-04
4.781657457351684570e-02
3.649197518825531006e-02
-5.277365446090698242e-02
-5.741199851036071777e-02
1.502905935049057007e-01
1.328049451112747192e-01
-5.566557496786117554e-02
4.100341722369194031e-02
4.639341682195663452e-02
-2.552029304206371307e-02
-7.466470450162887573e-02
-4.204273689538240433e-03
-3.597413375973701477e-02
2.887462615035474300e-04
-2.527675591409206390e-02
1.893995143473148346e-02
-3.920857235789299011e-02
-6.907675415277481079e-03
6.631946563720703125e-02
-2.296548523008823395e-02
2.781284786760807037e-02
6.042240187525749207e-02
2.946504019200801849e-02
1.135475859045982361e-01
-1.770100928843021393e-02
-2.683308348059654236e-02
2.493748255074024200e-02
2.792561799287796021e-02
-1.043773908168077469e-02
7.490347139537334442e-03
-1.240831539034843445e-01
4.765318706631660461e-02
6.314625591039657593e-02
5.895867943763732910e-02
-1.844453439116477966e-02
-2.977836504578590393e-02
-2.027053013443946838e-02
3.377198800444602966e-02
-4.414480552077293396e-02
3.140337998047471046e-03
-3.529643872752785683e-03
2.239248901605606079e-02
-9.675413602963089943e-04
9.135569632053375244e-02
-2.958586439490318298e-02
3.491441160440444946e-02
1.234193332493305206e-04
-6.130018085241317749e-02
5.859415978193283081e-02
8.335759490728378296e-02
3.648770228028297424e-02
-8.427633345127105713e-02
8.194478601217269897e-02
8.419540710747241974e-03
3.463923931121826172e-02
-1.372528728097677231e-02
5.194444954395294189e-02
8.743258565664291382e-02
2.541251666843891144e-02
-1.542928367853164673e-01
1.479560788720846176e-02
2.764492109417915344e-02
9.282948821783065796e-02
-4.828179255127906799e-02
4.171559587121009827e-02
-9.587666951119899750e-03
-6.180686131119728088e-02
-4.153173789381980896e-02
6.531863659620285034e-02
-3.857300803065299988e-02
-6.555089354515075684e-02
-5.344646796584129333e-02
-3.303707391023635864e-02
-3.825803101062774658e-02
2.159763872623443604e-02
1.002421304583549500e-01
-1.333067100495100021e-02
8.399578928947448730e-02
-1.122791469097137451e-01
-1.933466270565986633e-02
-4.732566699385643005e-02
-2.263527829200029373e-03
3.357123211026191711e-02
-6.220427155494689941e-02
