1.702464073896408081e-01
-8.460994809865951538e-03
4.569375514984130859e-02
-5.234966427087783813e-02
-4.137547314167022705e-02
-4.220568761229515076e-02
-9.400622546672821045e-02
-5.360506102442741394e-02
4.436158016324043274e-02
4.229805245995521545e-02
2.081569284200668335e-03
-5.311129242181777954e-02
-7.588035892695188522e-03
-8.372043818235397339e-02
8.830332197248935699e-03
-4.696555808186531067e-02
2.655827999114990234e-02
9.711365401744842529e-02
6.116270087659358978e-03
-8.042100816965103149e-03
-2.015813067555427551e-02
-1.313955150544643402e-02
2.809039130806922913e-02
-1.906832307577133179e-02
-4.520931839942932129e-02
-1.140952184796333313e-01
3.140832111239433289e-02
-5.950266867876052856e-02
-1.141842380166053772e-01
-9.809792786836624146e-02
5.876732245087623596e-02
-4.871682450175285339e-02
-6.338800489902496338e-02
-6.050130724906921387e-02
4.162009805440902710e-02
-4.186881240457296371e-03
1.320792734622955322e-02
-4.452510178089141846e-02
-5.253979563713073730e-02
-6.436731666326522827e-02
4.931565746665000916e-02
-1.167787238955497742e-03
4.334973916411399841e-02
6.265611201524734497e-02
4.795004427433013916e-02
2.154390513896942139e-02
-1.222184598445892334e-01
5.825209990143775940e-02
-2.844701148569583893e-02
-2.909954451024532318e-02
-1.722539961338043213e-01
6.108520552515983582e-02
1.081401035189628601e-01
-8.799899369478225708e-02
-3.109573945403099060e-02
4.571051895618438721e-02
-3.093591332435607910e-02
1.210084650665521622e-02
1.623851507902145386e-01
-9.880770929157733917e-03
6.319659203290939331e-02
3.758243098855018616e-02
-9.044815599918365479e-02
-5.902971141040325165e-03
-7.287792861461639404e-02
-5.965323001146316528e-02
-4.806758463382720947e-02
-9.826837480068206787e-02
3.284661564975976944e-03
-4.407757520675659180e-02
-8.937960863113403320e-02
-8.579737693071365356e-02
1.274784207344055176e-01
-7.862549275159835815e-02
-1.209427118301391602e-01
5.175236240029335022e-02
-6.020244583487510681e-02
8.810102939605712891e-02
1.550937630236148834e-02
-1.825932860374450684e-01
3.743573278188705444e-02
6.745339184999465942e-02
2.688002958893775940e-02
6.449472904205322266e-02
-4.625277221202850342e-02
4.800674691796302795e-02
-3.605384007096290588e-02
6.364428251981735229e-02
2.660126239061355591e-02
-4.771814495325088501e-02
-1.406324505805969238e-01
-3.884690254926681519e-02
-5.556355789303779602e-02
-1.563687063753604889e-02
-4.524872452020645142e-02
-5.455164983868598938e-02
-2.450557053089141846e-02
4.352907836437225342e-02
7.764314115047454834e-02
-8.946204930543899536e-02
5.889263749122619629e-02
-8.596725761890411377e-03
1.720562577247619629e-02
-2.142198383808135986e-02
-1.294091902673244476e-02
-5.592074990272521973e-02
6.562484800815582275e-02
7.809793204069137573e-02
1.049350500106811523e-01
-9.910415858030319214e-02
8.836989873088896275e-04
1.442314684391021729e-01
-1.850313507020473480e-02
8.947939425706863403e-02
4.316443577408790588e-03
-1.837058179080486298e-02
-1.096209231764078140e-02
5.505341663956642151e-02
4.544312134385108948e-02
-5.323684960603713989e-02
-3.133061528205871582e-02
1.080513522028923035e-01
-3.483468026388436556e-04
4.526792466640472412e-02
-5.567768588662147522e-02
-2.555507468059659004e-03
-4.252587258815765381e-02
-7.190124690532684326e-02
-1.061292439699172974e-01
1.181878894567489624e-01
1.460060849785804749e-02
8.654339611530303955e-02
-9.292776882648468018e-02
3.820209205150604248e-02
4.429030790925025940e-02
1.271096989512443542e-02
-6.963917613029479980e-02
3.785745939239859581e-03
8.774949610233306885e-02
4.429673403501510620e-02
7.248020265251398087e-03
5.058991163969039917e-02
4.276707768440246582e-02
-1.263443231582641602e-01
-8.577802777290344238e-02
-4.835416004061698914e-02
9.235769510269165039e-02
7.035287562757730484e-03
-8.893990889191627502e-03
7.946250028908252716e-03
-6.770570576190948486e-02
-6.881564110517501831e-02
1.375337410718202591e-02
-7.071608211845159531e-03
-4.021188244223594666e-02
-2.350957319140434265e-02
1.107040271162986755e-01
1.156520098447799683e-02
-5.740509927272796631e-02
-2.557227155193686485e-03
6.641137413680553436e-03
9.924384951591491699e-02
-2.855661511421203613e-02
-2.429277822375297546e-02
-3.400260210037231445e-02
-2.350449562072753906e-02
4.322635009884834290e-02
4.966134950518608093e-02
-3.644601255655288696e-02
-6.647466868162155151e-02
1.530499160289764404e-01
1.130355820059776306e-01
-5.095321685075759888e-02
5.398396030068397522e-02
4.473723471164703369e-02
-1.948710903525352478e-02
-7.887680828571319580e-02
-1.402008929289877415e-03
-5.644591897726058960e-02
-1.314305409323424101e-04
-1.801274716854095459e-02
1.030952017754316330e-02
-1.994094997644424438e-02
-7.390315178781747818e-03
6.344269216060638428e-02
-2.204150706529617310e-02
3.906610980629920959e-02
4.963617026805877686e-02
1.239886041730642319e-02
1.108379140496253967e-01
-2.368537150323390961e-02
-2.558136545121669769e-02
2.455252595245838165e-02
2.764977514743804932e-02
-4.458905314095318317e-04
5.195004632696509361e-04
-1.179251596331596375e-01
5.521191656589508057e-02
6.333020329475402832e-02
4.956590011715888977e-02
-1.737366989254951477e-02
-3.193273022770881653e-02
-6.993535440415143967e-03
2.703101187944412231e-02
-2.877372689545154572e-02
-9.874176234006881714e-03
7.448568474501371384e-03
3.626359254121780396e-02
9.566916152834892273e-03
8.800008893013000488e-02
-3.126277402043342590e-02
3.673963248729705811e-02
8.275544270873069763e-03
-6.324873119592666626e-02
6.163938343524932861e-02
7.384131848812103271e-02
4.516343027353286743e-02
-8.033692091703414917e-02
6.996244192123413086e-02
5.001964047551155090e-03
3.575788438320159912e-02
-1.558114308863878250e-02
4.180493578314781189e-02
7.233688980340957642e-02
2.135744504630565643e-02
-1.377678960561752319e-01
1.741066202521324158e-02
1.948847062885761261e-02
8.835860341787338257e-02
-7.065141946077346802e-02
4.853436350822448730e-02
-1.496218517422676086e-02
-7.359953969717025757e-02
-4.356683790683746338e-02
7.615764439105987549e-02
-4.435799643397331238e-02
-8.315446227788925171e-02
-6.301917135715484619e-02
-5.156929790973663330e-02
-5.664631724357604980e-02
2.298775129020214081e-02
1.268769353628158569e-01
-1.711797900497913361e-02
1.185989454388618469e-01
-1.420495063066482544e-01
-2.839591354131698608e-02
-8.019070327281951904e-02
4.072864074259996414e-03
3.132211044430732727e-02
-8.769793808460235596e-02
