1.436976492404937744e-01
-4.862966015934944153e-03
3.939170762896537781e-02
-3.484535962343215942e-02
-3.414433076977729797e-02
-3.316336497664451599e-02
-7.990013062953948975e-02
-4.527935758233070374e-02
4.266281425952911377e-02
2.308446727693080902e-02
8.076163940131664276e-03
-3.997349739074707031e-02
-1.489586778916418552e-03
-7.684003561735153198e-02
1.224337331950664520e-02
-4.629339650273323059e-02
2.562465704977512360e-02
7.848621159791946411e-02
-5.221071187406778336e-03
-4.466007463634014130e-03
-2.098422124981880188e-02
-5.758845712989568710e-03
2.607344835996627808e-02
-2.358696237206459045e-02
-3.297060355544090271e-02
-9.735392779111862183e-02
3.648840263485908508e-02
-5.613824352622032166e-02
-1.058993712067604065e-01
-9.570071101188659668e-02
4.995706677436828613e-02
-3.954904899001121521e-02
-4.460420086979866028e-02
-6.492657959461212158e-02
3.631716594099998474e-02
-9.906657505780458450e-04
2.109871432185173035e-02
-3.493127971887588501e-02
-6.023212894797325134e-02
-5.842334777116775513e-02
6.029055640101432800e-02
1.076154992915689945e-03
4.075689986348152161e-02
6.657798588275909424e-02
3.602803871035575867e-02
1.860235445201396942e-02
-1.242559179663658142e-01
4.377636685967445374e-02
-2.769490890204906464e-02
-3.387975692749023438e-02
-1.756527125835418701e-01
6.473733484745025635e-02
1.009274721145629883e-01
-8.813475072383880615e-02
-3.605856001377105713e-02
5.215657129883766174e-02
-2.774052508175373077e-02
-6.376493256539106369e-03
1.611884087324142456e-01
-1.080132182687520981e-02
6.589290499687194824e-02
3.724443539977073669e-02
-8.363104611635208130e-02
3.959219902753829956e-03
-7.078312337398529053e-02
-6.085199117660522461e-02
-5.131486430764198303e-02
-1.109936386346817017e-01
1.201168284751474857e-03
-5.389690399169921875e-02
-8.860821276903152466e-02
-1.004948765039443970e-01
1.362913697957992554e-01
-8.058580011129379272e-02
-1.346549838781356812e-01
4.956561326980590820e-02
-6.987517327070236206e-02
8.864049613475799561e-02
1.751601696014404297e-02
-1.963968276977539062e-01
3.333915024995803833e-02
6.030325219035148621e-02
1.526923663914203644e-02
7.026381045579910278e-02
-4.903259500861167908e-02
5.076450854539871216e-02
-4.276942834258079529e-02
6.593204289674758911e-02
2.786789461970329285e-02
-4.949708655476570129e-02
-1.601385921239852905e-01
-3.705047070980072021e-02
-5.796268954873085022e-02
-2.587110176682472229e-02
-5.583685636520385742e-02
-4.690758883953094482e-02
-3.149372711777687073e-02
3.834882378578186035e-02
8.055923134088516235e-02
-8.293884247541427612e-02
6.382557004690170288e-02
-1.373267546296119690e-02
2.073327638208866119e-02
-1.475212629884481430e-02
-3.781371051445603371e-03
-6.129730865359306335e-02
6.863109022378921509e-02
8.586394041776657104e-02
1.101454123854637146e-01
-9.739752113819122314e-02
-1.490951515734195709e-03
1.470349431037902832e-01
-9.708360768854618073e-03
9.731532633304595947e-02
9.417596273124217987e-03
-3.291423991322517395e-02
-2.241759374737739563e-02
5.168648809194564819e-02
5.288003385066986084e-02
-6.191073358058929443e-02
-4.590160027146339417e-02
1.108518391847610474e-01
-2.633848926052451134e-04
4.177614673972129822e-02
-5.349431931972503662e-02
-4.970137961208820343e-03
-5.190357938408851624e-02
-8.179246634244918823e-02
-1.051493659615516663e-01
1.099912896752357483e-01
1.139452494680881500e-02
8.894569426774978638e-02
-9.023509174585342407e-02
4.126738011837005615e-02
4.358394816517829895e-02
1.994979754090309143e-02
-7.575210183858871460e-02
1.222805306315422058e-02
1.005084514617919922e-01
3.881308436393737793e-02
1.881736516952514648e-02
4.988222196698188782e-02
5.631911754608154297e-02
-1.328091770410537720e-01
-8.416833728551864624e-02
-4.857705906033515930e-02
8.462197333574295044e-02
5.749503150582313538e-03
-1.340198330581188202e-02
2.253261767327785492e-02
-6.678841263055801392e-02
-6.497989594936370850e-02
1.924499496817588806e-02
-2.082299254834651947e-02
-4.436600953340530396e-02
-3.456274047493934631e-02
1.025285869836807251e-01
3.654517931863665581e-03
-6.490948051214218140e-02
3.413967089727520943e-03
4.925582557916641235e-03
1.103556230664253235e-01
-2.688287943601608276e-02
-2.335383556783199310e-02
-2.103229053318500519e-02
-1.352401170879602432e-02
5.190286785364151001e-02
4.058691486716270447e-02
-3.925783187150955200e-02
-6.168229505419731140e-02
1.426382362842559814e-01
1.220536157488822937e-01
-5.038308352231979370e-02
5.136469006538391113e-02
4.884171113371849060e-02
-2.276621572673320770e-02
-7.706923037767410278e-02
-2.383477520197629929e-03
-5.184078216552734375e-02
1.375207357341423631e-04
-1.862668246030807495e-02
1.715978980064392090e-02
-2.690520323812961578e-02
-1.137100253254175186e-02
6.834989041090011597e-02
-2.633483521640300751e-02
3.518673405051231384e-02
5.667605623602867126e-02
1.781612075865268707e-02
1.101921871304512024e-01
-1.782252639532089233e-02
-3.100706078112125397e-02
1.685817353427410126e-02
2.860886044800281525e-02
-8.516957983374595642e-03
1.585125573910772800e-05
-1.304375082254409790e-01
5.464867502450942993e-02
6.463108211755752563e-02
5.523957684636116028e-02
-1.145015284419059753e-02
-2.135046944022178650e-02
-3.617911133915185928e-03
3.292591497302055359e-02
-2.888352051377296448e-02
6.720062810927629471e-03
3.107637399807572365e-03
2.248823083937168121e-02
6.076714955270290375e-03
8.932857215404510498e-02
-2.248177863657474518e-02
2.967447973787784576e-02
6.585555151104927063e-03
-5.571569502353668213e-02
5.819568410515785217e-02
8.054763078689575195e-02
3.908878564834594727e-02
-9.015545994043350220e-02
8.129283785820007324e-02
5.888451356440782547e-03
3.536304086446762085e-02
-1.365885231643915176e-02
5.312202125787734985e-02
8.209675550460815430e-02
2.542481012642383575e-02
-1.424036771059036255e-01
1.330513972789049149e-02
2.151644416153430939e-02
8.663015812635421753e-02
-6.552864611148834229e-02
5.507870018482208252e-02
-1.115130446851253510e-02
-7.385831326246261597e-02
-4.883347451686859131e-02
7.287728786468505859e-02
-4.126206412911415100e-02
-7.819731533527374268e-02
-6.234417855739593506e-02
-4.706603661179542542e-02
-4.769930616021156311e-02
2.556640282273292542e-02
1.199381798505783081e-01
-1.137188170105218887e-02
1.035473942756652832e-01
-1.242676973342895508e-01
-3.145979717373847961e-02
-6.305360794067382812e-02
1.485297363251447678e-02
2.989095076918601990e-02
-7.943528145551681519e-02
