1.611922234296798706e-01
-1.443064026534557343e-02
3.565470874309539795e-02
-4.661365970969200134e-02
-4.694908112287521362e-02
-2.014620788395404816e-02
-9.635171294212341309e-02
-5.625826492905616760e-02
7.208652794361114502e-02
5.007961764931678772e-02
1.520819868892431259e-02
-5.363943055272102356e-02
-1.630657166242599487e-02
-9.347285330295562744e-02
7.181234657764434814e-03
-5.422554537653923035e-02
2.716606482863426208e-02
9.011048823595046997e-02
1.569267548620700836e-02
-2.089278772473335266e-02
-4.845766723155975342e-02
-6.949094124138355255e-03
1.042841561138629913e-02
-1.908589713275432587e-02
-4.730841517448425293e-02
-1.247662380337715149e-01
3.745369985699653625e-02
-7.222840189933776855e-02
-1.182403489947319031e-01
-1.239624470472335815e-01
7.342378795146942139e-02
-6.670205295085906982e-02
-6.377135217189788818e-02
-5.973123386502265930e-02
3.054903633892536163e-02
-1.429025363177061081e-02
1.704853586852550507e-02
-3.259006515145301819e-02
-4.364824295043945312e-02
-4.500206932425498962e-02
4.981729760766029358e-02
-3.709838027134537697e-03
3.961578756570816040e-02
6.965096294879913330e-02
4.776199907064437866e-02
2.606302313506603241e-02
-1.226959899067878723e-01
3.724622726440429688e-02
-2.811396308243274689e-02
-3.162937238812446594e-02
-1.706882715225219727e-01
6.348286569118499756e-02
1.199881955981254578e-01
-1.024347916245460510e-01
-3.502332419157028198e-02
4.339271783828735352e-02
-3.316764533519744873e-02
1.489626243710517883e-02
1.555366516113281250e-01
-1.477310992777347565e-02
6.107092276215553284e-02
4.065932705998420715e-02
-7.313241064548492432e-02
-3.557868534699082375e-03
-7.040386646986007690e-02
-5.614807456731796265e-02
-5.169555544853210449e-02
-9.930674731731414795e-02
-4.670275840908288956e-03
-4.382843896746635437e-02
-1.022570729255676270e-01
-9.122207015752792358e-02
1.390085965394973755e-01
-8.919355273246765137e-02
-1.419890224933624268e-01
4.484894499182701111e-02
-6.900731474161148071e-02
8.233042806386947632e-02
1.713915728032588959e-02
-1.954986900091171265e-01
4.032245650887489319e-02
5.048511549830436707e-02
1.902829483151435852e-02
7.421518862247467041e-02
-5.429626628756523132e-02
4.847699776291847229e-02
-3.441672772169113159e-02
6.197902560234069824e-02
3.059457987546920776e-02
-3.922760859131813049e-02
-1.529926508665084839e-01
-3.810311853885650635e-02
-6.612480431795120239e-02
-3.380846604704856873e-02
-5.589927360415458679e-02
-5.700035020709037781e-02
-2.043744921684265137e-02
3.010560013353824615e-02
5.499662086367607117e-02
-7.782644778490066528e-02
3.799530863761901855e-02
-7.216094061732292175e-03
1.353763602674007416e-02
-2.073005028069019318e-02
-8.656799793243408203e-03
-5.411818251013755798e-02
5.950978398323059082e-02
8.159068226814270020e-02
8.624571561813354492e-02
-9.014619141817092896e-02
-2.110602217726409435e-04
1.254244744777679443e-01
-3.011842817068099976e-02
8.149303495883941650e-02
-2.583853900432586670e-03
-9.305792860686779022e-03
-2.501485310494899750e-02
4.374647885560989380e-02
5.116729438304901123e-02
-4.863624647259712219e-02
-2.446719259023666382e-02
1.014466658234596252e-01
2.918881829828023911e-03
3.202875703573226929e-02
-4.731776565313339233e-02
1.420101150870323181e-02
-4.097728058695793152e-02
-7.834996283054351807e-02
-9.028616547584533691e-02
9.037703275680541992e-02
1.047819014638662338e-02
7.469045370817184448e-02
-8.698683232069015503e-02
3.145354241132736206e-02
3.755875676870346069e-02
-1.998843625187873840e-03
-6.530625373125076294e-02
1.177852414548397064e-02
8.425484597682952881e-02
3.579327464103698730e-02
7.174736354500055313e-03
6.062053889036178589e-02
2.474971860647201538e-02
-1.292590498924255371e-01
-7.384293526411056519e-02
-5.280617624521255493e-02
7.967077195644378662e-02
5.281682591885328293e-03
-1.062867604196071625e-02
8.655530400574207306e-03
-6.521019339561462402e-02
-4.603653773665428162e-02
4.634821321815252304e-03
-1.785987429320812225e-02
-4.151146858930587769e-02
-2.610849402844905853e-02
9.994705021381378174e-02
7.897345349192619324e-03
-6.252240389585494995e-02
-3.283040132373571396e-04
1.549345161765813828e-02
1.002726927399635315e-01
-2.032849751412868500e-02
-2.599975652992725372e-02
-3.795427456498146057e-02
-8.851842954754829407e-03
4.603942111134529114e-02
3.986859694123268127e-02
-4.578565433621406555e-02
-6.581464409828186035e-02
1.644686311483383179e-01
1.326429396867752075e-01
-5.603140220046043396e-02
4.208015650510787964e-02
3.930204734206199646e-02
-1.694112643599510193e-02
-7.186751812696456909e-02
-1.972774742171168327e-03
-3.857474029064178467e-02
-4.175506066530942917e-03
-2.258618175983428955e-02
8.165199309587478638e-03
-3.369740769267082214e-02
-4.365114029496908188e-03
6.264413893222808838e-02
-2.319939061999320984e-02
2.998628839850425720e-02
5.258590355515480042e-02
2.641512267291545868e-02
1.167659610509872437e-01
-2.154654636979103088e-02
-2.397235110402107239e-02
3.311643749475479126e-02
2.940242178738117218e-02
-4.234764259308576584e-03
3.822916187345981598e-03
-1.162612587213516235e-01
5.321551114320755005e-02
5.964374169707298279e-02
5.572061240673065186e-02
-2.193252183496952057e-02
-4.292433336377143860e-02
-2.240251563489437103e-02
3.210430964827537537e-02
-3.774225711822509766e-02
-1.129515934735536575e-02
1.073090126737952232e-03
3.596607595682144165e-02
-5.945932120084762573e-03
1.009566709399223328e-01
-3.561672568321228027e-02
3.822886943817138672e-02
9.301596321165561676e-03
-6.662920862436294556e-02
6.628850847482681274e-02
8.285288512706756592e-02
3.939605131745338440e-02
-8.229491114616394043e-02
7.134608924388885498e-02
8.560667745769023895e-03
3.712732344865798950e-02
-1.591343246400356293e-02
4.564830660820007324e-02
7.342877984046936035e-02
2.359437383711338043e-02
-1.567519158124923706e-01
2.047160081565380096e-02
2.740646339952945709e-02
1.022156849503517151e-01
-5.253554880619049072e-02
4.117874428629875183e-02
-1.711492240428924561e-02
-7.126048207283020020e-02
-3.507333248853683472e-02
7.751078903675079346e-02
-4.491286724805831909e-02
-8.089303225278854370e-02
-6.360685080289840698e-02
-4.801243916153907776e-02
-4.421718418598175049e-02
2.776674181222915649e-02
1.160746663808822632e-01
-1.988904178142547607e-02
1.010308489203453064e-01
-1.370849013328552246e-01
-2.349337004125118256e-02
-5.989595502614974976e-02
-1.112432312220335007e-02
4.106713458895683289e-02
-8.073382824659347534e-02
