1.605081558227539062e-01
-1.588564366102218628e-02
4.144183173775672913e-02
-5.105406418442726135e-02
-4.836178570985794067e-02
-3.958170115947723389e-02
-9.411520510911941528e-02
-4.923393577337265015e-02
6.638817489147186279e-02
5.002566799521446228e-02
1.515301875770092010e-02
-4.169414564967155457e-02
-5.716029554605484009e-03
-9.002998471260070801e-02
1.782528497278690338e-02
-5.115639045834541321e-02
3.663359582424163818e-02
8.829195052385330200e-02
6.043901666998863220e-03
-2.113789506256580353e-02
-3.388049080967903137e-02
-2.576681785285472870e-03
2.516467124223709106e-02
-1.877558976411819458e-02
-4.471819102764129639e-02
-1.095719262957572937e-01
3.040321730077266693e-02
-6.224089860916137695e-02
-1.069964170455932617e-01
-9.759081155061721802e-02
6.713259220123291016e-02
-4.983068630099296570e-02
-5.731422081589698792e-02
-7.721759378910064697e-02
3.517249226570129395e-02
-1.200763322412967682e-02
2.625124901533126831e-02
-2.750390209257602692e-02
-4.597178846597671509e-02
-4.955117776989936829e-02
5.438710749149322510e-02
-2.370913885533809662e-02
3.984281048178672791e-02
7.241665571928024292e-02
4.370175674557685852e-02
2.324691973626613617e-02
-1.282798796892166138e-01
1.857109367847442627e-02
-2.145394869148731232e-02
-3.555315732955932617e-02
-1.759114861488342285e-01
6.281332671642303467e-02
1.089963987469673157e-01
-8.568460494279861450e-02
-4.678688570857048035e-02
5.112421512603759766e-02
-2.867035195231437683e-02
1.130955666303634644e-02
1.570227742195129395e-01
-2.568894624710083008e-02
5.775468423962593079e-02
4.674923419952392578e-02
-6.611181795597076416e-02
-7.495658937841653824e-04
-6.733482331037521362e-02
-6.628134101629257202e-02
-5.708380416035652161e-02
-1.033048331737518311e-01
-2.281595719978213310e-03
-4.895820096135139465e-02
-9.653177857398986816e-02
-9.236673265695571899e-02
1.420134603977203369e-01
-8.512912690639495850e-02
-1.222476363182067871e-01
6.345605105161666870e-02
-8.513927459716796875e-02
7.002211362123489380e-02
1.524602994322776794e-02
-1.815381497144699097e-01
4.090803116559982300e-02
5.998782441020011902e-02
9.441202506422996521e-03
5.742061138153076172e-02
-5.891139060258865356e-02
5.679479241371154785e-02
-3.805309906601905823e-02
6.271382421255111694e-02
1.583643443882465363e-02
-4.104315489530563354e-02
-1.575943529605865479e-01
-2.582195959985256195e-02
-6.679037213325500488e-02
-2.805743925273418427e-02
-5.313441157341003418e-02
-5.524649843573570251e-02
-2.965661138296127319e-02
2.162338607013225555e-02
6.715150922536849976e-02
-8.209688961505889893e-02
5.436105281114578247e-02
-1.176699297502636909e-03
9.775692597031593323e-03
-1.860401220619678497e-02
-7.904881611466407776e-03
-6.419036537408828735e-02
6.581037491559982300e-02
9.580108523368835449e-02
9.346322715282440186e-02
-1.032492965459823608e-01
8.989063790068030357e-04
1.361014246940612793e-01
-2.690338157117366791e-02
8.140838146209716797e-02
1.420436520129442215e-02
-2.919891104102134705e-02
-2.025246620178222656e-02
5.657362937927246094e-02
5.746736377477645874e-02
-6.298231333494186401e-02
-4.203390702605247498e-02
1.034823730587959290e-01
4.914688877761363983e-03
4.912113398313522339e-02
-5.200670287013053894e-02
5.977259017527103424e-03
-4.993749409914016724e-02
-9.769390523433685303e-02
-1.074448451399803162e-01
1.013476103544235229e-01
4.168983083218336105e-03
8.700866997241973877e-02
-8.864459395408630371e-02
4.151841998100280762e-02
3.917056322097778320e-02
2.639531902968883514e-02
-7.779388129711151123e-02
2.600365132093429565e-02
1.083759069442749023e-01
4.053157567977905273e-02
2.521234750747680664e-02
6.257817894220352173e-02
3.884686902165412903e-02
-1.353282779455184937e-01
-6.717711687088012695e-02
-5.087578296661376953e-02
8.009739220142364502e-02
5.575797054916620255e-03
-1.658157818019390106e-02
1.186527032405138016e-02
-6.491825729608535767e-02
-5.392532795667648315e-02
1.573725603520870209e-02
-2.821477875113487244e-02
-4.527914151549339294e-02
-3.310458734631538391e-02
1.077283322811126709e-01
1.978487521409988403e-02
-7.248470187187194824e-02
9.190654382109642029e-04
-3.346689045429229736e-03
1.050319522619247437e-01
-1.950761117041110992e-02
-4.051480442285537720e-02
-3.612132743000984192e-02
-1.958615519106388092e-02
4.247818887233734131e-02
4.195359349250793457e-02
-3.700486198067665100e-02
-5.243220552802085876e-02
1.542016267776489258e-01
1.243949607014656067e-01
-4.660267755389213562e-02
4.983316361904144287e-02
4.188904166221618652e-02
-1.598392426967620850e-02
-7.389348745346069336e-02
-1.283692382276058197e-02
-4.059033840894699097e-02
-4.320694599300622940e-03
-6.733004935085773468e-03
1.628789678215980530e-02
-3.151796013116836548e-02
-1.125367730855941772e-02
8.097957074642181396e-02
-2.247212268412113190e-02
2.441084198653697968e-02
7.042250782251358032e-02
2.967597544193267822e-02
1.131714954972267151e-01
-2.261669933795928955e-02
-2.960185334086418152e-02
1.495681516826152802e-02
2.961996383965015411e-02
-8.964321576058864594e-03
5.829166155308485031e-03
-1.232395693659782410e-01
5.017977580428123474e-02
5.921414121985435486e-02
5.113608017563819885e-02
-1.799815706908702850e-02
-1.918759010732173920e-02
-2.239247411489486694e-02
1.730019971728324890e-02
-2.368363924324512482e-02
-1.731359050609171391e-03
4.536500666290521622e-03
2.287661470472812653e-02
-4.890628042630851269e-04
9.330192953348159790e-02
-3.095464780926704407e-02
3.136261180043220520e-02
1.360678486526012421e-02
-5.813220888376235962e-02
5.736680328845977783e-02
6.584676355123519897e-02
2.068819105625152588e-02
-8.608276396989822388e-02
7.743200659751892090e-02
4.876415245234966278e-03
3.912173584103584290e-02
-1.039874367415904999e-02
5.101769790053367615e-02
8.566331863403320312e-02
1.121671684086322784e-02
-1.300843060016632080e-01
2.347539924085140228e-02
1.812129653990268707e-02
8.368986099958419800e-02
-5.440186336636543274e-02
4.436510428786277771e-02
-1.682831346988677979e-02
-5.813297629356384277e-02
-4.222664982080459595e-02
7.518550753593444824e-02
-3.936082497239112854e-02
-7.601594179868698120e-02
-6.113861873745918274e-02
-3.794400393962860107e-02
-4.601810872554779053e-02
3.112059086561203003e-02
1.172103509306907654e-01
-1.266127731651067734e-02
1.099099591374397278e-01
-1.269432157278060913e-01
-2.927260100841522217e-02
-6.260544061660766602e-02
1.435362454503774643e-02
2.016345039010047913e-02
-7.925447821617126465e-02
