1.729180216789245605e-01
5.662423558533191681e-03
3.797774761915206909e-02
-1.648357510566711426e-02
-7.078824192285537720e-02
-2.196204848587512970e-02
-1.296321600675582886e-01
-4.674552381038665771e-02
1.097484976053237915e-01
5.814979225397109985e-02
7.951489649713039398e-03
-7.401742506772279739e-03
1.163465250283479691e-02
-1.390353888273239136e-01
3.897189721465110779e-02
-8.780233561992645264e-02
2.835979126393795013e-02
4.758404940366744995e-02
4.301885142922401428e-03
-3.053100965917110443e-02
-5.354773625731468201e-02
-3.256616881117224693e-03
2.799624763429164886e-02
-1.767512410879135132e-02
-4.500075057148933411e-02
-9.478227794170379639e-02
5.140081420540809631e-02
-8.737035095691680908e-02
-1.239063963294029236e-01
-1.134970486164093018e-01
7.135668396949768066e-02
-4.803984239697456360e-02
1.892662048339843750e-02
-1.111167073249816895e-01
-4.395953845232725143e-03
-3.895619511604309082e-02
5.546434223651885986e-02
-2.617225423455238342e-02
-6.124941259622573853e-02
-2.349705435335636139e-02
7.833331078290939331e-02
-2.390074357390403748e-02
4.134549573063850403e-02
1.044098958373069763e-01
2.170438878238201141e-02
2.941377274692058563e-02
-1.148725152015686035e-01
-5.121495574712753296e-02
-1.372537389397621155e-02
-4.916202276945114136e-02
-1.756375283002853394e-01
7.393044978380203247e-02
1.360478997230529785e-01
-8.398559689521789551e-02
-7.055357843637466431e-02
5.815906822681427002e-02
-1.705332659184932709e-02
-1.024401653558015823e-02
1.396536976099014282e-01
-2.455325238406658173e-02
6.267283856868743896e-02
2.676547877490520477e-02
-3.543846681714057922e-02
2.818660251796245575e-02
-6.320498138666152954e-02
-5.672218650579452515e-02
-7.630609720945358276e-02
-1.015507951378822327e-01
1.536091603338718414e-02
-7.380764186382293701e-02
-9.384705126285552979e-02
-1.265550404787063599e-01
1.523774713277816772e-01
-8.545310795307159424e-02
-1.245123520493507385e-01
4.908483102917671204e-02
-7.677958905696868896e-02
4.497350379824638367e-02
-2.846118994057178497e-03
-1.804337352514266968e-01
5.994119122624397278e-02
3.923377022147178650e-02
-6.561005953699350357e-03
6.605257093906402588e-02
-6.250799447298049927e-02
7.146329432725906372e-02
-3.897497057914733887e-02
3.425798192620277405e-02
2.985381521284580231e-02
-1.921872422099113464e-02
-1.692982465028762817e-01
-1.463133282959461212e-02
-6.753779202699661255e-02
-2.017455734312534332e-02
-6.253439933061599731e-02
-5.080189183354377747e-02
-4.608936980366706848e-02
7.424059789627790451e-03
7.181259244680404663e-02
-9.567538648843765259e-02
7.010447978973388672e-02
-2.966150827705860138e-02
2.688873745501041412e-02
-1.245435094460844994e-03
2.155890688300132751e-03
-4.562306031584739685e-02
6.768330931663513184e-02
1.186038851737976074e-01
9.786467999219894409e-02
-9.822024405002593994e-02
-2.874847501516342163e-03
1.194935217499732971e-01
-1.606242358684539795e-02
9.598232060670852661e-02
3.724333131685853004e-03
-3.174659237265586853e-02
-2.601520344614982605e-02
5.675842985510826111e-02
7.109979540109634399e-02
-7.227989286184310913e-02
-7.718696445226669312e-02
8.073779195547103882e-02
1.257809903472661972e-02
6.836608052253723145e-02
-1.809542067348957062e-02
2.398251369595527649e-02
-5.079312995076179504e-02
-1.197098866105079651e-01
-9.647306054830551147e-02
5.409121140837669373e-02
8.073420263826847076e-03
7.138115167617797852e-02
-8.034208416938781738e-02
5.092793703079223633e-02
1.737318560481071472e-02
3.114600293338298798e-02
-8.819058537483215332e-02
8.789703994989395142e-02
1.386887431144714355e-01
2.533648535609245300e-02
8.150159567594528198e-02
6.713776290416717529e-02
5.202779173851013184e-02
-1.543529927730560303e-01
-7.083514332771301270e-02
-8.188372850418090820e-02
7.799414545297622681e-02
1.954118721187114716e-02
-3.936807066202163696e-02
4.671127349138259888e-02
-5.175280198454856873e-02
-3.410946950316429138e-02
1.999332010746002197e-02
-5.319525301456451416e-02
-4.480221122503280640e-02
-6.068471819162368774e-02
9.168262034654617310e-02
3.182577714323997498e-02
-8.665096759796142578e-02
1.365455146878957748e-02
-7.802552077919244766e-03
6.561840325593948364e-02
3.919977752957493067e-04
-5.505978688597679138e-02
-6.863329559564590454e-03
1.316256262362003326e-02
2.414672449231147766e-02
2.891002595424652100e-02
-5.437093228101730347e-02
1.461910549551248550e-03
1.158184856176376343e-01
1.148329526185989380e-01
-2.502704970538616180e-02
2.284356625750660896e-03
4.842597991228103638e-02
-1.683524437248706818e-02
-6.017504632472991943e-02
-4.648699611425399780e-02
-2.099766582250595093e-02
-1.326447259634733200e-02
-4.612716846168041229e-03
5.887931957840919495e-02
-4.641347378492355347e-02
-4.070685431361198425e-02
1.010654717683792114e-01
-1.469174306839704514e-02
1.703919097781181335e-02
1.095027476549148560e-01
5.190360173583030701e-02
7.678035646677017212e-02
-2.858013473451137543e-02
-1.073327474296092987e-02
-6.644229870289564133e-03
9.570942260324954987e-03
-2.654357440769672394e-02
2.451780438423156738e-02
-9.421383589506149292e-02
1.238956023007631302e-02
5.773388966917991638e-02
4.704913496971130371e-02
-1.709156110882759094e-02
6.728143896907567978e-03
-4.433375597000122070e-02
1.448998786509037018e-02
-6.008802726864814758e-02
2.012892253696918488e-02
-1.074530743062496185e-02
-4.013723693788051605e-03
7.899851538240909576e-03
6.288727372884750366e-02
-2.029508352279663086e-02
3.166221454739570618e-02
1.931366510689258575e-02
-4.711777716875076294e-02
1.935880631208419800e-02
5.437458679080009460e-02
-1.937216706573963165e-02
-5.132184922695159912e-02
6.658752262592315674e-02
-3.681838279590010643e-03
1.787459105253219604e-02
2.393933013081550598e-02
7.610682398080825806e-02
1.141634508967399597e-01
2.339038765057921410e-03
-9.052591025829315186e-02
4.866303130984306335e-02
3.134501352906227112e-02
6.111767143011093140e-02
-1.519430335611104965e-02
1.735877618193626404e-02
-4.762096796184778214e-03
-9.497589431703090668e-03
-4.675386101007461548e-02
1.994640193879604340e-02
-4.012395441532135010e-02
-3.686513751745223999e-02
-3.794446121901273727e-03
2.329948171973228455e-02
-2.514140494167804718e-02
3.259158134460449219e-02
3.481779992580413818e-02
-1.817294023931026459e-02
5.997006595134735107e-02
-4.615820944309234619e-02
1.198584679514169693e-02
7.577382028102874756e-03
1.982759684324264526e-02
2.021997235715389252e-03
-8.587841875851154327e-03
