1.212667971849441528e-01
-6.578644737601280212e-03
3.974654898047447205e-02
-3.091821447014808655e-02
-3.767518326640129089e-02
-4.280151426792144775e-02
-8.796457946300506592e-02
-4.043427109718322754e-02
5.571176111698150635e-02
3.978280723094940186e-02
2.850491181015968323e-02
-1.009226683527231216e-02
1.392490230500698090e-02
-8.981865644454956055e-02
2.009185031056404114e-02
-3.627827391028404236e-02
3.935935348272323608e-02
6.745853275060653687e-02
-2.669277600944042206e-02
-2.626659534871578217e-02
-1.103640068322420120e-02
-1.426268485374748707e-03
2.413015812635421753e-02
-3.049794957041740417e-02
-3.809760138392448425e-02
-1.019513085484504700e-01
3.182167187333106995e-02
-5.419966951012611389e-02
-9.084578603506088257e-02
-8.482700586318969727e-02
8.801365643739700317e-02
-3.486747667193412781e-02
-3.483619913458824158e-02
-9.698812663555145264e-02
3.205286711454391479e-02
-9.011097252368927002e-03
3.375020995736122131e-02
-3.215476125478744507e-02
-4.262826219201087952e-02
-3.997983783483505249e-02
6.745889782905578613e-02
-4.187148809432983398e-02
2.528765611350536346e-02
9.527957439422607422e-02
2.600222080945968628e-02
7.802186999469995499e-03
-1.459722220897674561e-01
1.576493610627949238e-03
-1.604477502405643463e-02
-6.474783271551132202e-02
-1.711335182189941406e-01
7.320968806743621826e-02
1.073803901672363281e-01
-7.593156397342681885e-02
-6.866461783647537231e-02
5.834620073437690735e-02
-2.620491571724414825e-02
-1.902273856103420258e-02
1.405069977045059204e-01
-4.483346268534660339e-02
6.448625028133392334e-02
5.302378535270690918e-02
-4.410520941019058228e-02
1.118546072393655777e-02
-5.294087901711463928e-02
-5.855106934905052185e-02
-7.872567325830459595e-02
-9.356144070625305176e-02
7.863240316510200500e-04
-8.426694571971893311e-02
-8.220940083265304565e-02
-9.186616539955139160e-02
1.348311752080917358e-01
-7.698901742696762085e-02
-1.112141609191894531e-01
6.847566366195678711e-02
-9.981880336999893188e-02
5.845402181148529053e-02
-9.441198781132698059e-03
-1.779061257839202881e-01
4.126795381307601929e-02
6.542433798313140869e-02
9.252771735191345215e-03
5.690363794565200806e-02
-6.536635011434555054e-02
6.075062975287437439e-02
-5.092187970876693726e-02
5.736547335982322693e-02
3.035680949687957764e-02
-2.883948758244514465e-02
-1.896309405565261841e-01
-1.822581142187118530e-02
-5.479328706860542297e-02
-1.498814206570386887e-02
-5.778551101684570312e-02
-4.945054277777671814e-02
-4.730157181620597839e-02
-2.050461247563362122e-02
5.589818581938743591e-02
-6.975278258323669434e-02
6.351795792579650879e-02
-7.178366184234619141e-03
7.792590185999870300e-03
-2.553551271557807922e-02
-8.886959403753280640e-03
-8.239910006523132324e-02
7.874260097742080688e-02
9.489267319440841675e-02
1.052841767668724060e-01
-1.045372337102890015e-01
2.778587164357304573e-03
1.248068213462829590e-01
-1.677222363650798798e-02
7.961971312761306763e-02
1.964938454329967499e-02
-5.977753922343254089e-02
-7.359883747994899750e-03
4.931031540036201477e-02
5.638320371508598328e-02
-7.379641383886337280e-02
-5.385870859026908875e-02
8.784206956624984741e-02
2.839255845174193382e-03
6.806351244449615479e-02
-5.576795339584350586e-02
-9.847281500697135925e-03
-4.961089044809341431e-02
-1.247311979532241821e-01
-9.794486314058303833e-02
8.676362782716751099e-02
-4.355256445705890656e-03
9.233139455318450928e-02
-8.065940439701080322e-02
3.662177920341491699e-02
2.141405083239078522e-02
5.564971268177032471e-02
-7.917666435241699219e-02
3.788491711020469666e-02
1.227500140666961670e-01
4.393166303634643555e-02
5.443271994590759277e-02
6.072913110256195068e-02
6.416097283363342285e-02
-1.311981081962585449e-01
-6.211412698030471802e-02
-6.495479494333267212e-02
6.669639796018600464e-02
8.317892439663410187e-03
-1.935146190226078033e-02
1.136492379009723663e-02
-5.459741503000259399e-02
-5.065189301967620850e-02
4.837886989116668701e-02
-3.061778470873832703e-02
-4.693963378667831421e-02
-4.344668984413146973e-02
1.045684441924095154e-01
2.222394570708274841e-02
-7.540074735879898071e-02
1.674623601138591766e-02
-2.132306434214115143e-02
9.849909693002700806e-02
-3.314754366874694824e-02
-5.397774651646614075e-02
-1.776517555117607117e-02
-7.604695565532892942e-05
2.430216968059539795e-02
3.440618515014648438e-02
-5.185870081186294556e-02
-2.966024354100227356e-02
1.362503170967102051e-01
1.001613959670066833e-01
-2.481583133339881897e-02
3.294784948229789734e-02
4.807230457663536072e-02
-2.763525024056434631e-02
-7.583800703287124634e-02
-3.344086185097694397e-02
-2.885654941201210022e-02
2.899965271353721619e-03
4.075549542903900146e-03
2.305250242352485657e-02
-4.039828851819038391e-02
-1.460965536534786224e-02
1.011343300342559814e-01
-4.252258315682411194e-02
5.794407334178686142e-03
9.212911128997802734e-02
2.060932852327823639e-02
9.471859037876129150e-02
-3.404625132679939270e-02
-3.356625884771347046e-02
-4.362990614026784897e-03
2.601663582026958466e-02
-2.299348264932632446e-02
1.722846552729606628e-02
-1.288979053497314453e-01
2.406853064894676208e-02
7.049830257892608643e-02
5.029048770666122437e-02
-1.727937161922454834e-02
9.870938025414943695e-03
-2.184998430311679840e-02
1.431347616016864777e-02
-1.839420199394226074e-02
2.348904125392436981e-02
7.789338473230600357e-03
3.947353456169366837e-03
7.785167545080184937e-03
7.322484999895095825e-02
-3.027216158807277679e-02
1.583962328732013702e-02
1.458758767694234848e-02
-4.858256876468658447e-02
2.157562784850597382e-02
5.855787172913551331e-02
-2.068094350397586823e-02
-8.446357399225234985e-02
9.685248881578445435e-02
1.258546579629182816e-02
4.555617645382881165e-02
-1.139465067535638809e-02
7.922722399234771729e-02
1.178472563624382019e-01
1.763129048049449921e-02
-1.535478532314300537e-01
3.738616406917572021e-02
1.666053757071495056e-02
8.503268659114837646e-02
-5.605390667915344238e-02
4.657404497265815735e-02
-1.197803206741809845e-02
-6.901492923498153687e-02
-4.707017540931701660e-02
5.837603285908699036e-02
-4.117489233613014221e-02
-7.887755334377288818e-02
-7.380624860525131226e-02
-1.085424702614545822e-02
-6.551812589168548584e-02
2.602754160761833191e-02
1.062856763601303101e-01
-2.542217262089252472e-02
9.579083323478698730e-02
-1.016558036208152771e-01
-3.536313399672508240e-02
-5.812770500779151917e-02
4.362921789288520813e-02
-8.860750313033349812e-06
-7.478640973567962646e-02
