1.735444664955139160e-01
-5.908575840294361115e-03
3.606028482317924500e-02
-5.129913613200187683e-02
-3.456785902380943298e-02
-2.115513756871223450e-02
-8.827015012502670288e-02
-5.661338567733764648e-02
4.262335225939750671e-02
3.924240544438362122e-02
-9.593372815288603306e-04
-6.623705476522445679e-02
-1.806590333580970764e-02
-7.682877779006958008e-02
-4.564906004816293716e-03
-4.625945910811424255e-02
1.366559416055679321e-02
9.320388734340667725e-02
2.080101519823074341e-02
1.449397997930645943e-03
-4.252909123897552490e-02
-2.506032027304172516e-02
1.456870604306459427e-02
-5.404043942689895630e-03
-4.666934907436370850e-02
-1.170057877898216248e-01
2.798288129270076752e-02
-6.152303144335746765e-02
-1.097307950258255005e-01
-1.110765784978866577e-01
5.593635141849517822e-02
-6.825321912765502930e-02
-6.953917443752288818e-02
-3.752885013818740845e-02
4.237031191587448120e-02
-8.766490966081619263e-03
6.652068346738815308e-03
-4.296428337693214417e-02
-4.913866519927978516e-02
-5.960355326533317566e-02
3.132908418774604797e-02
1.518511213362216949e-02
5.182840675115585327e-02
4.314024746417999268e-02
5.671300366520881653e-02
2.725510112941265106e-02
-1.079889982938766479e-01
7.511840015649795532e-02
-3.472997248172760010e-02
-1.151123177260160446e-02
-1.610693484544754028e-01
5.094041675329208374e-02
1.106202006340026855e-01
-9.523440897464752197e-02
-1.086739543825387955e-02
3.071337193250656128e-02
-3.092856518924236298e-02
2.985691465437412262e-02
1.520795375108718872e-01
1.107614301145076752e-02
6.008112803101539612e-02
3.030987828969955444e-02
-9.633483737707138062e-02
-3.683881601318717003e-03
-8.029007166624069214e-02
-4.096311330795288086e-02
-3.754295036196708679e-02
-9.754716604948043823e-02
3.115460276603698730e-03
-2.490719594061374664e-02
-9.763817489147186279e-02
-7.382305711507797241e-02
1.275673359632492065e-01
-7.409086078405380249e-02
-1.326009780168533325e-01
3.053229674696922302e-02
-3.701719641685485840e-02
1.038122102618217468e-01
1.802905090153217316e-02
-1.783150881528854370e-01
3.556858375668525696e-02
6.400097161531448364e-02
3.862210363149642944e-02
7.495531439781188965e-02
-3.360621631145477295e-02
4.446184635162353516e-02
-2.364333160221576691e-02
6.711298972368240356e-02
3.167249634861946106e-02
-4.861075058579444885e-02
-1.299640834331512451e-01
-4.404855147004127502e-02
-5.429109558463096619e-02
-2.117324434220790863e-02
-3.600284084677696228e-02
-5.668990686535835266e-02
-1.628144830465316772e-02
6.404830515384674072e-02
7.839325070381164551e-02
-8.125652372837066650e-02
5.027200654149055481e-02
-1.089726295322179794e-02
2.601560391485691071e-02
-2.311967685818672180e-02
-2.633806876838207245e-02
-4.724845662713050842e-02
4.867992550134658813e-02
6.589753925800323486e-02
1.002704352140426636e-01
-8.452248573303222656e-02
-4.137986339628696442e-03
1.447712033987045288e-01
-2.946481667459011078e-02
8.968985825777053833e-02
-8.213092572987079620e-03
4.107870627194643021e-03
-1.412127446383237839e-02
5.046385526657104492e-02
3.787344321608543396e-02
-4.822488501667976379e-02
-1.301656756550073624e-02
1.128225028514862061e-01
-1.039850711822509766e-02
2.740797214210033417e-02
-4.638703539967536926e-02
9.434374049305915833e-03
-3.879815712571144104e-02
-5.028468742966651917e-02
-9.179184585809707642e-02
1.220491081476211548e-01
1.959044486284255981e-02
7.141260057687759399e-02
-8.902879804372787476e-02
2.987531758844852448e-02
5.018606036901473999e-02
-1.340497098863124847e-02
-5.325625091791152954e-02
-1.845777966082096100e-02
7.044711709022521973e-02
4.382879659533500671e-02
-2.392420358955860138e-02
5.203646421432495117e-02
1.457321178168058395e-02
-1.207006648182868958e-01
-9.613221138715744019e-02
-4.469227790832519531e-02
8.667138963937759399e-02
2.663741586729884148e-03
-1.082702074199914932e-02
-6.246042321436107159e-04
-7.612481713294982910e-02
-6.824471801519393921e-02
-7.218699436634778976e-03
8.848659344948828220e-04
-3.215461969375610352e-02
-9.764426387846469879e-03
1.045849546790122986e-01
6.014921702444553375e-03
-5.063568800687789917e-02
-7.827198132872581482e-03
2.604313194751739502e-02
1.037960946559906006e-01
-2.746065147221088409e-02
-1.086254883557558060e-02
-4.551988840103149414e-02
-2.436805702745914459e-02
5.504047870635986328e-02
5.309496447443962097e-02
-3.636395558714866638e-02
-9.138979017734527588e-02
1.658309400081634521e-01
1.311893165111541748e-01
-6.714420765638351440e-02
5.778000131249427795e-02
3.896466642618179321e-02
-2.119170129299163818e-02
-7.625131309032440186e-02
1.726919971406459808e-02
-6.712066382169723511e-02
-2.560308203101158142e-03
-2.513608336448669434e-02
2.720640506595373154e-03
-2.622281946241855621e-02
5.649024154990911484e-03
4.572621360421180725e-02
-1.816046051681041718e-02
4.492878913879394531e-02
3.153069317340850830e-02
5.329108331352472305e-03
1.146985441446304321e-01
-2.296097762882709503e-02
-2.242666110396385193e-02
5.091220885515213013e-02
2.913802303373813629e-02
5.668042227625846863e-03
2.352468203753232956e-03
-1.031817793846130371e-01
6.412208825349807739e-02
5.527892708778381348e-02
5.816697329282760620e-02
-2.236695028841495514e-02
-5.706305429339408875e-02
-1.205244194716215134e-02
3.975109010934829712e-02
-3.755875676870346069e-02
-3.043530508875846863e-02
5.072598811239004135e-03
4.619127884507179260e-02
-8.650207892060279846e-03
9.953860938549041748e-02
-4.385099560022354126e-02
3.884498402476310730e-02
1.197716780006885529e-02
-7.218421250581741333e-02
7.920774817466735840e-02
8.195098489522933960e-02
5.943352729082107544e-02
-7.346640527248382568e-02
5.452755466103553772e-02
5.888061132282018661e-04
2.676802501082420349e-02
-1.800445280969142914e-02
2.599151246249675751e-02
4.568943008780479431e-02
2.960759587585926056e-02
-1.461138278245925903e-01
1.926145702600479126e-02
3.640079870820045471e-02
9.858074039220809937e-02
-6.751821190118789673e-02
3.370919078588485718e-02
-1.939255557954311371e-02
-7.890886813402175903e-02
-3.566431626677513123e-02
9.526529908180236816e-02
-4.592167213559150696e-02
-9.437949210405349731e-02
-5.423967540264129639e-02
-6.730909645557403564e-02
-4.630252346396446228e-02
1.988210529088973999e-02
1.336467862129211426e-01
-1.522082369774580002e-02
1.140846833586692810e-01
-1.632737517356872559e-01
-1.699967682361602783e-02
-8.129803091287612915e-02
-2.715880237519741058e-02
5.272178351879119873e-02
-8.532039821147918701e-02
