2.076957821846008301e-01
-1.557417958974838257e-02
6.360596418380737305e-02
-6.867343187332153320e-02
-5.081084743142127991e-02
-5.822563543915748596e-02
-1.022288948297500610e-01
-6.618621945381164551e-02
4.344902932643890381e-02
4.438670724630355835e-02
-5.018246825784444809e-03
-5.957298725843429565e-02
-1.228392589837312698e-02
-9.696134924888610840e-02
1.318106520920991898e-02
-6.817709654569625854e-02
3.488142415881156921e-02
1.221071407198905945e-01
2.466701529920101166e-02
6.285675917752087116e-04
-3.057215362787246704e-02
-1.959230937063694000e-02
4.949525371193885803e-02
-1.327416626736521721e-03
-6.286441534757614136e-02
-1.119742318987846375e-01
3.506189957261085510e-02
-7.178614288568496704e-02
-1.274226605892181396e-01
-9.692566841840744019e-02
3.758006542921066284e-02
-5.766137689352035522e-02
-5.154805630445480347e-02
-6.293998658657073975e-02
3.421869874000549316e-02
5.486908368766307831e-03
2.334687672555446625e-02
-3.681283071637153625e-02
-4.930375143885612488e-02
-8.479946106672286987e-02
4.927499964833259583e-02
1.423279102891683578e-02
4.656497761607170105e-02
5.462768301367759705e-02
5.344890803098678589e-02
2.173959463834762573e-02
-1.137968078255653381e-01
6.001203134655952454e-02
-2.804422006011009216e-02
-1.517887413501739502e-02
-1.718519926071166992e-01
5.645900964736938477e-02
1.010051071643829346e-01
-6.660709530115127563e-02
-2.034006826579570770e-02
4.876574128866195679e-02
-3.140177950263023376e-02
1.865732111036777496e-02
1.455913633108139038e-01
-9.279677644371986389e-03
5.949972569942474365e-02
3.783288598060607910e-02
-1.099756285548210144e-01
-5.557643598876893520e-04
-7.110123336315155029e-02
-7.131081074476242065e-02
-3.903993219137191772e-02
-9.268230944871902466e-02
1.155540067702531815e-02
-2.608200721442699432e-02
-7.352268695831298828e-02
-9.407044947147369385e-02
1.234309598803520203e-01
-8.222833275794982910e-02
-1.068100109696388245e-01
5.084902420639991760e-02
-5.882456526160240173e-02
7.626516371965408325e-02
2.666124701499938965e-02
-1.747983098030090332e-01
2.381424047052860260e-02
7.498192787170410156e-02
2.821247652173042297e-02
5.243496969342231750e-02
-3.808676823973655701e-02
5.878669396042823792e-02
-3.383507579565048218e-02
5.193289741873741150e-02
1.846818439662456512e-02
-5.338187888264656067e-02
-1.248877942562103271e-01
-2.758350037038326263e-02
-6.810534745454788208e-02
-1.774389110505580902e-02
-4.192157834768295288e-02
-5.018474161624908447e-02
-1.303849928081035614e-02
5.448810383677482605e-02
8.082623034715652466e-02
-7.030555605888366699e-02
5.568994581699371338e-02
4.591127857565879822e-03
2.161587774753570557e-02
-9.747423231601715088e-03
-4.876432474702596664e-03
-4.212841764092445374e-02
5.055936053395271301e-02
7.022427767515182495e-02
8.296335488557815552e-02
-1.034685820341110229e-01
3.313954453915357590e-03
1.367688179016113281e-01
-2.312951907515525818e-02
7.848711311817169189e-02
1.427305955439805984e-02
-8.563514798879623413e-03
-2.837912412360310555e-03
7.152864336967468262e-02
4.258294403553009033e-02
-4.557513073086738586e-02
-4.180871695280075073e-02
1.013188362121582031e-01
-2.166303573176264763e-03
5.075367912650108337e-02
-4.460602253675460815e-02
-2.891388488933444023e-03
-4.070058837532997131e-02
-5.141280591487884521e-02
-1.064057722687721252e-01
1.224500760436058044e-01
1.765489019453525543e-02
8.018587529659271240e-02
-7.514703273773193359e-02
4.110252112150192261e-02
3.294950723648071289e-02
1.012248266488313675e-02
-5.987871438264846802e-02
1.607957296073436737e-02
1.022402197122573853e-01
3.318798542022705078e-02
1.166535355150699615e-02
4.722683131694793701e-02
3.393063694238662720e-02
-1.160448864102363586e-01
-9.009797126054763794e-02
-4.447732865810394287e-02
9.817776083946228027e-02
6.516609806567430496e-03
-6.650090217590332031e-03
1.175082568079233170e-02
-6.353981047868728638e-02
-6.145812943577766418e-02
4.514071624726057053e-03
-6.391184870153665543e-03
-2.871211618185043335e-02
-1.836176216602325439e-02
1.146203801035881042e-01
1.423468161374330521e-02
-5.655787885189056396e-02
-3.225184045732021332e-03
5.115387495607137680e-03
1.056857705116271973e-01
-2.189028263092041016e-02
-1.940037123858928680e-02
-2.248363196849822998e-02
-3.662266209721565247e-02
5.002434551715850830e-02
5.867544189095497131e-02
-1.432766672223806381e-02
-6.461437791585922241e-02
1.362373828887939453e-01
1.000222414731979370e-01
-3.913898020982742310e-02
6.247707828879356384e-02
3.857561573386192322e-02
-1.087921392172574997e-02
-7.857768237590789795e-02
-4.761199466884136200e-03
-7.488904148340225220e-02
-8.263106457889080048e-03
-6.633446551859378815e-03
1.150439400225877762e-02
-1.971780788153409958e-03
-1.351764518767595291e-02
6.704795360565185547e-02
-2.423826791346073151e-02
5.800367519259452820e-02
4.685010761022567749e-02
1.506924163550138474e-02
1.024166643619537354e-01
-2.694650739431381226e-02
-1.802265271544456482e-02
1.259237900376319885e-02
1.603756099939346313e-02
5.372759886085987091e-03
-1.453610043972730637e-02
-1.147786676883697510e-01
6.536778807640075684e-02
6.255271285772323608e-02
4.517889767885208130e-02
-9.637698531150817871e-04
-2.219286188483238220e-02
4.587450064718723297e-03
2.688443660736083984e-02
-7.958589121699333191e-03
-1.805647276341915131e-02
3.997961059212684631e-03
4.484976083040237427e-02
9.995462372899055481e-03
9.351892769336700439e-02
-1.362761668860912323e-02
2.859464101493358612e-02
3.174967691302299500e-02
-6.041058525443077087e-02
6.698529422283172607e-02
6.996576488018035889e-02
4.858451709151268005e-02
-8.795060217380523682e-02
5.568549409508705139e-02
-7.598362863063812256e-03
2.751587517559528351e-02
-9.900966659188270569e-03
4.321588203310966492e-02
6.089030206203460693e-02
2.066668495535850525e-02
-1.178924515843391418e-01
2.960396744310855865e-02
2.178926579654216766e-02
8.101121336221694946e-02
-8.486291021108627319e-02
5.141124874353408813e-02
-2.562697604298591614e-02
-8.451723307371139526e-02
-4.426721483469009399e-02
9.110242873430252075e-02
-4.897588491439819336e-02
-1.048598885536193848e-01
-7.267828285694122314e-02
-6.283888965845108032e-02
-5.632516369223594666e-02
3.871815651655197144e-02
1.194557398557662964e-01
-1.248625572770833969e-02
1.219694018363952637e-01
-1.478417515754699707e-01
-2.962934225797653198e-02
-7.987831532955169678e-02
1.497135125100612640e-02
2.812280878424644470e-02
-1.077601462602615356e-01
