7.265079766511917114e-02
4.199967905879020691e-02
-2.109524607658386230e-02
3.773215785622596741e-02
1.465055067092180252e-02
4.358478821814060211e-03
-6.071976386010646820e-03
-2.302784658968448639e-02
1.243859529495239258e-02
-7.505588233470916748e-02
-5.203600227832794189e-02
-1.289116125553846359e-02
8.694582618772983551e-03
-5.696814507246017456e-02
-1.260565873235464096e-02
-6.137372553348541260e-02
1.216613035649061203e-02
5.329139530658721924e-03
-2.205866575241088867e-02
6.495153158903121948e-02
-6.219900771975517273e-02
-4.371702671051025391e-02
9.325924329459667206e-03
3.925694618374109268e-04
-6.476812064647674561e-02
-3.018043749034404755e-02
1.055309176445007324e-01
-6.178556382656097412e-02
-6.931456923484802246e-02
-1.000629812479019165e-01
-4.323374014347791672e-03
-5.253216624259948730e-02
7.649657875299453735e-02
-1.354487985372543335e-02
-2.983247861266136169e-02
-1.656808308325707912e-03
8.373803645372390747e-02
5.315986709319986403e-05
-7.360462844371795654e-02
-5.704494938254356384e-02
5.661616846919059753e-02
7.161264866590499878e-02
4.030857607722282410e-02
4.142438247799873352e-02
3.873932361602783203e-02
-4.892206052318215370e-04
-1.013013646006584167e-01
3.145400434732437134e-02
-3.358516842126846313e-02
-6.677941232919692993e-02
-1.257406771183013916e-01
5.313191562891006470e-02
9.590019285678863525e-02
-6.012397259473800659e-02
2.199817681685090065e-03
3.014774620532989502e-02
-5.373343825340270996e-02
-1.284586787223815918e-01
3.523402661085128784e-02
1.717620715498924255e-02
5.603871867060661316e-02
2.750082686543464661e-02
-9.230501949787139893e-02
6.091170758008956909e-02
-6.994681060314178467e-02
-2.405634894967079163e-02
1.286854967474937439e-02
-1.102979034185409546e-01
3.710234165191650391e-02
-4.156145267188549042e-03
-2.645911276340484619e-02
-1.291098892688751221e-01
9.998939186334609985e-02
-1.478731818497180939e-02
-1.776473671197891235e-01
-2.225096523761749268e-02
-1.741234213113784790e-02
6.632567942142486572e-02
-2.309408970177173615e-02
-1.506445258855819702e-01
-1.877322606742382050e-02
-3.252905793488025665e-03
3.864734619855880737e-02
5.487011373043060303e-02
-1.963340910151600838e-03
5.467731505632400513e-02
3.416073694825172424e-02
-4.153913259506225586e-02
7.994700223207473755e-02
-4.230032488703727722e-02
-2.055801302194595337e-01
5.509081482887268066e-02
-5.236842110753059387e-02
-4.226571694016456604e-02
-7.269009947776794434e-02
1.204976532608270645e-02
-1.458818675018846989e-03
5.183588713407516479e-02
1.417337208986282349e-01
-1.812662743031978607e-02
6.938460469245910645e-02
-2.254484035074710846e-02
8.563947677612304688e-02
7.909111678600311279e-03
7.765049580484628677e-03
-2.673933468759059906e-02
8.435296826064586639e-03
8.882830291986465454e-02
1.034571975469589233e-01
-3.957805037498474121e-02
-5.082684010267257690e-02
1.440726220607757568e-01
4.032050073146820068e-02
9.255926311016082764e-02
2.385425753891468048e-02
9.500844404101371765e-03
-2.914272248744964600e-02
3.692805022001266479e-02
7.133826613426208496e-02
-1.011272370815277100e-01
-1.490911096334457397e-01
1.059141010046005249e-01
-5.257629323750734329e-03
1.731129176914691925e-02
6.615422200411558151e-03
-1.257956586778163910e-02
-1.192412152886390686e-01
3.269812557846307755e-03
-3.505108505487442017e-02
1.229962632060050964e-01
6.783783435821533203e-03
2.865044586360454559e-02
-6.999265402555465698e-02
2.410283498466014862e-02
1.316129695624113083e-02
-3.144291113130748272e-04
-2.514910325407981873e-02
5.697054415941238403e-02
1.332757920026779175e-01
5.126946046948432922e-02
-1.400122605264186859e-02
1.013033092021942139e-02
5.072407796978950500e-02
-1.631045043468475342e-01
-8.771146833896636963e-02
-6.836961209774017334e-02
3.116511553525924683e-02
5.494392476975917816e-03
3.120478428900241852e-02
9.807742387056350708e-02
-1.042150482535362244e-01
-1.479713339358568192e-02
3.755078464746475220e-02
-4.401431232690811157e-02
-5.847968626767396927e-03
-5.874732881784439087e-02
2.871318534016609192e-02
-3.842502087354660034e-02
-8.087989687919616699e-02
3.916430473327636719e-02
4.286585375666618347e-03
1.917650550603866577e-01
-4.627352207899093628e-02
-5.617410875856876373e-03
5.627857893705368042e-02
5.954550579190254211e-02
8.031635731458663940e-02
5.072341859340667725e-02
-6.340321153402328491e-02
-6.654401123523712158e-02
5.951417610049247742e-02
1.651189476251602173e-01
-9.701712988317012787e-03
8.981613814830780029e-02
7.848433405160903931e-02
-4.768416285514831543e-02
-6.221175938844680786e-02
-9.494894184172153473e-03
-7.012626528739929199e-02
2.929196879267692566e-02
-1.072899065911769867e-02
3.882745280861854553e-02
-5.217396654188632965e-03
-1.022777147591114044e-02
1.016622781753540039e-01
-1.200098264962434769e-02
5.935184285044670105e-02
5.340622365474700928e-02
4.631606489419937134e-02
8.736490458250045776e-02
-3.129016980528831482e-02
-9.490087628364562988e-03
9.918549098074436188e-03
-1.741822808980941772e-02
-2.527568116784095764e-02
3.971151076257228851e-03
-1.148577630519866943e-01
9.162842482328414917e-02
3.870537132024765015e-02
1.247835382819175720e-01
2.423435822129249573e-02
-2.101901732385158539e-02
2.536009252071380615e-02
7.580547034740447998e-02
-3.150098770856857300e-02
3.276413679122924805e-02
-5.088552832603454590e-02
3.551396075636148453e-03
-4.574439674615859985e-02
1.332300603389739990e-01
4.807934537529945374e-02
-3.714965283870697021e-02
2.856468409299850464e-02
-1.594676077365875244e-02
2.415323816239833832e-02
6.622095406055450439e-02
-6.675779819488525391e-03
-1.263805031776428223e-01
4.230671375989913940e-02
-7.820344716310501099e-02
-2.415656484663486481e-02
3.524848958477377892e-03
9.650978446006774902e-02
7.213257998228073120e-02
7.089532911777496338e-02
-4.930742457509040833e-02
4.050972685217857361e-02
2.920676581561565399e-02
-1.258656010031700134e-02
1.741007901728153229e-02
-5.570349842309951782e-02
-4.315759986639022827e-02
-6.190183013677597046e-02
-4.103272780776023865e-02
4.783313348889350891e-02
3.692381142172962427e-04
-5.365858599543571472e-02
1.669434644281864166e-02
3.689090535044670105e-02
4.862169921398162842e-02
2.930656075477600098e-02
-7.716983556747436523e-02
7.521091494709253311e-03
-1.445808410644531250e-01
3.421963425353169441e-03
5.992365069687366486e-03
8.299332857131958008e-02
-7.527928333729505539e-03
8.209916763007640839e-03
4.799175262451171875e-02
