1.921486407518386841e-01
-1.571833156049251556e-02
3.463844582438468933e-02
-6.585897505283355713e-02
-6.019803881645202637e-02
-3.281855210661888123e-02
-1.132039278745651245e-01
-6.638184189796447754e-02
8.281505107879638672e-02
7.164886593818664551e-02
1.175614167004823685e-02
-6.462720036506652832e-02
-1.988325640559196472e-02
-1.024476289749145508e-01
9.921145625412464142e-03
-5.849724635481834412e-02
3.050461225211620331e-02
1.052691638469696045e-01
2.745919302105903625e-02
-3.082076460123062134e-02
-5.803175270557403564e-02
-1.869219355285167694e-02
1.047368813306093216e-02
-2.286690846085548401e-02
-6.636215001344680786e-02
-1.356510519981384277e-01
3.510180115699768066e-02
-7.133366167545318604e-02
-1.198239549994468689e-01
-1.224679574370384216e-01
8.640183508396148682e-02
-8.097936958074569702e-02
-8.245453983545303345e-02
-5.413655936717987061e-02
3.616650402545928955e-02
-2.268380485475063324e-02
1.194895152002573013e-02
-3.236519172787666321e-02
-3.131984919309616089e-02
-4.175718873739242554e-02
3.119941055774688721e-02
-1.850605942308902740e-02
3.850528225302696228e-02
6.657029688358306885e-02
6.817773729562759399e-02
3.029134497046470642e-02
-1.171857640147209167e-01
3.508046269416809082e-02
-2.087673544883728027e-02
-2.352547273039817810e-02
-1.596283018589019775e-01
5.453793331980705261e-02
1.249407678842544556e-01
-1.018468812108039856e-01
-3.398570790886878967e-02
2.905270271003246307e-02
-3.508042171597480774e-02
3.176947683095932007e-02
1.556569933891296387e-01
-1.225047372281551361e-02
4.796919226646423340e-02
4.787190631031990051e-02
-6.691993772983551025e-02
-1.440183538943529129e-02
-6.866437941789627075e-02
-5.097977444529533386e-02
-4.491771757602691650e-02
-9.025888890027999878e-02
-1.016649231314659119e-02
-2.973846904933452606e-02
-1.070101261138916016e-01
-7.323879003524780273e-02
1.315104663372039795e-01
-8.190530538558959961e-02
-1.250615715980529785e-01
4.877844825387001038e-02
-6.490996479988098145e-02
7.118294388055801392e-02
1.804829575121402740e-02
-1.627906411886215210e-01
4.152313992381095886e-02
5.253670737147331238e-02
3.009110875427722931e-02
6.599637120962142944e-02
-5.545707046985626221e-02
4.588303342461585999e-02
-2.202923782169818878e-02
5.506016314029693604e-02
2.408754080533981323e-02
-3.716654703021049500e-02
-1.349271982908248901e-01
-3.025239706039428711e-02
-6.177844852209091187e-02
-2.975933626294136047e-02
-5.000334978103637695e-02
-5.912321433424949646e-02
-1.824943907558917999e-02
3.332455456256866455e-02
5.803123861551284790e-02
-8.542606979608535767e-02
3.317603841423988342e-02
4.125638864934444427e-03
4.880468826740980148e-03
-3.015148453414440155e-02
-1.424807496368885040e-02
-4.919281601905822754e-02
5.048781260848045349e-02
8.331841975450515747e-02
7.847210764884948730e-02
-8.889512717723846436e-02
-1.906273071654140949e-03
1.196174919605255127e-01
-4.486546292901039124e-02
7.462942600250244141e-02
-3.138886298984289169e-03
5.883432459086179733e-03
-2.111568674445152283e-02
4.488872364163398743e-02
4.809625819325447083e-02
-4.922862350940704346e-02
-9.359483607113361359e-03
1.044757440686225891e-01
3.677601926028728485e-03
3.530258312821388245e-02
-5.075024068355560303e-02
2.498914115130901337e-02
-3.804498910903930664e-02
-7.658181339502334595e-02
-9.527003765106201172e-02
9.471663832664489746e-02
9.196099825203418732e-03
7.261867076158523560e-02
-9.083634614944458008e-02
3.284424543380737305e-02
4.171736910939216614e-02
-6.898730061948299408e-03
-5.939105153083801270e-02
1.159257441759109497e-02
7.733823359012603760e-02
4.534860327839851379e-02
-5.826525390148162842e-03
6.630649417638778687e-02
2.422061050310730934e-03
-1.246549934148788452e-01
-6.273625791072845459e-02
-4.974647983908653259e-02
8.060283958911895752e-02
1.194618642330169678e-02
-2.698241034522652626e-03
-9.494377300143241882e-03
-7.047478109598159790e-02
-4.662944376468658447e-02
3.799761761911213398e-04
-1.155695505440235138e-02
-3.658503666520118713e-02
-1.858753152191638947e-02
1.045241206884384155e-01
1.400813739746809006e-02
-5.889629945158958435e-02
-7.622059900313615799e-03
8.663611486554145813e-03
8.870722353458404541e-02
-1.514331810176372528e-02
-2.848812565207481384e-02
-5.637185648083686829e-02
-1.831871271133422852e-02
4.247186705470085144e-02
4.455271735787391663e-02
-3.830274939537048340e-02
-7.530095428228378296e-02
1.747545003890991211e-01
1.355212926864624023e-01
-5.562578886747360229e-02
4.686766490340232849e-02
3.772016242146492004e-02
-6.789187900722026825e-03
-7.340063899755477905e-02
-4.192568827420473099e-03
-3.449144214391708374e-02
-2.864620881155133247e-03
-1.207678020000457764e-02
3.569730324670672417e-03
-3.680837526917457581e-02
1.206608489155769348e-03
6.300646811723709106e-02
-4.347010515630245209e-03
2.539009600877761841e-02
5.126782134175300598e-02
2.649106457829475403e-02
1.165618672966957092e-01
-2.229619584977626801e-02
-2.059079706668853760e-02
3.536792099475860596e-02
3.505056723952293396e-02
-5.530865397304296494e-03
8.565617725253105164e-03
-9.834358841180801392e-02
5.609850957989692688e-02
5.408840626478195190e-02
5.385648086667060852e-02
-2.664141729474067688e-02
-5.209022387862205505e-02
-3.338398411870002747e-02
1.768940873444080353e-02
-3.747674450278282166e-02
-3.007035888731479645e-02
6.037830840796232224e-03
3.785568475723266602e-02
-1.194174867123365402e-02
1.037164553999900818e-01
-4.651283845305442810e-02
4.294160380959510803e-02
1.121299993246793747e-02
-6.888143718242645264e-02
7.219723612070083618e-02
6.085928902029991150e-02
3.289534524083137512e-02
-6.872499734163284302e-02
4.892290383577346802e-02
1.573220710270106792e-03
3.848333656787872314e-02
-1.099510584026575089e-02
3.166542574763298035e-02
6.111469864845275879e-02
1.136093493551015854e-02
-1.329076737165451050e-01
2.706705406308174133e-02
2.514592558145523071e-02
9.524033963680267334e-02
-4.712229222059249878e-02
2.713896706700325012e-02
-2.978496812283992767e-02
-6.063218787312507629e-02
-3.115011379122734070e-02
8.389072865247726440e-02
-4.380882158875465393e-02
-8.312176913022994995e-02
-5.334816500544548035e-02
-4.931986331939697266e-02
-4.213954880833625793e-02
3.314642980694770813e-02
1.344173550605773926e-01
-2.199994027614593506e-02
1.179101765155792236e-01
-1.683282703161239624e-01
-2.651133202016353607e-02
-7.351514697074890137e-02
-2.449883893132209778e-02
3.847923502326011658e-02
-7.883562147617340088e-02
