1.782157272100448608e-01
1.627998426556587219e-03
4.394550621509552002e-02
-4.966955631971359253e-02
-3.748065233230590820e-02
-4.587852582335472107e-02
-9.920372813940048218e-02
-6.389271467924118042e-02
4.402966797351837158e-02
3.689594194293022156e-02
-2.071264898404479027e-03
-4.581357166171073914e-02
-4.436078947037458420e-03
-9.586393833160400391e-02
7.232084870338439941e-03
-5.552919581532478333e-02
3.029846213757991791e-02
9.626410156488418579e-02
3.404908347874879837e-03
-4.370708484202623367e-03
-2.999337762594223022e-02
-3.297072276473045349e-02
3.392697125673294067e-02
-1.875950582325458527e-02
-6.722683459520339966e-02
-1.114206463098526001e-01
4.656435176730155945e-02
-6.249492615461349487e-02
-1.089484691619873047e-01
-1.016407087445259094e-01
6.401211023330688477e-02
-6.398987770080566406e-02
-5.068529024720191956e-02
-6.068166717886924744e-02
3.748974204063415527e-02
-4.698648117482662201e-03
2.102923952043056488e-02
-4.307953640818595886e-02
-4.861758276820182800e-02
-6.720921397209167480e-02
4.341145232319831848e-02
-3.528693923726677895e-03
3.927718475461006165e-02
6.956617534160614014e-02
6.070576980710029602e-02
1.627376861870288849e-02
-1.323467195034027100e-01
5.282294005155563354e-02
-2.129736728966236115e-02
-3.604627028107643127e-02
-1.649791598320007324e-01
6.276109814643859863e-02
1.158328503370285034e-01
-8.360596001148223877e-02
-3.317582234740257263e-02
3.957424685359001160e-02
-3.461673483252525330e-02
-1.836048904806375504e-03
1.429362297058105469e-01
-1.340689510107040405e-02
6.198059767484664917e-02
5.214552581310272217e-02
-8.770812302827835083e-02
2.635496901348233223e-03
-7.027261704206466675e-02
-5.084614083170890808e-02
-5.037218704819679260e-02
-9.533078968524932861e-02
3.401480615139007568e-03
-4.384718090295791626e-02
-7.939195632934570312e-02
-8.654361963272094727e-02
1.236392706632614136e-01
-6.687467545270919800e-02
-1.257828623056411743e-01
4.469687119126319885e-02
-6.264286488294601440e-02
7.887502759695053101e-02
5.417616106569766998e-03
-1.677998751401901245e-01
2.653364092111587524e-02
7.116813212633132935e-02
4.349660873413085938e-02
6.197706609964370728e-02
-4.583122581243515015e-02
5.714697763323783875e-02
-2.493133395910263062e-02
4.613020271062850952e-02
3.937565535306930542e-02
-4.887660220265388489e-02
-1.603708267211914062e-01
-1.847946085035800934e-02
-5.278936028480529785e-02
-1.735414005815982819e-02
-5.192827805876731873e-02
-4.563837125897407532e-02
-3.066239878535270691e-02
3.470657020807266235e-02
8.607487380504608154e-02
-7.549238950014114380e-02
6.493055820465087891e-02
-2.695878734812140465e-03
2.389950677752494812e-02
-2.942998148500919342e-02
-9.119475260376930237e-03
-5.645119398832321167e-02
5.856889113783836365e-02
8.131732791662216187e-02
1.035955995321273804e-01
-1.000631302595138550e-01
-9.258260019123554230e-03
1.454154253005981445e-01
-2.254632860422134399e-02
9.095417708158493042e-02
1.170219387859106064e-02
-1.761458255350589752e-02
-6.366613321006298065e-03
5.488548427820205688e-02
4.631309583783149719e-02
-7.046978175640106201e-02
-4.097567126154899597e-02
1.118137016892433167e-01
-4.923284985125064850e-03
5.575968697667121887e-02
-5.126820132136344910e-02
-5.064615514129400253e-03
-5.457551777362823486e-02
-7.436078041791915894e-02
-1.058297604322433472e-01
1.236826032400131226e-01
1.325106248259544373e-02
8.833137154579162598e-02
-8.905979245901107788e-02
4.096126556396484375e-02
3.597101941704750061e-02
1.619542017579078674e-02
-5.851840600371360779e-02
1.375673245638608932e-02
1.085892766714096069e-01
5.237915366888046265e-02
6.370191462337970734e-03
5.536578223109245300e-02
3.650858253240585327e-02
-1.281938105821609497e-01
-9.003368020057678223e-02
-5.736964195966720581e-02
9.080050140619277954e-02
1.231820974498987198e-02
1.988620031625032425e-03
6.989186163991689682e-03
-7.672481238842010498e-02
-6.527107954025268555e-02
2.166700735688209534e-02
-8.930538780987262726e-03
-3.225715458393096924e-02
-2.935048565268516541e-02
1.121712625026702881e-01
9.772400371730327606e-03
-6.275337934494018555e-02
7.284789811819791794e-03
-2.577352337539196014e-03
1.112040355801582336e-01
-3.223091363906860352e-02
-2.584829740226268768e-02
-2.752373740077018738e-02
-1.484611257910728455e-02
4.321872442960739136e-02
5.728759989142417908e-02
-4.077308997511863708e-02
-7.748182862997055054e-02
1.546481251716613770e-01
1.256954967975616455e-01
-3.433129936456680298e-02
5.901245027780532837e-02
5.517349764704704285e-02
-2.218074724078178406e-02
-8.962317556142807007e-02
-1.338997110724449158e-02
-6.049871444702148438e-02
6.580943241715431213e-03
-4.240276757627725601e-03
1.568841561675071716e-02
-2.455174922943115234e-02
-9.172906167805194855e-03
8.331052213907241821e-02
-1.560979336500167847e-02
4.169299080967903137e-02
6.250996142625808716e-02
1.547124423086643219e-02
1.067981645464897156e-01
-3.005591034889221191e-02
-2.020740136504173279e-02
1.693507656455039978e-02
2.241837605834007263e-02
-1.055520121008157730e-02
6.208136677742004395e-03
-1.170605644583702087e-01
5.832478031516075134e-02
6.766397505998611450e-02
6.062619388103485107e-02
-1.127594057470560074e-02
-2.868586033582687378e-02
-8.995191194117069244e-03
2.857399173080921173e-02
-2.200733870267868042e-02
-9.133741259574890137e-03
7.149276323616504669e-03
2.717393264174461365e-02
7.975737098604440689e-04
9.363955259323120117e-02
-2.591793239116668701e-02
2.477365732192993164e-02
2.215582691133022308e-02
-5.914665013551712036e-02
5.505242943763732910e-02
5.944255739450454712e-02
1.916988007724285126e-02
-8.694893121719360352e-02
6.219606101512908936e-02
-1.139716710895299911e-02
3.164730593562126160e-02
-1.288176700472831726e-02
5.834503471851348877e-02
8.145026862621307373e-02
2.557842805981636047e-02
-1.224389746785163879e-01
3.823371231555938721e-02
2.639745734632015228e-02
7.773117721080780029e-02
-6.450314074754714966e-02
2.758346311748027802e-02
-2.919312193989753723e-02
-8.022680878639221191e-02
-3.893515840172767639e-02
7.426723092794418335e-02
-3.828831762075424194e-02
-8.973747491836547852e-02
-5.546734109520912170e-02
-3.814053535461425781e-02
-4.837501421570777893e-02
2.858035080134868622e-02
1.004852205514907837e-01
-1.956937834620475769e-02
8.667292445898056030e-02
-1.326812803745269775e-01
-2.742741815745830536e-02
-6.418836861848831177e-02
3.140737069770693779e-03
1.923585683107376099e-02
-7.182148098945617676e-02
