1.710487902164459229e-01
-4.849409218877553940e-03
4.657403752207756042e-02
-4.482212662696838379e-02
-5.996021628379821777e-02
-3.749797493219375610e-02
-1.107236072421073914e-01
-6.075044348835945129e-02
6.595022976398468018e-02
4.747417569160461426e-02
2.006181515753269196e-02
-4.571221768856048584e-02
-4.266750533133745193e-03
-1.021870747208595276e-01
1.460091490298509598e-02
-5.272031202912330627e-02
3.274131566286087036e-02
1.084763631224632263e-01
6.237419787794351578e-03
-3.037881664931774139e-02
-2.786028012633323669e-02
-9.541718289256095886e-03
1.860791817307472229e-02
-3.323528170585632324e-02
-5.078225582838058472e-02
-1.288645118474960327e-01
4.186183959245681763e-02
-6.934959441423416138e-02
-1.281137168407440186e-01
-1.232055425643920898e-01
8.198207616806030273e-02
-5.643950402736663818e-02
-5.238216742873191833e-02
-6.630221009254455566e-02
2.843609824776649475e-02
-1.576693728566169739e-03
1.468036603182554245e-02
-4.450586810708045959e-02
-4.297193139791488647e-02
-5.376853048801422119e-02
6.541091203689575195e-02
5.746200680732727051e-03
2.633693441748619080e-02
8.730352669954299927e-02
4.418731480836868286e-02
2.026260830461978912e-02
-1.268854439258575439e-01
4.771029576659202576e-02
-2.233155071735382080e-02
-4.257886484265327454e-02
-1.706952750682830811e-01
6.930964440107345581e-02
1.204800829291343689e-01
-9.387015551328659058e-02
-4.319639876484870911e-02
4.649220779538154602e-02
-3.560858219861984253e-02
-5.144233349710702896e-03
1.568904072046279907e-01
-2.373315952718257904e-02
6.440436094999313354e-02
4.240726679563522339e-02
-8.387762308120727539e-02
-1.109392754733562469e-02
-5.869474634528160095e-02
-6.237652897834777832e-02
-5.510836839675903320e-02
-8.364856988191604614e-02
-3.177430946379899979e-03
-6.188702955842018127e-02
-8.541103452444076538e-02
-9.532880783081054688e-02
1.190253570675849915e-01
-9.027013182640075684e-02
-1.223488375544548035e-01
4.631073027849197388e-02
-7.386408001184463501e-02
7.337461411952972412e-02
1.573873311281204224e-02
-1.934081912040710449e-01
3.191486373543739319e-02
5.286117643117904663e-02
2.404053881764411926e-02
7.575258612632751465e-02
-5.696624889969825745e-02
4.444698616862297058e-02
-4.956707730889320374e-02
4.981204122304916382e-02
3.704094514250755310e-02
-3.620936349034309387e-02
-1.387923359870910645e-01
-4.336630925536155701e-02
-5.639432370662689209e-02
-1.825848035514354706e-02
-6.286874413490295410e-02
-4.874804243445396423e-02
-2.368702925741672516e-02
2.256856858730316162e-02
4.861757904291152954e-02
-7.578609883785247803e-02
3.713399916887283325e-02
-8.129945956170558929e-03
6.259594112634658813e-03
-1.753210090100765228e-02
4.454168491065502167e-03
-5.177390575408935547e-02
7.032441347837448120e-02
7.222716510295867920e-02
9.067821502685546875e-02
-9.350974112749099731e-02
1.006930507719516754e-02
1.129871308803558350e-01
-1.535136532038450241e-02
8.168134838342666626e-02
-4.173854831606149673e-03
-1.532126776874065399e-02
-1.469416916370391846e-02
4.400991648435592651e-02
4.497987031936645508e-02
-3.642078489065170288e-02
-2.386573702096939087e-02
9.143725037574768066e-02
8.468992076814174652e-03
4.671050235629081726e-02
-5.690847709774971008e-02
1.760178827680647373e-03
-2.838157303631305695e-02
-7.580956816673278809e-02
-9.169030189514160156e-02
7.975175976753234863e-02
1.856050640344619751e-02
8.031604439020156860e-02
-8.483627438545227051e-02
3.401304036378860474e-02
2.239252068102359772e-02
8.782440796494483948e-03
-6.537133455276489258e-02
2.370094135403633118e-02
8.365634828805923462e-02
2.767237275838851929e-02
2.489429712295532227e-02
5.116399750113487244e-02
4.952272400259971619e-02
-1.190183982253074646e-01
-7.178621739149093628e-02
-6.004189699888229370e-02
8.692339807748794556e-02
1.628497429192066193e-02
-4.059620667248964310e-03
1.498396787792444229e-02
-4.688014090061187744e-02
-4.502698034048080444e-02
3.107637912034988403e-02
-3.295131027698516846e-03
-3.783973678946495056e-02
-2.879782952368259430e-02
1.031629145145416260e-01
-2.862229943275451660e-03
-5.555748566985130310e-02
5.425838287919759750e-03
6.802842486649751663e-03
8.223390579223632812e-02
-2.530129067599773407e-02
-2.337135933339595795e-02
-1.604959554970264435e-02
-4.025099799036979675e-03
3.633500263094902039e-02
3.517808020114898682e-02
-4.181381687521934509e-02
-5.019860714673995972e-02
1.449790298938751221e-01
1.007529720664024353e-01
-3.805187344551086426e-02
2.898016944527626038e-02
4.296503961086273193e-02
-9.659623727202415466e-03
-7.460834085941314697e-02
-1.268461812287569046e-02
-3.599842637777328491e-02
-5.856486313859932125e-05
-2.115466445684432983e-02
8.930796757340431213e-03
-2.000881358981132507e-02
-1.416767947375774384e-02
5.797543376684188843e-02
-3.494184836745262146e-02
3.241121023893356323e-02
5.485138669610023499e-02
1.484915334731340408e-02
1.032963246107101440e-01
-2.512819506227970123e-02
-1.915228553116321564e-02
1.325260568410158157e-02
2.924621105194091797e-02
-7.787595968693494797e-03
-5.292459856718778610e-03
-1.167478039860725403e-01
4.280328750610351562e-02
7.384327054023742676e-02
4.444873705506324768e-02
-1.504328474402427673e-02
-3.002710454165935516e-02
-7.249334827065467834e-03
3.045906312763690948e-02
-3.238595277070999146e-02
9.759619715623557568e-04
9.648091159760951996e-03
3.662050887942314148e-02
1.487486716359853745e-02
8.907122164964675903e-02
-2.418679371476173401e-02
3.693415224552154541e-02
1.255525089800357819e-02
-6.441120058298110962e-02
4.790585860610008240e-02
8.366931974887847900e-02
3.512692451477050781e-02
-7.983707636594772339e-02
7.356344908475875854e-02
1.795181259512901306e-02
4.822268337011337280e-02
-1.172880921512842178e-02
6.097266077995300293e-02
8.096449822187423706e-02
2.411888539791107178e-02
-1.692208200693130493e-01
2.153602987527847290e-02
1.714018546044826508e-02
1.091428548097610474e-01
-7.151194661855697632e-02
6.221872940659523010e-02
-1.520954817533493042e-02
-9.112679958343505859e-02
-4.319064319133758545e-02
6.117260456085205078e-02
-5.817910656332969666e-02
-8.835203945636749268e-02
-8.297287672758102417e-02
-4.675357788801193237e-02
-7.127387076616287231e-02
3.216673806309700012e-02
1.334502995014190674e-01
-3.800196945667266846e-02
1.193659082055091858e-01
-1.428258270025253296e-01
-3.857742995023727417e-02
-7.362986356019973755e-02
8.013918064534664154e-03
3.434349596500396729e-02
-9.723743796348571777e-02
