8.675722032785415649e-02
-1.731300726532936096e-02
2.551251277327537537e-02
-1.865065842866897583e-02
-3.231062367558479309e-02
-9.792239870876073837e-04
-6.934490054845809937e-02
-3.331941366195678711e-02
6.322814524173736572e-02
2.899347059428691864e-02
3.322847932577133179e-02
-1.856569200754165649e-02
-2.831697463989257812e-03
-7.070279866456985474e-02
1.292726863175630569e-02
-4.118102788925170898e-02
2.184327319264411926e-02
4.675807803869247437e-02
-2.233076468110084534e-02
-1.740205287933349609e-02
-2.457710541784763336e-02
1.787395589053630829e-02
6.656951736658811569e-03
-3.040523082017898560e-02
-1.021323539316654205e-02
-8.740496635437011719e-02
3.294700011610984802e-02
-5.314498767256736755e-02
-9.327597171068191528e-02
-1.059198752045631409e-01
6.976442784070968628e-02
-3.248519077897071838e-02
-4.347752779722213745e-02
-7.706364989280700684e-02
3.605465963482856750e-02
-1.017482578754425049e-02
1.410778611898422241e-02
-2.563963457942008972e-02
-5.149632319808006287e-02
-2.770164050161838531e-02
6.794154644012451172e-02
-1.658011227846145630e-02
3.605739772319793701e-02
8.218734711408615112e-02
1.262919791042804718e-02
9.517290629446506500e-03
-1.307244449853897095e-01
1.193819474428892136e-02
-2.355444990098476410e-02
-4.321306943893432617e-02
-1.743259429931640625e-01
7.542570680379867554e-02
1.040970012545585632e-01
-1.027759686112403870e-01
-5.386034399271011353e-02
5.824930593371391296e-02
-1.404644735157489777e-02
-3.695693565532565117e-03
1.606339514255523682e-01
-2.249782532453536987e-02
6.696403771638870239e-02
4.037957638502120972e-02
-4.955967888236045837e-02
6.043141707777976990e-03
-6.466176360845565796e-02
-5.603827163577079773e-02
-6.856673955917358398e-02
-1.179910600185394287e-01
-1.247650478035211563e-02
-7.502783089876174927e-02
-1.097812801599502563e-01
-1.037241667509078979e-01
1.500804871320724487e-01
-9.131255745887756348e-02
-1.439450681209564209e-01
5.861454084515571594e-02
-8.645816892385482788e-02
8.129033446311950684e-02
1.657783426344394684e-02
-2.161172479391098022e-01
4.578229412436485291e-02
4.684162884950637817e-02
-5.495171062648296356e-03
7.855737954378128052e-02
-6.146549060940742493e-02
5.107582360506057739e-02
-5.688537284731864929e-02
7.124169915914535522e-02
1.840707845985889435e-02
-4.307363554835319519e-02
-1.783364117145538330e-01
-4.308028519153594971e-02
-6.081928312778472900e-02
-4.024180769920349121e-02
-6.474095582962036133e-02
-5.921133235096931458e-02
-3.964718058705329895e-02
6.368636619299650192e-03
4.484764114022254944e-02
-7.649333029985427856e-02
5.269337818026542664e-02
-1.713809370994567871e-02
1.013634074479341507e-02
-1.845571584999561310e-02
-8.164859609678387642e-04
-7.840805500745773315e-02
8.126721531152725220e-02
9.339084476232528687e-02
1.017662137746810913e-01
-9.511665254831314087e-02
8.766476996243000031e-03
1.286034286022186279e-01
-1.018675230443477631e-02
9.626708179712295532e-02
8.364279754459857941e-03
-4.763856902718544006e-02
-3.609734773635864258e-02
3.903286904096603394e-02
6.013102084398269653e-02
-6.051256507635116577e-02
-4.221541061997413635e-02
9.867376834154129028e-02
5.818409845232963562e-03
3.800668939948081970e-02
-5.822042375802993774e-02
5.372612737119197845e-03
-4.630078002810478210e-02
-1.163482069969177246e-01
-9.494537115097045898e-02
7.009037584066390991e-02
7.765241898596286774e-03
8.833070099353790283e-02
-8.268769830465316772e-02
3.752495720982551575e-02
3.481590747833251953e-02
2.143235504627227783e-02
-7.926413416862487793e-02
2.046695351600646973e-02
9.611540287733078003e-02
2.711396478116512299e-02
3.876963630318641663e-02
6.427186727523803711e-02
5.114857852458953857e-02
-1.356045454740524292e-01
-7.256598770618438721e-02
-5.271871015429496765e-02
6.805413961410522461e-02
4.316773731261491776e-03
-2.452427148818969727e-02
2.087882533669471741e-02
-5.391996353864669800e-02
-5.101320147514343262e-02
1.761280745267868042e-02
-3.467807173728942871e-02
-4.735339060425758362e-02
-4.192764312028884888e-02
9.320177882909774780e-02
2.601134357973933220e-03
-7.406150549650192261e-02
7.976495660841464996e-03
9.376752190291881561e-03
1.057282686233520508e-01
-3.114031068980693817e-02
-3.775140270590782166e-02
-2.259239926934242249e-02
1.390409190207719803e-03
4.862904176115989685e-02
1.910117082297801971e-02
-5.552980303764343262e-02
-4.379591345787048340e-02
1.456011682748794556e-01
1.272580772638320923e-01
-5.528614297509193420e-02
2.836485020816326141e-02
4.323225095868110657e-02
-2.972491271793842316e-02
-7.361527532339096069e-02
-8.736665360629558563e-03
-2.307437174022197723e-02
-3.830761415883898735e-03
-2.483695186674594879e-02
2.186120674014091492e-02
-5.216513946652412415e-02
-6.568608805537223816e-03
6.683199852705001831e-02
-3.329096734523773193e-02
1.129149459302425385e-02
7.172009348869323730e-02
3.040391206741333008e-02
1.140074953436851501e-01
-1.008806191384792328e-02
-3.400534391403198242e-02
1.606467925012111664e-02
3.597407415509223938e-02
-1.246072165668010712e-02
6.590124685317277908e-03
-1.352665275335311890e-01
3.412605822086334229e-02
6.641504168510437012e-02
5.010400339961051941e-02
-2.131528593599796295e-02
-1.426898036152124405e-02
-2.923609875142574310e-02
2.858036942780017853e-02
-3.995297104120254517e-02
1.692765206098556519e-02
3.386579221114516258e-03
1.061271410435438156e-02
7.367024663835763931e-04
8.670558035373687744e-02
-3.584753349423408508e-02
3.514951467514038086e-02
1.397566986270248890e-03
-5.729469284415245056e-02
5.750918388366699219e-02
8.772692829370498657e-02
2.671343833208084106e-02
-8.609572052955627441e-02
1.022548153996467590e-01
2.226686850190162659e-02
4.907846823334693909e-02
-1.624412089586257935e-02
6.125904247164726257e-02
1.023672819137573242e-01
1.975884288549423218e-02
-1.696922034025192261e-01
9.400229901075363159e-03
2.983641810715198517e-02
1.030076593160629272e-01
-5.086529627442359924e-02
5.787919461727142334e-02
-1.241178833879530430e-03
-5.856618285179138184e-02
-3.984072804450988770e-02
5.771069228649139404e-02
-3.967569023370742798e-02
-6.023771688342094421e-02
-6.714660674333572388e-02
-3.072597458958625793e-02
-4.341999068856239319e-02
1.606478728353977203e-02
1.097183302044868469e-01
-1.471012458205223083e-02
8.841140568256378174e-02
-9.768716245889663696e-02
-2.463129721581935883e-02
-4.464255273342132568e-02
9.444152005016803741e-03
2.723301388323307037e-02
-6.576580554246902466e-02
