1.801298260688781738e-01
-6.410945672541856766e-03
6.033406406641006470e-02
-4.556624218821525574e-02
-5.168321728706359863e-02
-5.426365882158279419e-02
-1.046146973967552185e-01
-5.391919612884521484e-02
5.055771768093109131e-02
3.758733719587326050e-02
2.356139710173010826e-03
-3.601018711924552917e-02
4.033641424030065536e-03
-9.947210550308227539e-02
2.446576207876205444e-02
-6.440513581037521362e-02
3.730957955121994019e-02
9.765519201755523682e-02
3.824425162747502327e-03
-8.745243772864341736e-03
-1.534211728721857071e-02
-6.502607837319374084e-03
4.846727848052978516e-02
-1.398428902029991150e-02
-4.523275420069694519e-02
-9.830041229724884033e-02
3.819196671247482300e-02
-6.694283336400985718e-02
-1.204759702086448669e-01
-8.948899805545806885e-02
4.356035217642784119e-02
-3.495310619473457336e-02
-2.705525234341621399e-02
-8.643161505460739136e-02
2.671936899423599243e-02
8.661710307933390141e-04
3.191561251878738403e-02
-3.899399936199188232e-02
-6.017323583364486694e-02
-7.237686961889266968e-02
7.129865884780883789e-02
-1.307912953052436933e-05
4.069957509636878967e-02
7.754027843475341797e-02
3.428409993648529053e-02
1.900532841682434082e-02
-1.237701773643493652e-01
2.918127737939357758e-02
-2.168548479676246643e-02
-3.376034274697303772e-02
-1.807830184698104858e-01
6.837122142314910889e-02
1.052345782518386841e-01
-7.000215351581573486e-02
-4.493711143732070923e-02
6.249912455677986145e-02
-2.496013976633548737e-02
-5.445759743452072144e-03
1.548461318016052246e-01
-1.946961693465709686e-02
6.600986421108245850e-02
3.881218284368515015e-02
-9.181689471006393433e-02
6.413185968995094299e-03
-6.641039997339248657e-02
-7.648758590221405029e-02
-5.600681900978088379e-02
-9.994218498468399048e-02
1.201464515179395676e-02
-5.715478584170341492e-02
-7.464124262332916260e-02
-1.108395755290985107e-01
1.311989724636077881e-01
-8.499702811241149902e-02
-1.115179881453514099e-01
5.935005471110343933e-02
-7.559260725975036621e-02
6.914861500263214111e-02
1.768098957836627960e-02
-1.893341094255447388e-01
3.278842568397521973e-02
6.799823045730590820e-02
1.163333281874656677e-02
5.568156763911247253e-02
-5.083326250314712524e-02
6.256919354200363159e-02
-4.657997936010360718e-02
5.130539461970329285e-02
2.006214112043380737e-02
-4.896935075521469116e-02
-1.459044218063354492e-01
-2.784338593482971191e-02
-6.400334835052490234e-02
-1.432972121983766556e-02
-5.336253345012664795e-02
-4.931953921914100647e-02
-3.123919479548931122e-02
3.516602516174316406e-02
7.984835654497146606e-02
-8.342852443456649780e-02
6.922817230224609375e-02
-1.051178947091102600e-02
2.005436643958091736e-02
-5.719855427742004395e-03
5.149313248693943024e-03
-5.338418856263160706e-02
7.223016768693923950e-02
8.992104232311248779e-02
1.010540872812271118e-01
-1.110234856605529785e-01
5.230866372585296631e-03
1.419104486703872681e-01
-7.939036935567855835e-03
9.110775589942932129e-02
1.774593070149421692e-02
-3.442412242293357849e-02
-9.109027683734893799e-03
6.989596039056777954e-02
5.509037896990776062e-02
-5.892834812402725220e-02
-6.208751723170280457e-02
9.770839661359786987e-02
5.339903756976127625e-03
6.450749188661575317e-02
-4.777248948812484741e-02
-8.500140160322189331e-03
-4.649684950709342957e-02
-8.353570848703384399e-02
-1.156902983784675598e-01
1.062560752034187317e-01
1.479309145361185074e-02
9.208710491657257080e-02
-8.204492181539535522e-02
4.945452883839607239e-02
2.933516167104244232e-02
3.496600314974784851e-02
-7.999823987483978271e-02
3.930677846074104309e-02
1.215475350618362427e-01
3.077902458608150482e-02
4.659750312566757202e-02
4.881158843636512756e-02
6.632779538631439209e-02
-1.325318217277526855e-01
-8.643069118261337280e-02
-5.502937361598014832e-02
9.708057343959808350e-02
1.142083201557397842e-02
-1.740594394505023956e-02
3.156238421797752380e-02
-5.512691289186477661e-02
-6.148577481508255005e-02
2.507347799837589264e-02
-2.192156761884689331e-02
-4.012128710746765137e-02
-4.019783809781074524e-02
1.123541742563247681e-01
1.648565754294395447e-02
-6.897164136171340942e-02
5.454236641526222229e-03
-6.806297227740287781e-03
9.731176495552062988e-02
-2.076607570052146912e-02
-3.358883410692214966e-02
-8.861566893756389618e-03
-2.189333923161029816e-02
3.953834623098373413e-02
4.641085118055343628e-02
-2.870590239763259888e-02
-3.688656911253929138e-02
1.252870559692382812e-01
9.742582589387893677e-02
-3.124220669269561768e-02
4.500782117247581482e-02
4.750672355294227600e-02
-1.592028327286243439e-02
-7.688987255096435547e-02
-2.111425995826721191e-02
-5.820175632834434509e-02
-6.219779606908559799e-03
-8.078099228441715240e-03
2.883164957165718079e-02
-1.047694031149148941e-02
-2.789010480046272278e-02
8.166914433240890503e-02
-2.962559647858142853e-02
4.470469430088996887e-02
7.229480147361755371e-02
2.249824441969394684e-02
9.685711562633514404e-02
-2.447850443422794342e-02
-2.048054710030555725e-02
-4.683087579905986786e-03
1.659460924565792084e-02
-5.615525878965854645e-03
-5.963468458503484726e-03
-1.244957447052001953e-01
4.626637697219848633e-02
6.947464495897293091e-02
4.120491445064544678e-02
-3.003299236297607422e-03
-1.084498013369739056e-03
-1.925090677104890347e-03
2.253992110490798950e-02
-1.779150404036045074e-02
1.034016627818346024e-02
4.775521811097860336e-03
2.450354583561420441e-02
2.169054001569747925e-02
7.879345118999481201e-02
-1.044211164116859436e-02
2.885108068585395813e-02
2.263162285089492798e-02
-5.206969007849693298e-02
4.586251825094223022e-02
6.905090063810348511e-02
2.826944552361965179e-02
-8.625152707099914551e-02
7.760018855333328247e-02
-1.544003025628626347e-04
3.201709687709808350e-02
-2.561720088124275208e-03
6.256400048732757568e-02
9.072452038526535034e-02
1.381381601095199585e-02
-1.116107776761054993e-01
2.626075223088264465e-02
1.576023176312446594e-02
7.284295558929443359e-02
-7.178285717964172363e-02
5.745318904519081116e-02
-1.085902936756610870e-02
-6.432823836803436279e-02
-5.115412548184394836e-02
5.612695962190628052e-02
-4.531443864107131958e-02
-7.525775581598281860e-02
-5.990245938301086426e-02
-3.434498608112335205e-02
-5.555272847414016724e-02
3.231377527117729187e-02
9.668215364217758179e-02
-1.467875204980373383e-02
1.050842478871345520e-01
-9.916687756776809692e-02
-2.478182688355445862e-02
-5.620572715997695923e-02
3.403281420469284058e-02
1.210077106952667236e-02
-8.035767078399658203e-02
