1.556917726993560791e-01
-2.014931663870811462e-02
4.205797612667083740e-02
-4.090223833918571472e-02
-5.912730097770690918e-02
-1.877335831522941589e-02
-1.141686663031578064e-01
-4.794720560312271118e-02
9.243554621934890747e-02
7.002965360879898071e-02
2.925979904830455780e-02
-3.277758136391639709e-02
-3.822284284979104996e-03
-1.044029295444488525e-01
2.544617094099521637e-02
-5.876261368393898010e-02
2.666775695979595184e-02
6.703321635723114014e-02
6.836385931819677353e-03
-3.516150265932083130e-02
-4.181137681007385254e-02
8.674968965351581573e-03
1.550198160111904144e-02
-2.060397528111934662e-02
-2.671681530773639679e-02
-1.122309118509292603e-01
2.220007777214050293e-02
-7.036690413951873779e-02
-1.120265722274780273e-01
-1.079792678356170654e-01
8.287032693624496460e-02
-4.811500757932662964e-02
-4.979804158210754395e-02
-9.359654039144515991e-02
2.826122753322124481e-02
-3.030716255307197571e-02
2.027229592204093933e-02
-2.902945876121520996e-02
-4.524176195263862610e-02
-2.626733668148517609e-02
5.895046517252922058e-02
-3.753874078392982483e-02
4.163328185677528381e-02
8.405405282974243164e-02
2.642108686268329620e-02
2.693114615976810455e-02
-1.196727305650711060e-01
-1.140976324677467346e-02
-2.043984271585941315e-02
-3.088769875466823578e-02
-1.737277358770370483e-01
6.766834110021591187e-02
1.188528165221214294e-01
-9.880304336547851562e-02
-6.252415478229522705e-02
5.390561372041702271e-02
-1.424591615796089172e-02
2.915619686245918274e-02
1.648997664451599121e-01
-1.949502155184745789e-02
6.053273007273674011e-02
3.424228355288505554e-02
-4.031859710812568665e-02
3.438225248828530312e-03
-6.589815020561218262e-02
-5.708426982164382935e-02
-7.556924968957901001e-02
-1.031798571348190308e-01
-3.373183775693178177e-03
-6.689867377281188965e-02
-1.152132228016853333e-01
-9.542860835790634155e-02
1.538805663585662842e-01
-9.508118033409118652e-02
-1.226354688405990601e-01
6.202991306781768799e-02
-7.945887744426727295e-02
6.935856491327285767e-02
1.484050229191780090e-02
-1.923506110906600952e-01
6.337415426969528198e-02
5.232334136962890625e-02
-5.871662404388189316e-03
7.040810585021972656e-02
-6.430052220821380615e-02
5.679310485720634460e-02
-4.810219630599021912e-02
7.454166561365127563e-02
1.264820713549852371e-02
-3.199396654963493347e-02
-1.547151207923889160e-01
-4.323144629597663879e-02
-6.596554815769195557e-02
-2.522627450525760651e-02
-4.894921556115150452e-02
-6.868906319141387939e-02
-4.003688320517539978e-02
1.141900010406970978e-02
4.774092882871627808e-02
-9.671821445226669312e-02
5.218352749943733215e-02
-1.886038482189178467e-02
6.224480457603931427e-03
-1.938379928469657898e-02
-1.347244065254926682e-02
-6.483586132526397705e-02
7.521067559719085693e-02
9.943277388811111450e-02
9.207188338041305542e-02
-1.000389754772186279e-01
8.764937520027160645e-03
1.221856698393821716e-01
-3.387571871280670166e-02
8.710659295320510864e-02
1.560940727358683944e-04
-3.514666855335235596e-02
-2.679845876991748810e-02
5.175625160336494446e-02
6.022228673100471497e-02
-5.771967396140098572e-02
-3.154341876506805420e-02
9.182209521532058716e-02
5.726127885282039642e-03
4.806467890739440918e-02
-4.501581564545631409e-02
2.228382043540477753e-02
-3.528035432100296021e-02
-1.207888200879096985e-01
-1.020565479993820190e-01
6.658691912889480591e-02
2.492152154445648193e-03
8.289219439029693604e-02
-8.331640809774398804e-02
4.046166315674781799e-02
3.764040395617485046e-02
2.209443598985671997e-02
-8.425336331129074097e-02
3.279452398419380188e-02
9.814851731061935425e-02
2.989450842142105103e-02
4.746083915233612061e-02
7.144557684659957886e-02
3.319352120161056519e-02
-1.355258524417877197e-01
-6.814668327569961548e-02
-5.656678229570388794e-02
7.772846519947052002e-02
8.575943298637866974e-03
-3.878920152783393860e-02
8.323622867465019226e-03
-5.256262049078941345e-02
-4.916839674115180969e-02
3.278962802141904831e-03
-3.630344569683074951e-02
-5.026425421237945557e-02
-3.641545027494430542e-02
1.025433316826820374e-01
3.205627202987670898e-02
-7.100386172533035278e-02
-1.611014828085899353e-03
3.993703518062829971e-03
7.011519372463226318e-02
-1.096673775464296341e-02
-4.770355299115180969e-02
-4.408440738916397095e-02
-1.151663158088922501e-02
3.244126960635185242e-02
2.503593824803829193e-02
-4.695822671055793762e-02
-2.965684793889522552e-02
1.540076881647109985e-01
1.174791529774665833e-01
-5.595436692237854004e-02
1.703150197863578796e-02
3.463181108236312866e-02
-1.964842714369297028e-02
-6.527812033891677856e-02
-1.743505895137786865e-02
-2.224718779325485229e-02
-1.637587510049343109e-02
-1.598444394767284393e-02
2.813379652798175812e-02
-5.278933793306350708e-02
-1.426175050437450409e-02
7.433954626321792603e-02
-2.288153953850269318e-02
8.699911646544933319e-03
7.940621674060821533e-02
3.252483904361724854e-02
1.012547835707664490e-01
-1.900005154311656952e-02
-2.651903964579105377e-02
1.955109834671020508e-02
3.112239576876163483e-02
-1.018069498240947723e-02
1.848919689655303955e-02
-1.066547334194183350e-01
2.296590618789196014e-02
5.764230340719223022e-02
3.732619807124137878e-02
-3.026076406240463257e-02
-1.406809594482183456e-02
-4.730404913425445557e-02
1.112346258014440536e-02
-4.702265933156013489e-02
-1.802039216272532940e-03
3.698403714224696159e-03
1.446797233074903488e-02
3.486149245873093605e-03
7.150872051715850830e-02
-5.047659575939178467e-02
4.651179909706115723e-02
5.311530083417892456e-03
-6.144431978464126587e-02
5.256617069244384766e-02
6.878150999546051025e-02
1.696179062128067017e-02
-5.680109933018684387e-02
7.999193668365478516e-02
1.890865899622440338e-02
3.765281289815902710e-02
-2.415400696918368340e-03
4.492213949561119080e-02
9.407701343297958374e-02
1.675977022387087345e-03
-1.385973244905471802e-01
2.321477048099040985e-02
2.891939319670200348e-02
9.480178356170654297e-02
-4.045711457729339600e-02
4.544651508331298828e-02
-1.006180536933243275e-03
-3.064300678670406342e-02
-3.956428915262222290e-02
5.657371878623962402e-02
-4.515884816646575928e-02
-5.634564161300659180e-02
-4.450941458344459534e-02
-2.620609477162361145e-02
-4.562367498874664307e-02
2.227506041526794434e-02
1.126697063446044922e-01
-1.441431790590286255e-02
1.201248094439506531e-01
-1.104251742362976074e-01
-9.402451105415821075e-03
-5.003054440021514893e-02
5.334425717592239380e-03
2.582581713795661926e-02
-6.192730367183685303e-02
