1.726519465446472168e-01
-1.115890312939882278e-02
4.352767020463943481e-02
-4.796625301241874695e-02
-5.651110038161277771e-02
-2.514835633337497711e-02
-1.110407933592796326e-01
-5.967288464307785034e-02
7.444721460342407227e-02
5.649942532181739807e-02
1.378757413476705551e-02
-4.985143244266510010e-02
-1.129200588911771774e-02
-1.024945676326751709e-01
1.369886752218008041e-02
-6.119317188858985901e-02
2.314677834510803223e-02
9.046614915132522583e-02
1.244944892823696136e-02
-2.271498367190361023e-02
-3.842518851161003113e-02
-6.248942576348781586e-03
2.010143361985683441e-02
-2.429071441292762756e-02
-4.321988672018051147e-02
-1.240638867020606995e-01
3.625439107418060303e-02
-7.357330620288848877e-02
-1.285906434059143066e-01
-1.228815168142318726e-01
7.414748519659042358e-02
-5.902342498302459717e-02
-5.539675429463386536e-02
-6.823331117630004883e-02
3.168068081140518188e-02
-1.307308115065097809e-02
1.152511406689882278e-02
-4.044125601649284363e-02
-4.758075624704360962e-02
-4.584592580795288086e-02
5.465630069375038147e-02
-6.999323959462344646e-04
4.037855565547943115e-02
7.631886005401611328e-02
4.109590128064155579e-02
2.488512173295021057e-02
-1.171898916363716125e-01
3.550932183861732483e-02
-2.510043233633041382e-02
-2.718349546194076538e-02
-1.702626645565032959e-01
6.661022454500198364e-02
1.187344416975975037e-01
-1.014500707387924194e-01
-4.007232561707496643e-02
4.473946616053581238e-02
-2.478169649839401245e-02
1.772000454366207123e-02
1.643110811710357666e-01
-1.058397814631462097e-02
6.433890014886856079e-02
3.164534270763397217e-02
-7.433984428644180298e-02
-5.406773183494806290e-03
-6.975845247507095337e-02
-5.715583637356758118e-02
-5.719973519444465637e-02
-9.719730913639068604e-02
-2.360619837418198586e-03
-5.344578251242637634e-02
-1.039453223347663879e-01
-9.417316317558288574e-02
1.356139183044433594e-01
-9.181843698024749756e-02
-1.292275339365005493e-01
4.889709129929542542e-02
-6.239344552159309387e-02
8.161155879497528076e-02
2.144246362149715424e-02
-1.939239352941513062e-01
4.625749215483665466e-02
5.449998378753662109e-02
1.711648888885974884e-02
7.543598115444183350e-02
-5.394388735294342041e-02
4.826039448380470276e-02
-4.455228894948959351e-02
6.166157498955726624e-02
2.685447968542575836e-02
-4.115120321512222290e-02
-1.386673450469970703e-01
-4.755355045199394226e-02
-6.025190651416778564e-02
-2.478880435228347778e-02
-5.368471890687942505e-02
-6.087889149785041809e-02
-2.618258632719516754e-02
3.368299454450607300e-02
5.642381682991981506e-02
-8.833679556846618652e-02
4.536935314536094666e-02
-1.333171222358942032e-02
1.091920584440231323e-02
-1.750169135630130768e-02
-5.817925557494163513e-03
-5.227108299732208252e-02
6.584709137678146362e-02
7.993333041667938232e-02
9.321765601634979248e-02
-9.389059990644454956e-02
8.650780655443668365e-03
1.256494522094726562e-01
-2.403277531266212463e-02
9.045289456844329834e-02
-3.519909223541617393e-03
-1.364034507423639297e-02
-2.210947312414646149e-02
4.688030108809471130e-02
4.708229377865791321e-02
-4.291338846087455750e-02
-2.249285764992237091e-02
9.831033647060394287e-02
4.681813996285200119e-03
4.054897651076316833e-02
-5.059315636754035950e-02
1.401132531464099884e-02
-3.114995546638965607e-02
-8.347095549106597900e-02
-9.787965565919876099e-02
8.255279064178466797e-02
1.813417859375476837e-02
7.816054672002792358e-02
-8.757586777210235596e-02
3.885301947593688965e-02
3.608212992548942566e-02
-6.466336199082434177e-04
-6.848674267530441284e-02
1.777228899300098419e-02
8.152186870574951172e-02
3.001202456653118134e-02
2.141189947724342346e-02
5.957195535302162170e-02
3.108377195894718170e-02
-1.256015300750732422e-01
-8.034591376781463623e-02
-5.446185544133186340e-02
8.787940442562103271e-02
1.126456726342439651e-02
-1.761395670473575592e-02
9.556997567415237427e-03
-5.608016997575759888e-02
-5.430790409445762634e-02
5.885620601475238800e-03
-1.334884762763977051e-02
-3.979725763201713562e-02
-2.619235590100288391e-02
1.035639718174934387e-01
8.990511298179626465e-03
-5.864190682768821716e-02
-2.800873946398496628e-03
1.453303638845682144e-02
8.101740479469299316e-02
-1.924727857112884521e-02
-2.682368271052837372e-02
-3.278318047523498535e-02
-1.173021271824836731e-02
4.150412231683731079e-02
3.687597066164016724e-02
-4.432175308465957642e-02
-5.475385487079620361e-02
1.533914804458618164e-01
1.161876171827316284e-01
-5.459786579012870789e-02
3.102895990014076233e-02
3.955141827464103699e-02
-1.575875468552112579e-02
-7.343021035194396973e-02
-5.073693580925464630e-03
-3.896300122141838074e-02
-7.923411205410957336e-03
-2.480588853359222412e-02
1.666913926601409912e-02
-3.419811278581619263e-02
-8.698446676135063171e-03
5.709969252347946167e-02
-2.075559459626674652e-02
3.029956482350826263e-02
5.516939610242843628e-02
2.307657152414321899e-02
1.068746373057365417e-01
-1.801515743136405945e-02
-2.135073393583297729e-02
2.540985122323036194e-02
3.072178922593593597e-02
-4.454269073903560638e-03
2.826519776135683060e-03
-1.111550703644752502e-01
4.215621575713157654e-02
6.500782817602157593e-02
4.367349296808242798e-02
-2.253181114792823792e-02
-3.318029269576072693e-02
-2.247287705540657043e-02
2.695712074637413025e-02
-4.329216852784156799e-02
-8.871565572917461395e-03
5.715054925531148911e-03
3.321722522377967834e-02
8.218181319534778595e-03
8.480352163314819336e-02
-3.696144744753837585e-02
4.562754929065704346e-02
8.077334612607955933e-03
-6.760142743587493896e-02
6.267903000116348267e-02
8.060210198163986206e-02
4.392090067267417908e-02
-6.895958632230758667e-02
6.825490295886993408e-02
1.419320050626993179e-02
4.051658883690834045e-02
-9.610773995518684387e-03
4.414581507444381714e-02
7.716967910528182983e-02
1.786894351243972778e-02
-1.555334180593490601e-01
2.093143574893474579e-02
2.956138364970684052e-02
1.043412238359451294e-01
-6.126211211085319519e-02
4.966455698013305664e-02
-1.125424075871706009e-02
-6.605093926191329956e-02
-4.012346640229225159e-02
6.517815589904785156e-02
-5.166656523942947388e-02
-7.625687867403030396e-02
-6.052280962467193604e-02
-4.583102092146873474e-02
-5.380748957395553589e-02
2.418169565498828888e-02
1.238803714513778687e-01
-2.280797995626926422e-02
1.182027831673622131e-01
-1.376576572656631470e-01
-2.114984951913356781e-02
-6.622560322284698486e-02
-7.534042932093143463e-03
4.074713215231895447e-02
-7.983727753162384033e-02
