1.667955219745635986e-01
-9.673492051661014557e-03
4.307102039456367493e-02
-4.647653549909591675e-02
-4.915877059102058411e-02
-3.673243150115013123e-02
-1.004575341939926147e-01
-5.173459276556968689e-02
6.532419472932815552e-02
4.812213033437728882e-02
9.030130691826343536e-03
-4.589438065886497498e-02
-5.671374034136533737e-03
-9.517256170511245728e-02
1.715422421693801880e-02
-5.564120784401893616e-02
3.081786073744297028e-02
8.859509974718093872e-02
9.196332655847072601e-03
-1.917528174817562103e-02
-3.205600753426551819e-02
-4.818995948880910873e-03
2.527342736721038818e-02
-2.081794477999210358e-02
-4.335637018084526062e-02
-1.136945486068725586e-01
3.459491208195686340e-02
-6.769083440303802490e-02
-1.175100654363632202e-01
-1.042831093072891235e-01
6.334225088357925415e-02
-4.901545122265815735e-02
-5.147972330451011658e-02
-7.378756254911422729e-02
3.060413710772991180e-02
-1.227301079779863358e-02
2.395026385784149170e-02
-3.601769357919692993e-02
-5.258154869079589844e-02
-5.246755853295326233e-02
5.826831236481666565e-02
-1.068081706762313843e-02
4.019597172737121582e-02
7.347453385591506958e-02
4.342586919665336609e-02
2.632597088813781738e-02
-1.226887404918670654e-01
2.777386270463466644e-02
-2.516820654273033142e-02
-3.376690298318862915e-02
-1.762769520282745361e-01
6.454975903034210205e-02
1.140599176287651062e-01
-9.176677465438842773e-02
-4.294108971953392029e-02
5.149631574749946594e-02
-2.946423739194869995e-02
8.635466918349266052e-03
1.634124219417572021e-01
-1.744006387889385223e-02
6.289076805114746094e-02
3.821676596999168396e-02
-7.454748451709747314e-02
-1.106826704926788807e-03
-7.047154009342193604e-02
-6.523650884628295898e-02
-5.556085705757141113e-02
-1.024669930338859558e-01
7.903348887339234352e-04
-5.081502720713615417e-02
-9.528134763240814209e-02
-9.790511429309844971e-02
1.386170685291290283e-01
-8.696312457323074341e-02
-1.288348734378814697e-01
5.508369579911231995e-02
-7.340081036090850830e-02
7.653221487998962402e-02
1.637168414890766144e-02
-1.907252967357635498e-01
4.371279478073120117e-02
5.814891681075096130e-02
1.335263997316360474e-02
6.540833413600921631e-02
-5.636583641171455383e-02
5.257792770862579346e-02
-4.005498439073562622e-02
6.271808594465255737e-02
2.423493564128875732e-02
-4.072273522615432739e-02
-1.514139473438262939e-01
-3.526344150304794312e-02
-6.381542235612869263e-02
-2.403305470943450928e-02
-5.445378273725509644e-02
-5.536464974284172058e-02
-2.876417711377143860e-02
3.163388743996620178e-02
7.014637440443038940e-02
-9.074186533689498901e-02
5.503626540303230286e-02
-1.062430627644062042e-02
1.389465481042861938e-02
-1.527009345591068268e-02
-4.839699715375900269e-03
-5.561527237296104431e-02
6.758247315883636475e-02
9.073942154645919800e-02
9.846399724483489990e-02
-9.995529055595397949e-02
9.665005491115152836e-04
1.369345337152481079e-01
-2.183412201702594757e-02
8.886857330799102783e-02
5.308600142598152161e-03
-2.354007214307785034e-02
-2.093683928251266479e-02
5.358279868960380554e-02
5.419322848320007324e-02
-5.636682733893394470e-02
-3.943995013833045959e-02
1.036215052008628845e-01
4.825914278626441956e-03
4.631991684436798096e-02
-4.902362078428268433e-02
6.085809785872697830e-03
-4.453743249177932739e-02
-8.805739879608154297e-02
-1.066157519817352295e-01
9.891904890537261963e-02
1.043610181659460068e-02
8.475971966981887817e-02
-9.117390215396881104e-02
4.143677279353141785e-02
3.992167115211486816e-02
1.700581982731819153e-02
-7.828848809003829956e-02
2.428823336958885193e-02
9.940348565578460693e-02
3.753252327442169189e-02
2.498626150190830231e-02
5.619899183511734009e-02
4.461097717285156250e-02
-1.343721002340316772e-01
-7.484828680753707886e-02
-5.295562744140625000e-02
8.847390115261077881e-02
7.700920104980468750e-03
-1.551984623074531555e-02
1.686746068298816681e-02
-6.322148442268371582e-02
-5.611810460686683655e-02
1.392461173236370087e-02
-2.289052307605743408e-02
-4.551649838685989380e-02
-3.361748158931732178e-02
1.068272441625595093e-01
1.604268513619899750e-02
-6.609595566987991333e-02
-3.241942249587737024e-05
2.429673913866281509e-03
9.402212500572204590e-02
-1.663295365869998932e-02
-3.268514573574066162e-02
-3.137537091970443726e-02
-1.571809127926826477e-02
4.089318588376045227e-02
4.327833279967308044e-02
-4.002851247787475586e-02
-5.192678794264793396e-02
1.514083296060562134e-01
1.205347552895545959e-01
-4.883195087313652039e-02
4.317700490355491638e-02
4.414927586913108826e-02
-1.521545555442571640e-02
-7.367245852947235107e-02
-1.069971546530723572e-02
-4.246908426284790039e-02
-4.770179744809865952e-03
-1.597114279866218567e-02
1.878342218697071075e-02
-2.740411460399627686e-02
-1.489513460546731949e-02
7.303608953952789307e-02
-2.188671752810478210e-02
3.147179633378982544e-02
6.400255113840103149e-02
2.689735591411590576e-02
1.092869788408279419e-01
-2.157513424754142761e-02
-2.534782700240612030e-02
1.725576445460319519e-02
2.687936276197433472e-02
-7.051466964185237885e-03
4.665933083742856979e-03
-1.193144321441650391e-01
4.860294237732887268e-02
6.192294880747795105e-02
4.918092489242553711e-02
-1.733144372701644897e-02
-2.502253465354442596e-02
-1.700203306972980499e-02
2.376943081617355347e-02
-3.427200391888618469e-02
-1.381545676849782467e-03
3.499358892440795898e-03
2.736128307878971100e-02
7.573843933641910553e-03
8.731289952993392944e-02
-2.863170951604843140e-02
3.736855834722518921e-02
7.832160219550132751e-03
-5.980362743139266968e-02
5.616717040538787842e-02
7.339534908533096313e-02
3.303403779864311218e-02
-7.979705929756164551e-02
7.459285855293273926e-02
7.607678882777690887e-03
3.442743793129920959e-02
-9.273792617022991180e-03
4.906526207923889160e-02
8.368630707263946533e-02
1.594543643295764923e-02
-1.356155723333358765e-01
2.038253098726272583e-02
2.003989927470684052e-02
8.795676380395889282e-02
-5.706586316227912903e-02
4.882141575217247009e-02
-1.212668977677822113e-02
-6.045217812061309814e-02
-4.531899094581604004e-02
6.713923066854476929e-02
-4.292474687099456787e-02
-7.201933860778808594e-02
-5.588913336396217346e-02
-3.938791900873184204e-02
-4.774589464068412781e-02
2.831175923347473145e-02
1.120598241686820984e-01
-1.493037212640047073e-02
1.103624552488327026e-01
-1.228333711624145508e-01
-2.426695264875888824e-02
-6.006349250674247742e-02
8.844334632158279419e-03
2.754553779959678650e-02
-7.615457475185394287e-02
