1.389557719230651855e-01
7.121678791008889675e-04
3.099440596997737885e-02
-4.308826103806495667e-02
-1.660779118537902832e-02
-4.889137297868728638e-02
-7.660943269729614258e-02
-3.242827206850051880e-02
4.440233111381530762e-02
4.364484921097755432e-02
-1.141874305903911591e-02
-5.262822657823562622e-02
2.134346170350909233e-03
-7.630314677953720093e-02
-1.934971442096866667e-05
-3.830677270889282227e-02
2.661826461553573608e-02
6.319538503885269165e-02
-5.082285497337579727e-03
-2.653079573065042496e-03
-1.799249276518821716e-02
7.213857490569353104e-03
1.935534365475177765e-02
-1.354678161442279816e-02
-3.483329713344573975e-02
-1.331811100244522095e-01
2.501422353088855743e-02
-7.783234119415283203e-02
-1.208722144365310669e-01
-8.790155500173568726e-02
6.300730258226394653e-02
-2.967145107686519623e-02
-4.849297925829887390e-02
-7.671561837196350098e-02
1.936287805438041687e-02
-1.861736364662647247e-02
4.643559083342552185e-02
-4.085415229201316833e-02
-6.032656878232955933e-02
-5.202172324061393738e-02
5.997430160641670227e-02
-1.890423707664012909e-02
4.330645501613616943e-02
6.069375202059745789e-02
3.691677749156951904e-02
3.093327581882476807e-02
-1.193352639675140381e-01
2.803195454180240631e-02
-4.754456132650375366e-02
-5.431485548615455627e-02
-1.785171926021575928e-01
5.980891734361648560e-02
1.031082198023796082e-01
-8.986943960189819336e-02
-4.306866601109504700e-02
5.615158379077911377e-02
-3.580637276172637939e-02
-4.023676738142967224e-03
1.601235270500183105e-01
-1.745397597551345825e-02
7.522090524435043335e-02
1.304429303854703903e-02
-6.470219045877456665e-02
1.263683568686246872e-02
-8.099120110273361206e-02
-6.390275061130523682e-02
-4.976109415292739868e-02
-1.003436595201492310e-01
1.795274764299392700e-02
-4.423332586884498596e-02
-8.411470800638198853e-02
-8.476478606462478638e-02
1.408819258213043213e-01
-7.852582633495330811e-02
-1.378862410783767700e-01
5.865227058529853821e-02
-5.763378366827964783e-02
8.985201269388198853e-02
-5.863777827471494675e-03
-1.857802718877792358e-01
6.615185737609863281e-02
6.563234329223632812e-02
2.238017739728093147e-03
5.121230706572532654e-02
-5.699684098362922668e-02
4.230353608727455139e-02
-2.650995925068855286e-02
7.681909203529357910e-02
4.320638254284858704e-02
-2.514251880347728729e-02
-1.781817674636840820e-01
-3.898191452026367188e-02
-5.563542991876602173e-02
-1.456559449434280396e-02
-4.068689048290252686e-02
-6.271168589591979980e-02
-2.088697813451290131e-02
2.124713547527790070e-02
1.011962369084358215e-01
-1.107615604996681213e-01
6.905052810907363892e-02
-1.890583150088787079e-02
2.263336814939975739e-02
-1.244421396404504776e-02
-3.014544397592544556e-02
-6.265542656183242798e-02
6.426632404327392578e-02
9.403685480356216431e-02
1.230789870023727417e-01
-9.369644522666931152e-02
-7.603444624692201614e-03
1.646832376718521118e-01
-1.627530157566070557e-02
9.038323163986206055e-02
5.403298418968915939e-03
-3.595734760165214539e-02
-6.549099460244178772e-03
4.544292017817497253e-02
5.234147980809211731e-02
-6.556451320648193359e-02
-5.611576139926910400e-02
1.004501134157180786e-01
-1.840676530264317989e-03
3.793851286172866821e-02
-4.111121594905853271e-02
-5.240289028733968735e-03
-5.318128690123558044e-02
-8.531747758388519287e-02
-9.493191540241241455e-02
1.254204809665679932e-01
-5.261045414954423904e-03
6.921682506799697876e-02
-1.065291240811347961e-01
2.871713601052761078e-02
5.195918306708335876e-02
2.506566420197486877e-02
-8.702453970909118652e-02
1.041733287274837494e-02
9.034713357686996460e-02
6.673538684844970703e-02
1.657751575112342834e-02
3.236688673496246338e-02
5.732040107250213623e-02
-1.418354958295822144e-01
-6.838027387857437134e-02
-4.553891345858573914e-02
8.008122444152832031e-02
-1.460934057831764221e-02
-2.199443988502025604e-02
1.427090726792812347e-02
-8.442850410938262939e-02
-6.673490256071090698e-02
1.792792417109012604e-02
-2.842219546437263489e-02
-6.329325586557388306e-02
-3.367793932557106018e-02
9.711802005767822266e-02
3.528151661157608032e-02
-6.091361492872238159e-02
-3.821349004283547401e-03
-6.331883836537599564e-03
9.909254312515258789e-02
-1.774603873491287231e-02
-3.780036792159080505e-02
-3.487001731991767883e-02
-1.026696618646383286e-02
2.519591897726058960e-02
5.979588255286216736e-02
-6.099290028214454651e-02
-4.235686361789703369e-02
1.438234299421310425e-01
1.140140220522880554e-01
-6.092425435781478882e-02
6.295072287321090698e-02
4.037479311227798462e-02
-3.805520012974739075e-02
-6.125711277127265930e-02
-2.807258628308773041e-03
-4.707406088709831238e-02
3.885084297508001328e-03
-1.932948268949985504e-02
1.872552931308746338e-02
-2.203818783164024353e-02
-4.632223863154649734e-03
8.585832267999649048e-02
-3.373577445745468140e-02
2.228916250169277191e-02
5.278350040316581726e-02
2.391175180673599243e-02
1.099688634276390076e-01
-3.638429939746856689e-02
-4.193843528628349304e-02
3.374039009213447571e-02
1.862008497118949890e-02
-8.933185599744319916e-03
2.874268777668476105e-02
-1.291944235563278198e-01
5.087728798389434814e-02
5.470383912324905396e-02
6.408551335334777832e-02
-2.468053065240383148e-02
-1.972322352230548859e-02
-5.946867167949676514e-03
2.955572679638862610e-02
-3.642196953296661377e-02
1.084662973880767822e-02
-1.627800427377223969e-02
2.776427753269672394e-02
7.258625701069831848e-03
7.158990949392318726e-02
-2.945380099117755890e-02
2.279922366142272949e-02
-2.112407609820365906e-02
-6.083040311932563782e-02
3.665102645754814148e-02
7.894043624401092529e-02
3.003749437630176544e-02
-8.544017374515533447e-02
8.761191368103027344e-02
5.886694882065057755e-03
1.662696897983551025e-02
-1.797453127801418304e-02
4.162177443504333496e-02
9.352478384971618652e-02
3.253671526908874512e-02
-1.520649492740631104e-01
1.704098097980022430e-02
1.164636109024286270e-02
7.267740368843078613e-02
-4.310226067900657654e-02
2.953737974166870117e-02
3.948901314288377762e-03
-5.733666941523551941e-02
-5.390031635761260986e-02
7.591172307729721069e-02
-2.914163284003734589e-02
-5.996209010481834412e-02
-4.357387498021125793e-02
-1.617381349205970764e-02
-4.728975519537925720e-02
1.305926870554685593e-02
7.972119748592376709e-02
2.702152822166681290e-03
8.880513161420822144e-02
-9.662254899740219116e-02
-1.480427570641040802e-02
-5.876955017447471619e-02
1.929079741239547729e-02
2.899160236120223999e-02
-6.261789798736572266e-02
