1.602621227502822876e-01
-3.674721345305442810e-03
3.739431500434875488e-02
-4.082863032817840576e-02
-4.294097423553466797e-02
-3.845592588186264038e-02
-9.321612119674682617e-02
-4.757634922862052917e-02
5.821801349520683289e-02
3.979252651333808899e-02
2.868909621611237526e-03
-4.433616623282432556e-02
-2.070384798571467400e-03
-9.176715463399887085e-02
1.505834423005580902e-02
-5.417141318321228027e-02
2.857745252549648285e-02
8.012729883193969727e-02
3.657626453787088394e-03
-1.315618120133876801e-02
-2.901856228709220886e-02
-6.127914879471063614e-03
2.470414340496063232e-02
-2.290277928113937378e-02
-4.339645430445671082e-02
-1.098920479416847229e-01
3.760716691613197327e-02
-6.573326885700225830e-02
-1.152350306510925293e-01
-9.969555586576461792e-02
6.024442985653877258e-02
-4.563957080245018005e-02
-4.439680650830268860e-02
-7.199535518884658813e-02
2.850307151675224304e-02
-1.204473990947008133e-02
2.952747419476509094e-02
-3.611586615443229675e-02
-5.769802629947662354e-02
-5.252783372998237610e-02
5.865742638707160950e-02
-9.039564058184623718e-03
4.115659371018409729e-02
7.152146100997924805e-02
4.387765377759933472e-02
2.527459524571895599e-02
-1.225327849388122559e-01
2.935467846691608429e-02
-2.853694744408130646e-02
-3.893432766199111938e-02
-1.770584881305694580e-01
6.340254098176956177e-02
1.130269020795822144e-01
-9.145562350749969482e-02
-4.082397371530532837e-02
5.058837309479713440e-02
-3.165895119309425354e-02
-1.966363750398159027e-03
1.631583273410797119e-01
-1.431886758655309677e-02
6.372176855802536011e-02
3.539463877677917480e-02
-7.590861618518829346e-02
2.489916048943996429e-03
-7.202099263668060303e-02
-6.269657611846923828e-02
-5.177916586399078369e-02
-1.047654524445533752e-01
3.945303149521350861e-03
-4.984023422002792358e-02
-9.227208793163299561e-02
-9.833328425884246826e-02
1.388073563575744629e-01
-8.166721463203430176e-02
-1.321851015090942383e-01
5.282057449221611023e-02
-6.845661997795104980e-02
7.928879559040069580e-02
1.177944336086511612e-02
-1.887136101722717285e-01
4.347172006964683533e-02
5.725749209523200989e-02
1.526610367000102997e-02
6.566093116998672485e-02
-5.491032451391220093e-02
5.138371512293815613e-02
-3.626294061541557312e-02
6.186559423804283142e-02
2.954670228064060211e-02
-3.942543640732765198e-02
-1.600556969642639160e-01
-3.281667456030845642e-02
-6.152198463678359985e-02
-2.219895087182521820e-02
-5.527360364794731140e-02
-5.203435197472572327e-02
-2.951849438250064850e-02
3.366748988628387451e-02
8.287701010704040527e-02
-9.389735013246536255e-02
6.192022934556007385e-02
-1.374016143381595612e-02
1.885860785841941833e-02
-1.492988038808107376e-02
-7.597646210342645645e-03
-5.569212511181831360e-02
6.653795391321182251e-02
9.356959164142608643e-02
1.073054298758506775e-01
-9.754645824432373047e-02
-3.746235743165016174e-03
1.441017240285873413e-01
-1.700502261519432068e-02
9.411046653985977173e-02
5.960675887763500214e-03
-2.558804675936698914e-02
-2.066916041076183319e-02
5.308409035205841064e-02
5.571076273918151855e-02
-6.179532408714294434e-02
-4.732026532292366028e-02
1.076566874980926514e-01
2.772364765405654907e-03
4.590864852070808411e-02
-4.700065404176712036e-02
2.890063682571053505e-03
-5.059292912483215332e-02
-8.562508225440979004e-02
-1.063322424888610840e-01
1.069848388433456421e-01
8.695397526025772095e-03
8.398089557886123657e-02
-9.512002766132354736e-02
4.132684320211410522e-02
4.105092585086822510e-02
1.902269013226032257e-02
-7.962448894977569580e-02
2.465069107711315155e-02
1.022562235593795776e-01
4.340106621384620667e-02
2.262599952518939972e-02
5.072992295026779175e-02
5.025079101324081421e-02
-1.389206349849700928e-01
-7.589996606111526489e-02
-5.417427793145179749e-02
8.670573681592941284e-02
6.207874510437250137e-03
-1.354072988033294678e-02
2.114634960889816284e-02
-6.957795470952987671e-02
-5.959263071417808533e-02
1.895291358232498169e-02
-2.427416294813156128e-02
-4.728339612483978271e-02
-3.592775762081146240e-02
1.047593057155609131e-01
1.456098537892103195e-02
-6.640168279409408569e-02
1.267306739464402199e-03
5.218302831053733826e-04
9.949959814548492432e-02
-1.761918887495994568e-02
-3.131676837801933289e-02
-2.650399319827556610e-02
-1.132269017398357391e-02
4.271144419908523560e-02
4.679874330759048462e-02
-4.311908036470413208e-02
-5.367719754576683044e-02
1.475179344415664673e-01
1.234008744359016418e-01
-4.899688437581062317e-02
4.847843199968338013e-02
4.869228601455688477e-02
-1.858711987733840942e-02
-7.466679811477661133e-02
-9.890491142868995667e-03
-4.547926783561706543e-02
-1.044192584231495857e-03
-1.585657149553298950e-02
1.987867988646030426e-02
-2.772381342947483063e-02
-1.422860193997621536e-02
7.734606415033340454e-02
-2.240850031375885010e-02
3.208006173372268677e-02
6.341720372438430786e-02
2.617106959223747253e-02
1.082074865698814392e-01
-2.399863675236701965e-02
-2.770868502557277679e-02
1.729989983141422272e-02
2.418196946382522583e-02
-9.454335086047649384e-03
7.455672137439250946e-03
-1.211432144045829773e-01
4.995379596948623657e-02
6.077864393591880798e-02
5.497515201568603516e-02
-1.535724382847547531e-02
-2.475209720432758331e-02
-1.261593028903007507e-02
2.763701044023036957e-02
-3.728665784001350403e-02
2.063876949250698090e-03
1.057589193806052208e-03
2.413145452737808228e-02
6.703164428472518921e-03
8.741419762372970581e-02
-2.560824900865554810e-02
3.234139084815979004e-02
4.083112813532352448e-03
-5.781637504696846008e-02
5.140590667724609375e-02
7.268663495779037476e-02
3.095829859375953674e-02
-8.247072994709014893e-02
7.471223175525665283e-02
3.670553443953394890e-03
2.941380999982357025e-02
-9.018955752253532410e-03
5.089045688509941101e-02
8.607486635446548462e-02
1.960438862442970276e-02
-1.352384388446807861e-01
2.013164199888706207e-02
1.930493675172328949e-02
8.291039615869522095e-02
-5.459576472640037537e-02
4.446619004011154175e-02
-1.250819116830825806e-02
-6.128758192062377930e-02
-5.005720630288124084e-02
6.968820840120315552e-02
-4.027533531188964844e-02
-7.170957326889038086e-02
-5.037155747413635254e-02
-3.395426645874977112e-02
-4.509381204843521118e-02
2.888539247214794159e-02
1.083108186721801758e-01
-1.188423018902540207e-02
1.026108562946319580e-01
-1.216831281781196594e-01
-2.453791722655296326e-02
-5.759079754352569580e-02
1.159083563834428787e-02
2.754866145551204681e-02
-7.105020433664321899e-02
