1.600416153669357300e-01
1.665417663753032684e-02
3.166331350803375244e-02
-2.453464083373546600e-02
-2.126114815473556519e-02
-6.907948851585388184e-02
-7.769423723220825195e-02
-3.467574715614318848e-02
3.896255791187286377e-02
7.464209105819463730e-03
-2.730893529951572418e-02
-3.732741996645927429e-02
2.007623761892318726e-02
-8.717753738164901733e-02
1.736481301486492157e-02
-5.959135293960571289e-02
3.708400204777717590e-02
6.357765197753906250e-02
-1.246617175638675690e-02
8.675154298543930054e-03
-1.761501282453536987e-02
-3.649186808615922928e-03
3.303391858935356140e-02
-2.065650746226310730e-02
-5.552840605378150940e-02
-1.020987108349800110e-01
5.222107470035552979e-02
-7.434967160224914551e-02
-1.164674833416938782e-01
-7.197302579879760742e-02
3.836661949753761292e-02
-2.321713604032993317e-02
-1.235713716596364975e-03
-8.270288258790969849e-02
-1.014755107462406158e-03
-1.238622888922691345e-02
7.535775750875473022e-02
-2.892517112195491791e-02
-7.565777748823165894e-02
-6.644208729267120361e-02
7.793612778186798096e-02
-9.622969664633274078e-03
3.984951972961425781e-02
7.132999598979949951e-02
4.002711176872253418e-02
2.315166592597961426e-02
-1.241658702492713928e-01
1.555450353771448135e-02
-4.144259914755821228e-02
-7.224769145250320435e-02
-1.878787577152252197e-01
6.083880364894866943e-02
1.083603650331497192e-01
-6.967635452747344971e-02
-4.450761899352073669e-02
6.209414452314376831e-02
-4.949887841939926147e-02
-5.749718099832534790e-02
1.432281583547592163e-01
-1.552919019013643265e-02
6.850503385066986084e-02
2.590982615947723389e-02
-8.420935273170471191e-02
2.640298940241336823e-02
-6.975415349006652832e-02
-7.101739197969436646e-02
-3.600647300481796265e-02
-1.051748469471931458e-01
2.728174440562725067e-02
-3.980284556746482849e-02
-5.507067218422889709e-02
-1.113074794411659241e-01
1.354717016220092773e-01
-6.365609169006347656e-02
-1.356477290391921997e-01
4.714561253786087036e-02
-6.318242847919464111e-02
6.610684096813201904e-02
-1.336477510631084442e-02
-1.745564937591552734e-01
4.252367466688156128e-02
5.118755623698234558e-02
3.895904868841171265e-03
4.920017719268798828e-02
-5.312054604291915894e-02
5.292046442627906799e-02
-1.207147073000669479e-02
4.646547883749008179e-02
5.193091183900833130e-02
-2.596010081470012665e-02
-1.949592828750610352e-01
-8.808611892163753510e-03
-6.408622115850448608e-02
-8.329122327268123627e-03
-5.593471974134445190e-02
-3.083975054323673248e-02
-2.272545918822288513e-02
2.938807941973209381e-02
1.351050734519958496e-01
-1.010471656918525696e-01
8.559432625770568848e-02
-2.081015706062316895e-02
3.906800597906112671e-02
-2.311489311978220940e-03
-7.083021569997072220e-03
-4.697263240814208984e-02
6.248343363404273987e-02
1.077128052711486816e-01
1.233243346214294434e-01
-9.223967045545578003e-02
-2.804793603718280792e-02
1.591156572103500366e-01
7.996799424290657043e-03
9.294862300157546997e-02
1.754626072943210602e-02
-3.589147701859474182e-02
-8.318182080984115601e-03
6.010402366518974304e-02
7.050965726375579834e-02
-8.411394059658050537e-02
-1.071584299206733704e-01
1.044190376996994019e-01
1.763960230164229870e-03
5.356775596737861633e-02
-2.755581028759479523e-02
-1.819315552711486816e-02
-8.177704364061355591e-02
-6.878582388162612915e-02
-9.665496647357940674e-02
1.318701356649398804e-01
-1.050566229969263077e-02
7.456149160861968994e-02
-9.597502648830413818e-02
3.792122751474380493e-02
3.487294167280197144e-02
4.411974921822547913e-02
-8.910091966390609741e-02
4.730864986777305603e-02
1.304043829441070557e-01
6.945538520812988281e-02
3.613419830799102783e-02
1.578268595039844513e-02
8.798182755708694458e-02
-1.562837511301040649e-01
-6.242222338914871216e-02
-5.673645809292793274e-02
7.575765997171401978e-02
-7.303776219487190247e-04
-4.943558946251869202e-03
5.042094364762306213e-02
-8.908740431070327759e-02
-5.442667379975318909e-02
4.779570549726486206e-02
-4.133238270878791809e-02
-5.596874281764030457e-02
-5.642521008849143982e-02
8.876918256282806396e-02
2.324360795319080353e-02
-7.107992470264434814e-02
1.209329906851053238e-02
-2.574020996689796448e-02
1.154804155230522156e-01
-1.528328377753496170e-02
-3.312651813030242920e-02
5.960466805845499039e-03
8.355084806680679321e-03
3.204946964979171753e-02
5.866324529051780701e-02
-4.437756165862083435e-02
-2.523439377546310425e-02
1.012972071766853333e-01
1.093924865126609802e-01
-2.839430235326290131e-02
6.833456456661224365e-02
5.905377492308616638e-02
-2.977749519050121307e-02
-6.255567073822021484e-02
-2.273190394043922424e-02
-5.177511647343635559e-02
1.239640638232231140e-02
-4.791133571416139603e-03
3.004403784871101379e-02
-5.242921411991119385e-03
-2.988884970545768738e-02
1.081743538379669189e-01
-3.243598341941833496e-02
3.582090511918067932e-02
6.694182753562927246e-02
2.711720392107963562e-02
8.925165235996246338e-02
-4.298190400004386902e-02
-3.155766054987907410e-02
-1.885580597445368767e-03
-2.047828864306211472e-03
-1.756752841174602509e-02
1.574202440679073334e-02
-1.244112700223922729e-01
5.559198558330535889e-02
5.376020073890686035e-02
7.506322860717773438e-02
6.151560228317975998e-03
-8.022623951546847820e-04
1.162920426577329636e-02
3.306116908788681030e-02
-2.905539236962795258e-02
2.608894370496273041e-02
-2.508025430142879486e-02
1.014240272343158722e-02
6.690032314509153366e-03
7.766330987215042114e-02
7.718821521848440170e-03
-5.870143650099635124e-05
-6.648767273873090744e-03
-3.559241443872451782e-02
9.813897311687469482e-03
6.032162904739379883e-02
4.628324415534734726e-03
-9.864349663257598877e-02
7.759028673171997070e-02
-2.198003977537155151e-02
-2.407121704891324043e-03
-9.360727854073047638e-04
6.609401851892471313e-02
1.003629416227340698e-01
3.017521835863590240e-02
-9.092444181442260742e-02
1.939284056425094604e-02
-4.921275656670331955e-03
2.973037026822566986e-02
-2.839290164411067963e-02
2.244223654270172119e-02
-1.076986454427242279e-02
-5.343284085392951965e-02
-6.578600406646728516e-02
6.435859203338623047e-02
-2.216405235230922699e-02
-5.914001911878585815e-02
-2.521800622344017029e-02
6.270210724323987961e-03
-2.693970315158367157e-02
4.071296751499176025e-02
5.119584128260612488e-02
5.377671681344509125e-03
5.058514326810836792e-02
-7.211203873157501221e-02
-2.041102200746536255e-02
-2.611111290752887726e-02
4.850304871797561646e-02
4.405705258250236511e-03
-4.369856417179107666e-02
