1.461541503667831421e-01
7.011222187429666519e-03
4.301188513636589050e-02
-3.839594125747680664e-02
-2.725712582468986511e-02
-4.883798956871032715e-02
-8.428066968917846680e-02
-5.367439985275268555e-02
2.755694650113582611e-02
2.139507047832012177e-02
2.131789689883589745e-03
-3.878543153405189514e-02
2.397675300016999245e-03
-8.024300634860992432e-02
5.309246014803647995e-03
-3.832706436514854431e-02
3.122337907552719116e-02
9.086706489324569702e-02
-1.185517292469739914e-02
-6.333522964268922806e-03
-7.997230626642704010e-03
-2.160490676760673523e-02
3.131736069917678833e-02
-3.060111962258815765e-02
-5.348803102970123291e-02
-1.110514700412750244e-01
4.380925744771957397e-02
-5.541827157139778137e-02
-1.048127934336662292e-01
-9.389211237430572510e-02
6.180818378925323486e-02
-4.486772418022155762e-02
-4.658764228224754333e-02
-6.267045438289642334e-02
3.842980414628982544e-02
7.153027690947055817e-03
2.005690522491931915e-02
-4.841724783182144165e-02
-5.303619429469108582e-02
-6.751029938459396362e-02
5.660995095968246460e-02
5.439499509520828724e-04
2.837888523936271667e-02
7.582858949899673462e-02
4.911926016211509705e-02
1.103628333657979965e-02
-1.370062828063964844e-01
6.079108640551567078e-02
-2.386073954403400421e-02
-4.982348158955574036e-02
-1.680118590593338013e-01
6.792405992746353149e-02
1.060139015316963196e-01
-8.288973569869995117e-02
-3.775718063116073608e-02
4.783710092306137085e-02
-3.688025474548339844e-02
-2.193890511989593506e-02
1.520140618085861206e-01
-2.300037257373332977e-02
7.002101093530654907e-02
4.832306131720542908e-02
-8.907111734151840210e-02
-1.126914983615279198e-03
-6.404905766248703003e-02
-5.787367001175880432e-02
-5.504176765680313110e-02
-9.241602569818496704e-02
1.065514050424098969e-03
-5.862411484122276306e-02
-7.014301419258117676e-02
-8.881390094757080078e-02
1.153638064861297607e-01
-6.927259266376495361e-02
-1.280231326818466187e-01
4.784715920686721802e-02
-7.129038870334625244e-02
8.167420327663421631e-02
3.543904516845941544e-03
-1.796508282423019409e-01
2.529687806963920593e-02
7.005365937948226929e-02
3.688429296016693115e-02
6.409054994583129883e-02
-5.255784094333648682e-02
4.866113513708114624e-02
-3.962425142526626587e-02
5.464323610067367554e-02
4.702085629105567932e-02
-4.619978740811347961e-02
-1.669233292341232300e-01
-2.984564937651157379e-02
-4.775466024875640869e-02
-1.492307800799608231e-02
-5.941809341311454773e-02
-4.115586727857589722e-02
-3.344572708010673523e-02
2.284405194222927094e-02
8.002466708421707153e-02
-7.424973696470260620e-02
6.444492191076278687e-02
-6.478761322796344757e-03
1.769817247986793518e-02
-2.462631464004516602e-02
-1.621485920622944832e-03
-6.152560189366340637e-02
7.009717077016830444e-02
7.404673099517822266e-02
1.118350550532341003e-01
-9.874447435140609741e-02
-4.261911846697330475e-03
1.436330825090408325e-01
-9.001323953270912170e-03
9.311416745185852051e-02
1.235563680529594421e-02
-3.345627337694168091e-02
-6.040809676051139832e-03
4.526173695921897888e-02
4.187971726059913635e-02
-6.199605390429496765e-02
-4.016765952110290527e-02
1.071797758340835571e-01
-2.377731492742896080e-03
5.451314896345138550e-02
-5.962696298956871033e-02
-2.003231644630432129e-02
-4.967239871621131897e-02
-7.739339768886566162e-02
-1.037973463535308838e-01
1.171709522604942322e-01
1.292618364095687866e-02
9.226635843515396118e-02
-9.121081233024597168e-02
3.792082518339157104e-02
3.408319503068923950e-02
2.629823051393032074e-02
-6.600171327590942383e-02
8.939470164477825165e-03
1.010919511318206787e-01
4.943955317139625549e-02
1.593501120805740356e-02
4.341052845120429993e-02
6.136919558048248291e-02
-1.200937777757644653e-01
-8.373925089836120605e-02
-5.328511819243431091e-02
8.892235159873962402e-02
9.867071174085140228e-03
4.154544323682785034e-03
1.219005044549703598e-02
-6.659844517707824707e-02
-6.668721139430999756e-02
3.888052329421043396e-02
-4.898347891867160797e-03
-3.955885767936706543e-02
-3.227571398019790649e-02
1.077591478824615479e-01
3.239329380448907614e-04
-5.793799087405204773e-02
9.302169084548950195e-03
-6.426889915019273758e-03
1.074296757578849792e-01
-3.473907709121704102e-02
-2.211168035864830017e-02
-1.495858747512102127e-02
-7.324352860450744629e-03
3.682414442300796509e-02
5.294732004404067993e-02
-4.557186365127563477e-02
-6.868703663349151611e-02
1.431993991136550903e-01
1.097896993160247803e-01
-3.176787123084068298e-02
5.495470389723777771e-02
5.555333569645881653e-02
-2.490710280835628510e-02
-8.661703765392303467e-02
-1.155739091336727142e-02
-5.312320590019226074e-02
1.183418277651071548e-02
-1.014448329806327820e-02
1.118742208927869797e-02
-1.785630173981189728e-02
-1.232208777219057083e-02
7.648387551307678223e-02
-2.939630299806594849e-02
3.945615142583847046e-02
5.848788842558860779e-02
8.133629336953163147e-03
1.041408106684684753e-01
-2.793631516396999359e-02
-2.656593173742294312e-02
9.503058157861232758e-03
2.415225841104984283e-02
-1.458110939711332321e-02
2.650736365467309952e-03
-1.304901987314224243e-01
5.402076989412307739e-02
7.456725835800170898e-02
5.728963017463684082e-02
-8.228315971791744232e-03
-2.030912600457668304e-02
7.386425044387578964e-03
3.349647298455238342e-02
-1.826508715748786926e-02
1.101627945899963379e-02
9.185709990561008453e-03
2.264510653913021088e-02
1.343195699155330658e-02
8.389839529991149902e-02
-1.547899004071950912e-02
2.089677937328815460e-02
9.941869415342807770e-03
-5.512845888733863831e-02
4.134474694728851318e-02
7.034074515104293823e-02
2.324273250997066498e-02
-9.491026401519775391e-02
8.003798127174377441e-02
2.283772453665733337e-03
3.886470571160316467e-02
-1.930253766477108002e-02
6.477729231119155884e-02
8.916950225830078125e-02
3.298618271946907043e-02
-1.522606462240219116e-01
2.735093608498573303e-02
1.687608100473880768e-02
8.805318921804428101e-02
-7.712697982788085938e-02
4.961936548352241516e-02
-1.994381658732891083e-02
-9.905347973108291626e-02
-4.819370061159133911e-02
6.650734692811965942e-02
-4.086710512638092041e-02
-8.888249099254608154e-02
-7.485125958919525146e-02
-4.235455393791198730e-02
-6.341598927974700928e-02
2.648945711553096771e-02
1.130759119987487793e-01
-2.555927820503711700e-02
9.584069252014160156e-02
-1.279640495777130127e-01
-4.289231076836585999e-02
-7.443143427371978760e-02
2.124220132827758789e-02
2.019459754228591919e-02
-8.609060943126678467e-02
