1.275952905416488647e-01
-1.949849352240562439e-02
3.897796571254730225e-02
-3.751829639077186584e-02
-4.455005377531051636e-02
-2.903480455279350281e-02
-8.288680016994476318e-02
-3.699257969856262207e-02
6.725904345512390137e-02
4.098367318511009216e-02
2.260527200996875763e-02
-3.067621588706970215e-02
-6.419941200874745846e-04
-7.809460908174514771e-02
2.207371219992637634e-02
-4.768006876111030579e-02
3.336831554770469666e-02
7.055278122425079346e-02
-5.000601988285779953e-03
-2.311894483864307404e-02
-2.293136343359947205e-02
1.919351331889629364e-02
1.951382122933864594e-02
-2.545365318655967712e-02
-2.063583768904209137e-02
-9.694392234086990356e-02
2.519031986594200134e-02
-5.791075155138969421e-02
-1.042688935995101929e-01
-9.278195351362228394e-02
6.003381684422492981e-02
-2.837991528213024139e-02
-4.839724302291870117e-02
-8.494166284799575806e-02
3.191414102911949158e-02
-8.592901751399040222e-03
2.604958787560462952e-02
-2.335015498101711273e-02
-5.165582150220870972e-02
-4.080395027995109558e-02
6.891641765832901001e-02
-2.209922298789024353e-02
3.762432932853698730e-02
7.631549984216690063e-02
2.236455306410789490e-02
2.017668262124061584e-02
-1.238228753209114075e-01
8.385229855775833130e-03
-2.374335005879402161e-02
-3.758526220917701721e-02
-1.806788295507431030e-01
6.744448095560073853e-02
1.017606928944587708e-01
-8.839913457632064819e-02
-5.395636335015296936e-02
6.149539351463317871e-02
-2.094820514321327209e-02
5.680471193045377731e-03
1.678158044815063477e-01
-2.758467383682727814e-02
6.249473616480827332e-02
3.678832575678825378e-02
-5.879096314311027527e-02
3.805485321208834648e-04
-6.496843695640563965e-02
-7.286842912435531616e-02
-6.248725950717926025e-02
-1.106920987367630005e-01
-7.175739388912916183e-03
-6.099630147218704224e-02
-1.005575731396675110e-01
-1.027510240674018860e-01
1.482687592506408691e-01
-9.548107534646987915e-02
-1.261149644851684570e-01
6.830739229917526245e-02
-9.098393470048904419e-02
7.107304036617279053e-02
2.158355899155139923e-02
-2.011279612779617310e-01
4.831606522202491760e-02
5.256375297904014587e-02
-1.177977025508880615e-02
6.317161768674850464e-02
-6.522098928689956665e-02
5.193319171667098999e-02
-5.252978205680847168e-02
7.321655750274658203e-02
8.933258242905139923e-03
-3.898636996746063232e-02
-1.593893021345138550e-01
-4.087312519550323486e-02
-6.802856922149658203e-02
-3.269186615943908691e-02
-5.873898044228553772e-02
-5.774951353669166565e-02
-3.288013488054275513e-02
1.757447421550750732e-02
6.002357602119445801e-02
-8.792955428361892700e-02
5.447813123464584351e-02
-9.051014669239521027e-03
4.345222841948270798e-03
-8.854513056576251984e-03
1.075165229849517345e-03
-6.720894575119018555e-02
7.828725129365921021e-02
9.857186675071716309e-02
9.732779115438461304e-02
-1.030498817563056946e-01
8.556822314858436584e-03
1.338144540786743164e-01
-1.443577930331230164e-02
8.893550187349319458e-02
1.288510393351316452e-02
-4.339669644832611084e-02
-2.992657572031021118e-02
5.219333246350288391e-02
6.098868325352668762e-02
-5.711927264928817749e-02
-4.762680828571319580e-02
9.878616034984588623e-02
9.812448173761367798e-03
4.579734802246093750e-02
-5.538289621472358704e-02
4.565176088362932205e-03
-4.608104750514030457e-02
-1.085835769772529602e-01
-1.063381880521774292e-01
8.273879438638687134e-02
4.637233912944793701e-03
8.963265269994735718e-02
-8.810590207576751709e-02
4.424434900283813477e-02
3.698873892426490784e-02
2.974068932235240936e-02
-8.927911520004272461e-02
2.956765145063400269e-02
1.045038104057312012e-01
3.135560080409049988e-02
4.288529604673385620e-02
5.752760171890258789e-02
5.640437453985214233e-02
-1.346503347158432007e-01
-6.105969473719596863e-02
-4.733916372060775757e-02
7.849523425102233887e-02
3.358721965923905373e-03
-2.575850486755371094e-02
2.294811978936195374e-02
-5.516166612505912781e-02
-5.261121690273284912e-02
1.871881447732448578e-02
-3.538292273879051208e-02
-5.255287140607833862e-02
-3.996561095118522644e-02
1.010427698493003845e-01
1.520929764956235886e-02
-7.232663780450820923e-02
1.066433265805244446e-03
-1.343505573458969593e-03
9.680435061454772949e-02
-1.666134595870971680e-02
-4.113607853651046753e-02
-2.489645779132843018e-02
-1.438926905393600464e-02
4.348556697368621826e-02
2.913739904761314392e-02
-3.922072425484657288e-02
-3.452151268720626831e-02
1.397215127944946289e-01
1.156842708587646484e-01
-5.265444144606590271e-02
3.866579011082649231e-02
3.925237804651260376e-02
-1.672290451824665070e-02
-6.779406964778900146e-02
-1.117351092398166656e-02
-2.955817990005016327e-02
-7.211320567876100540e-03
-1.536855101585388184e-02
2.022019214928150177e-02
-3.379544988274574280e-02
-1.621438562870025635e-02
7.209227234125137329e-02
-3.136032819747924805e-02
1.952545531094074249e-02
7.041345536708831787e-02
3.273255750536918640e-02
1.109519526362419128e-01
-1.478473376482725143e-02
-3.513558954000473022e-02
8.826536126434803009e-03
3.160202130675315857e-02
-9.464774280786514282e-03
1.831562723964452744e-03
-1.323731541633605957e-01
4.103536531329154968e-02
6.175224110484123230e-02
4.332854971289634705e-02
-1.568316295742988586e-02
-1.018638350069522858e-02
-2.120259404182434082e-02
1.884145289659500122e-02
-2.952956780791282654e-02
1.250413060188293457e-02
2.169634914025664330e-03
1.694322191178798676e-02
7.377773988991975784e-03
8.287073671817779541e-02
-2.659839950501918793e-02
3.570654243230819702e-02
2.276778686791658401e-03
-5.619485303759574890e-02
5.379391461610794067e-02
7.819908112287521362e-02
2.940458618104457855e-02
-8.686716109514236450e-02
9.369888156652450562e-02
1.942325755953788757e-02
4.282408207654953003e-02
-8.989350870251655579e-03
5.249086394906044006e-02
9.488552808761596680e-02
1.008045487105846405e-02
-1.448855102062225342e-01
8.676249533891677856e-03
1.515300292521715164e-02
9.090802818536758423e-02
-5.515201017260551453e-02
6.409232318401336670e-02
-2.031511161476373672e-03
-5.445548519492149353e-02
-4.627459496259689331e-02
6.478554755449295044e-02
-4.139788076281547546e-02
-6.321983784437179565e-02
-6.593360006809234619e-02
-3.706791251897811890e-02
-4.790416359901428223e-02
2.926160395145416260e-02
1.217295080423355103e-01
-8.368519134819507599e-03
1.178677082061767578e-01
-1.107188165187835693e-01
-3.111047111451625824e-02
-5.801548808813095093e-02
2.463177405297756195e-02
2.250650711357593536e-02
-8.194936066865921021e-02
