1.626220047473907471e-01
-7.253037299960851669e-03
3.983804956078529358e-02
-4.783651977777481079e-02
-3.386488929390907288e-02
-3.325774520635604858e-02
-9.500877559185028076e-02
-5.481671914458274841e-02
4.941611737012863159e-02
4.105260595679283142e-02
4.752861801534891129e-03
-5.435483902692794800e-02
-6.939213257282972336e-03
-7.913618534803390503e-02
5.770330317318439484e-03
-4.510088637471199036e-02
2.726431004703044891e-02
9.186428040266036987e-02
5.355909466743469238e-03
-6.565688643604516983e-03
-2.744564786553382874e-02
-1.262128911912441254e-02
1.754063740372657776e-02
-1.628440245985984802e-02
-4.253074526786804199e-02
-1.151591762900352478e-01
3.134873881936073303e-02
-6.169027090072631836e-02
-1.080286279320716858e-01
-1.005644798278808594e-01
6.610352545976638794e-02
-4.963447153568267822e-02
-6.859632581472396851e-02
-5.816353484988212585e-02
3.759362176060676575e-02
-9.896575473248958588e-03
1.139952987432479858e-02
-4.493571817874908447e-02
-5.106066539883613586e-02
-5.728397890925407410e-02
4.895129427313804626e-02
-8.452710695564746857e-03
4.424970969557762146e-02
6.489782780408859253e-02
4.780130833387374878e-02
2.092080190777778625e-02
-1.265772730112075806e-01
5.608204007148742676e-02
-2.714792639017105103e-02
-3.106898441910743713e-02
-1.704819202423095703e-01
6.236411258578300476e-02
1.132355555891990662e-01
-9.585533291101455688e-02
-3.350815549492835999e-02
4.528308659791946411e-02
-3.166876733303070068e-02
1.332283299416303635e-02
1.573679298162460327e-01
-4.868607968091964722e-03
6.283430755138397217e-02
4.417874291539192200e-02
-8.675038069486618042e-02
-1.814907765947282314e-03
-7.249350100755691528e-02
-5.485921353101730347e-02
-4.728624224662780762e-02
-1.039181128144264221e-01
9.189824340865015984e-04
-4.517213627696037292e-02
-9.343530237674713135e-02
-8.239611238241195679e-02
1.310731768608093262e-01
-7.759783416986465454e-02
-1.330060958862304688e-01
4.683768376708030701e-02
-6.115181371569633484e-02
9.043283760547637939e-02
8.869233541190624237e-03
-1.869155019521713257e-01
4.043405503034591675e-02
6.371090561151504517e-02
2.544176951050758362e-02
7.019632309675216675e-02
-4.857637733221054077e-02
4.996700957417488098e-02
-3.040065616369247437e-02
6.314118951559066772e-02
2.959587424993515015e-02
-4.860327020287513733e-02
-1.511135399341583252e-01
-3.539697825908660889e-02
-5.628441274166107178e-02
-1.965210773050785065e-02
-4.381117224693298340e-02
-5.996945127844810486e-02
-2.609619870781898499e-02
4.051543027162551880e-02
7.682849466800689697e-02
-9.304320812225341797e-02
5.718466266989707947e-02
-1.151762623339891434e-02
1.824052818119525909e-02
-2.564856037497520447e-02
-1.407222542911767960e-02
-6.156250834465026855e-02
6.967992335557937622e-02
8.443615585565567017e-02
1.064210459589958191e-01
-9.806565195322036743e-02
-4.085150081664323807e-03
1.490459442138671875e-01
-2.103746682405471802e-02
9.022619575262069702e-02
3.772278781980276108e-03
-1.699528098106384277e-02
-1.363745704293251038e-02
5.272748693823814392e-02
5.144611746072769165e-02
-6.256636977195739746e-02
-3.179431334137916565e-02
1.100371405482292175e-01
5.635053967125713825e-04
4.400944337248802185e-02
-5.815139785408973694e-02
-3.854069509543478489e-04
-4.676657915115356445e-02
-7.815327495336532593e-02
-1.046605631709098816e-01
1.191817298531532288e-01
9.159567765891551971e-03
8.614739030599594116e-02
-9.474317729473114014e-02
3.306348994374275208e-02
4.796797037124633789e-02
1.206207368522882462e-02
-6.924480944871902466e-02
-1.455573830753564835e-03
8.920556306838989258e-02
5.022392794489860535e-02
2.822160953655838966e-03
5.129412561655044556e-02
4.012007266283035278e-02
-1.355753391981124878e-01
-8.544662594795227051e-02
-4.653906449675559998e-02
8.748719841241836548e-02
5.640555173158645630e-03
-9.313023649156093597e-03
8.041569031774997711e-03
-7.339777052402496338e-02
-6.490942090749740601e-02
1.260997541248798370e-02
-1.042075827717781067e-02
-4.232539236545562744e-02
-2.970899455249309540e-02
1.093444153666496277e-01
1.332008559256792068e-02
-6.133925542235374451e-02
-7.771715754643082619e-04
4.574435763061046600e-03
1.054620370268821716e-01
-3.102800622582435608e-02
-2.592152543365955353e-02
-4.230405017733573914e-02
-2.081583067774772644e-02
4.396616667509078979e-02
4.567719995975494385e-02
-4.292722046375274658e-02
-6.782614439725875854e-02
1.622211933135986328e-01
1.278901547193527222e-01
-5.602953210473060608e-02
5.442582815885543823e-02
4.399527981877326965e-02
-2.526038885116577148e-02
-7.709230482578277588e-02
-2.593487966805696487e-03
-5.047720298171043396e-02
1.995336264371871948e-03
-2.067459002137184143e-02
1.114414725452661514e-02
-2.607878856360912323e-02
-3.859020536765456200e-03
6.790860742330551147e-02
-2.121368795633316040e-02
3.332659229636192322e-02
5.130685865879058838e-02
1.072973478585481644e-02
1.172462254762649536e-01
-2.163435891270637512e-02
-2.465675957500934601e-02
2.937819622457027435e-02
3.190315514802932739e-02
5.555589450523257256e-04
8.958455175161361694e-03
-1.172262728214263916e-01
5.608486756682395935e-02
6.317177414894104004e-02
5.484678596258163452e-02
-2.024614810943603516e-02
-3.547897562384605408e-02
-1.647324301302433014e-02
2.823440730571746826e-02
-2.933014556765556335e-02
-1.131616532802581787e-02
4.077359568327665329e-03
3.810982406139373779e-02
1.275892835110425949e-03
9.529786556959152222e-02
-3.736405819654464722e-02
3.747346997261047363e-02
5.413445644080638885e-03
-6.222417950630187988e-02
6.493945419788360596e-02
7.422781735658645630e-02
4.191668331623077393e-02
-8.250021189451217651e-02
7.577316462993621826e-02
7.610221509821712971e-04
3.515279665589332581e-02
-1.708776317536830902e-02
4.116075113415718079e-02
7.317338883876800537e-02
2.097710222005844116e-02
-1.302446275949478149e-01
1.508938800543546677e-02
2.065778523683547974e-02
8.229237049818038940e-02
-5.571009218692779541e-02
3.954943269491195679e-02
-1.316859852522611618e-02
-6.342475116252899170e-02
-3.758690133690834045e-02
7.089829444885253906e-02
-3.646410256624221802e-02
-7.166706025600433350e-02
-5.441537871956825256e-02
-4.474739357829093933e-02
-4.741848632693290710e-02
1.675736717879772186e-02
1.122688204050064087e-01
-1.237128581851720810e-02
9.786114096641540527e-02
-1.231549456715583801e-01
-2.037646807730197906e-02
-6.835073232650756836e-02
-5.223053041845560074e-03
2.835094742476940155e-02
-7.269264012575149536e-02
