1.477692574262619019e-01
-6.485912948846817017e-03
3.399683162569999695e-02
-3.599860519170761108e-02
-3.850425779819488525e-02
-3.774018585681915283e-02
-8.603574335575103760e-02
-4.074229672551155090e-02
6.365643441677093506e-02
3.532618656754493713e-02
1.012679282575845718e-02
-3.759223967790603638e-02
1.666930504143238068e-03
-8.500559628009796143e-02
1.841696910560131073e-02
-4.769274964928627014e-02
3.539219498634338379e-02
7.169682532548904419e-02
-8.245561039075255394e-04
-1.586912572383880615e-02
-3.319273889064788818e-02
1.349663361907005310e-03
2.025228738784790039e-02
-2.263277396559715271e-02
-3.834076598286628723e-02
-1.068952083587646484e-01
3.480571135878562927e-02
-6.434752792119979858e-02
-1.053296253085136414e-01
-9.530951827764511108e-02
6.310126930475234985e-02
-4.122046381235122681e-02
-4.000885784626007080e-02
-7.968110591173171997e-02
2.458434551954269409e-02
-1.495504472404718399e-02
3.980037569999694824e-02
-2.336416766047477722e-02
-5.504338070750236511e-02
-4.611830413341522217e-02
6.252133846282958984e-02
-2.208627201616764069e-02
3.894574940204620361e-02
7.326941192150115967e-02
3.834427893161773682e-02
2.579442597925662994e-02
-1.276283711194992065e-01
9.939230047166347504e-03
-2.679626457393169403e-02
-4.544992372393608093e-02
-1.784218251705169678e-01
6.346159428358078003e-02
1.077940911054611206e-01
-8.812932670116424561e-02
-5.102303251624107361e-02
5.480197072029113770e-02
-3.285593539476394653e-02
-1.018333993852138519e-02
1.570689827203750610e-01
-2.164599299430847168e-02
6.149673834443092346e-02
3.847525268793106079e-02
-6.120945140719413757e-02
9.589446708559989929e-03
-6.963182240724563599e-02
-6.516082584857940674e-02
-5.480632185935974121e-02
-1.105351373553276062e-01
4.214908927679061890e-03
-5.283851549029350281e-02
-9.309374541044235229e-02
-1.023124083876609802e-01
1.473296135663986206e-01
-8.224244415760040283e-02
-1.353843510150909424e-01
5.752949789166450500e-02
-8.255855739116668701e-02
7.266651093959808350e-02
8.744459599256515503e-03
-1.877953559160232544e-01
4.444879665970802307e-02
5.233972147107124329e-02
2.498202724382281303e-03
6.113876774907112122e-02
-5.839840322732925415e-02
5.409909412264823914e-02
-3.358536213636398315e-02
6.423566490411758423e-02
2.635328471660614014e-02
-3.586243838071823120e-02
-1.750162988901138306e-01
-2.335250191390514374e-02
-6.634284555912017822e-02
-2.834784798324108124e-02
-5.645298585295677185e-02
-4.902071878314018250e-02
-3.235439211130142212e-02
2.173697948455810547e-02
8.182968944311141968e-02
-8.880272507667541504e-02
6.028973311185836792e-02
-1.221718266606330872e-02
1.675732433795928955e-02
-1.229565124958753586e-02
-7.922601886093616486e-03
-6.498728692531585693e-02
6.571621447801589966e-02
1.024735420942306519e-01
1.051935404539108276e-01
-9.632330387830734253e-02
-6.104407832026481628e-03
1.434390991926193237e-01
-1.817742735147476196e-02
8.698943257331848145e-02
1.345192082226276398e-02
-3.507285565137863159e-02
-2.523036487400531769e-02
5.223939567804336548e-02
6.367944180965423584e-02
-7.170296460390090942e-02
-5.824102088809013367e-02
1.062374338507652283e-01
4.057636950165033340e-03
4.318981617689132690e-02
-4.543543606996536255e-02
4.304507281631231308e-03
-5.975481122732162476e-02
-9.646853059530258179e-02
-1.020509302616119385e-01
1.031913757324218750e-01
-2.425871090963482857e-03
8.254890888929367065e-02
-9.342078119516372681e-02
4.016731679439544678e-02
4.220627248287200928e-02
3.040736727416515350e-02
-8.462808281183242798e-02
3.075575642287731171e-02
1.126592978835105896e-01
4.592428356409072876e-02
3.004232607781887054e-02
5.323155224323272705e-02
5.218215286731719971e-02
-1.461833864450454712e-01
-6.423757225275039673e-02
-5.319726094603538513e-02
7.315775752067565918e-02
2.649717032909393311e-03
-1.845895871520042419e-02
2.501118555665016174e-02
-7.058937847614288330e-02
-5.128083005547523499e-02
2.348290942609310150e-02
-3.861900418996810913e-02
-5.233193561434745789e-02
-4.096940904855728149e-02
9.748774021863937378e-02
1.829554326832294464e-02
-7.515729963779449463e-02
3.088426310569047928e-03
-6.722595542669296265e-03
1.099930927157402039e-01
-1.679584756493568420e-02
-3.994831442832946777e-02
-2.823163382709026337e-02
-6.636967416852712631e-03
4.355194792151451111e-02
3.980215638875961304e-02
-4.402312263846397400e-02
-4.470875114202499390e-02
1.444567590951919556e-01
1.296917349100112915e-01
-5.079048499464988708e-02
5.275675281882286072e-02
4.685499146580696106e-02
-2.142222970724105835e-02
-6.692298501729965210e-02
-1.159301772713661194e-02
-3.790722042322158813e-02
-1.671073143370449543e-03
-9.692373685538768768e-03
2.124943956732749939e-02
-3.260858729481697083e-02
-1.414456870406866074e-02
8.818139135837554932e-02
-2.530458196997642517e-02
2.101412788033485413e-02
7.162057608366012573e-02
3.213401138782501221e-02
1.108007356524467468e-01
-2.379279583692550659e-02
-3.513290360569953918e-02
1.533167064189910889e-02
2.687713131308555603e-02
-1.545935403555631638e-02
1.284437626600265503e-02
-1.284908205270767212e-01
5.159298703074455261e-02
5.674952268600463867e-02
6.085024401545524597e-02
-1.625159196555614471e-02
-1.493992563337087631e-02
-1.764604263007640839e-02
2.353324554860591888e-02
-3.155801445245742798e-02
1.018298603594303131e-02
-5.267955362796783447e-03
1.427866239100694656e-02
-3.171811113134026527e-03
9.091430902481079102e-02
-2.410325594246387482e-02
2.447636798024177551e-02
2.951231552287936211e-03
-5.178185179829597473e-02
4.741980880498886108e-02
7.078444212675094604e-02
1.638628728687763214e-02
-8.979128301143646240e-02
8.283601701259613037e-02
1.176126301288604736e-03
2.934632822871208191e-02
-8.149216882884502411e-03
5.514713376760482788e-02
9.238465875387191772e-02
1.852621138095855713e-02
-1.315897703170776367e-01
1.961786672472953796e-02
1.514906529337167740e-02
7.440231740474700928e-02
-4.200101271271705627e-02
4.036770015954971313e-02
-1.255036052316427231e-02
-5.459041148424148560e-02
-5.051958188414573669e-02
7.249594479799270630e-02
-3.553347289562225342e-02
-6.912255287170410156e-02
-5.033637210726737976e-02
-2.730560675263404846e-02
-3.677067533135414124e-02
3.179041296243667603e-02
1.052390858530998230e-01
-6.783819291740655899e-03
9.455593675374984741e-02
-1.133768260478973389e-01
-2.699275687336921692e-02
-4.805234819650650024e-02
2.055432461202144623e-02
2.222757227718830109e-02
-6.591678410768508911e-02
