1.637063175439834595e-01
-8.791312575340270996e-03
3.464994579553604126e-02
-4.110717400908470154e-02
-4.104440659284591675e-02
-2.477157115936279297e-02
-9.641502052545547485e-02
-5.253195017576217651e-02
6.529951840639114380e-02
4.124819859862327576e-02
1.010894589126110077e-02
-4.722386971116065979e-02
-8.090577088296413422e-03
-9.187287837266921997e-02
1.095665525645017624e-02
-5.652434378862380981e-02
2.545065060257911682e-02
7.921772450208663940e-02
7.586580701172351837e-03
-1.079061627388000488e-02
-4.428519308567047119e-02
-9.559609927237033844e-03
1.604635640978813171e-02
-1.605325937271118164e-02
-4.528998211026191711e-02
-1.127032339572906494e-01
3.686075285077095032e-02
-6.893913447856903076e-02
-1.123304441571235657e-01
-1.116535067558288574e-01
6.740405410528182983e-02
-5.941677838563919067e-02
-4.979414120316505432e-02
-6.675890833139419556e-02
2.993520162999629974e-02
-1.712798886001110077e-02
2.495235949754714966e-02
-3.205372765660285950e-02
-5.232126265764236450e-02
-4.656119272112846375e-02
5.176227912306785583e-02
-9.502275846898555756e-03
4.572389647364616394e-02
6.834011524915695190e-02
4.434739798307418823e-02
2.329486422240734100e-02
-1.239776760339736938e-01
3.100319579243659973e-02
-2.913391217589378357e-02
-3.398444876074790955e-02
-1.757093966007232666e-01
6.374789029359817505e-02
1.176787614822387695e-01
-9.683186560869216919e-02
-3.794589266180992126e-02
4.580261185765266418e-02
-3.062581084668636322e-02
8.857113309204578400e-03
1.544867008924484253e-01
-7.934119552373886108e-03
6.199565529823303223e-02
3.926422446966171265e-02
-7.323423773050308228e-02
7.013518363237380981e-03
-7.348984479904174805e-02
-5.277292057871818542e-02
-5.303009971976280212e-02
-1.085736304521560669e-01
2.873262157663702965e-03
-4.605856910347938538e-02
-1.005208268761634827e-01
-9.467457979917526245e-02
1.460623145103454590e-01
-8.147905766963958740e-02
-1.401226520538330078e-01
4.463725909590721130e-02
-6.526774168014526367e-02
8.419054001569747925e-02
1.081501785665750504e-02
-1.919961571693420410e-01
4.334216564893722534e-02
5.560614168643951416e-02
1.699474453926086426e-02
7.306237518787384033e-02
-5.012385547161102295e-02
5.461831018328666687e-02
-3.030639700591564178e-02
6.349946558475494385e-02
3.022338449954986572e-02
-4.156768694519996643e-02
-1.648236066102981567e-01
-3.090165555477142334e-02
-6.525882333517074585e-02
-2.795569971203804016e-02
-5.029751732945442200e-02
-5.574477091431617737e-02
-2.755540236830711365e-02
3.372443839907646179e-02
7.445870339870452881e-02
-8.425729721784591675e-02
5.537907779216766357e-02
-1.402662601321935654e-02
2.248561382293701172e-02
-2.056962624192237854e-02
-1.455832272768020630e-02
-5.835583806037902832e-02
6.089373305439949036e-02
9.005686640739440918e-02
9.931060671806335449e-02
-9.281508624553680420e-02
-6.257031578570604324e-03
1.384217888116836548e-01
-2.494618669152259827e-02
8.868938684463500977e-02
3.212392097339034081e-03
-1.789313741028308868e-02
-2.299395203590393066e-02
5.203652009367942810e-02
5.685658752918243408e-02
-6.345248222351074219e-02
-4.088100790977478027e-02
1.063753664493560791e-01
-1.745745423249900341e-03
3.811632841825485229e-02
-4.406136646866798401e-02
1.038264296948909760e-02
-5.113074928522109985e-02
-8.421878516674041748e-02
-9.535966068506240845e-02
1.023546159267425537e-01
5.982449743896722794e-03
7.773749530315399170e-02
-8.638337999582290649e-02
3.460966050624847412e-02
4.127590730786323547e-02
9.677507914602756500e-03
-6.982396543025970459e-02
1.475211139768362045e-02
9.885366261005401611e-02
4.263018444180488586e-02
1.307411864399909973e-02
5.812727659940719604e-02
3.215498849749565125e-02
-1.389350146055221558e-01
-8.035241067409515381e-02
-5.484584346413612366e-02
7.807601988315582275e-02
4.763497970998287201e-03
-1.744291558861732483e-02
1.341517828404903412e-02
-7.233466953039169312e-02
-5.415621399879455566e-02
8.098377846181392670e-03
-2.570920810103416443e-02
-4.222501069307327271e-02
-3.224932402372360229e-02
1.012291610240936279e-01
1.429486367851495743e-02
-6.748806685209274292e-02
1.978677464649081230e-03
9.011617861688137054e-03
1.057506501674652100e-01
-2.286702394485473633e-02
-3.068735077977180481e-02
-3.557451069355010986e-02
-9.710841812193393707e-03
4.765560105443000793e-02
4.087094590067863464e-02
-4.374678805470466614e-02
-6.053905934095382690e-02
1.564441621303558350e-01
1.334558129310607910e-01
-5.551551282405853271e-02
4.645120725035667419e-02
4.390710964798927307e-02
-2.384955808520317078e-02
-7.235827296972274780e-02
-5.232013296335935593e-03
-4.552189260721206665e-02
-4.926008172333240509e-03
-1.764710806310176849e-02
1.700573600828647614e-02
-3.701218217611312866e-02
-6.514120381325483322e-03
7.368247210979461670e-02
-2.156791649758815765e-02
2.821425534784793854e-02
6.099734455347061157e-02
2.310512401163578033e-02
1.120512038469314575e-01
-2.395857311785221100e-02
-2.606577053666114807e-02
2.868319675326347351e-02
2.652791142463684082e-02
-6.876261904835700989e-03
1.022280473262071609e-02
-1.151816621422767639e-01
5.033997818827629089e-02
5.855191498994827271e-02
6.004245951771736145e-02
-1.942540891468524933e-02
-3.175749629735946655e-02
-2.387698926031589508e-02
3.064397349953651428e-02
-3.787610307335853577e-02
-8.905134163796901703e-03
-1.883349847048521042e-03
2.703859843313694000e-02
-7.683263160288333893e-03
9.599244594573974609e-02
-3.607579320669174194e-02
3.267297893762588501e-02
1.044353563338518143e-02
-6.118755787611007690e-02
6.089654564857482910e-02
7.557851821184158325e-02
2.944120205938816071e-02
-7.981759309768676758e-02
7.229042053222656250e-02
-1.106100098695605993e-04
2.896190434694290161e-02
-1.156696677207946777e-02
4.708976671099662781e-02
7.860090583562850952e-02
2.123651094734668732e-02
-1.373408436775207520e-01
2.302784658968448639e-02
2.838940918445587158e-02
8.695788681507110596e-02
-4.680613428354263306e-02
3.398421779274940491e-02
-1.587400026619434357e-02
-5.916636064648628235e-02
-4.066177830100059509e-02
7.899248600006103516e-02
-3.936038166284561157e-02
-7.838179916143417358e-02
-5.032377317547798157e-02
-3.761660307645797729e-02
-3.782067447900772095e-02
2.709041349589824677e-02
1.099033728241920471e-01
-1.217377185821533203e-02
9.515139460563659668e-02
-1.298108845949172974e-01
-1.658024638891220093e-02
-5.448245629668235779e-02
-3.278197254985570908e-03
3.273809701204299927e-02
-6.874369829893112183e-02
