1.795219182968139648e-01
-9.331831708550453186e-03
5.167357251048088074e-02
-5.010300129652023315e-02
-5.373394861817359924e-02
-4.216029867529869080e-02
-1.058235913515090942e-01
-5.584215000271797180e-02
5.897609889507293701e-02
4.590303078293800354e-02
1.014528982341289520e-02
-4.895625263452529907e-02
-5.361059214919805527e-03
-9.512300789356231689e-02
1.912836171686649323e-02
-5.617293715476989746e-02
3.033812344074249268e-02
1.011079177260398865e-01
1.179093588143587112e-02
-1.825919561088085175e-02
-2.497809007763862610e-02
-7.187466602772474289e-03
3.148110210895538330e-02
-2.078676968812942505e-02
-4.243747889995574951e-02
-1.123208999633789062e-01
3.228259086608886719e-02
-6.452126055955886841e-02
-1.211807802319526672e-01
-1.024299785494804382e-01
5.799832940101623535e-02
-4.703478887677192688e-02
-5.273399874567985535e-02
-7.042265683412551880e-02
3.448015078902244568e-02
-3.705164650455117226e-03
1.666086539626121521e-02
-4.047932475805282593e-02
-5.450986325740814209e-02
-6.029788777232170105e-02
5.943335592746734619e-02
-1.373231760226190090e-03
4.036889970302581787e-02
7.109346240758895874e-02
4.231743887066841125e-02
2.554562129080295563e-02
-1.184257268905639648e-01
4.171069338917732239e-02
-2.397845871746540070e-02
-2.649886719882488251e-02
-1.747618019580841064e-01
6.341195851564407349e-02
1.088733077049255371e-01
-8.706165105104446411e-02
-3.866213560104370117e-02
5.098802596330642700e-02
-2.763425745069980621e-02
1.206791866570711136e-02
1.659219712018966675e-01
-1.328647136688232422e-02
6.207048520445823669e-02
3.726175799965858459e-02
-8.639352768659591675e-02
-6.030436139553785324e-03
-6.835526227951049805e-02
-6.735075265169143677e-02
-5.421496182680130005e-02
-9.840868413448333740e-02
1.679262612015008926e-03
-5.214294046163558960e-02
-9.062785655260086060e-02
-9.735000133514404297e-02
1.316255629062652588e-01
-8.824789524078369141e-02
-1.197764575481414795e-01
5.328781902790069580e-02
-6.992765516042709351e-02
7.934682816267013550e-02
2.272965945303440094e-02
-1.907033920288085938e-01
3.752843290567398071e-02
6.195551902055740356e-02
1.632185652852058411e-02
6.748334318399429321e-02
-5.232054367661476135e-02
5.090511590242385864e-02
-4.611003771424293518e-02
6.394665688276290894e-02
2.105725184082984924e-02
-4.574175179004669189e-02
-1.342515349388122559e-01
-4.198937490582466125e-02
-6.145711615681648254e-02
-1.889921352267265320e-02
-5.175359547138214111e-02
-5.320010706782341003e-02
-2.807234972715377808e-02
4.083469882607460022e-02
6.739147752523422241e-02
-8.879730105400085449e-02
5.419757589697837830e-02
-1.113562751561403275e-02
1.277835760265588760e-02
-1.358587387949228287e-02
-1.320841722190380096e-03
-5.153481662273406982e-02
6.953912973403930664e-02
8.192241936922073364e-02
9.707406908273696899e-02
-1.009985804557800293e-01
5.426538642495870590e-03
1.337969899177551270e-01
-1.837632805109024048e-02
8.853655308485031128e-02
3.933652769774198532e-03
-2.236519567668437958e-02
-1.817559823393821716e-02
5.716037377715110779e-02
4.967141896486282349e-02
-4.870116338133811951e-02
-3.282991424202919006e-02
1.018633767962455750e-01
4.223764874041080475e-03
4.738818481564521790e-02
-5.248217657208442688e-02
1.929244259372353554e-03
-3.677320107817649841e-02
-7.922440022230148315e-02
-1.087282523512840271e-01
9.939458221197128296e-02
1.612636633217334747e-02
8.768831938505172729e-02
-8.732098340988159180e-02
4.305108264088630676e-02
3.831432759761810303e-02
1.529041770845651627e-02
-7.609795778989791870e-02
1.884863711893558502e-02
9.472674876451492310e-02
3.076797351241111755e-02
2.440613508224487305e-02
5.357390642166137695e-02
4.946973919868469238e-02
-1.256964951753616333e-01
-8.012107759714126587e-02
-5.024525895714759827e-02
9.437731653451919556e-02
1.021723262965679169e-02
-1.587313972413539886e-02
1.680006273090839386e-02
-5.561817437410354614e-02
-6.040144711732864380e-02
1.442680787295103073e-02
-1.427275408059358597e-02
-4.204636812210083008e-02
-2.991991676390171051e-02
1.098660677671432495e-01
1.081585697829723358e-02
-6.002320349216461182e-02
-1.659409143030643463e-03
5.703212693333625793e-03
8.735442161560058594e-02
-1.744516193866729736e-02
-2.608641423285007477e-02
-2.757751382887363434e-02
-2.247021161019802094e-02
4.240489751100540161e-02
4.153054952621459961e-02
-3.092593327164649963e-02
-5.298934876918792725e-02
1.464194357395172119e-01
1.088056713342666626e-01
-4.802680760622024536e-02
4.056155681610107422e-02
4.286436364054679871e-02
-1.118340808898210526e-02
-7.458984851837158203e-02
-7.543471641838550568e-03
-4.845496639609336853e-02
-7.186121307313442230e-03
-1.843520440161228180e-02
1.610311865806579590e-02
-1.983123831450939178e-02
-1.705577410757541656e-02
6.313101202249526978e-02
-2.409545145928859711e-02
3.789398446679115295e-02
5.709640681743621826e-02
1.833003945648670197e-02
1.056068614125251770e-01
-1.903687044978141785e-02
-2.345592901110649109e-02
1.425725035369396210e-02
2.777443826198577881e-02
-2.614886034280061722e-03
-4.029769450426101685e-03
-1.174540072679519653e-01
4.765012487769126892e-02
6.522276252508163452e-02
4.152956232428550720e-02
-1.385421864688396454e-02
-2.487004175782203674e-02
-9.468633681535720825e-03
2.517388015985488892e-02
-3.033890202641487122e-02
-3.952322062104940414e-03
9.532375261187553406e-03
3.234857320785522461e-02
1.500649563968181610e-02
8.361474424600601196e-02
-2.665610797703266144e-02
4.059911891818046570e-02
1.111445948481559753e-02
-6.031192094087600708e-02
5.936853587627410889e-02
7.654219120740890503e-02
4.339824989438056946e-02
-7.716915011405944824e-02
7.253901660442352295e-02
1.122534647583961487e-02
3.738487511873245239e-02
-9.526318870484828949e-03
4.674486070871353149e-02
7.605905085802078247e-02
1.449430454522371292e-02
-1.345279663801193237e-01
1.635837182402610779e-02
1.873792335391044617e-02
9.255157411098480225e-02
-7.033465802669525146e-02
6.169091910123825073e-02
-1.080339774489402771e-02
-6.853215396404266357e-02
-4.668802395462989807e-02
6.691517680883407593e-02
-4.845222830772399902e-02
-7.819219678640365601e-02
-6.382189691066741943e-02
-5.149333924055099487e-02
-5.687682330608367920e-02
2.932406403124332428e-02
1.276322305202484131e-01
-1.829874701797962189e-02
1.268831640481948853e-01
-1.331846266984939575e-01
-2.873499877750873566e-02
-7.162912189960479736e-02
1.135745178908109665e-02
3.079619817435741425e-02
-8.968486636877059937e-02
