1.240370720624923706e-01
7.890392094850540161e-03
2.869613468647003174e-02
-1.701601408421993256e-02
-1.834622025489807129e-02
-2.426485158503055573e-02
-6.323345750570297241e-02
-3.934561088681221008e-02
1.614843867719173431e-02
2.025492023676633835e-03
-9.307997301220893860e-03
-3.571225702762603760e-02
1.620751223526895046e-03
-6.584738940000534058e-02
2.240590518340468407e-03
-4.796156659722328186e-02
6.806411314755678177e-03
5.771395936608314514e-02
-2.413920685648918152e-02
2.046832814812660217e-02
-4.597647581249475479e-03
-9.061643853783607483e-03
2.645237930119037628e-02
-2.778978087007999420e-02
-2.526385337114334106e-02
-7.992675155401229858e-02
4.439080506563186646e-02
-4.755265265703201294e-02
-1.081132218241691589e-01
-9.215237945318222046e-02
3.472891822457313538e-02
-3.042596764862537384e-02
-2.887127548456192017e-02
-5.011235177516937256e-02
3.987796232104301453e-02
5.761941429227590561e-03
1.643828861415386200e-02
-4.688419401645660400e-02
-7.566706091165542603e-02
-6.508816033601760864e-02
5.811713263392448425e-02
2.829100936651229858e-02
4.666946828365325928e-02
5.734417214989662170e-02
3.041961044073104858e-02
7.910134270787239075e-03
-1.162107437849044800e-01
7.239271700382232666e-02
-3.830690309405326843e-02
-3.599822521209716797e-02
-1.763935536146163940e-01
6.738678365945816040e-02
1.007301658391952515e-01
-9.147439897060394287e-02
-2.078786864876747131e-02
4.680024087429046631e-02
-2.116703987121582031e-02
-2.147158607840538025e-02
1.661580801010131836e-01
1.156694255769252777e-02
7.235229760408401489e-02
2.526466548442840576e-02
-1.024526581168174744e-01
7.664621807634830475e-03
-7.693745195865631104e-02
-4.855734854936599731e-02
-3.974639251828193665e-02
-1.153101325035095215e-01
8.481374941766262054e-03
-5.187040567398071289e-02
-8.178065717220306396e-02
-1.020905822515487671e-01
1.284413337707519531e-01
-6.809805333614349365e-02
-1.414476931095123291e-01
3.496957570314407349e-02
-3.719145059585571289e-02
1.053413301706314087e-01
1.555543672293424606e-02
-2.004722952842712402e-01
3.137445449829101562e-02
6.466841697692871094e-02
2.660383284091949463e-02
8.049708604812622070e-02
-3.665130957961082458e-02
4.186912998557090759e-02
-3.986081108450889587e-02
6.139758974313735962e-02
4.269120469689369202e-02
-5.489582195878028870e-02
-1.625659316778182983e-01
-4.756139591336250305e-02
-4.450782015919685364e-02
-1.645348966121673584e-02
-5.373397469520568848e-02
-4.359422624111175537e-02
-3.074721992015838623e-02
5.633162334561347961e-02
1.060208827257156372e-01
-9.208251535892486572e-02
8.333317935466766357e-02
-2.606492862105369568e-02
3.885045275092124939e-02
-1.675253547728061676e-02
-8.724212646484375000e-03
-5.381977558135986328e-02
7.069816440343856812e-02
7.745663821697235107e-02
1.318830698728561401e-01
-9.033648669719696045e-02
-3.473969176411628723e-03
1.600605100393295288e-01
1.177835371345281601e-02
1.196079999208450317e-01
8.642555912956595421e-04
-2.952175028622150421e-02
-1.948681473731994629e-02
4.623222351074218750e-02
4.798535630106925964e-02
-5.923119559884071350e-02
-5.271742865443229675e-02
1.187148317694664001e-01
-8.229568600654602051e-03
3.781879693269729614e-02
-5.416328087449073792e-02
-1.503158640116453171e-02
-5.168443918228149414e-02
-6.406246125698089600e-02
-1.008790731430053711e-01
1.257254183292388916e-01
2.226628549396991730e-02
8.437956124544143677e-02
-9.500151127576828003e-02
4.005381464958190918e-02
4.526093974709510803e-02
6.092129740864038467e-03
-6.958090513944625854e-02
-6.465902552008628845e-04
9.006172418594360352e-02
4.436139017343521118e-02
8.196150884032249451e-03
3.543257713317871094e-02
6.652919948101043701e-02
-1.310974508523941040e-01
-1.022711843252182007e-01
-5.037212371826171875e-02
9.308855980634689331e-02
6.500886287540197372e-03
-7.001833524554967880e-03
2.940364927053451538e-02
-7.538060843944549561e-02
-8.445798605680465698e-02
2.120711095631122589e-02
-7.616993971168994904e-03
-3.929772600531578064e-02
-3.503807261586189270e-02
9.713631123304367065e-02
-1.043466199189424515e-02
-5.437362939119338989e-02
4.370827227830886841e-03
1.646358892321586609e-02
1.100843846797943115e-01
-3.972008079290390015e-02
-6.197701208293437958e-03
-2.803224371746182442e-03
-6.609178148210048676e-03
5.808119848370552063e-02
4.336847737431526184e-02
-4.464150592684745789e-02
-7.240462303161621094e-02
1.272950619459152222e-01
1.155585274100303650e-01
-5.358670279383659363e-02
5.160746350884437561e-02
5.657795444130897522e-02
-3.197059407830238342e-02
-8.357597887516021729e-02
4.854416940361261368e-03
-6.707286834716796875e-02
8.568841032683849335e-03
-3.141971677541732788e-02
2.126744389533996582e-02
-2.330456115305423737e-02
-7.725176867097616196e-03
5.360485240817070007e-02
-2.413080818951129913e-02
4.855681210756301880e-02
4.281833767890930176e-02
5.989592522382736206e-03
1.029140576720237732e-01
-1.713570952415466309e-02
-2.768055163323879242e-02
1.989115215837955475e-02
2.067483030259609222e-02
-7.664751261472702026e-03
-1.773489639163017273e-03
-1.243508011102676392e-01
5.075000226497650146e-02
6.960767507553100586e-02
6.246222183108329773e-02
-4.061082378029823303e-03
-2.711725048720836639e-02
8.637513965368270874e-03
4.791284725069999695e-02
-4.305552318692207336e-02
3.931054845452308655e-03
7.440987974405288696e-05
2.321079373359680176e-02
1.183701865375041962e-02
8.069624006748199463e-02
-1.794512197375297546e-02
2.745698764920234680e-02
-2.661083359271287918e-03
-5.827642977237701416e-02
5.544720217585563660e-02
8.613590151071548462e-02
5.501887574791908264e-02
-8.279009163379669189e-02
7.639897614717483521e-02
1.059714239090681076e-03
2.498092502355575562e-02
-1.535112317651510239e-02
5.241809785366058350e-02
7.867494225502014160e-02
3.711599111557006836e-02
-1.425329297780990601e-01
7.688029669225215912e-03
2.794075757265090942e-02
8.495835214853286743e-02
-7.286325097084045410e-02
5.157692730426788330e-02
-8.118332363665103912e-03
-7.988163828849792480e-02
-5.334559455513954163e-02
7.012793421745300293e-02
-3.930874541401863098e-02
-7.709634304046630859e-02
-4.853973537683486938e-02
-4.192720353603363037e-02
-4.673678427934646606e-02
1.823551580309867859e-02
1.115772426128387451e-01
-1.171366311609745026e-02
8.899565786123275757e-02
-1.242074891924858093e-01
-2.544480003416538239e-02
-6.535845249891281128e-02
6.185583770275115967e-03
3.671714663505554199e-02
-6.978318095207214355e-02
