1.152939349412918091e-01
8.330552838742733002e-03
3.371056914329528809e-02
-3.397579118609428406e-02
-1.596427895128726959e-02
-4.109213873744010925e-02
-7.499418407678604126e-02
-5.629903823137283325e-02
2.417382039129734039e-02
2.496203593909740448e-02
5.327978171408176422e-03
-3.052520565688610077e-02
1.001698197796940804e-03
-7.891952991485595703e-02
-6.481145042926073074e-03
-3.411331027746200562e-02
3.088271059095859528e-02
7.620625942945480347e-02
-2.563080564141273499e-02
-6.359152495861053467e-03
-7.011398673057556152e-03
-2.549265138804912567e-02
2.631267718970775604e-02
-3.864141553640365601e-02
-5.968281999230384827e-02
-1.169032528996467590e-01
5.297325551509857178e-02
-5.727975815534591675e-02
-9.992574155330657959e-02
-1.020585894584655762e-01
7.994637638330459595e-02
-5.162903293967247009e-02
-4.992523789405822754e-02
-6.183686479926109314e-02
3.790844976902008057e-02
4.890548530966043472e-03
1.588164456188678741e-02
-5.038331076502799988e-02
-4.006091877818107605e-02
-6.131325289607048035e-02
5.048391968011856079e-02
-5.168652161955833435e-03
1.938008330762386322e-02
8.614457398653030396e-02
5.092227458953857422e-02
-1.375042338622733951e-04
-1.489378213882446289e-01
5.956989154219627380e-02
-2.136937715113162994e-02
-6.272897124290466309e-02
-1.559889018535614014e-01
7.386609166860580444e-02
1.109528839588165283e-01
-8.950413763523101807e-02
-4.344835132360458374e-02
4.342208430171012878e-02
-3.548208251595497131e-02
-3.429494798183441162e-02
1.382004469633102417e-01
-3.111239895224571228e-02
7.322265207767486572e-02
5.485972762107849121e-02
-7.523082196712493896e-02
1.261360128410160542e-03
-5.952234566211700439e-02
-4.711343720555305481e-02
-5.782252177596092224e-02
-8.575113117694854736e-02
-4.726809449493885040e-03
-6.529751420021057129e-02
-6.883318722248077393e-02
-8.039990812540054321e-02
1.074127480387687683e-01
-6.413888186216354370e-02
-1.328226774930953979e-01
4.899361357092857361e-02
-7.076163589954376221e-02
7.681573182344436646e-02
-6.792278494685888290e-03
-1.740169078111648560e-01
2.434756606817245483e-02
7.036840170621871948e-02
4.792729765176773071e-02
6.255170702934265137e-02
-5.548450723290443420e-02
4.841594398021697998e-02
-3.589689359068870544e-02
4.183369502425193787e-02
5.922371149063110352e-02
-4.428844898939132690e-02
-1.892997026443481445e-01
-2.254762873053550720e-02
-3.927948325872421265e-02
-1.954975537955760956e-02
-6.612648069858551025e-02
-4.469149932265281677e-02
-3.453348577022552490e-02
-2.050751354545354843e-03
7.041841745376586914e-02
-6.328674405813217163e-02
6.017737090587615967e-02
-1.870998239610344172e-04
1.348580606281757355e-02
-3.515966609120368958e-02
-2.294037258252501488e-03
-7.307948172092437744e-02
6.907510757446289062e-02
7.096470892429351807e-02
1.107036396861076355e-01
-9.573394060134887695e-02
-1.786681124940514565e-03
1.396211087703704834e-01
-1.174341235309839249e-02
9.359616786241531372e-02
1.731003448367118835e-02
-3.572698682546615601e-02
5.032081389799714088e-04
3.348460793495178223e-02
3.672005608677864075e-02
-6.558733433485031128e-02
-3.756308183073997498e-02
1.040951013565063477e-01
-2.760048955678939819e-03
5.877319723367691040e-02
-6.610395759344100952e-02
-2.024446614086627960e-02
-5.149608850479125977e-02
-8.727064728736877441e-02
-9.589842706918716431e-02
1.120569333434104919e-01
1.059047039598226547e-02
9.108148515224456787e-02
-9.314317256212234497e-02
3.371616452932357788e-02
2.584699727594852448e-02
2.400143817067146301e-02
-5.248804390430450439e-02
9.501947090029716492e-03
9.665636718273162842e-02
5.774661898612976074e-02
1.515940856188535690e-02
4.614869877696037292e-02
4.964702948927879333e-02
-1.169593259692192078e-01
-8.296330273151397705e-02
-5.847358331084251404e-02
8.098629117012023926e-02
1.147201284766197205e-02
1.682205498218536377e-02
6.169103435240685940e-04
-7.095419615507125854e-02
-6.316837668418884277e-02
4.703776165843009949e-02
-5.686199292540550232e-04
-3.503327071666717529e-02
-3.177491202950477600e-02
1.044713035225868225e-01
-3.284095786511898041e-03
-5.788040906190872192e-02
1.479692757129669189e-02
-1.112112589180469513e-02
1.156956031918525696e-01
-4.772497713565826416e-02
-2.578476630151271820e-02
-1.364692021161317825e-02
6.192310713231563568e-03
3.216062113642692566e-02
5.547865480184555054e-02
-6.413245946168899536e-02
-7.572150975465774536e-02
1.481227427721023560e-01
1.142717003822326660e-01
-2.441889047622680664e-02
5.706037208437919617e-02
5.898374319076538086e-02
-3.521381691098213196e-02
-9.589654952287673950e-02
-1.836925186216831207e-02
-4.640270024538040161e-02
2.086713165044784546e-02
-6.186725106090307236e-03
9.793370030820369720e-03
-2.842345274984836578e-02
-6.153007270768284798e-04
8.675219863653182983e-02
-2.994517982006072998e-02
3.090655244886875153e-02
6.234746053814888000e-02
1.122698653489351273e-02
1.050895303487777710e-01
-3.133122250437736511e-02
-2.675360627472400665e-02
9.835749864578247070e-03
2.586473710834980011e-02
-2.197346650063991547e-02
1.163818873465061188e-02
-1.363686472177505493e-01
5.172131210565567017e-02
8.103851974010467529e-02
6.277906149625778198e-02
-1.113933231681585312e-02
-1.800565980374813080e-02
2.178871771320700645e-03
3.280607238411903381e-02
-1.459780707955360413e-02
1.582451537251472473e-02
6.896616891026496887e-03
1.904710195958614349e-02
8.267937228083610535e-03
8.738248795270919800e-02
-1.820944808423519135e-02
1.506194286048412323e-02
1.124805863946676254e-02
-5.813940241932868958e-02
3.623785823583602905e-02
6.529897451400756836e-02
8.120747283101081848e-03
-1.014428585767745972e-01
8.294195681810379028e-02
-1.677454914897680283e-03
4.686556011438369751e-02
-2.521045506000518799e-02
7.622911036014556885e-02
1.049741432070732117e-01
4.243234172463417053e-02
-1.754999458789825439e-01
4.074017703533172607e-02
2.395743876695632935e-02
9.273559600114822388e-02
-7.350328564643859863e-02
3.105048462748527527e-02
-2.792636491358280182e-02
-1.096623092889785767e-01
-3.873733803629875183e-02
6.035479530692100525e-02
-3.854930028319358826e-02
-8.965045213699340820e-02
-8.159773051738739014e-02
-2.748200483620166779e-02
-6.549704819917678833e-02
1.856566406786441803e-02
9.273988008499145508e-02
-3.149535506963729858e-02
6.422791630029678345e-02
-1.159141659736633301e-01
-4.460943862795829773e-02
-6.815046072006225586e-02
1.456172205507755280e-02
1.640636473894119263e-02
-7.539363950490951538e-02
