1.632960587739944458e-01
-1.405765581876039505e-02
3.669162467122077942e-02
-5.347610637545585632e-02
-3.974150866270065308e-02
-2.411494590342044830e-02
-9.368121623992919922e-02
-5.629747733473777771e-02
5.382775515317916870e-02
5.370678007602691650e-02
3.269043285399675369e-03
-5.436665564775466919e-02
-1.407626457512378693e-02
-8.487110584974288940e-02
2.374565461650490761e-03
-5.238694325089454651e-02
1.710126362740993500e-02
8.536421507596969604e-02
8.203753270208835602e-03
-5.066040903329849243e-03
-3.457603231072425842e-02
-1.440117321908473969e-02
1.791191287338733673e-02
-1.279645320028066635e-02
-4.469514638185501099e-02
-1.143672317266464233e-01
2.853398583829402924e-02
-6.283959746360778809e-02
-1.121747642755508423e-01
-1.053447276353836060e-01
6.756328046321868896e-02
-5.948012322187423706e-02
-7.106972485780715942e-02
-5.486332252621650696e-02
4.464609548449516296e-02
-1.380407158285379410e-02
6.144328042864799500e-03
-4.404243081808090210e-02
-4.715096205472946167e-02
-5.108238384127616882e-02
3.580822050571441650e-02
-5.413951352238655090e-03
5.040550976991653442e-02
5.753774568438529968e-02
4.923362657427787781e-02
2.042702585458755493e-02
-1.171029210090637207e-01
5.350847169756889343e-02
-2.875420451164245605e-02
-1.861618459224700928e-02
-1.661363095045089722e-01
5.840114504098892212e-02
1.149317175149917603e-01
-9.752363711595535278e-02
-2.679113484919071198e-02
3.723708540201187134e-02
-2.237846143543720245e-02
3.236138820648193359e-02
1.587746441364288330e-01
-3.345751611050218344e-04
5.975833535194396973e-02
3.613233938813209534e-02
-8.027094602584838867e-02
-4.314978606998920441e-03
-7.718722522258758545e-02
-4.692533239722251892e-02
-4.845213145017623901e-02
-1.033354848623275757e-01
-2.494009211659431458e-03
-3.834188356995582581e-02
-1.059942245483398438e-01
-7.653721421957015991e-02
1.347498744726181030e-01
-7.876903563737869263e-02
-1.278343498706817627e-01
4.912345483899116516e-02
-5.122008919715881348e-02
9.209673106670379639e-02
1.407974585890769958e-02
-1.798094660043716431e-01
4.494314268231391907e-02
6.849519908428192139e-02
2.938280254602432251e-02
6.864104419946670532e-02
-4.541133344173431396e-02
4.985306784510612488e-02
-3.057733550667762756e-02
6.431943923234939575e-02
2.246124669909477234e-02
-4.726298898458480835e-02
-1.405936032533645630e-01
-4.084617644548416138e-02
-5.525646358728408813e-02
-2.215058356523513794e-02
-4.025258123874664307e-02
-6.683798134326934814e-02
-2.515819668769836426e-02
4.339679330587387085e-02
7.171142846345901489e-02
-9.100689738988876343e-02
5.651726573705673218e-02
-6.981533486396074295e-03
1.846400462090969086e-02
-2.819135598838329315e-02
-2.201517671346664429e-02
-5.824244394898414612e-02
6.191350519657135010e-02
7.947960495948791504e-02
1.018587276339530945e-01
-9.641230106353759766e-02
1.214896677993237972e-03
1.449382007122039795e-01
-2.918049693107604980e-02
9.370080381631851196e-02
-1.581443590112030506e-03
-9.692248888313770294e-03
-1.381673756986856461e-02
5.165431275963783264e-02
4.465897381305694580e-02
-5.545600876212120056e-02
-2.002219669520854950e-02
1.089842170476913452e-01
-3.833823371678590775e-03
4.110746085643768311e-02
-5.457213893532752991e-02
1.011234521865844727e-02
-3.908647596836090088e-02
-7.716979086399078369e-02
-1.028133034706115723e-01
1.132101863622665405e-01
1.772062666714191437e-02
7.997936010360717773e-02
-9.160533547401428223e-02
3.488339111208915710e-02
4.601933434605598450e-02
-1.676515908911824226e-03
-6.144361570477485657e-02
-3.941341768950223923e-03
8.065943419933319092e-02
4.660525172948837280e-02
-3.646474331617355347e-03
6.166771426796913147e-02
2.045721188187599182e-02
-1.273094117641448975e-01
-9.047538787126541138e-02
-4.831755906343460083e-02
8.862347900867462158e-02
5.775024183094501495e-03
-1.342176739126443863e-02
-3.554460359737277031e-03
-7.422653585672378540e-02
-7.038348168134689331e-02
-2.216783119365572929e-03
-7.233968935906887054e-03
-3.610842302441596985e-02
-1.891356147825717926e-02
1.114631518721580505e-01
1.554010063409805298e-02
-5.772265046834945679e-02
-5.675568711012601852e-03
1.514800451695919037e-02
9.765218943357467651e-02
-2.985060028731822968e-02
-2.603200823068618774e-02
-4.751041904091835022e-02
-2.502276562154293060e-02
4.731142893433570862e-02
5.005134642124176025e-02
-4.387888684868812561e-02
-7.698173820972442627e-02
1.655250489711761475e-01
1.275919526815414429e-01
-6.060750782489776611e-02
5.043210089206695557e-02
4.092625156044960022e-02
-2.258997783064842224e-02
-8.159991353750228882e-02
1.596745452843606472e-03
-5.515683442354202271e-02
-1.523136161267757416e-03
-2.065244503319263458e-02
1.268673595041036606e-02
-3.499992564320564270e-02
3.164243651553988457e-03
5.913329124450683594e-02
-1.404049620032310486e-02
3.445271030068397522e-02
4.867964237928390503e-02
1.426519639790058136e-02
1.158174276351928711e-01
-2.220231480896472931e-02
-2.295861952006816864e-02
3.736902400851249695e-02
3.069825842976570129e-02
3.203871427103877068e-03
7.401120383292436600e-03
-1.080085635185241699e-01
5.203941836953163147e-02
6.198830902576446533e-02
5.191804468631744385e-02
-2.460270188748836517e-02
-4.324254766106605530e-02
-2.506257966160774231e-02
2.684506587684154510e-02
-3.960980474948883057e-02
-2.435130998492240906e-02
7.025360129773616791e-03
3.909004107117652893e-02
-1.791472779586911201e-03
9.231233596801757812e-02
-4.909717664122581482e-02
4.303552582859992981e-02
8.606609888374805450e-03
-7.148108631372451782e-02
7.413962483406066895e-02
7.153506577014923096e-02
4.591031000018119812e-02
-7.017243653535842896e-02
6.323540210723876953e-02
4.360486753284931183e-03
3.511408716440200806e-02
-1.532759610563516617e-02
3.365220129489898682e-02
6.777185946702957153e-02
1.948706246912479401e-02
-1.388121694326400757e-01
2.324255183339118958e-02
3.408858552575111389e-02
9.586946666240692139e-02
-6.351169943809509277e-02
3.444553539156913757e-02
-1.770223677158355713e-02
-6.362025439739227295e-02
-3.490317612886428833e-02
8.074422925710678101e-02
-4.197178408503532410e-02
-8.165443688631057739e-02
-5.150042474269866943e-02
-4.822201654314994812e-02
-4.843685403466224670e-02
1.551416888833045959e-02
1.220212951302528381e-01
-1.431153528392314911e-02
1.101090461015701294e-01
-1.435174643993377686e-01
-1.517673768103122711e-02
-7.603656500577926636e-02
-1.923804730176925659e-02
3.626487404108047485e-02
-7.497009634971618652e-02
