1.862316727638244629e-01
-9.754583239555358887e-03
5.227228254079818726e-02
-4.998619481921195984e-02
-5.695251375436782837e-02
-4.723808914422988892e-02
-1.121886372566223145e-01
-5.377803370356559753e-02
7.268012315034866333e-02
5.239587649703025818e-02
6.504047662019729614e-03
-4.133171215653419495e-02
-4.151519387960433960e-04
-1.048797070980072021e-01
2.467879466712474823e-02
-6.326639652252197266e-02
3.945776447653770447e-02
9.586174041032791138e-02
1.168004423379898071e-02
-2.070469036698341370e-02
-3.375856950879096985e-02
-3.003917634487152100e-03
3.499313443899154663e-02
-1.487217005342245102e-02
-4.846197739243507385e-02
-1.146303787827491760e-01
3.474444150924682617e-02
-7.456102222204208374e-02
-1.232908442616462708e-01
-1.019165515899658203e-01
6.064893305301666260e-02
-4.608011990785598755e-02
-3.913411498069763184e-02
-8.739171177148818970e-02
2.375700697302818298e-02
-1.193269900977611542e-02
3.495620563626289368e-02
-3.201096504926681519e-02
-5.345297977328300476e-02
-5.763344839215278625e-02
6.582102179527282715e-02
-1.419161260128021240e-02
4.116981849074363708e-02
7.929697632789611816e-02
4.006452858448028564e-02
2.771422639489173889e-02
-1.241767182946205139e-01
1.315015926957130432e-02
-2.188307046890258789e-02
-3.659918531775474548e-02
-1.822459995746612549e-01
6.642971932888031006e-02
1.147863417863845825e-01
-8.053316175937652588e-02
-5.033583194017410278e-02
5.818770080804824829e-02
-2.878832444548606873e-02
6.262866780161857605e-03
1.581551134586334229e-01
-2.339747361838817596e-02
6.301251798868179321e-02
3.893700987100601196e-02
-7.432073354721069336e-02
3.476529382169246674e-03
-6.716185808181762695e-02
-7.296948134899139404e-02
-5.842712894082069397e-02
-1.000418066978454590e-01
7.268143817782402039e-03
-5.081358924508094788e-02
-8.812394738197326660e-02
-1.047005429863929749e-01
1.405877321958541870e-01
-8.932198584079742432e-02
-1.190064772963523865e-01
6.007678434252738953e-02
-8.013089001178741455e-02
6.570151448249816895e-02
1.501410361379384995e-02
-1.844502240419387817e-01
4.465570673346519470e-02
6.006701663136482239e-02
5.017434246838092804e-03
5.691166967153549194e-02
-5.822930857539176941e-02
6.009345874190330505e-02
-4.011573642492294312e-02
5.620310455560684204e-02
1.996372453868389130e-02
-3.882624953985214233e-02
-1.502787619829177856e-01
-2.786912769079208374e-02
-6.870958209037780762e-02
-2.084362320601940155e-02
-5.254039913415908813e-02
-5.430885404348373413e-02
-2.982965297996997833e-02
2.820462360978126526e-02
7.379495352506637573e-02
-8.860047161579132080e-02
5.917380750179290771e-02
-7.627916522324085236e-03
1.488746143877506256e-02
-7.264808751642704010e-03
-1.105236471630632877e-03
-5.384283885359764099e-02
6.752825528383255005e-02
9.682375937700271606e-02
9.419102221727371216e-02
-1.054406762123107910e-01
1.871542655862867832e-03
1.358693838119506836e-01
-1.995437406003475189e-02
8.421059697866439819e-02
1.243161223828792572e-02
-2.593691274523735046e-02
-1.606885530054569244e-02
6.193416565656661987e-02
5.809428915381431580e-02
-5.830075219273567200e-02
-5.246375873684883118e-02
9.645958244800567627e-02
8.220330812036991119e-03
5.673801898956298828e-02
-4.455228149890899658e-02
4.692703019827604294e-03
-4.566074535250663757e-02
-9.209479391574859619e-02
-1.082543879747390747e-01
9.734220802783966064e-02
8.375317789614200592e-03
8.336296677589416504e-02
-8.652046322822570801e-02
4.573494568467140198e-02
3.460730239748954773e-02
2.785130776464939117e-02
-8.208019286394119263e-02
3.957017138600349426e-02
1.156927272677421570e-01
3.584732487797737122e-02
4.090805724263191223e-02
5.610618740320205688e-02
4.902911186218261719e-02
-1.369566321372985840e-01
-7.099148631095886230e-02
-5.532815679907798767e-02
8.823178708553314209e-02
9.144148789346218109e-03
-2.142281271517276764e-02
2.352656982839107513e-02
-5.951538309454917908e-02
-5.241201817989349365e-02
1.790895313024520874e-02
-2.838824875652790070e-02
-4.478528350591659546e-02
-3.764191642403602600e-02
1.076469570398330688e-01
2.339635975658893585e-02
-7.259779423475265503e-02
1.288903644308447838e-03
-5.335120018571615219e-03
9.193632006645202637e-02
-1.238853391259908676e-02
-3.987408056855201721e-02
-2.490163408219814301e-02
-1.793878339231014252e-02
3.636951372027397156e-02
4.340198263525962830e-02
-3.370498493313789368e-02
-3.601904213428497314e-02
1.385883688926696777e-01
1.105232611298561096e-01
-4.055483266711235046e-02
4.183693975210189819e-02
4.092309623956680298e-02
-1.334183197468519211e-02
-6.844686716794967651e-02
-1.882160827517509460e-02
-4.333196952939033508e-02
-7.521838415414094925e-03
-7.387979421764612198e-03
2.537753991782665253e-02
-2.156714163720607758e-02
-2.364428341388702393e-02
8.155089616775512695e-02
-2.411727420985698700e-02
3.241904824972152710e-02
7.440376281738281250e-02
3.072914108633995056e-02
1.019708961248397827e-01
-2.512541785836219788e-02
-2.258522808551788330e-02
7.200960535556077957e-03
2.229211851954460144e-02
-8.916722610592842102e-03
4.056970123201608658e-03
-1.173448935151100159e-01
4.568693041801452637e-02
6.168270856142044067e-02
4.591090977191925049e-02
-1.304599829018115997e-02
-1.006184238940477371e-02
-1.717326045036315918e-02
1.727212220430374146e-02
-2.606385946273803711e-02
2.722502686083316803e-03
-5.978583430987782776e-05
2.326340042054653168e-02
9.500941261649131775e-03
8.269605785608291626e-02
-2.011425048112869263e-02
3.277227655053138733e-02
1.562654413282871246e-02
-5.561230331659317017e-02
4.751989617943763733e-02
6.685812026262283325e-02
2.140518091619014740e-02
-7.984906435012817383e-02
7.430808991193771362e-02
1.492442912422120571e-03
3.143115714192390442e-02
-1.005943398922681808e-03
5.406996607780456543e-02
8.721530437469482422e-02
1.061009149998426437e-02
-1.161473318934440613e-01
2.715254016220569611e-02
1.559296622872352600e-02
7.554078847169876099e-02
-5.405017361044883728e-02
4.643915593624114990e-02
-1.238902658224105835e-02
-5.310012027621269226e-02
-4.686907306313514709e-02
6.131996214389801025e-02
-4.276931658387184143e-02
-7.013369351625442505e-02
-5.244117230176925659e-02
-3.131428733468055725e-02
-4.761715605854988098e-02
3.457544744014739990e-02
1.009472757577896118e-01
-1.414800342172384262e-02
1.098266318440437317e-01
-1.101415678858757019e-01
-2.157962322235107422e-02
-5.446214228868484497e-02
2.169335447251796722e-02
1.694878935813903809e-02
-7.383699715137481689e-02
