1.694769114255905151e-01
4.598950594663619995e-02
5.354436114430427551e-02
-8.661405183374881744e-03
1.991237699985504150e-02
-1.104658693075180054e-01
-3.185696527361869812e-02
-1.547356508672237396e-02
-6.110235303640365601e-02
-7.783222943544387817e-02
-5.498808249831199646e-02
-2.536214515566825867e-02
4.455164074897766113e-02
-3.285375609993934631e-02
3.180654719471931458e-02
-2.871139533817768097e-02
2.385253459215164185e-02
6.131471320986747742e-02
-8.645361289381980896e-03
6.793434917926788330e-02
2.423046715557575226e-02
-3.749891743063926697e-02
7.951818406581878662e-02
9.687261655926704407e-03
-3.418787941336631775e-02
-1.916649751365184784e-02
2.362544275820255280e-02
-2.413105964660644531e-02
-6.007592380046844482e-02
3.430278599262237549e-02
-6.801839917898178101e-02
1.954133622348308563e-02
5.237887799739837646e-02
-5.692473798990249634e-02
8.486116304993629456e-03
2.833260223269462585e-02
8.632768690586090088e-02
-2.424650080502033234e-02
-1.080784872174263000e-01
-1.124975234270095825e-01
6.482404470443725586e-02
2.180444262921810150e-02
4.679273813962936401e-02
2.615120727568864822e-03
3.512745350599288940e-02
2.455182373523712158e-02
-7.385248690843582153e-02
5.800083652138710022e-02
-4.350076615810394287e-02
-2.720492333173751831e-02
-1.543049961328506470e-01
2.032779157161712646e-02
2.328258566558361053e-02
9.368493221700191498e-03
-9.520694147795438766e-04
5.988248810172080994e-02
-4.594228789210319519e-02
-6.439754366874694824e-02
1.074147447943687439e-01
2.312112413346767426e-02
5.587426573038101196e-02
2.194480272009968758e-03
-1.281218975782394409e-01
5.605501309037208557e-02
-6.236241757869720459e-02
-6.007246300578117371e-02
-1.243123970925807953e-02
-1.028217524290084839e-01
6.055323779582977295e-02
-1.114670187234878540e-02
2.001682296395301819e-02
-1.024682447314262390e-01
9.507030993700027466e-02
-1.583337411284446716e-02
-7.891494780778884888e-02
1.317304186522960663e-02
-2.562556788325309753e-02
7.938456535339355469e-02
-9.839149191975593567e-03
-1.079408824443817139e-01
-2.462440868839621544e-03
8.617633581161499023e-02
1.204183883965015411e-02
2.513636462390422821e-02
-1.262459438294172287e-03
5.740785971283912659e-02
-8.524701930582523346e-03
7.247443497180938721e-02
4.446882754564285278e-02
-4.075330495834350586e-02
-1.430885940790176392e-01
2.318522427231073380e-03
-5.096383020281791687e-02
3.020204789936542511e-02
-1.463597640395164490e-02
2.399339713156223297e-02
-3.036751225590705872e-02
9.148231148719787598e-02
1.995435357093811035e-01
-7.805045694112777710e-02
1.341280341148376465e-01
-3.534083068370819092e-02
7.470408827066421509e-02
1.940396241843700409e-02
-1.594144850969314575e-02
-1.643476262688636780e-02
3.340995311737060547e-02
6.359614431858062744e-02
1.362797170877456665e-01
-7.634904235601425171e-02
-5.159980058670043945e-02
1.756727546453475952e-01
2.883561700582504272e-02
8.476964384317398071e-02
3.757741674780845642e-02
-6.331910938024520874e-02
1.102914009243249893e-02
8.608224242925643921e-02
4.663713648915290833e-02
-9.650263935327529907e-02
-1.269552409648895264e-01
1.171106994152069092e-01
-3.640713542699813843e-02
4.844591766595840454e-02
4.635194491129368544e-04
-6.534206867218017578e-02
-8.920048922300338745e-02
-1.925785676576197147e-03
-1.042382940649986267e-01
1.882590502500534058e-01
-1.927389949560165405e-02
7.453056424856185913e-02
-5.792595073580741882e-02
4.149415343999862671e-02
5.313944816589355469e-02
7.568812370300292969e-02
-8.366014063358306885e-02
8.829697966575622559e-03
1.479262560606002808e-01
6.002931669354438782e-02
2.360338531434535980e-02
-2.752390131354331970e-02
1.313487142324447632e-01
-1.098666414618492126e-01
-8.751668781042098999e-02
-2.197014726698398590e-02
7.785024493932723999e-02
-9.691887535154819489e-03
-1.565204747021198273e-02
6.646706163883209229e-02
-8.714185655117034912e-02
-9.107321500778198242e-02
4.502752050757408142e-02
-3.646660223603248596e-02
-4.127445071935653687e-02
-4.369061067700386047e-02
8.370166271924972534e-02
2.750024385750293732e-02
-4.143233597278594971e-02
9.903321042656898499e-03
-3.692324832081794739e-02
1.134785786271095276e-01
-2.176598645746707916e-03
5.111462902277708054e-03
3.340851515531539917e-02
-2.983987890183925629e-02
4.783891513943672180e-02
7.276835292577743530e-02
2.502790838479995728e-02
-3.564042970538139343e-02
2.632371522486209869e-02
5.822806060314178467e-02
-1.662313565611839294e-02
9.585769474506378174e-02
5.983750149607658386e-02
-2.429212443530559540e-02
-4.680282995104789734e-02
-3.057403955608606339e-04
-1.177023202180862427e-01
4.513820633292198181e-03
1.658260077238082886e-02
3.340292349457740784e-02
4.056883975863456726e-02
-5.226114764809608459e-02
9.328508377075195312e-02
-3.275085240602493286e-02
7.325852662324905396e-02
3.404391929507255554e-02
-2.686444483697414398e-02
3.318637236952781677e-02
-4.534737765789031982e-02
-3.945922106504440308e-02
-2.554164826869964600e-02
-2.816752530634403229e-02
-1.353113166987895966e-02
-5.623659119009971619e-03
-1.060732454061508179e-01
6.854470819234848022e-02
3.608793392777442932e-02
6.699047237634658813e-02
4.724778234958648682e-02
3.536611050367355347e-02
7.609515637159347534e-02
4.634925723075866699e-02
1.170736178755760193e-02
2.937110140919685364e-02
-1.900798641145229340e-02
-8.468096144497394562e-03
2.055725641548633575e-02
2.846655622124671936e-02
4.880297556519508362e-02
-3.838643804192543030e-02
1.146061997860670090e-02
8.840154856443405151e-03
-1.784175401553511620e-03
3.694983571767807007e-02
1.337355095893144608e-02
-8.733027428388595581e-02
4.559366032481193542e-02
-4.061506316065788269e-02
-4.900504276156425476e-02
3.871796652674674988e-03
4.231451451778411865e-02
4.632554948329925537e-02
4.168057069182395935e-02
-8.746511302888393402e-03
9.277228266000747681e-03
-1.326999161392450333e-02
-1.694537885487079620e-02
-7.309086620807647705e-02
5.704034864902496338e-02
-1.001879107207059860e-02
-7.268784195184707642e-02
-1.045179814100265503e-01
1.060324087738990784e-01
-1.266357209533452988e-02
-1.022071838378906250e-01
-1.851211860775947571e-02
-4.455921798944473267e-02
-2.663123607635498047e-02
5.747626721858978271e-02
9.227816760540008545e-02
3.916242346167564392e-02
1.049404889345169067e-01
-1.086386218667030334e-01
-3.742516785860061646e-02
-5.952391028404235840e-02
1.112926676869392395e-01
-6.403469946235418320e-03
-8.056268095970153809e-02
