1.288241893053054810e-01
-2.119654044508934021e-02
2.926263958215713501e-02
-4.642608016729354858e-02
-4.279432445764541626e-02
-1.571575552225112915e-02
-8.912437409162521362e-02
-4.384316504001617432e-02
7.667016983032226562e-02
5.848338082432746887e-02
3.075865656137466431e-02
-3.941169753670692444e-02
-1.031429041177034378e-02
-7.487301528453826904e-02
1.129726693034172058e-02
-3.160648047924041748e-02
3.448070213198661804e-02
7.462102919816970825e-02
2.119204495102167130e-03
-3.259329125285148621e-02
-4.209034517407417297e-02
2.888249233365058899e-03
2.127231098711490631e-03
-2.559327892959117889e-02
-3.055819310247898102e-02
-1.170638501644134521e-01
2.019048482179641724e-02
-5.437387153506278992e-02
-9.038070589303970337e-02
-1.081532984972000122e-01
8.947038650512695312e-02
-5.425587296485900879e-02
-7.945441454648971558e-02
-7.184606045484542847e-02
4.316431656479835510e-02
-2.115414664149284363e-02
1.257500145584344864e-02
-2.247539721429347992e-02
-3.125336766242980957e-02
-2.941464632749557495e-02
4.389304667711257935e-02
-3.809309378266334534e-02
3.532415255904197693e-02
7.339914888143539429e-02
4.220030829310417175e-02
2.434158511459827423e-02
-1.318038702011108398e-01
1.171586010605096817e-02
-1.644781231880187988e-02
-3.416766226291656494e-02
-1.655909121036529541e-01
6.353377550840377808e-02
1.103892251849174500e-01
-1.006870269775390625e-01
-5.470826476812362671e-02
4.360788688063621521e-02
-2.498305961489677429e-02
2.452401444315910339e-02
1.591029167175292969e-01
-2.749464474618434906e-02
5.663050711154937744e-02
5.055606737732887268e-02
-4.202569648623466492e-02
-6.375875324010848999e-03
-6.521384418010711670e-02
-5.269039422273635864e-02
-6.316367536783218384e-02
-1.024613752961158752e-01
-1.535393763333559036e-02
-5.330729857087135315e-02
-1.137863323092460632e-01
-7.682531327009201050e-02
1.445264071226119995e-01
-8.658653497695922852e-02
-1.300745755434036255e-01
6.164614856243133545e-02
-8.842599391937255859e-02
7.433067262172698975e-02
1.403911970555782318e-02
-1.775681227445602417e-01
4.967236891388893127e-02
5.243617296218872070e-02
6.057993508875370026e-03
6.357505917549133301e-02
-6.341245025396347046e-02
4.877945408225059509e-02
-3.734415397047996521e-02
7.035842537879943848e-02
1.468441355973482132e-02
-3.721489757299423218e-02
-1.605745255947113037e-01
-3.248530626296997070e-02
-5.974989756941795349e-02
-3.610878437757492065e-02
-5.139320716261863708e-02
-6.354065239429473877e-02
-3.442375734448432922e-02
7.799651008099317551e-03
4.758579656481742859e-02
-8.021961152553558350e-02
4.060314595699310303e-02
-3.274544433224946260e-04
-1.510912668891251087e-03
-2.559798024594783783e-02
-1.459493301808834076e-02
-7.683701813220977783e-02
6.625903397798538208e-02
9.455056488513946533e-02
9.129066020250320435e-02
-9.519357979297637939e-02
4.653722513467073441e-03
1.304472386837005615e-01
-3.639612346887588501e-02
7.783079892396926880e-02
8.177585899829864502e-03
-2.780493535101413727e-02
-2.761314250528812408e-02
3.920192271471023560e-02
5.428657308220863342e-02
-6.185129657387733459e-02
-1.899866759777069092e-02
1.035890132188796997e-01
6.060793995857238770e-03
3.754160180687904358e-02
-6.095206737518310547e-02
1.615915633738040924e-02
-4.406369850039482117e-02
-1.128653958439826965e-01
-9.716632217168807983e-02
8.761399239301681519e-02
-1.274158857995644212e-04
8.229787647724151611e-02
-9.343371540307998657e-02
3.645006194710731506e-02
4.769992455840110779e-02
1.919621974229812622e-02
-7.416819036006927490e-02
9.588686749339103699e-03
9.060677886009216309e-02
4.442477226257324219e-02
1.581206731498241425e-02
7.400710135698318481e-02
1.925824023783206940e-02
-1.327777504920959473e-01
-5.679629743099212646e-02
-4.744385182857513428e-02
6.660325825214385986e-02
5.149574484676122665e-03
-2.064872533082962036e-02
-4.209829960018396378e-03
-6.524254381656646729e-02
-5.047571286559104919e-02
1.029588561505079269e-02
-2.739784121513366699e-02
-4.860651865601539612e-02
-2.605580352246761322e-02
9.898899495601654053e-02
1.798897422850131989e-02
-7.224389910697937012e-02
-2.174504799768328667e-03
1.879547140561044216e-03
1.014383211731910706e-01
-2.336729690432548523e-02
-4.492320120334625244e-02
-5.534696951508522034e-02
-1.408235076814889908e-02
4.203798249363899231e-02
3.055159747600555420e-02
-4.915245622396469116e-02
-6.069608777761459351e-02
1.729068905115127563e-01
1.388418674468994141e-01
-6.278707832098007202e-02
4.419175907969474792e-02
3.426472097635269165e-02
-2.061380259692668915e-02
-6.860703229904174805e-02
-2.394729061052203178e-03
-2.275340817868709564e-02
-2.391932532191276550e-03
-1.055306475609540939e-02
8.897286839783191681e-03
-5.109034478664398193e-02
2.764476230368018150e-03
7.002039253711700439e-02
-1.883313804864883423e-02
5.100214853882789612e-03
6.919071823358535767e-02
3.010452724993228912e-02
1.223992258310317993e-01
-1.598066836595535278e-02
-3.446265310049057007e-02
3.440018370747566223e-02
4.728050902485847473e-02
-1.422152016311883926e-02
1.815174147486686707e-02
-1.205828562378883362e-01
4.822626709938049316e-02
5.615692958235740662e-02
5.375627055764198303e-02
-3.526794910430908203e-02
-2.819763496518135071e-02
-4.023288562893867493e-02
1.212481968104839325e-02
-2.915963903069496155e-02
-6.141661666333675385e-03
4.906708374619483948e-03
1.888426020741462708e-02
-1.495801005512475967e-02
9.562946110963821411e-02
-4.940013214945793152e-02
3.850289434194564819e-02
4.009591881185770035e-03
-6.491708755493164062e-02
6.556303799152374268e-02
6.811457127332687378e-02
1.692283526062965393e-02
-7.879842817783355713e-02
8.115411549806594849e-02
1.355678029358386993e-02
4.982735961675643921e-02
-1.466896664351224899e-02
4.135305061936378479e-02
8.236335217952728271e-02
1.245806273072957993e-02
-1.530352532863616943e-01
2.074005454778671265e-02
2.357073873281478882e-02
9.606368839740753174e-02
-4.078532382845878601e-02
3.651435673236846924e-02
-1.434215623885393143e-02
-5.358228087425231934e-02
-2.976480871438980103e-02
7.497787475585937500e-02
-3.796444088220596313e-02
-6.895639002323150635e-02
-6.296894699335098267e-02
-4.173364490270614624e-02
-4.277293011546134949e-02
2.128785662353038788e-02
1.336240023374557495e-01
-1.551531907171010971e-02
1.124424636363983154e-01
-1.391447484493255615e-01
-3.062609396874904633e-02
-6.830894947052001953e-02
-6.590481847524642944e-03
2.937671169638633728e-02
-7.254733145236968994e-02
