1.704804301261901855e-01
-4.858872562181204557e-04
4.117197915911674500e-02
-4.524810612201690674e-02
-4.162549227476119995e-02
-4.650688543915748596e-02
-9.598591923713684082e-02
-5.161885544657707214e-02
5.505021288990974426e-02
3.891342505812644958e-02
1.074181636795401573e-03
-4.288699477910995483e-02
-1.011826214380562305e-03
-9.416127949953079224e-02
1.480656582862138748e-02
-5.272516980767250061e-02
3.259186446666717529e-02
8.564957231283187866e-02
1.560338656418025494e-03
-1.145160198211669922e-02
-2.794820629060268402e-02
-1.584007963538169861e-02
3.029627166688442230e-02
-2.270510792732238770e-02
-5.273315310478210449e-02
-1.107007935643196106e-01
4.077709466218948364e-02
-6.460344791412353516e-02
-1.123825460672378540e-01
-9.765898436307907104e-02
6.257079541683197021e-02
-5.016790702939033508e-02
-4.513867944478988647e-02
-7.023834437131881714e-02
3.217468783259391785e-02
-9.132070466876029968e-03
2.911661751568317413e-02
-3.498431667685508728e-02
-5.587086826562881470e-02
-5.760689452290534973e-02
5.388988181948661804e-02
-1.279734075069427490e-02
4.131976515054702759e-02
7.206070423126220703e-02
4.806986078619956970e-02
2.362831309437751770e-02
-1.277532130479812622e-01
3.222916275262832642e-02
-2.418566495180130005e-02
-3.996807709336280823e-02
-1.719873547554016113e-01
6.233681365847587585e-02
1.115170568227767944e-01
-8.565001189708709717e-02
-4.182735458016395569e-02
4.695381969213485718e-02
-3.364905714988708496e-02
-5.379036534577608109e-03
1.551463752985000610e-01
-1.700820773839950562e-02
6.120161712169647217e-02
4.210386052727699280e-02
-7.589258253574371338e-02
4.908740520477294922e-03
-7.079549133777618408e-02
-6.059373542666435242e-02
-5.278614163398742676e-02
-1.037616878747940063e-01
6.622897461056709290e-03
-5.051241815090179443e-02
-8.693259209394454956e-02
-9.627173840999603271e-02
1.350227445363998413e-01
-7.539889216423034668e-02
-1.263278424739837646e-01
5.389384180307388306e-02
-7.212481647729873657e-02
7.638428360223770142e-02
7.278143428266048431e-03
-1.773105710744857788e-01
3.627870604395866394e-02
6.232227012515068054e-02
2.319762855768203735e-02
6.162775307893753052e-02
-5.204069986939430237e-02
5.411433055996894836e-02
-3.146369755268096924e-02
5.572891235351562500e-02
3.135148435831069946e-02
-4.240383207798004150e-02
-1.626303791999816895e-01
-2.305137552320957184e-02
-5.861556902527809143e-02
-2.030206285417079926e-02
-5.361904576420783997e-02
-4.679167270660400391e-02
-3.207028657197952271e-02
3.225226327776908875e-02
8.647517859935760498e-02
-8.849692344665527344e-02
6.486354023218154907e-02
-8.545956574380397797e-03
1.980495825409889221e-02
-1.887635886669158936e-02
-9.183756075799465179e-03
-5.942444503307342529e-02
6.299153715372085571e-02
9.335038065910339355e-02
1.078052967786788940e-01
-9.829635173082351685e-02
-6.780114490538835526e-03
1.463804990053176880e-01
-1.897616684436798096e-02
9.081665426492691040e-02
1.204247958958148956e-02
-2.687183767557144165e-02
-1.559785846620798111e-02
5.466681718826293945e-02
5.492101982235908508e-02
-6.960730999708175659e-02
-4.870418831706047058e-02
1.085725873708724976e-01
1.106037292629480362e-03
5.108019709587097168e-02
-4.969338700175285339e-02
-2.396063791820779443e-04
-5.528909713029861450e-02
-8.490763604640960693e-02
-1.071353480219841003e-01
1.149822473526000977e-01
7.210810203105211258e-03
8.671382069587707520e-02
-9.539496153593063354e-02
4.215295240283012390e-02
4.112911969423294067e-02
2.303556725382804871e-02
-7.533732056617736816e-02
2.395214512944221497e-02
1.092231422662734985e-01
4.852297529578208923e-02
2.017898112535476685e-02
5.351089313626289368e-02
4.817614704370498657e-02
-1.383596956729888916e-01
-7.773244380950927734e-02
-5.477910861372947693e-02
8.517315238714218140e-02
8.030484430491924286e-03
-9.468021802604198456e-03
1.675297506153583527e-02
-7.157497107982635498e-02
-6.104262545704841614e-02
2.310584671795368195e-02
-2.263147197663784027e-02
-4.430994763970375061e-02
-3.576070442795753479e-02
1.063052266836166382e-01
1.415225584059953690e-02
-6.841694563627243042e-02
2.756737638264894485e-03
-5.217330064624547958e-03
1.063742265105247498e-01
-2.221443504095077515e-02
-3.239115700125694275e-02
-2.924115583300590515e-02
-1.354547683149576187e-02
4.233763366937637329e-02
4.869299381971359253e-02
-4.092142358422279358e-02
-5.877427384257316589e-02
1.483478546142578125e-01
1.243568956851959229e-01
-4.310075193643569946e-02
5.547105148434638977e-02
5.107351765036582947e-02
-1.994959451258182526e-02
-7.717084884643554688e-02
-1.309351995587348938e-02
-4.881371557712554932e-02
9.838235564529895782e-04
-8.860028348863124847e-03
1.975647546350955963e-02
-2.710065059363842010e-02
-1.294167712330818176e-02
8.541516214609146118e-02
-1.814366877079010010e-02
3.216177597641944885e-02
6.589636206626892090e-02
2.392437681555747986e-02
1.083848699927330017e-01
-2.523356862366199493e-02
-2.871741354465484619e-02
1.468912325799465179e-02
2.609931863844394684e-02
-1.273282337933778763e-02
9.411609731614589691e-03
-1.220941990613937378e-01
5.394403636455535889e-02
6.078571826219558716e-02
5.821027606725692749e-02
-1.500165276229381561e-02
-2.115717343986034393e-02
-1.098411250859498978e-02
2.438312396407127380e-02
-2.939647063612937927e-02
1.408335636369884014e-03
2.656090306118130684e-03
2.106214128434658051e-02
4.240731243044137955e-03
8.929260075092315674e-02
-2.452475763857364655e-02
2.744944579899311066e-02
9.589103050529956818e-03
-5.487682297825813293e-02
5.073832720518112183e-02
6.501225382089614868e-02
2.155752480030059814e-02
-8.550605177879333496e-02
7.229127734899520874e-02
-3.718071850016713142e-03
3.118354454636573792e-02
-8.951332420110702515e-03
5.507870018482208252e-02
8.704245835542678833e-02
2.007413469254970551e-02
-1.242626532912254333e-01
2.677112445235252380e-02
1.924683898687362671e-02
7.457765936851501465e-02
-5.565551295876502991e-02
3.763339295983314514e-02
-1.947245374321937561e-02
-6.418597698211669922e-02
-4.790414124727249146e-02
7.109127193689346313e-02
-3.800145536661148071e-02
-7.716869562864303589e-02
-5.043971538543701172e-02
-3.290343284606933594e-02
-4.478757083415985107e-02
2.922363393008708954e-02
1.060419529676437378e-01
-1.341643184423446655e-02
9.789147973060607910e-02
-1.234425827860832214e-01
-2.750135771930217743e-02
-5.867104232311248779e-02
1.402001082897186279e-02
2.121958136558532715e-02
-6.897436082363128662e-02
