1.748749911785125732e-01
-1.070210896432399750e-02
3.691774979233741760e-02
-5.047992989420890808e-02
-4.803780466318130493e-02
-3.914514183998107910e-02
-1.028519943356513977e-01
-5.419671162962913513e-02
7.214698940515518188e-02
5.311217904090881348e-02
7.438384927809238434e-03
-4.966592788696289062e-02
-6.078158039599657059e-03
-9.806453436613082886e-02
1.578590087592601776e-02
-5.680236220359802246e-02
3.250283747911453247e-02
8.606636524200439453e-02
1.091796439141035080e-02
-2.036009915173053741e-02
-4.416259005665779114e-02
-9.154777042567729950e-03
1.927073486149311066e-02
-2.075697481632232666e-02
-5.252284929156303406e-02
-1.207893639802932739e-01
3.526955470442771912e-02
-7.065749168395996094e-02
-1.144149005413055420e-01
-1.044114306569099426e-01
7.368905097246170044e-02
-5.948537588119506836e-02
-5.756914988160133362e-02
-7.370480895042419434e-02
2.877370081841945648e-02
-2.132858522236347198e-02
2.976902574300765991e-02
-2.998832054436206818e-02
-4.750840365886688232e-02
-4.664557054638862610e-02
4.914150759577751160e-02
-2.399330958724021912e-02
4.131194204092025757e-02
7.218094915151596069e-02
5.149697139859199524e-02
2.740215882658958435e-02
-1.251693964004516602e-01
1.940592937171459198e-02
-2.638736367225646973e-02
-3.717327490448951721e-02
-1.748726069927215576e-01
6.049149110913276672e-02
1.185856983065605164e-01
-9.428191930055618286e-02
-4.514411464333534241e-02
4.561213403940200806e-02
-3.376907855272293091e-02
1.018921285867691040e-02
1.585446000099182129e-01
-1.577751897275447845e-02
5.741370469331741333e-02
4.231141507625579834e-02
-6.494364142417907715e-02
1.226924476213753223e-03
-7.014602422714233398e-02
-5.835353955626487732e-02
-5.322206765413284302e-02
-1.023285835981369019e-01
-4.737067683890927583e-06
-4.371863603591918945e-02
-9.961798787117004395e-02
-8.966420590877532959e-02
1.437772512435913086e-01
-8.129268884658813477e-02
-1.309621483087539673e-01
5.434072762727737427e-02
-7.155678421258926392e-02
7.301286607980728149e-02
9.239065460860729218e-03
-1.775281131267547607e-01
4.719526693224906921e-02
5.580284819006919861e-02
1.566919684410095215e-02
6.381720304489135742e-02
-5.728306621313095093e-02
5.363921821117401123e-02
-2.713055536150932312e-02
6.219802424311637878e-02
2.786684967577457428e-02
-3.571004793047904968e-02
-1.626029610633850098e-01
-2.685048989951610565e-02
-6.518686562776565552e-02
-2.455231174826622009e-02
-5.124908313155174255e-02
-5.562055110931396484e-02
-2.835834585130214691e-02
2.663437090814113617e-02
7.669357210397720337e-02
-9.169870615005493164e-02
5.417309328913688660e-02
-8.044361136853694916e-03
1.524648722261190414e-02
-2.256791107356548309e-02
-1.359448954463005066e-02
-5.805649608373641968e-02
6.075723096728324890e-02
9.572827816009521484e-02
9.583886712789535522e-02
-9.529375284910202026e-02
-7.480019237846136093e-03
1.354821175336837769e-01
-3.105953894555568695e-02
8.370647579431533813e-02
5.756977014243602753e-03
-1.825541444122791290e-02
-2.014320529997348785e-02
5.224126949906349182e-02
5.796854943037033081e-02
-6.478749960660934448e-02
-4.008092358708381653e-02
1.063149273395538330e-01
1.682748435996472836e-03
4.386973008513450623e-02
-4.447173699736595154e-02
1.229157298803329468e-02
-5.218677595257759094e-02
-8.995161950588226318e-02
-1.016950607299804688e-01
1.037825718522071838e-01
8.503101998940110207e-04
8.012554049491882324e-02
-9.163416922092437744e-02
3.732336312532424927e-02
4.260842502117156982e-02
1.674507372081279755e-02
-7.513691484928131104e-02
2.319473028182983398e-02
1.006410419940948486e-01
4.919256269931793213e-02
1.738420873880386353e-02
5.824528262019157410e-02
3.172998502850532532e-02
-1.382885873317718506e-01
-6.698030233383178711e-02
-5.337479710578918457e-02
7.869341224431991577e-02
7.006228435784578323e-03
-1.370000559836626053e-02
8.511620573699474335e-03
-7.410971075296401978e-02
-5.215702950954437256e-02
1.268757786601781845e-02
-2.773724310100078583e-02
-4.652340337634086609e-02
-3.190332278609275818e-02
1.040560975670814514e-01
2.286396734416484833e-02
-6.756113469600677490e-02
-1.440224354155361652e-03
-1.863134093582630157e-03
9.872229397296905518e-02
-1.555103901773691177e-02
-3.627802804112434387e-02
-4.177349805831909180e-02
-1.198224164545536041e-02
4.027378931641578674e-02
4.524241387844085693e-02
-4.158532992005348206e-02
-5.584373325109481812e-02
1.574285179376602173e-01
1.301138699054718018e-01
-5.077322199940681458e-02
4.904804378747940063e-02
4.394475743174552917e-02
-1.779446937143802643e-02
-7.185483723878860474e-02
-1.140259765088558197e-02
-3.871944174170494080e-02
-2.812977414578199387e-03
-9.354203008115291595e-03
1.585052534937858582e-02
-3.601781278848648071e-02
-8.643973618745803833e-03
8.142237365245819092e-02
-1.688556000590324402e-02
2.349671721458435059e-02
6.549884378910064697e-02
2.818588912487030029e-02
1.092051044106483459e-01
-2.682175114750862122e-02
-2.731073088943958282e-02
2.283491939306259155e-02
2.604862488806247711e-02
-9.717484004795551300e-03
1.327171362936496735e-02
-1.122782602906227112e-01
5.012542381882667542e-02
5.538718402385711670e-02
5.736787244677543640e-02
-2.010808698832988739e-02
-2.871954813599586487e-02
-2.611505240201950073e-02
1.984316669404506683e-02
-3.570079058408737183e-02
-8.783212862908840179e-03
-1.081142807379364967e-03
2.371826209127902985e-02
-5.799910519272089005e-03
9.159488976001739502e-02
-3.576334938406944275e-02
3.197528421878814697e-02
6.505686789751052856e-03
-5.846253782510757446e-02
5.473275482654571533e-02
6.308002769947052002e-02
2.118927240371704102e-02
-7.692284882068634033e-02
6.738321483135223389e-02
-8.306625531986355782e-04
2.847498841583728790e-02
-8.736271411180496216e-03
4.456334188580513000e-02
8.185119926929473877e-02
1.440633367747068405e-02
-1.276001930236816406e-01
2.518147975206375122e-02
2.022393792867660522e-02
8.024647086858749390e-02
-4.373150318861007690e-02
3.214503079652786255e-02
-1.975874416530132294e-02
-5.376836284995079041e-02
-4.320839419960975647e-02
7.753337919712066650e-02
-3.858670219779014587e-02
-7.475892454385757446e-02
-4.767812043428421021e-02
-3.283146396279335022e-02
-3.924689814448356628e-02
3.206861019134521484e-02
1.137051433324813843e-01
-1.121880672872066498e-02
1.048666611313819885e-01
-1.336540281772613525e-01
-2.187407575547695160e-02
-5.880250036716461182e-02
3.409409429877996445e-03
2.728088758885860443e-02
-6.931148469448089600e-02
