1.196245551109313965e-01
4.550406709313392639e-03
1.546931546181440353e-02
-1.753045246005058289e-02
-3.036232478916645050e-02
-2.903320081532001495e-02
-6.756415963172912598e-02
-3.662990406155586243e-02
6.151892244815826416e-02
1.379210222512483597e-02
1.022262033075094223e-03
-2.292192354798316956e-02
6.769485771656036377e-03
-8.335699886083602905e-02
1.655311509966850281e-02
-5.324336513876914978e-02
3.210156038403511047e-02
4.707900807261466980e-02
-1.709871180355548859e-02
-5.654763896018266678e-03
-3.737805411219596863e-02
-5.210204049944877625e-03
1.703179068863391876e-02
-3.110259771347045898e-02
-4.500750824809074402e-02
-8.537793159484863281e-02
5.535835400223731995e-02
-6.008297204971313477e-02
-9.373728930950164795e-02
-9.545072168111801147e-02
5.959738045930862427e-02
-4.218819364905357361e-02
-1.648560725152492523e-02
-7.425188273191452026e-02
1.762174069881439209e-02
-1.557250041514635086e-02
4.876919090747833252e-02
-1.538683753460645676e-02
-5.892854556441307068e-02
-3.715644776821136475e-02
6.413859128952026367e-02
-1.704017072916030884e-02
3.565425425767898560e-02
7.780431210994720459e-02
3.720085695385932922e-02
1.667758263647556305e-02
-1.323672086000442505e-01
-1.101407688111066818e-04
-2.299015037715435028e-02
-5.831020697951316833e-02
-1.718904674053192139e-01
6.566164642572402954e-02
1.101449057459831238e-01
-8.842916786670684814e-02
-5.035349354147911072e-02
5.048140510916709900e-02
-3.417066484689712524e-02
-4.140236973762512207e-02
1.394389122724533081e-01
-2.150326780974864960e-02
5.887924507260322571e-02
4.436868429183959961e-02
-5.337867140769958496e-02
1.885296776890754700e-02
-6.714828312397003174e-02
-5.686425417661666870e-02
-4.838709905743598938e-02
-1.190157383680343628e-01
1.109117409214377403e-03
-5.332116782665252686e-02
-8.796443790197372437e-02
-1.101050749421119690e-01
1.462132036685943604e-01
-6.927935034036636353e-02
-1.488157659769058228e-01
5.070069432258605957e-02
-8.348762989044189453e-02
6.593131273984909058e-02
-2.779825590550899506e-04
-1.816257983446121216e-01
3.410563617944717407e-02
3.980228677392005920e-02
8.168799802660942078e-03
6.194034591317176819e-02
-5.869103595614433289e-02
5.830239877104759216e-02
-2.410050854086875916e-02
4.271202906966209412e-02
3.520177677273750305e-02
-3.626854345202445984e-02
-2.005028277635574341e-01
-3.923339769244194031e-03
-6.280419230461120605e-02
-3.646833449602127075e-02
-7.030868530273437500e-02
-3.697338327765464783e-02
-3.712869808077812195e-02
1.550135761499404907e-02
9.651993960142135620e-02
-7.889776676893234253e-02
6.865292042493820190e-02
-1.148277334868907928e-02
2.537930198013782501e-02
-1.361206732690334320e-02
1.392327598296105862e-03
-6.724180281162261963e-02
6.162809208035469055e-02
1.141865327954292297e-01
1.116497516632080078e-01
-9.024523198604583740e-02
-1.624422147870063782e-02
1.476436406373977661e-01
-5.993457976728677750e-03
9.717704355716705322e-02
2.074133232235908508e-02
-3.749948367476463318e-02
-3.349122032523155212e-02
4.512551799416542053e-02
7.119002193212509155e-02
-8.852054178714752197e-02
-8.069562911987304688e-02
1.131258979439735413e-01
5.026360973715782166e-03
4.626252874732017517e-02
-4.126742854714393616e-02
2.167303580790758133e-03
-7.908529043197631836e-02
-9.942422062158584595e-02
-9.944961965084075928e-02
1.030623093247413635e-01
-1.432006945833563805e-03
8.278940618038177490e-02
-9.579199552536010742e-02
4.462330415844917297e-02
3.572588041424751282e-02
3.235323727130889893e-02
-7.953107357025146484e-02
4.721293225884437561e-02
1.289671361446380615e-01
5.192973464727401733e-02
3.020888380706310272e-02
5.284519121050834656e-02
5.579942464828491211e-02
-1.571885645389556885e-01
-6.393816322088241577e-02
-6.184938177466392517e-02
6.358660757541656494e-02
7.143799215555191040e-03
-5.326609127223491669e-03
4.011821374297142029e-02
-8.133514970541000366e-02
-4.535247012972831726e-02
3.549728542566299438e-02
-4.826947674155235291e-02
-4.700623452663421631e-02
-5.433104187250137329e-02
8.835371583700180054e-02
4.906010348349809647e-03
-8.514105528593063354e-02
1.431098580360412598e-02
-1.293028239160776138e-02
1.321655511856079102e-01
-2.334052883088588715e-02
-3.987647965550422668e-02
-1.055279374122619629e-02
1.327997166663408279e-02
5.252688750624656677e-02
4.011072590947151184e-02
-5.605030432343482971e-02
-4.983494803309440613e-02
1.340971142053604126e-01
1.498006880283355713e-01
-3.755984455347061157e-02
5.798365920782089233e-02
6.172910705208778381e-02
-2.548027783632278442e-02
-7.458358258008956909e-02
-2.071941085159778595e-02
-3.454980999231338501e-02
1.056095492094755173e-02
-4.214232787489891052e-03
3.058916516602039337e-02
-4.100189357995986938e-02
-1.446918118745088577e-02
1.031623557209968567e-01
-1.860353909432888031e-02
2.027792483568191528e-02
8.199231326580047607e-02
4.330027475953102112e-02
1.110258847475051880e-01
-2.232165262103080750e-02
-3.306795656681060791e-02
5.388142075389623642e-03
2.198360487818717957e-02
-2.475479245185852051e-02
1.498777326196432114e-02
-1.344018280506134033e-01
5.598578229546546936e-02
5.704166367650032043e-02
7.774659246206283569e-02
-8.066306822001934052e-03
-1.302531640976667404e-02
-1.740697026252746582e-02
2.986866980791091919e-02
-3.703168779611587524e-02
2.314214594662189484e-02
-1.009518280625343323e-02
-5.230173119343817234e-04
-1.289071422070264816e-02
1.016456633806228638e-01
-1.122833322733640671e-02
1.092869229614734650e-02
5.031882785260677338e-03
-4.363242909312248230e-02
3.991247341036796570e-02
6.294967234134674072e-02
-2.079815836623311043e-03
-1.024975925683975220e-01
8.157824724912643433e-02
-1.322959363460540771e-02
2.702213078737258911e-02
-4.432564601302146912e-03
7.476589083671569824e-02
1.051481068134307861e-01
2.452541887760162354e-02
-1.195504441857337952e-01
2.647208608686923981e-02
1.843081228435039520e-02
5.817368254065513611e-02
-2.571432478725910187e-02
2.043456584215164185e-02
-2.152558043599128723e-02
-5.243196710944175720e-02
-5.046712234616279602e-02
6.248655915260314941e-02
-2.579596079885959625e-02
-5.958171933889389038e-02
-3.531021997332572937e-02
-3.243172308430075645e-03
-1.717551425099372864e-02
3.294038772583007812e-02
7.055161893367767334e-02
-4.361626692116260529e-03
4.284424334764480591e-02
-8.638884127140045166e-02
-2.575662918388843536e-02
-1.740804873406887054e-02
1.891976594924926758e-02
1.190327759832143784e-02
-3.348844125866889954e-02
