1.177655383944511414e-01
-1.314997114241123199e-02
2.736217714846134186e-02
-4.033879935741424561e-02
-4.157660901546478271e-02
-2.250563353300094604e-02
-8.179648220539093018e-02
-4.384401440620422363e-02
6.938537210226058960e-02
4.846944287419319153e-02
2.449491992592811584e-02
-3.413991257548332214e-02
-8.612340316176414490e-03
-7.944788783788681030e-02
1.257223170250654221e-02
-3.827406093478202820e-02
3.430550917983055115e-02
6.988862901926040649e-02
-3.569675609469413757e-03
-2.888981811702251434e-02
-3.123652003705501556e-02
5.774545134045183659e-04
1.210134197026491165e-02
-3.397919610142707825e-02
-3.515318781137466431e-02
-1.075241938233375549e-01
3.423148393630981445e-02
-5.428803339600563049e-02
-9.468436241149902344e-02
-1.047192215919494629e-01
7.948376238346099854e-02
-4.845766723155975342e-02
-6.691277027130126953e-02
-7.003258913755416870e-02
4.084754362702369690e-02
-1.386517100036144257e-02
1.385689247399568558e-02
-2.626872621476650238e-02
-3.917067125439643860e-02
-3.284373879432678223e-02
5.118818581104278564e-02
-2.997361868619918823e-02
3.062048181891441345e-02
7.877850532531738281e-02
4.184686765074729919e-02
1.928954757750034332e-02
-1.333137154579162598e-01
1.488879695534706116e-02
-1.423824299126863480e-02
-4.163359105587005615e-02
-1.638463139533996582e-01
6.671498715877532959e-02
1.072845309972763062e-01
-1.014190912246704102e-01
-5.142344534397125244e-02
4.587752744555473328e-02
-2.549148537218570709e-02
5.842045880854129791e-03
1.611632704734802246e-01
-3.244048729538917542e-02
5.953696370124816895e-02
5.161697790026664734e-02
-4.862572252750396729e-02
-6.488454528152942657e-03
-6.375876069068908691e-02
-5.900416523218154907e-02
-6.137773394584655762e-02
-1.049029827117919922e-01
-1.648646406829357147e-02
-5.874854698777198792e-02
-1.054491102695465088e-01
-8.684477210044860840e-02
1.376846581697463989e-01
-8.452898263931274414e-02
-1.336783915758132935e-01
6.427966803312301636e-02
-9.118964523077011108e-02
7.110062986612319946e-02
1.618462428450584412e-02
-1.830147802829742432e-01
4.157833009958267212e-02
5.038578808307647705e-02
1.141568180173635483e-02
6.359191983938217163e-02
-6.682679802179336548e-02
5.023243278264999390e-02
-4.383861646056175232e-02
6.324718892574310303e-02
1.803962327539920807e-02
-4.213243722915649414e-02
-1.664741486310958862e-01
-2.904003113508224487e-02
-5.885962024331092834e-02
-3.873056173324584961e-02
-6.297312676906585693e-02
-5.701624974608421326e-02
-3.612363710999488831e-02
7.738735526800155640e-03
5.292189866304397583e-02
-8.062726259231567383e-02
4.705774039030075073e-02
3.765021101571619511e-04
-4.117360731470398605e-05
-2.371778897941112518e-02
-2.197436057031154633e-03
-7.381555438041687012e-02
6.998351216316223145e-02
9.700685739517211914e-02
9.611269831657409668e-02
-9.909798949956893921e-02
4.166512750089168549e-03
1.342918127775192261e-01
-2.695127762854099274e-02
8.716228604316711426e-02
1.425298210233449936e-02
-3.496633842587471008e-02
-3.208174183964729309e-02
3.838970512151718140e-02
5.424811691045761108e-02
-6.391604989767074585e-02
-2.794243581593036652e-02
1.079334765672683716e-01
9.113650768995285034e-03
4.394853115081787109e-02
-6.340216845273971558e-02
8.505034260451793671e-03
-4.818656295537948608e-02
-1.142353937029838562e-01
-1.077701002359390259e-01
8.687952905893325806e-02
4.517906811088323593e-03
9.135398268699645996e-02
-9.815400838851928711e-02
4.277283325791358948e-02
4.320314899086952209e-02
2.318596094846725464e-02
-7.675717771053314209e-02
2.201375551521778107e-02
9.724381566047668457e-02
4.017572849988937378e-02
2.288017421960830688e-02
6.857593357563018799e-02
3.330390155315399170e-02
-1.340942829847335815e-01
-6.015813723206520081e-02
-4.970154538750648499e-02
7.359232753515243530e-02
6.888781208544969559e-03
-9.981136769056320190e-03
7.406590506434440613e-03
-6.284221261739730835e-02
-5.192372202873229980e-02
1.973471231758594513e-02
-2.818894013762474060e-02
-4.849427565932273865e-02
-3.497498854994773865e-02
1.018808335065841675e-01
9.825316257774829865e-03
-7.359914481639862061e-02
2.040040446445345879e-03
-2.977400552481412888e-03
1.054593175649642944e-01
-2.270884066820144653e-02
-4.033984988927841187e-02
-4.167482256889343262e-02
-9.557718411087989807e-03
4.386464133858680725e-02
3.384290263056755066e-02
-5.197908729314804077e-02
-6.067301332950592041e-02
1.656685471534729004e-01
1.383307278156280518e-01
-5.028931796550750732e-02
4.464820399880409241e-02
4.518535360693931580e-02
-1.849624887108802795e-02
-7.811652123928070068e-02
-1.061969064176082611e-02
-2.247180044651031494e-02
2.068223664537072182e-03
-1.273909024894237518e-02
1.402869634330272675e-02
-4.651906341314315796e-02
-3.242188133299350739e-03
7.730978727340698242e-02
-1.623951084911823273e-02
1.245324593037366867e-02
7.206962257623672485e-02
3.588370606303215027e-02
1.205333918333053589e-01
-1.144745387136936188e-02
-3.243771195411682129e-02
1.843415945768356323e-02
4.330704361200332642e-02
-1.709976233541965485e-02
1.274813618510961533e-02
-1.317118257284164429e-01
4.942948371171951294e-02
6.068999692797660828e-02
5.142719298601150513e-02
-2.656352333724498749e-02
-2.331340499222278595e-02
-2.798716537654399872e-02
1.656862162053585052e-02
-2.895662374794483185e-02
7.225557230412960052e-03
8.321395143866539001e-03
1.598756574094295502e-02
-1.738536637276411057e-03
9.558971226215362549e-02
-3.504395857453346252e-02
3.587026521563529968e-02
4.380548372864723206e-03
-5.927633866667747498e-02
6.110572069883346558e-02
6.748848408460617065e-02
1.923448033630847931e-02
-8.925932645797729492e-02
8.511830121278762817e-02
1.185068767517805099e-02
5.241523310542106628e-02
-1.650304161012172699e-02
5.277631431818008423e-02
9.383682161569595337e-02
1.404787879437208176e-02
-1.544149070978164673e-01
1.976410672068595886e-02
2.156973443925380707e-02
9.439942240715026855e-02
-4.819629341363906860e-02
4.376127198338508606e-02
-1.556096598505973816e-02
-5.942397937178611755e-02
-3.762548416852951050e-02
6.280909478664398193e-02
-3.586972504854202271e-02
-6.240247935056686401e-02
-6.447184085845947266e-02
-3.650403767824172974e-02
-4.251920059323310852e-02
2.172011323273181915e-02
1.166582629084587097e-01
-1.635726355016231537e-02
9.750721603631973267e-02
-1.195945963263511658e-01
-3.627006709575653076e-02
-5.890690162777900696e-02
3.914351575076580048e-03
2.263627015054225922e-02
-6.736329197883605957e-02
