1.279764324426651001e-01
-8.247469551861286163e-03
3.370894864201545715e-02
-2.327840216457843781e-02
-4.485143721103668213e-02
-2.195976115763187408e-02
-9.237334132194519043e-02
-3.570931404829025269e-02
7.457843422889709473e-02
4.276158288121223450e-02
2.038295753300189972e-02
-1.751468516886234283e-02
6.543856114149093628e-03
-9.432379156351089478e-02
2.537099644541740417e-02
-5.260498076677322388e-02
2.799347043037414551e-02
4.941337555646896362e-02
-1.133149117231369019e-02
-2.268644981086254120e-02
-2.954449690878391266e-02
8.846146054565906525e-03
2.004848420619964600e-02
-2.377320453524589539e-02
-2.241582423448562622e-02
-9.238523244857788086e-02
3.223589807748794556e-02
-6.249730661511421204e-02
-1.007793992757797241e-01
-9.474091976881027222e-02
6.849521398544311523e-02
-3.330476954579353333e-02
-2.570048905909061432e-02
-9.604078531265258789e-02
2.423341572284698486e-02
-2.326954714953899384e-02
3.478464111685752869e-02
-2.674555778503417969e-02
-5.760359764099121094e-02
-3.069444000720977783e-02
6.965628266334533691e-02
-3.182341903448104858e-02
3.994707018136978149e-02
8.625199645757675171e-02
2.007067948579788208e-02
2.159084379673004150e-02
-1.270629763603210449e-01
-1.501006539911031723e-02
-2.124898694455623627e-02
-4.620107635855674744e-02
-1.791622638702392578e-01
7.139360904693603516e-02
1.118177697062492371e-01
-9.047064185142517090e-02
-6.306622177362442017e-02
6.060346961021423340e-02
-1.762612722814083099e-02
-2.272588666528463364e-03
1.591253876686096191e-01
-2.518391981720924377e-02
6.534699350595474243e-02
3.545853868126869202e-02
-4.299800843000411987e-02
1.509078592061996460e-02
-6.664579361677169800e-02
-5.981931462883949280e-02
-7.323644310235977173e-02
-1.126702502369880676e-01
2.058201003819704056e-03
-7.369957119226455688e-02
-1.021726503968238831e-01
-1.075340956449508667e-01
1.544668674468994141e-01
-8.630523830652236938e-02
-1.308750212192535400e-01
6.146790832281112671e-02
-8.557390421628952026e-02
6.960074603557586670e-02
6.096147466450929642e-03
-1.955174505710601807e-01
5.583303794264793396e-02
5.191706493496894836e-02
-7.282076869159936905e-03
6.667604297399520874e-02
-6.310053914785385132e-02
6.062062829732894897e-02
-4.789832234382629395e-02
6.674289703369140625e-02
2.051106654107570648e-02
-3.332259505987167358e-02
-1.789684146642684937e-01
-2.996393665671348572e-02
-6.309631466865539551e-02
-2.650595083832740784e-02
-5.773288384079933167e-02
-5.639746785163879395e-02
-4.559399560093879700e-02
7.506687194108963013e-03
6.713512539863586426e-02
-9.228889644145965576e-02
6.819951534271240234e-02
-2.232865057885646820e-02
1.644963584840297699e-02
-1.329687051475048065e-02
-7.326931226998567581e-03
-6.976348906755447388e-02
7.672810554504394531e-02
1.085234805941581726e-01
1.085980162024497986e-01
-1.018823012709617615e-01
5.317946197465062141e-04
1.367441862821578979e-01
-1.675020717084407806e-02
9.551178663969039917e-02
1.042900048196315765e-02
-4.930494353175163269e-02
-2.793584391474723816e-02
5.138545483350753784e-02
6.547515094280242920e-02
-7.252926379442214966e-02
-5.833382532000541687e-02
9.707920998334884644e-02
6.053525023162364960e-03
5.321015790104866028e-02
-4.297408089041709900e-02
8.467772044241428375e-03
-5.292927473783493042e-02
-1.230531260371208191e-01
-1.045478880405426025e-01
7.973447442054748535e-02
1.101768109947443008e-03
8.690386265516281128e-02
-8.766821026802062988e-02
4.468426480889320374e-02
3.703723847866058350e-02
3.786284849047660828e-02
-9.108999371528625488e-02
4.306438565254211426e-02
1.191467344760894775e-01
3.526217117905616760e-02
5.483382940292358398e-02
6.460031121969223022e-02
5.663581565022468567e-02
-1.466028839349746704e-01
-7.049791514873504639e-02
-6.102035194635391235e-02
7.378480583429336548e-02
6.717496551573276520e-03
-3.489130362868309021e-02
2.746819145977497101e-02
-5.951973795890808105e-02
-5.312208086252212524e-02
2.020850591361522675e-02
-4.518710821866989136e-02
-5.341874435544013977e-02
-4.849581792950630188e-02
9.839802980422973633e-02
2.502966485917568207e-02
-8.029554784297943115e-02
7.837406359612941742e-03
-4.628709517419338226e-03
9.172889590263366699e-02
-1.596934348344802856e-02
-4.933767393231391907e-02
-2.456584200263023376e-02
-2.113825874403119087e-03
3.616100177168846130e-02
2.903368137776851654e-02
-5.214910581707954407e-02
-2.679408900439739227e-02
1.390557289123535156e-01
1.223096251487731934e-01
-4.588663205504417419e-02
2.662405371665954590e-02
4.575085639953613281e-02
-2.598454058170318604e-02
-6.772771477699279785e-02
-2.252890728414058685e-02
-2.754101529717445374e-02
-7.712190505117177963e-03
-1.141226198524236679e-02
3.566361591219902039e-02
-4.857065156102180481e-02
-2.041209861636161804e-02
8.865790069103240967e-02
-2.600921317934989929e-02
1.113207451999187469e-02
8.920934051275253296e-02
3.620864078402519226e-02
1.001728549599647522e-01
-2.082035318017005920e-02
-3.085876628756523132e-02
7.950215600430965424e-03
2.639276348054409027e-02
-1.871356368064880371e-02
1.882025040686130524e-02
-1.219739764928817749e-01
2.759478241205215454e-02
5.978641659021377563e-02
4.947360977530479431e-02
-2.217443473637104034e-02
-1.472537638619542122e-03
-3.297965228557586670e-02
1.812442578375339508e-02
-4.261086881160736084e-02
1.901417784392833710e-02
-1.206880318932235241e-03
2.645079512149095535e-03
4.556837026029825211e-03
7.339949160814285278e-02
-3.253301605582237244e-02
3.175843134522438049e-02
4.731096327304840088e-03
-5.150339752435684204e-02
3.952534496784210205e-02
6.855677068233489990e-02
4.413962364196777344e-03
-7.278893142938613892e-02
9.006392210721969604e-02
1.087722461670637131e-02
3.341882675886154175e-02
-1.504401327110826969e-03
6.216764450073242188e-02
1.079981178045272827e-01
1.006829086691141129e-02
-1.312867403030395508e-01
2.441079728305339813e-02
2.467971667647361755e-02
7.943274825811386108e-02
-3.747975826263427734e-02
4.228430613875389099e-02
-6.816262612119317055e-04
-3.459198400378227234e-02
-4.757573083043098450e-02
5.013045668601989746e-02
-3.717796877026557922e-02
-5.140175670385360718e-02
-4.001930356025695801e-02
-1.115326024591922760e-02
-3.876489400863647461e-02
2.258308604359626770e-02
8.966026455163955688e-02
-1.003554742783308029e-02
9.078607708215713501e-02
-8.405128866434097290e-02
-1.307278126478195190e-02
-3.414911776781082153e-02
2.353078126907348633e-02
1.414222735911607742e-02
-4.769475385546684265e-02
