1.158351972699165344e-01
-8.513374254107475281e-03
3.304304927587509155e-02
-2.001397684216499329e-02
-4.186524078249931335e-02
-2.861542999744415283e-02
-9.177740663290023804e-02
-2.186175622045993805e-02
7.681579887866973877e-02
5.286399647593498230e-02
1.762559823691844940e-02
-4.446900915354490280e-03
1.611086353659629822e-02
-9.171065688133239746e-02
3.472365811467170715e-02
-4.386863484978675842e-02
3.612541034817695618e-02
3.134563937783241272e-02
-1.048391498625278473e-02
-2.783086337149143219e-02
-2.264172397553920746e-02
1.105458009988069534e-02
2.490927651524543762e-02
-1.385311502963304520e-02
-1.676791161298751831e-02
-7.565591484308242798e-02
1.974555477499961853e-02
-5.385274812579154968e-02
-7.485398650169372559e-02
-6.353008747100830078e-02
6.668408215045928955e-02
-1.937775686383247375e-02
-1.484903134405612946e-02
-1.172371432185173035e-01
1.838745176792144775e-02
-3.714067861437797546e-02
4.898933693766593933e-02
-2.156215533614158630e-02
-5.396979302167892456e-02
-2.355840615928173065e-02
6.612835824489593506e-02
-6.415298581123352051e-02
3.990424051880836487e-02
8.847353607416152954e-02
1.859032548964023590e-02
2.564775384962558746e-02
-1.276409775018692017e-01
-5.421179905533790588e-02
-1.263535302132368088e-02
-5.002800747752189636e-02
-1.716240644454956055e-01
6.738866120576858521e-02
1.084888875484466553e-01
-7.572393864393234253e-02
-7.891540229320526123e-02
6.751921772956848145e-02
-1.392881944775581360e-02
-3.591060522012412548e-04
1.475593894720077515e-01
-3.339593484997749329e-02
5.759363248944282532e-02
3.980979695916175842e-02
-1.775650680065155029e-02
2.474628202617168427e-02
-6.375531107187271118e-02
-6.228663027286529541e-02
-8.116488158702850342e-02
-1.087891459465026855e-01
1.016465295106172562e-02
-7.887972146272659302e-02
-9.919339418411254883e-02
-1.012736111879348755e-01
1.579224467277526855e-01
-7.640144973993301392e-02
-1.130334660410881042e-01
7.378689199686050415e-02
-9.378001838922500610e-02
5.105023831129074097e-02
-9.436542168259620667e-03
-1.714200228452682495e-01
6.648236513137817383e-02
5.343285948038101196e-02
-1.430793572217226028e-02
4.482012614607810974e-02
-6.524965167045593262e-02
7.017473876476287842e-02
-3.833667188882827759e-02
6.239035725593566895e-02
9.874211624264717102e-03
-2.406878955662250519e-02
-1.861156076192855835e-01
-6.541184149682521820e-03
-6.215050444006919861e-02
-1.655441336333751678e-02
-4.725322127342224121e-02
-6.082742661237716675e-02
-5.797634646296501160e-02
-9.351113811135292053e-03
7.065238803625106812e-02
-1.010477095842361450e-01
7.844881713390350342e-02
-2.707008458673954010e-02
1.579395867884159088e-02
-1.267187669873237610e-02
-1.533846464008092880e-02
-7.822761684656143188e-02
7.681967318058013916e-02
1.271069347858428955e-01
1.111909374594688416e-01
-1.089670658111572266e-01
-4.268580581992864609e-03
1.422185450792312622e-01
-2.416381798684597015e-02
8.609794080257415771e-02
2.147676609456539154e-02
-6.319781392812728882e-02
-2.097617462277412415e-02
6.237487494945526123e-02
7.487353682518005371e-02
-9.300183504819869995e-02
-7.540975511074066162e-02
9.154153615236282349e-02
6.053449120372533798e-03
6.871020793914794922e-02
-3.292241320013999939e-02
9.585087187588214874e-03
-6.111430004239082336e-02
-1.440220326185226440e-01
-1.148571595549583435e-01
8.449487388134002686e-02
-1.269320398569107056e-02
8.951660245656967163e-02
-8.722463995218276978e-02
4.813095927238464355e-02
3.902984037995338440e-02
6.701288372278213501e-02
-1.041409447789192200e-01
6.152947619557380676e-02
1.416358500719070435e-01
4.284517839550971985e-02
7.394662499427795410e-02
6.945557147264480591e-02
6.151766702532768250e-02
-1.594018489122390747e-01
-6.204061955213546753e-02
-6.475895643234252930e-02
6.735832244157791138e-02
5.157428327947854996e-03
-4.580333828926086426e-02
3.026536107063293457e-02
-6.110426038503646851e-02
-5.158106982707977295e-02
2.416683547198772430e-02
-6.349967420101165771e-02
-5.982988700270652771e-02
-5.637509003281593323e-02
1.019677370786666870e-01
5.227851495146751404e-02
-9.141160547733306885e-02
9.407385252416133881e-03
-2.461827546358108521e-02
8.635056763887405396e-02
-7.421517744660377502e-03
-7.450968027114868164e-02
-3.523031249642372131e-02
-5.991423036903142929e-03
1.951763965189456940e-02
3.452067077159881592e-02
-5.365428701043128967e-02
-6.223803851753473282e-03
1.363798528909683228e-01
1.201485767960548401e-01
-3.865082189440727234e-02
2.752746082842350006e-02
4.724543169140815735e-02
-2.721066586673259735e-02
-6.061860918998718262e-02
-3.870468586683273315e-02
-2.316116914153099060e-02
-1.057487446814775467e-02
4.404657054692506790e-03
4.737268388271331787e-02
-5.153398960828781128e-02
-2.729834057390689850e-02
1.163223385810852051e-01
-2.203795313835144043e-02
-1.979784807190299034e-03
1.164657026529312134e-01
4.698853939771652222e-02
9.100285917520523071e-02
-2.775175124406814575e-02
-3.065119683742523193e-02
-2.325594541616737843e-04
1.972482167184352875e-02
-2.274446003139019012e-02
3.523918986320495605e-02
-1.108694076538085938e-01
1.598903164267539978e-02
4.943482950329780579e-02
4.524523019790649414e-02
-2.831179648637771606e-02
1.797947101294994354e-02
-4.883870854973793030e-02
1.788698864402249455e-04
-3.948542848229408264e-02
2.641019783914089203e-02
-3.604677040129899979e-04
-1.180005632340908051e-02
3.381593385711312294e-03
6.157137081027030945e-02
-3.844232112169265747e-02
2.632394246757030487e-02
7.087776903063058853e-03
-3.978371620178222656e-02
2.330316230654716492e-02
4.255352914333343506e-02
-2.717838063836097717e-02
-6.245337426662445068e-02
9.115033596754074097e-02
2.422571880742907524e-03
2.218358777463436127e-02
6.003655027598142624e-03
6.211727485060691833e-02
1.215153485536575317e-01
-4.434821661561727524e-03
-8.920329809188842773e-02
3.625702112913131714e-02
1.921627297997474670e-02
5.022423714399337769e-02
-1.632178388535976410e-02
2.336359582841396332e-02
2.743968274444341660e-03
3.684403374791145325e-03
-4.919879138469696045e-02
3.468428179621696472e-02
-2.449611946940422058e-02
-2.985472045838832855e-02
-1.377589069306850433e-02
1.789440773427486420e-02
-2.745535038411617279e-02
1.723463647067546844e-02
5.650040507316589355e-02
-1.697495754342526197e-04
7.314111292362213135e-02
-4.408834129571914673e-02
1.552430447190999985e-03
-1.484190393239259720e-02
3.760645911097526550e-02
-8.640655316412448883e-03
-2.021489478647708893e-02
