1.687276065349578857e-01
2.105859341099858284e-03
4.369311779737472534e-02
-3.401112183928489685e-02
-4.835201427340507507e-02
-4.122618958353996277e-02
-1.038669347763061523e-01
-4.728533700108528137e-02
6.333237141370773315e-02
3.831803053617477417e-02
2.298954408615827560e-03
-3.497571125626564026e-02
5.087130703032016754e-03
-1.017667874693870544e-01
2.247313782572746277e-02
-6.004760041832923889e-02
3.116030432283878326e-02
7.825645059347152710e-02
2.446370897814631462e-03
-1.526287849992513657e-02
-2.700117416679859161e-02
-5.560928955674171448e-03
3.098800405859947205e-02
-2.010267414152622223e-02
-4.184953495860099792e-02
-1.053423583507537842e-01
4.019436612725257874e-02
-7.001329958438873291e-02
-1.189150884747505188e-01
-9.918896853923797607e-02
5.682373419404029846e-02
-3.964957594871520996e-02
-2.476868778467178345e-02
-8.452115207910537720e-02
2.030881680548191071e-02
-1.278539467602968216e-02
3.747080639004707336e-02
-3.805273026227951050e-02
-6.366264820098876953e-02
-5.456051230430603027e-02
7.006044685840606689e-02
-7.404599804431200027e-03
4.068674147129058838e-02
8.053689450025558472e-02
3.686659410595893860e-02
2.661748230457305908e-02
-1.232577115297317505e-01
1.673652790486812592e-02
-2.566738985478878021e-02
-4.315514117479324341e-02
-1.819889396429061890e-01
6.801638752222061157e-02
1.170215830206871033e-01
-8.480039238929748535e-02
-4.889384657144546509e-02
5.748767033219337463e-02
-2.948125265538692474e-02
-8.874861523509025574e-03
1.602760255336761475e-01
-1.726070791482925415e-02
6.728889793157577515e-02
3.305253386497497559e-02
-7.521338760852813721e-02
9.136709384620189667e-03
-7.013076543807983398e-02
-6.651492416858673096e-02
-5.851761624217033386e-02
-1.038926541805267334e-01
1.039457507431507111e-02
-5.877982079982757568e-02
-8.577961474657058716e-02
-1.097265928983688354e-01
1.403188705444335938e-01
-8.349750190973281860e-02
-1.290614008903503418e-01
5.223381519317626953e-02
-7.198444008827209473e-02
7.353682816028594971e-02
8.273857645690441132e-03
-1.919234097003936768e-01
4.563597589731216431e-02
5.766239762306213379e-02
9.358730167150497437e-03
6.519366800785064697e-02
-5.605636909604072571e-02
5.712069198489189148e-02
-4.054190590977668762e-02
5.654599890112876892e-02
3.182143345475196838e-02
-3.714589029550552368e-02
-1.611681580543518066e-01
-3.021349571645259857e-02
-6.172569841146469116e-02
-1.736040785908699036e-02
-5.657320469617843628e-02
-4.955895245075225830e-02
-3.477116301655769348e-02
3.156819567084312439e-02
8.477696031332015991e-02
-9.603054076433181763e-02
6.881707906723022461e-02
-2.050783485174179077e-02
2.263217605650424957e-02
-8.015152998268604279e-03
-1.985097071155905724e-03
-5.302974581718444824e-02
7.146312296390533447e-02
9.899651259183883667e-02
1.101851612329483032e-01
-1.018323674798011780e-01
-2.879597712308168411e-03
1.439253687858581543e-01
-1.119999866932630539e-02
9.685730189085006714e-02
6.823961623013019562e-03
-3.119621612131595612e-02
-1.840790174901485443e-02
5.782832577824592590e-02
5.913375318050384521e-02
-6.447432190179824829e-02
-5.915426462888717651e-02
1.013837680220603943e-01
5.423665978014469147e-03
5.540433898568153381e-02
-4.149382933974266052e-02
6.950449896976351738e-04
-5.068353563547134399e-02
-9.109538048505783081e-02
-1.077169924974441528e-01
1.004610732197761536e-01
1.018786057829856873e-02
8.459877967834472656e-02
-9.218847006559371948e-02
4.547989740967750549e-02
3.576684370636940002e-02
2.791803702712059021e-02
-8.551502227783203125e-02
3.920246660709381104e-02
1.159670650959014893e-01
3.820234537124633789e-02
4.103070870041847229e-02
5.018439143896102905e-02
6.272433698177337646e-02
-1.428090333938598633e-01
-7.882007211446762085e-02
-6.051971763372421265e-02
9.012539684772491455e-02
9.637669660151004791e-03
-2.111077867448329926e-02
3.254927322268486023e-02
-6.324861198663711548e-02
-5.740850418806076050e-02
2.428329922258853912e-02
-2.933789603412151337e-02
-4.814214631915092468e-02
-4.429635033011436462e-02
1.043615266680717468e-01
1.784851402044296265e-02
-7.137324661016464233e-02
5.542687140405178070e-03
-3.736870363354682922e-03
9.178177267313003540e-02
-1.421813853085041046e-02
-3.545895591378211975e-02
-1.645511016249656677e-02
-8.322182111442089081e-03
3.646555542945861816e-02
4.386680573225021362e-02
-4.248338565230369568e-02
-3.721308335661888123e-02
1.359293907880783081e-01
1.150854974985122681e-01
-4.081867262721061707e-02
3.854777291417121887e-02
4.962853342294692993e-02
-1.819561235606670380e-02
-7.109620422124862671e-02
-1.915751397609710693e-02
-4.450873658061027527e-02
-3.548251697793602943e-03
-1.321272365748882294e-02
3.041450120508670807e-02
-2.404247410595417023e-02
-2.581512555480003357e-02
8.295845240354537964e-02
-2.494694106280803680e-02
3.369132429361343384e-02
7.527720928192138672e-02
2.815508469939231873e-02
9.949403256177902222e-02
-2.601999044418334961e-02
-2.375699393451213837e-02
7.332246284931898117e-03
1.956746540963649750e-02
-1.305649057030677795e-02
8.608061820268630981e-03
-1.188926100730895996e-01
4.167877137660980225e-02
6.377011537551879883e-02
5.167076364159584045e-02
-1.235475391149520874e-02
-1.249173097312450409e-02
-1.257636584341526031e-02
2.632308751344680786e-02
-3.802500665187835693e-02
1.129765529185533524e-02
-8.844080148264765739e-04
1.869194582104682922e-02
1.303700357675552368e-02
7.870275527238845825e-02
-1.843610033392906189e-02
3.115724213421344757e-02
8.281714282929897308e-03
-5.380728840827941895e-02
4.062730818986892700e-02
7.150587439537048340e-02
2.147098071873188019e-02
-7.839184254407882690e-02
7.776895165443420410e-02
2.726909937337040901e-03
2.638899907469749451e-02
-9.218836203217506409e-04
6.059391796588897705e-02
9.358762949705123901e-02
1.641412451863288879e-02
-1.210067048668861389e-01
2.476369589567184448e-02
1.815311983227729797e-02
7.489839196205139160e-02
-5.116795375943183899e-02
4.489295557141304016e-02
-6.741594988852739334e-03
-5.268716067075729370e-02
-5.198338255286216736e-02
5.348460748791694641e-02
-4.116256907582283020e-02
-6.262717396020889282e-02
-4.249734058976173401e-02
-2.252829074859619141e-02
-4.568854719400405884e-02
2.960694581270217896e-02
9.010709077119827271e-02
-1.435431558638811111e-02
9.567894041538238525e-02
-9.747504442930221558e-02
-1.741160079836845398e-02
-4.444085434079170227e-02
2.159425616264343262e-02
1.897125691175460815e-02
-6.044872477650642395e-02
