1.135978624224662781e-01
1.118375547230243683e-02
1.250195037573575974e-02
-2.482104115188121796e-02
-2.107133716344833374e-02
-2.998580969870090485e-02
-6.415820121765136719e-02
-3.115073405206203461e-02
6.278350949287414551e-02
3.100462630391120911e-02
-1.470193453133106232e-02
-2.283359691500663757e-02
2.264078008010983467e-03
-8.459133654832839966e-02
6.273647770285606384e-03
-4.366574436426162720e-02
3.880143165588378906e-02
4.454447329044342041e-02
-3.226333996281027794e-03
-6.605693604797124863e-03
-4.230768233537673950e-02
-1.529982965439558029e-02
1.728665456175804138e-02
-9.220782667398452759e-03
-5.646910890936851501e-02
-9.704796969890594482e-02
5.160522088408470154e-02
-6.848740577697753906e-02
-8.544873446226119995e-02
-9.204139560461044312e-02
6.138394773006439209e-02
-4.611788317561149597e-02
-1.977857016026973724e-02
-7.425820082426071167e-02
1.053313072770833969e-02
-2.599086984992027283e-02
6.029453128576278687e-02
-2.196492440998554230e-02
-5.054229870438575745e-02
-3.951047360897064209e-02
5.366722494363784790e-02
-2.517601661384105682e-02
3.632095828652381897e-02
7.467648386955261230e-02
5.116483941674232483e-02
2.734499797224998474e-02
-1.338797211647033691e-01
-1.212353166192770004e-02
-2.019721269607543945e-02
-6.361435353755950928e-02
-1.636246889829635620e-01
6.093070656061172485e-02
1.184114888310432434e-01
-8.042556047439575195e-02
-4.682861268520355225e-02
4.742812365293502808e-02
-4.327032342553138733e-02
-2.853021770715713501e-02
1.222978457808494568e-01
-3.811519220471382141e-02
6.346214562654495239e-02
4.461040720343589783e-02
-4.293206334114074707e-02
2.226422168314456940e-02
-7.595834881067276001e-02
-5.748867243528366089e-02
-5.049772933125495911e-02
-1.050491109490394592e-01
8.866262622177600861e-03
-4.044859483838081360e-02
-8.099114149808883667e-02
-9.976320713758468628e-02
1.369827687740325928e-01
-6.242661923170089722e-02
-1.477122902870178223e-01
5.434567481279373169e-02
-8.339801430702209473e-02
5.764782801270484924e-02
-1.725465431809425354e-02
-1.628453284502029419e-01
4.480499029159545898e-02
4.525847733020782471e-02
1.937721483409404755e-02
3.971672430634498596e-02
-5.893399566411972046e-02
6.242140382528305054e-02
-1.034699194133281708e-02
3.040744550526142120e-02
3.931058570742607117e-02
-2.545428834855556488e-02
-2.000915259122848511e-01
1.461124792695045471e-02
-6.207474321126937866e-02
-3.464456647634506226e-02
-6.269233673810958862e-02
-4.446633160114288330e-02
-3.295632079243659973e-02
4.918692633509635925e-03
9.827268123626708984e-02
-8.084134757518768311e-02
6.870568543672561646e-02
-3.372418461367487907e-03
2.762614004313945770e-02
-1.159822940826416016e-02
-9.023459628224372864e-03
-6.444072723388671875e-02
5.376365035772323608e-02
1.191997677087783813e-01
1.109196320176124573e-01
-9.660080075263977051e-02
-2.099837735295295715e-02
1.596757620573043823e-01
-1.916419342160224915e-02
8.735949546098709106e-02
2.232718281447887421e-02
-2.768695913255214691e-02
-1.958897709846496582e-02
4.538125172257423401e-02
6.552604585886001587e-02
-9.599307924509048462e-02
-8.317948132753372192e-02
1.098849028348922729e-01
9.784788824617862701e-03
5.728221312165260315e-02
-3.332762792706489563e-02
2.383320592343807220e-03
-8.190725743770599365e-02
-1.035047173500061035e-01
-1.033966466784477234e-01
1.202851459383964539e-01
-1.580492942593991756e-03
7.495030760765075684e-02
-1.084867268800735474e-01
4.404715448617935181e-02
3.769112005829811096e-02
3.662545606493949890e-02
-8.040060847997665405e-02
5.345534533262252808e-02
1.380326896905899048e-01
6.410852819681167603e-02
2.379842288792133331e-02
5.692888051271438599e-02
4.271987453103065491e-02
-1.634582132101058960e-01
-6.203720346093177795e-02
-6.585860252380371094e-02
6.992945820093154907e-02
-1.000703312456607819e-03
-2.514830790460109711e-03
3.708114475011825562e-02
-9.139474481344223022e-02
-4.313428327441215515e-02
3.089975938200950623e-02
-4.599391669034957886e-02
-4.812096804380416870e-02
-4.916542395949363708e-02
9.514248371124267578e-02
2.601348049938678741e-02
-9.127464145421981812e-02
1.550222467631101608e-02
-2.065275423228740692e-02
1.362696290016174316e-01
-1.578650623559951782e-02
-5.572078749537467957e-02
-2.468514256179332733e-02
6.426218897104263306e-03
3.542710095643997192e-02
6.522967666387557983e-02
-6.802929192781448364e-02
-5.142170190811157227e-02
1.494995802640914917e-01
1.578918993473052979e-01
-2.993420697748661041e-02
7.050383090972900391e-02
5.913582816720008850e-02
-2.747944556176662445e-02
-7.524315267801284790e-02
-2.964540943503379822e-02
-3.936775028705596924e-02
1.359733659774065018e-02
6.809200160205364227e-03
3.268687799572944641e-02
-3.043663129210472107e-02
-1.626060530543327332e-02
1.208268105983734131e-01
-1.345872227102518082e-02
2.367048524320125580e-02
9.552633017301559448e-02
5.734842270612716675e-02
1.161960437893867493e-01
-3.469842672348022461e-02
-2.795216068625450134e-02
1.600455120205879211e-02
1.751810126006603241e-02
-2.667597308754920959e-02
3.053140453994274139e-02
-1.324152350425720215e-01
6.667988747358322144e-02
4.956648126244544983e-02
8.541163802146911621e-02
-1.960281841456890106e-02
-1.781380735337734222e-02
-2.133964747190475464e-02
2.318851836025714874e-02
-3.131476789712905884e-02
1.983335241675376892e-02
-1.480511948466300964e-02
8.144393563270568848e-03
-1.371937710791826248e-02
1.041082963347434998e-01
-9.003220126032829285e-03
8.956138975918292999e-03
1.151653937995433807e-02
-4.913857579231262207e-02
3.163532912731170654e-02
5.264744535088539124e-02
-1.915151253342628479e-02
-1.047657281160354614e-01
7.791778445243835449e-02
-2.371608652174472809e-02
1.764595136046409607e-02
-3.504165448248386383e-03
7.459215819835662842e-02
1.089686304330825806e-01
2.832690440118312836e-02
-1.085984408855438232e-01
4.998569190502166748e-02
1.913081295788288116e-02
4.555101692676544189e-02
-1.639908179640769958e-02
-8.113454096019268036e-03
-2.378536202013492584e-02
-4.410191625356674194e-02
-4.212103039026260376e-02
5.460892617702484131e-02
-1.569017954170703888e-02
-4.734883084893226624e-02
-1.885254122316837311e-02
1.377004478126764297e-02
-1.167286187410354614e-02
2.175275422632694244e-02
1.357045397162437439e-02
-4.314097110182046890e-03
1.275648735463619232e-02
-4.681193456053733826e-02
-1.042553037405014038e-02
-5.024963757023215294e-04
1.283907238394021988e-02
-2.283502370119094849e-03
-1.147698797285556793e-02
