1.819188296794891357e-01
-9.448958560824394226e-03
3.377701714634895325e-02
-5.782690644264221191e-02
-5.774013698101043701e-02
-4.109460115432739258e-02
-1.079925373196601868e-01
-5.817315354943275452e-02
8.228399604558944702e-02
6.291517615318298340e-02
8.334111422300338745e-03
-5.296664312481880188e-02
-1.082718744874000549e-02
-1.007998809218406677e-01
1.598691195249557495e-02
-5.584427714347839355e-02
3.766741976141929626e-02
9.795669466257095337e-02
1.701349765062332153e-02
-3.086330555379390717e-02
-5.009789019823074341e-02
-1.325438451021909714e-02
1.534909568727016449e-02
-2.510270476341247559e-02
-6.427731364965438843e-02
-1.280077397823333740e-01
3.807679936289787292e-02
-6.846249848604202271e-02
-1.149212047457695007e-01
-1.128730177879333496e-01
8.280214667320251465e-02
-6.786983460187911987e-02
-6.727335602045059204e-02
-6.618706136941909790e-02
3.150614723563194275e-02
-2.033836022019386292e-02
2.562222257256507874e-02
-2.751848287880420685e-02
-3.763144835829734802e-02
-4.253836721181869507e-02
4.362674430012702942e-02
-2.552654594182968140e-02
3.642932698130607605e-02
7.430320233106613159e-02
6.186516210436820984e-02
2.951260097324848175e-02
-1.258196830749511719e-01
1.905388757586479187e-02
-1.826312020421028137e-02
-3.685616329312324524e-02
-1.670200526714324951e-01
5.852501839399337769e-02
1.230020225048065186e-01
-9.566587209701538086e-02
-4.456451535224914551e-02
3.632949665188789368e-02
-3.760795295238494873e-02
1.348726358264684677e-02
1.545732915401458740e-01
-2.406733110547065735e-02
5.123885720968246460e-02
5.079364031553268433e-02
-6.113106757402420044e-02
-8.485816419124603271e-03
-6.759139895439147949e-02
-5.999380722641944885e-02
-4.963102936744689941e-02
-9.505727887153625488e-02
-6.680508609861135483e-03
-3.772125020623207092e-02
-9.960254281759262085e-02
-8.448214828968048096e-02
1.354172974824905396e-01
-8.053056150674819946e-02
-1.260567456483840942e-01
5.715087056159973145e-02
-7.997898757457733154e-02
6.342112272977828979e-02
1.179011724889278412e-02
-1.631336659193038940e-01
4.189911112189292908e-02
5.123345553874969482e-02
2.050672844052314758e-02
5.799838155508041382e-02
-6.227610260248184204e-02
4.944201931357383728e-02
-2.331743948161602020e-02
5.086392164230346680e-02
2.508845366537570953e-02
-3.476554900407791138e-02
-1.498358845710754395e-01
-1.990775763988494873e-02
-6.311649084091186523e-02
-2.872920595109462738e-02
-5.506736785173416138e-02
-5.335170775651931763e-02
-2.499913796782493591e-02
2.429206110537052155e-02
6.994599103927612305e-02
-8.909515291452407837e-02
4.411117359995841980e-02
4.394922405481338501e-03
5.271169822663068771e-03
-2.440505847334861755e-02
-8.450311608612537384e-03
-5.589777603745460510e-02
5.776702240109443665e-02
9.810410439968109131e-02
8.872447907924652100e-02
-9.572026878595352173e-02
-4.364950116723775864e-03
1.307274401187896729e-01
-3.558504208922386169e-02
7.847168296575546265e-02
5.903195124119520187e-03
-8.869956247508525848e-03
-2.230105549097061157e-02
4.746206104755401611e-02
5.643672123551368713e-02
-6.222824379801750183e-02
-3.054137900471687317e-02
1.066934913396835327e-01
8.438159711658954620e-03
4.536337405443191528e-02
-5.167171731591224670e-02
1.616097986698150635e-02
-4.951225966215133667e-02
-8.999967575073242188e-02
-1.022629141807556152e-01
9.938066452741622925e-02
5.823378916829824448e-03
7.884755730628967285e-02
-9.800997376441955566e-02
3.942406922578811646e-02
3.996174037456512451e-02
1.157442200928926468e-02
-7.137929648160934448e-02
2.781203575432300568e-02
9.891942888498306274e-02
4.951734840869903564e-02
9.855782613158226013e-03
6.488416343927383423e-02
2.192685939371585846e-02
-1.368481069803237915e-01
-5.663028731942176819e-02
-5.313598737120628357e-02
7.949365675449371338e-02
1.097960956394672394e-02
-4.458314739167690277e-03
5.303917918354272842e-03
-7.175621390342712402e-02
-4.627278819680213928e-02
1.480664592236280441e-02
-2.272225543856620789e-02
-4.308911412954330444e-02
-3.038407303392887115e-02
1.039618179202079773e-01
1.620975136756896973e-02
-6.988884508609771729e-02
-1.510283560492098331e-03
-3.939908463507890701e-03
9.811471402645111084e-02
-1.499107014387845993e-02
-3.810669109225273132e-02
-4.656925424933433533e-02
-1.389289554208517075e-02
3.960344567894935608e-02
4.523282125592231750e-02
-4.266531020402908325e-02
-6.240334361791610718e-02
1.658535301685333252e-01
1.376086473464965820e-01
-4.752816259860992432e-02
5.125197023153305054e-02
4.358623176813125610e-02
-8.288491517305374146e-03
-7.282087951898574829e-02
-1.312371157109737396e-02
-3.119465708732604980e-02
1.996321836486458778e-03
-5.171604920178651810e-03
1.227401196956634521e-02
-3.428009897470474243e-02
-7.863734848797321320e-03
7.984929531812667847e-02
-7.534251548349857330e-03
2.303578518331050873e-02
6.666324287652969360e-02
3.455427661538124084e-02
1.177093088626861572e-01
-2.377743087708950043e-02
-2.527471631765365601e-02
2.335029654204845428e-02
3.328583016991615295e-02
-1.299171242862939835e-02
1.214985921978950500e-02
-1.109051555395126343e-01
5.683941021561622620e-02
5.595288053154945374e-02
5.848195403814315796e-02
-2.375899069011211395e-02
-3.795909136533737183e-02
-2.908151783049106598e-02
1.457643695175647736e-02
-3.361286595463752747e-02
-1.334140077233314514e-02
3.334910608828067780e-03
2.642571367323398590e-02
-8.448253385722637177e-03
1.018454656004905701e-01
-3.411644697189331055e-02
3.483804315328598022e-02
9.358017705380916595e-03
-6.248061731457710266e-02
5.874115228652954102e-02
5.730932950973510742e-02
1.760735735297203064e-02
-7.988885045051574707e-02
6.004136055707931519e-02
-1.681939233094453812e-03
3.774597495794296265e-02
-6.478994619101285934e-03
4.573139920830726624e-02
7.731503248214721680e-02
9.940523654222488403e-03
-1.222361922264099121e-01
2.934129908680915833e-02
1.700870878994464874e-02
8.127588033676147461e-02
-4.091610014438629150e-02
2.732674591243267059e-02
-2.689770981669425964e-02
-5.529554188251495361e-02
-3.762181475758552551e-02
7.412952929735183716e-02
-3.759063780307769775e-02
-7.348274439573287964e-02
-4.934054985642433167e-02
-3.420272842049598694e-02
-3.901779279112815857e-02
3.565051034092903137e-02
1.163482964038848877e-01
-1.953415572643280029e-02
1.052134707570075989e-01
-1.444246619939804077e-01
-3.043009340763092041e-02
-6.126858294010162354e-02
-6.009171716868877411e-03
2.430291660130023956e-02
-6.827729940414428711e-02
