1.614177227020263672e-01
-1.505246479064226151e-02
3.972028195858001709e-02
-5.663636699318885803e-02
-3.624387085437774658e-02
-3.410604223608970642e-02
-1.046988442540168762e-01
-6.582596153020858765e-02
5.860882997512817383e-02
5.861407145857810974e-02
-4.791454877704381943e-03
-6.226297467947006226e-02
-1.459085661917924881e-02
-9.303246438503265381e-02
4.876514431089162827e-04
-6.525696814060211182e-02
2.636826038360595703e-02
9.464809298515319824e-02
5.900578573346138000e-03
-7.483939640223979950e-03
-2.750554680824279785e-02
-3.871043212711811066e-03
1.781706884503364563e-02
-2.216674387454986572e-02
-5.441266670823097229e-02
-1.318915486335754395e-01
4.429779574275016785e-02
-8.137907832860946655e-02
-1.350554227828979492e-01
-1.146661713719367981e-01
7.209966331720352173e-02
-5.252655223011970520e-02
-7.760003209114074707e-02
-6.128322705626487732e-02
3.030768968164920807e-02
-1.599514298141002655e-02
7.240146864205598831e-03
-5.419230088591575623e-02
-4.555797204375267029e-02
-5.917897075414657593e-02
5.271515995264053345e-02
-6.175054702907800674e-03
4.014439508318901062e-02
7.728072255849838257e-02
5.055568739771842957e-02
1.318044681102037430e-02
-1.308557838201522827e-01
6.033079698681831360e-02
-3.347013145685195923e-02
-4.233220219612121582e-02
-1.762346178293228149e-01
7.277461886405944824e-02
1.295379996299743652e-01
-1.098479703068733215e-01
-3.224316239356994629e-02
5.059825628995895386e-02
-3.214361518621444702e-02
1.316062640398740768e-02
1.662904024124145508e-01
-6.620202679187059402e-03
7.051853835582733154e-02
4.413408413529396057e-02
-9.416351467370986938e-02
-7.555298507213592529e-03
-7.010059803724288940e-02
-6.177210435271263123e-02
-4.183252528309822083e-02
-9.830147027969360352e-02
-3.276984440162777901e-03
-3.722153604030609131e-02
-9.353601932525634766e-02
-8.372081071138381958e-02
1.248884126543998718e-01
-8.452547341585159302e-02
-1.379965692758560181e-01
4.962471872568130493e-02
-5.064148455858230591e-02
8.218103647232055664e-02
8.836330845952033997e-03
-1.962122768163681030e-01
5.014612898230552673e-02
6.180138885974884033e-02
2.657830528914928436e-02
7.038438320159912109e-02
-5.640446767210960388e-02
4.572249948978424072e-02
-2.949446439743041992e-02
5.356836318969726562e-02
3.883458673954010010e-02
-4.693191498517990112e-02
-1.566300243139266968e-01
-4.302994906902313232e-02
-6.032320857048034668e-02
-2.116490900516510010e-02
-5.055902525782585144e-02
-7.247988134622573853e-02
-1.458249241113662720e-02
3.022353351116180420e-02
6.925982236862182617e-02
-1.018091291189193726e-01
4.967159032821655273e-02
-6.266307085752487183e-03
1.418284233659505844e-02
-2.888132072985172272e-02
-6.183058489114046097e-03
-5.247116833925247192e-02
7.312513887882232666e-02
7.988926768302917480e-02
9.301677346229553223e-02
-9.850263595581054688e-02
-1.234797411598265171e-03
1.370497792959213257e-01
-1.967551186680793762e-02
9.165307879447937012e-02
2.020235551754012704e-04
-3.771468997001647949e-03
-7.637117523699998856e-03
4.747263714671134949e-02
4.822765290737152100e-02
-4.533131793141365051e-02
-3.092211298644542694e-02
1.024126335978507996e-01
7.569888606667518616e-03
4.741626232862472534e-02
-6.058517098426818848e-02
1.688336487859487534e-03
-3.884609043598175049e-02
-7.436811923980712891e-02
-1.016779467463493347e-01
1.058879494667053223e-01
1.155048236250877380e-02
7.969606667757034302e-02
-9.177142381668090820e-02
2.792409248650074005e-02
3.829411789774894714e-02
-3.284173551946878433e-03
-6.270632147789001465e-02
5.051069892942905426e-03
7.201844453811645508e-02
5.396529287099838257e-02
9.697013534605503082e-03
4.105397313833236694e-02
3.247728571295738220e-02
-1.299565136432647705e-01
-8.115329593420028687e-02
-4.525556042790412903e-02
9.584537893533706665e-02
8.436855860054492950e-03
6.942075211554765701e-03
5.743726505897939205e-04
-7.455062121152877808e-02
-5.868562310934066772e-02
8.120477199554443359e-03
-2.167721511796116829e-03
-4.008393734693527222e-02
-2.998293377459049225e-02
1.107553169131278992e-01
1.654277555644512177e-02
-5.225797370076179504e-02
-2.336652483791112900e-03
3.906451631337404251e-03
9.169843047857284546e-02
-3.219525888562202454e-02
-2.261038683354854584e-02
-3.788655996322631836e-02
-1.356456149369478226e-02
3.261853009462356567e-02
4.945560917258262634e-02
-5.148376524448394775e-02
-5.862500146031379700e-02
1.563770174980163574e-01
1.140689551830291748e-01
-4.840608686208724976e-02
4.661757126450538635e-02
4.066954553127288818e-02
-2.818671427667140961e-02
-8.074204623699188232e-02
-1.000457070767879486e-02
-3.892300650477409363e-02
6.168413907289505005e-03
-3.021803870797157288e-02
1.028212718665599823e-02
-2.273176237940788269e-02
-2.525859279558062553e-03
6.420201063156127930e-02
-1.871071197092533112e-02
3.866076469421386719e-02
4.420483484864234924e-02
1.713595539331436157e-02
1.117905825376510620e-01
-2.369461581110954285e-02
-1.319972891360521317e-02
2.381749451160430908e-02
2.160069718956947327e-02
6.471512373536825180e-03
6.764886435121297836e-03
-1.093295738101005554e-01
5.045391619205474854e-02
6.849265843629837036e-02
4.750759899616241455e-02
-1.517450902611017227e-02
-3.814296051859855652e-02
-1.897585019469261169e-02
2.587306313216686249e-02
-3.387686982750892639e-02
-1.622611097991466522e-02
-4.005659837275743484e-03
4.861740022897720337e-02
1.162268780171871185e-02
8.921119570732116699e-02
-3.163472935557365417e-02
4.357409477233886719e-02
-1.081117545254528522e-03
-6.565449386835098267e-02
6.059233844280242920e-02
7.161815464496612549e-02
5.307701230049133301e-02
-7.752817124128341675e-02
7.195674628019332886e-02
3.647071134764701128e-04
3.294960036873817444e-02
-2.031308598816394806e-02
3.665592521429061890e-02
8.055213838815689087e-02
2.206891961395740509e-02
-1.371447592973709106e-01
1.422429829835891724e-02
1.721246726810932159e-02
8.296322077512741089e-02
-5.165789648890495300e-02
3.372846916317939758e-02
-1.382428035140037537e-02
-5.942008644342422485e-02
-3.138420730829238892e-02
5.811737477779388428e-02
-3.410719707608222961e-02
-6.104148924350738525e-02
-5.595858767628669739e-02
-3.226099163293838501e-02
-4.741110280156135559e-02
1.491983328014612198e-02
8.458589762449264526e-02
-1.394504588097333908e-02
8.006633073091506958e-02
-1.073385924100875854e-01
-1.330663077533245087e-02
-6.433180719614028931e-02
-1.303739193826913834e-02
2.605473063886165619e-02
-6.901954114437103271e-02
