1.347973197698593140e-01
-1.841250807046890259e-03
3.455595672130584717e-02
-3.260283172130584717e-02
-2.374171279370784760e-02
-4.057266563177108765e-02
-8.626646548509597778e-02
-4.711449146270751953e-02
4.375078901648521423e-02
2.877771668136119843e-02
-1.024984195828437805e-02
-4.734397307038307190e-02
1.972599653527140617e-03
-7.992425560951232910e-02
7.327554747462272644e-03
-5.901655554771423340e-02
2.629255875945091248e-02
7.445962727069854736e-02
-1.302613317966461182e-02
6.429947679862380028e-04
-1.036954205483198166e-02
9.496385231614112854e-03
1.936610974371433258e-02
-2.878208830952644348e-02
-3.771374747157096863e-02
-1.123156100511550903e-01
4.770877584815025330e-02
-7.510105520486831665e-02
-1.289827078580856323e-01
-9.673441946506500244e-02
5.203464999794960022e-02
-2.429283410310745239e-02
-4.670075699687004089e-02
-7.016418874263763428e-02
1.885524205863475800e-02
-9.995454922318458557e-03
2.742778882384300232e-02
-5.053365975618362427e-02
-6.599432975053787231e-02
-6.240435317158699036e-02
7.601113617420196533e-02
-7.411590777337551117e-04
3.737503662705421448e-02
8.039113879203796387e-02
3.433250635862350464e-02
1.284514553844928741e-02
-1.306438893079757690e-01
5.095650255680084229e-02
-4.042344540357589722e-02
-5.885064229369163513e-02
-1.890524774789810181e-01
7.536363601684570312e-02
1.209995076060295105e-01
-1.022814810276031494e-01
-3.898733854293823242e-02
6.480074673891067505e-02
-3.500207886099815369e-02
-2.097933180630207062e-02
1.718633919954299927e-01
-8.249661885201931000e-03
7.747045904397964478e-02
3.465892001986503601e-02
-9.628578275442123413e-02
4.096618387848138809e-03
-6.965491920709609985e-02
-7.045563310384750366e-02
-4.076391458511352539e-02
-1.093958020210266113e-01
3.935804124921560287e-03
-4.742809757590293884e-02
-7.821781188249588013e-02
-1.036459207534790039e-01
1.293525993824005127e-01
-8.258764445781707764e-02
-1.471460163593292236e-01
4.824711009860038757e-02
-5.656411498785018921e-02
8.336216956377029419e-02
3.604034194722771645e-03
-2.109897434711456299e-01
5.036737769842147827e-02
5.634797737002372742e-02
9.428726509213447571e-03
7.211212813854217529e-02
-5.954034626483917236e-02
4.333103448152542114e-02
-3.488655015826225281e-02
5.860728025436401367e-02
4.626039415597915649e-02
-4.255836084485054016e-02
-1.763724684715270996e-01
-4.469387605786323547e-02
-6.007491797208786011e-02
-1.749041862785816193e-02
-5.909296870231628418e-02
-5.856193602085113525e-02
-1.980116032063961029e-02
3.144456818699836731e-02
9.215116500854492188e-02
-1.110293269157409668e-01
6.697133928537368774e-02
-1.958582550287246704e-02
2.307311445474624634e-02
-1.491531450301408768e-02
2.500661881640553474e-03
-5.194480717182159424e-02
8.366573601961135864e-02
9.003046900033950806e-02
1.126557812094688416e-01
-9.731558710336685181e-02
-8.000485599040985107e-03
1.487879157066345215e-01
4.096232354640960693e-03
1.030934005975723267e-01
2.901531290262937546e-03
-2.423587255179882050e-02
-1.259421929717063904e-02
4.718321934342384338e-02
5.759573355317115784e-02
-5.472322553396224976e-02
-6.165656074881553650e-02
1.041948199272155762e-01
9.074344299733638763e-03
4.801275208592414856e-02
-5.568604543805122375e-02
-1.229029893875122070e-02
-5.260006710886955261e-02
-7.620646804571151733e-02
-1.022063344717025757e-01
1.098155081272125244e-01
6.426076404750347137e-03
8.301252871751785278e-02
-9.600271284580230713e-02
3.096397593617439270e-02
3.846734017133712769e-02
1.475741341710090637e-02
-8.093793690204620361e-02
1.737992838025093079e-02
8.772197365760803223e-02
5.537578836083412170e-02
2.812249027192592621e-02
2.363771386444568634e-02
7.312583178281784058e-02
-1.407098323106765747e-01
-7.609251886606216431e-02
-4.638387262821197510e-02
9.455160051584243774e-02
4.884326364845037460e-03
2.578929066658020020e-03
2.733299881219863892e-02
-7.579332590103149414e-02
-6.109061464667320251e-02
2.779637090861797333e-02
-1.553635857999324799e-02
-5.157222598791122437e-02
-4.729587212204933167e-02
1.014162078499794006e-01
1.187397260218858719e-02
-5.690859630703926086e-02
4.575697239488363266e-03
-4.561509471386671066e-03
9.697867184877395630e-02
-2.816994115710258484e-02
-2.061234787106513977e-02
-1.284656953066587448e-02
-1.853322726674377918e-03
3.313237428665161133e-02
4.503428563475608826e-02
-5.233625695109367371e-02
-3.897142782807350159e-02
1.295198202133178711e-01
1.065792292356491089e-01
-4.332752898335456848e-02
4.692534357309341431e-02
4.874204471707344055e-02
-3.180201351642608643e-02
-7.423122972249984741e-02
-1.389062311500310898e-02
-3.767406940460205078e-02
1.058221515268087387e-02
-3.195054456591606140e-02
1.999870315194129944e-02
-1.353169605135917664e-02
-1.698788814246654510e-02
7.090594619512557983e-02
-2.964359149336814880e-02
3.967716544866561890e-02
4.899932444095611572e-02
1.753501221537590027e-02
1.043690145015716553e-01
-2.484665811061859131e-02
-2.092265896499156952e-02
9.283994324505329132e-03
1.447606738656759262e-02
-1.644569216296076775e-03
5.890924483537673950e-03
-1.233933866024017334e-01
4.868878424167633057e-02
7.012324780225753784e-02
5.371975526213645935e-02
-3.512477967888116837e-03
-2.203289978206157684e-02
-1.149575109593570232e-03
3.338753804564476013e-02
-3.678144887089729309e-02
9.900836274027824402e-03
-1.372147724032402039e-02
3.398162126541137695e-02
2.004635334014892578e-02
7.825941592454910278e-02
-1.146693713963031769e-02
3.242832794785499573e-02
-1.429386716336011887e-02
-5.320075154304504395e-02
4.023285582661628723e-02
8.001831918954849243e-02
4.846478998661041260e-02
-8.746924996376037598e-02
8.805267512798309326e-02
2.304064342752099037e-03
2.277826145291328430e-02
-1.577785424888134003e-02
5.019237101078033447e-02
9.421128034591674805e-02
2.836912870407104492e-02
-1.307476758956909180e-01
1.917606801725924015e-03
4.515559412539005280e-03
6.860762834548950195e-02
-4.714893922209739685e-02
4.696368798613548279e-02
-1.584083074703812599e-03
-5.833718553185462952e-02
-4.695929959416389465e-02
4.827824980020523071e-02
-2.936838567256927490e-02
-4.813079535961151123e-02
-4.954078048467636108e-02
-1.911709271371364594e-02
-4.372853040695190430e-02
1.963000930845737457e-02
7.130362093448638916e-02
-6.576500367373228073e-03
7.008742541074752808e-02
-7.814959436655044556e-02
-1.670155115425586700e-02
-4.818776249885559082e-02
1.557317562401294708e-02
1.775083877146244049e-02
-5.971081554889678955e-02
