2.400322556495666504e-01
1.003275043331086636e-03
5.467085912823677063e-02
-5.257401987910270691e-02
-7.440622150897979736e-02
-6.870411336421966553e-02
-1.462710946798324585e-01
-6.040522456169128418e-02
1.033444255590438843e-01
6.718802452087402344e-02
-1.528379693627357483e-02
-5.842107161879539490e-02
7.948636077344417572e-03
-1.300286501646041870e-01
3.931209072470664978e-02
-7.986499369144439697e-02
5.401952192187309265e-02
1.027703657746315002e-01
3.805485367774963379e-02
-3.260054066777229309e-02
-5.003541707992553711e-02
-8.630155585706233978e-03
3.550210967659950256e-02
-1.250003091990947723e-02
-6.881900876760482788e-02
-1.333525925874710083e-01
4.417032748460769653e-02
-9.773664176464080811e-02
-1.377737671136856079e-01
-1.018178910017013550e-01
6.696756929159164429e-02
-4.945056512951850891e-02
-1.459701173007488251e-02
-1.018497124314308167e-01
-1.322375703603029251e-02
-3.176019340753555298e-02
6.387244910001754761e-02
-2.521559409797191620e-02
-5.153715983033180237e-02
-5.442491173744201660e-02
7.013358175754547119e-02
-2.488652430474758148e-02
3.642321750521659851e-02
9.071802347898483276e-02
5.201981216669082642e-02
4.567966237664222717e-02
-1.129975467920303345e-01
-2.421205490827560425e-02
-1.626247912645339966e-02
-4.155252128839492798e-02
-1.709029823541641235e-01
6.035678461194038391e-02
1.282086074352264404e-01
-7.846827059984207153e-02
-6.680358201265335083e-02
5.911153554916381836e-02
-4.300149157643318176e-02
-1.990629360079765320e-02
1.414839029312133789e-01
-1.099100988358259201e-02
4.956839233636856079e-02
3.215624019503593445e-02
-6.347419321537017822e-02
1.437551155686378479e-02
-6.476517766714096069e-02
-8.244445919990539551e-02
-4.259301722049713135e-02
-9.082832932472229004e-02
2.707117795944213867e-02
-4.674188792705535889e-02
-8.186163753271102905e-02
-1.136637330055236816e-01
1.389902383089065552e-01
-8.554797619581222534e-02
-1.151886433362960815e-01
5.697733536362648010e-02
-7.141650468111038208e-02
3.885506093502044678e-02
1.656790031120181084e-03
-1.624680012464523315e-01
5.385648831725120544e-02
3.615951910614967346e-02
-2.180200244765728712e-04
4.119045287370681763e-02
-5.745392292737960815e-02
6.145429238677024841e-02
-9.073846042156219482e-03
2.666840516030788422e-02
2.869985438883304596e-02
-2.337831445038318634e-02
-1.435343176126480103e-01
2.467280952259898186e-03
-7.158851623535156250e-02
-1.007569953799247742e-02
-4.747870564460754395e-02
-5.399117991328239441e-02
-2.721654064953327179e-02
3.178349882364273071e-02
8.921561390161514282e-02
-1.119372248649597168e-01
4.906642064452171326e-02
-2.454824000597000122e-02
1.552307605743408203e-02
5.231392569839954376e-03
2.794851781800389290e-03
-4.267684742808341980e-02
5.583765357732772827e-02
1.194835379719734192e-01
8.902246505022048950e-02
-9.547912329435348511e-02
-5.959481932222843170e-03
1.318957358598709106e-01
-2.371101453900337219e-02
6.964517384767532349e-02
1.403699815273284912e-02
-6.337256636470556259e-03
-1.427244301885366440e-02
7.177377492189407349e-02
7.862718403339385986e-02
-7.108065485954284668e-02
-7.933020591735839844e-02
8.753579109907150269e-02
1.636797189712524414e-02
6.002797931432723999e-02
-2.363836579024791718e-02
2.171113528311252594e-02
-5.379694327712059021e-02
-7.898972928524017334e-02
-1.093260645866394043e-01
9.378113597631454468e-02
-6.156456191092729568e-03
6.643757224082946777e-02
-9.150934964418411255e-02
4.554780572652816772e-02
3.287400677800178528e-02
3.359769657254219055e-02
-8.987775444984436035e-02
7.597100734710693359e-02
1.249327138066291809e-01
4.494417831301689148e-02
5.605562776327133179e-02
4.366461187601089478e-02
5.240954086184501648e-02
-1.671542525291442871e-01
-5.633445829153060913e-02
-6.506571918725967407e-02
8.005478978157043457e-02
1.586233079433441162e-02
-1.910886913537979126e-02
4.513003304600715637e-02
-6.215019151568412781e-02
-2.760804072022438049e-02
2.607617527246475220e-02
-4.875623434782028198e-02
-4.990106448531150818e-02
-5.174506455659866333e-02
9.871242195367813110e-02
4.214241355657577515e-02
-7.896360009908676147e-02
-2.832290949299931526e-03
-2.658671326935291290e-02
7.994452118873596191e-02
7.858742028474807739e-03
-5.475136637687683105e-02
-3.034794516861438751e-02
-2.478911308571696281e-03
1.853595487773418427e-02
4.501954093575477600e-02
-4.009910672903060913e-02
-6.787281483411788940e-03
1.266453564167022705e-01
1.144521236419677734e-01
-3.847217187285423279e-02
4.570721089839935303e-02
4.598389193415641785e-02
-4.895094316452741623e-03
-4.487484320998191833e-02
-3.555829450488090515e-02
-3.451480343937873840e-02
-8.981200866401195526e-03
-2.401409670710563660e-03
3.887465596199035645e-02
-1.103055570274591446e-02
-3.597454726696014404e-02
1.102447137236595154e-01
-1.178496051579713821e-02
2.803857624530792236e-02
8.793675899505615234e-02
4.803269356489181519e-02
9.270010143518447876e-02
-3.109543584287166595e-02
-1.333158556371927261e-02
2.947857137769460678e-03
1.067108940333127975e-02
-1.047321502119302750e-02
1.819902285933494568e-02
-9.384123980998992920e-02
4.532988369464874268e-02
4.905320703983306885e-02
5.072909221053123474e-02
-1.368066109716892242e-02
-6.343907210975885391e-03
-3.045552410185337067e-02
6.794444750994443893e-03
-3.880229964852333069e-02
6.847853306680917740e-03
-1.437352690845727921e-02
2.175662852823734283e-02
3.983829170465469360e-03
8.640516549348831177e-02
-1.611451245844364166e-02
3.036173805594444275e-02
8.873323909938335419e-03
-4.119957610964775085e-02
2.823157608509063721e-02
4.506287351250648499e-02
5.552749149501323700e-03
-6.784319877624511719e-02
5.644297227263450623e-02
-2.259596250951290131e-02
8.106038905680179596e-03
1.668734103441238403e-02
5.063817277550697327e-02
8.903066813945770264e-02
-6.302687106654047966e-04
-5.359544605016708374e-02
3.327836841344833374e-02
1.476919511333107948e-03
2.760591171681880951e-02
-8.322927169501781464e-03
1.231297384947538376e-02
-1.609436981379985809e-02
-5.905338097363710403e-03
-5.336360633373260498e-02
2.980823256075382233e-02
-3.554656356573104858e-02
-3.898264840245246887e-02
-5.374606233090162277e-03
9.543213993310928345e-03
-1.969152875244617462e-02
3.621296212077140808e-02
5.231055617332458496e-02
-7.981541566550731659e-03
6.728142499923706055e-02
-6.448329240083694458e-02
6.520338356494903564e-04
-1.204926427453756332e-02
1.719162613153457642e-02
1.344445813447237015e-02
-2.619683369994163513e-02
