1.383044123649597168e-01
-1.613566838204860687e-02
4.099206253886222839e-02
-3.804543614387512207e-02
-5.144413560628890991e-02
-1.656405255198478699e-02
-9.189934283494949341e-02
-4.326685518026351929e-02
6.805749982595443726e-02
4.706859588623046875e-02
2.328426577150821686e-02
-3.563541173934936523e-02
-9.281633421778678894e-03
-8.505086600780487061e-02
1.940707489848136902e-02
-5.102812871336936951e-02
2.262750640511512756e-02
7.552720606327056885e-02
3.568518674001097679e-03
-2.425969950854778290e-02
-2.707920037209987640e-02
5.987016949802637100e-03
1.809499412775039673e-02
-2.621980570256710052e-02
-2.056590281426906586e-02
-9.528582543134689331e-02
2.808486297726631165e-02
-5.576332286000251770e-02
-1.085901558399200439e-01
-1.059445664286613464e-01
5.919212847948074341e-02
-3.996289893984794617e-02
-5.606905743479728699e-02
-6.836651265621185303e-02
4.014889150857925415e-02
-9.084739722311496735e-03
7.016225717961788177e-03
-3.247280791401863098e-02
-5.343360081315040588e-02
-4.253192245960235596e-02
5.841374769806861877e-02
-6.549820303916931152e-03
4.141940549015998840e-02
7.288011908531188965e-02
2.838088758289813995e-02
2.466421201825141907e-02
-1.154157221317291260e-01
2.691996097564697266e-02
-2.143595740199089050e-02
-2.114610560238361359e-02
-1.711587905883789062e-01
6.494979560375213623e-02
1.081179976463317871e-01
-9.743148833513259888e-02
-4.261834546923637390e-02
5.134033784270286560e-02
-1.604230888187885284e-02
2.134370990097522736e-02
1.738433092832565308e-01
-1.409546472132205963e-02
6.034183129668235779e-02
3.513006493449211121e-02
-6.728212535381317139e-02
-5.811698269098997116e-03
-6.931444257497787476e-02
-6.263972073793411255e-02
-6.154870241880416870e-02
-1.099721863865852356e-01
-8.801717311143875122e-03
-6.124014407396316528e-02
-1.085178256034851074e-01
-1.021882072091102600e-01
1.426601111888885498e-01
-9.519783407449722290e-02
-1.283204406499862671e-01
5.622009187936782837e-02
-7.649878412485122681e-02
8.258357644081115723e-02
2.919024229049682617e-02
-2.054039686918258667e-01
4.251696914434432983e-02
5.386465787887573242e-02
6.308643147349357605e-03
7.770452648401260376e-02
-5.588170513510704041e-02
4.694741591811180115e-02
-5.574094504117965698e-02
7.158741354942321777e-02
1.109785400331020355e-02
-4.484526813030242920e-02
-1.388931870460510254e-01
-5.170544236898422241e-02
-6.007628142833709717e-02
-3.191018104553222656e-02
-5.858469009399414062e-02
-5.791537091135978699e-02
-3.479375317692756653e-02
3.589953109622001648e-02
5.130320787429809570e-02
-9.117022156715393066e-02
4.964701086282730103e-02
-1.446278393268585205e-02
7.767101749777793884e-03
-1.303688157349824905e-02
3.504199266899377108e-04
-5.906158313155174255e-02
7.395796477794647217e-02
8.672844618558883667e-02
9.759570658206939697e-02
-9.723640233278274536e-02
1.119315344840288162e-02
1.299403309822082520e-01
-1.914837956428527832e-02
9.644599258899688721e-02
-1.900513540022075176e-03
-2.956351451575756073e-02
-3.240334242582321167e-02
4.806070402264595032e-02
5.256747454404830933e-02
-4.786190018057823181e-02
-2.451941370964050293e-02
1.020696237683296204e-01
7.050188723951578140e-03
3.934979438781738281e-02
-5.728009343147277832e-02
1.260262820869684219e-02
-3.465825691819190979e-02
-9.601698070764541626e-02
-1.072298213839530945e-01
8.091291785240173340e-02
1.886992342770099640e-02
8.988226950168609619e-02
-9.037775546312332153e-02
4.418219625949859619e-02
4.117361083626747131e-02
7.963415235280990601e-03
-8.151746541261672974e-02
1.866000704467296600e-02
8.777903020381927490e-02
2.235810272395610809e-02
2.921352162957191467e-02
6.476585566997528076e-02
4.579417407512664795e-02
-1.278717815876007080e-01
-7.702215015888214111e-02
-4.956980794668197632e-02
9.085007756948471069e-02
9.759761393070220947e-03
-2.322642318904399872e-02
1.647100597620010376e-02
-5.171598866581916809e-02
-5.779686570167541504e-02
6.169500760734081268e-03
-2.125333994626998901e-02
-4.597740992903709412e-02
-3.263507783412933350e-02
1.044933572411537170e-01
5.221997853368520737e-03
-6.345868110656738281e-02
-2.577995182946324348e-03
1.409585122019052505e-02
8.482395857572555542e-02
-1.613228023052215576e-02
-2.838967368006706238e-02
-3.261649981141090393e-02
-1.962076872587203979e-02
4.981844872236251831e-02
2.837128750979900360e-02
-3.702962026000022888e-02
-5.330362543463706970e-02
1.530933231115341187e-01
1.200479716062545776e-01
-5.823006853461265564e-02
2.990301884710788727e-02
4.190214723348617554e-02
-1.141921523958444595e-02
-7.376940548419952393e-02
-4.846232477575540543e-03
-3.467693179845809937e-02
-1.153302378952503204e-02
-2.606664784252643585e-02
1.914121769368648529e-02
-3.685596585273742676e-02
-1.299248170107603073e-02
5.510050803422927856e-02
-2.086503803730010986e-02
2.871354296803474426e-02
6.040006875991821289e-02
2.733565308153629303e-02
1.122093945741653442e-01
-8.372200652956962585e-03
-2.760091237723827362e-02
1.943611539900302887e-02
3.788485378026962280e-02
-6.152668967843055725e-03
-2.084797713905572891e-03
-1.206663474440574646e-01
4.227564856410026550e-02
6.334099918603897095e-02
3.950327634811401367e-02
-2.146935835480690002e-02
-2.872896566987037659e-02
-2.226258069276809692e-02
2.408876828849315643e-02
-4.347888752818107605e-02
-1.350667094811797142e-03
1.062422990798950195e-02
2.512847073376178741e-02
1.189822703599929810e-02
8.331298083066940308e-02
-3.604728356003761292e-02
5.030295997858047485e-02
4.279463086277246475e-03
-6.358099728822708130e-02
6.934209913015365601e-02
8.454190194606781006e-02
4.799972474575042725e-02
-7.185749709606170654e-02
8.153684437274932861e-02
2.395503036677837372e-02
4.446528479456901550e-02
-9.000397287309169769e-03
4.539065435528755188e-02
8.221746236085891724e-02
1.240952685475349426e-02
-1.493549495935440063e-01
9.033452719449996948e-03
2.721475623548030853e-02
1.053553298115730286e-01
-6.502945721149444580e-02
6.855648756027221680e-02
-4.602544475346803665e-03
-5.760081857442855835e-02
-4.123367369174957275e-02
6.225811690092086792e-02
-4.852515831589698792e-02
-6.758269667625427246e-02
-6.078091263771057129e-02
-5.170330777764320374e-02
-5.000602081418037415e-02
2.307055145502090454e-02
1.313176453113555908e-01
-1.652548275887966156e-02
1.273943185806274414e-01
-1.255833208560943604e-01
-2.453053742647171021e-02
-6.208919361233711243e-02
2.161775948479771614e-03
3.538531064987182617e-02
-8.099306374788284302e-02
