1.463799476623535156e-01
2.004915382713079453e-03
4.264611005783081055e-02
-3.173927590250968933e-02
-4.722758755087852478e-02
-3.075152635574340820e-02
-1.111949980258941650e-01
-5.675961822271347046e-02
6.738203018903732300e-02
5.205300822854042053e-02
1.545889023691415787e-02
-2.104603871703147888e-02
3.985430579632520676e-03
-1.104458793997764587e-01
1.546694245189428329e-02
-5.778023973107337952e-02
2.928187884390354156e-02
7.127789407968521118e-02
-1.130061037838459015e-02
-2.574385330080986023e-02
-2.299368381500244141e-02
-1.246993429958820343e-02
2.725994028151035309e-02
-3.179693967103958130e-02
-4.862898215651512146e-02
-1.145097613334655762e-01
4.626658186316490173e-02
-7.079405337572097778e-02
-1.159967780113220215e-01
-1.119902729988098145e-01
8.547297865152359009e-02
-4.992040246725082397e-02
-3.128497302532196045e-02
-8.928098529577255249e-02
2.637431956827640533e-02
-1.437213644385337830e-02
2.181705273687839508e-02
-4.769940674304962158e-02
-4.723253473639488220e-02
-4.345230385661125183e-02
6.426453590393066406e-02
-1.758473552763462067e-02
2.905669435858726501e-02
1.006943061947822571e-01
3.560024499893188477e-02
1.276781503111124039e-02
-1.373309344053268433e-01
1.404118351638317108e-02
-1.601493917405605316e-02
-5.323706194758415222e-02
-1.691091209650039673e-01
7.860714197158813477e-02
1.271682083606719971e-01
-9.299082309007644653e-02
-6.019188463687896729e-02
5.240246653556823730e-02
-2.199753373861312866e-02
-8.662620559334754944e-03
1.518264114856719971e-01
-3.058754093945026398e-02
7.169640809297561646e-02
4.423813894391059875e-02
-5.787477269768714905e-02
5.627500824630260468e-03
-6.079594790935516357e-02
-5.321203917264938354e-02
-7.582429796457290649e-02
-9.087302535772323608e-02
-8.835253538563847542e-04
-7.826816290616989136e-02
-8.849339187145233154e-02
-9.872087091207504272e-02
1.293062716722488403e-01
-8.187723904848098755e-02
-1.256577968597412109e-01
5.492288246750831604e-02
-7.698051631450653076e-02
6.618424504995346069e-02
-1.009396393783390522e-03
-1.858014464378356934e-01
4.631504788994789124e-02
6.323707103729248047e-02
2.347843162715435028e-02
6.936240941286087036e-02
-6.358508020639419556e-02
5.870177596807479858e-02
-4.830655828118324280e-02
4.721498861908912659e-02
4.185291379690170288e-02
-3.526449948549270630e-02
-1.730516999959945679e-01
-3.188331425189971924e-02
-5.075780302286148071e-02
-1.728139072656631470e-02
-6.355410069227218628e-02
-5.655212700366973877e-02
-4.367236047983169556e-02
-3.392985672689974308e-04
5.774037912487983704e-02
-8.353284001350402832e-02
6.243641674518585205e-02
-1.399219501763582230e-02
1.246155705302953720e-02
-2.432037331163883209e-02
-4.090775037184357643e-04
-6.438191235065460205e-02
7.842289656400680542e-02
8.922273665666580200e-02
1.049686074256896973e-01
-1.037301495671272278e-01
5.842007230967283249e-03
1.284528076648712158e-01
-1.785502396523952484e-02
9.743096679449081421e-02
6.572949700057506561e-03
-3.677976876497268677e-02
-9.667443111538887024e-03
4.439046978950500488e-02
4.822608828544616699e-02
-6.156684830784797668e-02
-4.091029986739158630e-02
9.159076958894729614e-02
5.741296336054801941e-03
6.767967343330383301e-02
-5.285967886447906494e-02
5.359631613828241825e-04
-3.981394693255424500e-02
-1.118831336498260498e-01
-1.024226099252700806e-01
7.915136218070983887e-02
1.423641666769981384e-02
8.889107406139373779e-02
-8.814073354005813599e-02
4.270353540778160095e-02
2.242719195783138275e-02
2.621829509735107422e-02
-7.134962081909179688e-02
3.933227062225341797e-02
1.093711331486701965e-01
3.875439241528511047e-02
5.008433759212493896e-02
6.189857423305511475e-02
5.054175108671188354e-02
-1.288797408342361450e-01
-8.128394931554794312e-02
-6.901992112398147583e-02
8.775085955858230591e-02
1.776096224784851074e-02
-1.332750264555215836e-02
1.270827185362577438e-02
-5.503997951745986938e-02
-5.543061718344688416e-02
3.225637972354888916e-02
-1.751039549708366394e-02
-4.088944196701049805e-02
-4.200635105371475220e-02
1.074052527546882629e-01
1.453655399382114410e-02
-6.823047995567321777e-02
1.185425370931625366e-02
-6.261230912059545517e-03
8.027118444442749023e-02
-2.716308459639549255e-02
-4.072266444563865662e-02
-1.738106831908226013e-02
2.952094888314604759e-03
2.388804964721202850e-02
4.060846939682960510e-02
-5.991338193416595459e-02
-4.022138938307762146e-02
1.436631083488464355e-01
1.080693900585174561e-01
-2.750071510672569275e-02
2.241100929677486420e-02
5.100890249013900757e-02
-2.538571506738662720e-02
-8.394580334424972534e-02
-3.143009915947914124e-02
-3.147284686565399170e-02
2.356235636398196220e-03
-9.345597587525844574e-03
3.047555685043334961e-02
-3.964119032025337219e-02
-1.876350492238998413e-02
8.576598018407821655e-02
-2.516875043511390686e-02
2.299937419593334198e-02
8.500602841377258301e-02
2.532550133764743805e-02
9.418350458145141602e-02
-2.815578505396842957e-02
-1.841409690678119659e-02
3.145711263641715050e-03
2.387862652540206909e-02
-2.084740437567234039e-02
1.594933681190013885e-02
-1.172908321022987366e-01
2.598332986235618591e-02
7.696130126714706421e-02
4.566592350602149963e-02
-1.883374899625778198e-02
-7.976640947163105011e-03
-2.439176291227340698e-02
2.112245187163352966e-02
-3.731049597263336182e-02
1.424052659422159195e-02
7.025927305221557617e-03
1.329653616994619370e-02
1.605954766273498535e-02
7.110922038555145264e-02
-2.908303774893283844e-02
3.316276520490646362e-02
1.422836631536483765e-02
-5.977295339107513428e-02
3.338336944580078125e-02
6.434968858957290649e-02
2.161803888157010078e-03
-7.149699330329895020e-02
8.082048594951629639e-02
8.869400247931480408e-03
4.315145313739776611e-02
-5.407702177762985229e-03
7.377671450376510620e-02
1.115579828619956970e-01
1.947036385536193848e-02
-1.505358219146728516e-01
4.270813241600990295e-02
2.954014018177986145e-02
9.369836002588272095e-02
-5.783474445343017578e-02
3.697953000664710999e-02
-1.245764456689357758e-02
-6.664882600307464600e-02
-3.951113298535346985e-02
3.756675496697425842e-02
-4.544070363044738770e-02
-6.610111892223358154e-02
-5.591899901628494263e-02
-1.248794514685869217e-02
-6.035446375608444214e-02
2.077756263315677643e-02
8.297246694564819336e-02
-3.187992796301841736e-02
8.451423048973083496e-02
-9.272917360067367554e-02
-1.988197304308414459e-02
-4.780364781618118286e-02
1.396558992564678192e-02
1.213293243199586868e-02
-5.651089921593666077e-02
