1.827141493558883667e-01
-4.776864312589168549e-03
4.697768390178680420e-02
-3.335086628794670105e-02
-7.018651813268661499e-02
-2.305413596332073212e-02
-1.296175718307495117e-01
-6.150104478001594543e-02
9.141690284013748169e-02
5.462770909070968628e-02
1.674736849963665009e-02
-3.530155867338180542e-02
-1.363622257485985756e-03
-1.202608719468116760e-01
2.674625813961029053e-02
-7.780266553163528442e-02
2.283621206879615784e-02
8.618290722370147705e-02
5.097352899610996246e-03
-2.968278154730796814e-02
-3.955917805433273315e-02
6.139331962913274765e-04
2.068538218736648560e-02
-3.247119486331939697e-02
-3.973051905632019043e-02
-1.169558316469192505e-01
4.672990739345550537e-02
-8.088910579681396484e-02
-1.415070146322250366e-01
-1.306324005126953125e-01
7.506494969129562378e-02
-5.111363530158996582e-02
-2.995726466178894043e-02
-8.184236288070678711e-02
1.840313896536827087e-02
-1.576820760965347290e-02
1.797880046069622040e-02
-4.140814021229743958e-02
-5.722755193710327148e-02
-4.075831174850463867e-02
7.413753867149353027e-02
2.832617843523621559e-03
3.763511031866073608e-02
9.606892615556716919e-02
2.732138521969318390e-02
2.329140715301036835e-02
-1.162147819995880127e-01
1.714622043073177338e-02
-2.127438969910144806e-02
-3.521670773625373840e-02
-1.794294416904449463e-01
7.594657689332962036e-02
1.314008086919784546e-01
-1.024258285760879517e-01
-5.332745611667633057e-02
5.288983136415481567e-02
-1.936690323054790497e-02
4.224481061100959778e-03
1.679927855730056763e-01
-1.069279108196496964e-02
6.609141826629638672e-02
3.045601956546306610e-02
-7.225681841373443604e-02
-7.633484783582389355e-04
-6.319265812635421753e-02
-6.048206239938735962e-02
-6.390231847763061523e-02
-1.001313477754592896e-01
-1.829529530368745327e-03
-6.820937991142272949e-02
-1.002074033021926880e-01
-1.145106554031372070e-01
1.377992480993270874e-01
-9.808140248060226440e-02
-1.305377781391143799e-01
4.482952877879142761e-02
-6.700041890144348145e-02
7.090844959020614624e-02
2.084631845355033875e-02
-2.050943970680236816e-01
4.878873005509376526e-02
4.583778604865074158e-02
4.841356538236141205e-03
8.581384271383285522e-02
-6.022664532065391541e-02
5.053083598613739014e-02
-5.244369804859161377e-02
5.198694765567779541e-02
3.072864934802055359e-02
-3.661020472645759583e-02
-1.389761269092559814e-01
-5.253683403134346008e-02
-6.037020310759544373e-02
-2.140462771058082581e-02
-6.350871175527572632e-02
-5.586624518036842346e-02
-3.238366916775703430e-02
3.065016679465770721e-02
5.518370494246482849e-02
-9.715086966753005981e-02
5.025719851255416870e-02
-2.300016768276691437e-02
1.384241413325071335e-02
-1.050376333296298981e-02
9.603705257177352905e-03
-4.458053410053253174e-02
7.831346988677978516e-02
8.796814829111099243e-02
9.376831352710723877e-02
-9.469126164913177490e-02
1.035343203693628311e-02
1.143476963043212891e-01
-1.046252436935901642e-02
9.926264733076095581e-02
-9.502796456217765808e-03
-1.721108518540859222e-02
-2.650028280913829803e-02
4.687826707959175110e-02
5.598356202244758606e-02
-4.131631925702095032e-02
-3.650631010532379150e-02
8.929061889648437500e-02
1.259757950901985168e-02
4.994738847017288208e-02
-4.811066016554832458e-02
1.664806157350540161e-02
-2.948060072958469391e-02
-9.235388785600662231e-02
-9.555538743734359741e-02
5.933070555329322815e-02
2.276434376835823059e-02
7.891236245632171631e-02
-8.296588808298110962e-02
4.341592267155647278e-02
2.464697323739528656e-02
1.960521796718239784e-03
-7.603823393583297729e-02
4.090443998575210571e-02
9.122876077890396118e-02
2.042624540627002716e-02
4.870829731225967407e-02
5.770839005708694458e-02
5.053611472249031067e-02
-1.299567222595214844e-01
-7.727938890457153320e-02
-6.361007690429687500e-02
9.229439496994018555e-02
2.163286693394184113e-02
-2.187950909137725830e-02
2.691063471138477325e-02
-4.498079419136047363e-02
-4.622383043169975281e-02
1.574492640793323517e-02
-1.868042722344398499e-02
-4.046367853879928589e-02
-4.235516488552093506e-02
9.765455871820449829e-02
3.952022176235914230e-03
-6.243347376585006714e-02
3.295484930276870728e-03
1.238380558788776398e-02
6.234352663159370422e-02
-1.432067062705755234e-02
-2.620054036378860474e-02
-1.401837915182113647e-02
2.855049615391180851e-06
3.613115102052688599e-02
2.162293717265129089e-02
-4.379643499851226807e-02
-2.865898609161376953e-02
1.320677399635314941e-01
1.040984392166137695e-01
-4.347114637494087219e-02
6.938432343304157257e-03
4.154259338974952698e-02
-1.130084320902824402e-02
-6.875735521316528320e-02
-1.961733959615230560e-02
-2.532113529741764069e-02
-9.248647838830947876e-03
-2.719582803547382355e-02
3.145090118050575256e-02
-3.439589589834213257e-02
-2.583282813429832458e-02
5.543922632932662964e-02
-2.103170007467269897e-02
2.978213503956794739e-02
6.682438403367996216e-02
2.571146562695503235e-02
9.346584230661392212e-02
-1.587316393852233887e-02
-1.371065434068441391e-02
7.646145299077033997e-03
2.587916888296604156e-02
-1.027633156627416611e-02
2.338825870538130403e-04
-1.037956997752189636e-01
2.558492310345172882e-02
7.201257348060607910e-02
3.768722712993621826e-02
-1.506939064711332321e-02
-2.180044166743755341e-02
-2.660995535552501678e-02
2.584928274154663086e-02
-5.459422990679740906e-02
1.686466392129659653e-03
1.486029243096709251e-03
2.389622665941715240e-02
1.709564216434955597e-02
7.257629930973052979e-02
-2.743245474994182587e-02
4.925626888871192932e-02
6.753704976290464401e-03
-6.175062432885169983e-02
4.845700785517692566e-02
8.098793774843215942e-02
3.555451333522796631e-02
-5.784313380718231201e-02
7.070241123437881470e-02
1.710419915616512299e-02
3.903135657310485840e-02
4.494296852499246597e-03
5.724183097481727600e-02
8.800426870584487915e-02
1.121596153825521469e-02
-1.363416463136672974e-01
1.862391829490661621e-02
2.571647241711616516e-02
9.779197722673416138e-02
-5.158653855323791504e-02
5.688269436359405518e-02
-4.527555312961339951e-03
-5.217564851045608521e-02
-4.126321896910667419e-02
3.721260651946067810e-02
-5.482649058103561401e-02
-5.871796607971191406e-02
-4.724330827593803406e-02
-2.873244881629943848e-02
-5.246169492602348328e-02
3.009946085512638092e-02
1.065919548273086548e-01
-2.933956123888492584e-02
1.110399141907691956e-01
-1.094888970255851746e-01
-1.361188758164644241e-02
-4.496342316269874573e-02
2.100888086715713143e-04
3.113650158047676086e-02
-6.251420080661773682e-02
