1.665748506784439087e-01
-1.296876464039087296e-03
4.410131275653839111e-02
-4.055564850568771362e-02
-5.042287334799766541e-02
-4.713025689125061035e-02
-1.023364141583442688e-01
-4.514263942837715149e-02
6.628139317035675049e-02
4.500222578644752502e-02
3.553102957084774971e-03
-3.920586034655570984e-02
2.945306478068232536e-03
-9.932675957679748535e-02
2.474796585738658905e-02
-5.468939244747161865e-02
3.653436154127120972e-02
8.298721164464950562e-02
7.959567941725254059e-03
-2.229030802845954895e-02
-2.531296759843826294e-02
-3.162689274176955223e-03
3.174532577395439148e-02
-2.250063233077526093e-02
-4.237380251288414001e-02
-1.093062907457351685e-01
3.607912361621856689e-02
-6.811989098787307739e-02
-1.155648082494735718e-01
-9.355847537517547607e-02
5.883657559752464294e-02
-3.844904154539108276e-02
-3.525933623313903809e-02
-8.587539941072463989e-02
2.170632779598236084e-02
-1.433982886373996735e-02
3.746652603149414062e-02
-3.552586585283279419e-02
-5.896205455064773560e-02
-5.301574245095252991e-02
6.754972785711288452e-02
-1.693484559655189514e-02
3.722460940480232239e-02
7.989661395549774170e-02
4.211516305804252625e-02
3.079882636666297913e-02
-1.236462220549583435e-01
1.095275953412055969e-02
-2.281753346323966980e-02
-4.297852888703346252e-02
-1.787689924240112305e-01
6.524018943309783936e-02
1.128462553024291992e-01
-8.577975630760192871e-02
-5.167501047253608704e-02
5.798279494047164917e-02
-3.226816281676292419e-02
-5.461042281240224838e-03
1.641712486743927002e-01
-2.397923357784748077e-02
6.416659802198410034e-02
3.579861298203468323e-02
-6.954316794872283936e-02
3.866727231070399284e-03
-6.906592100858688354e-02
-7.215701043605804443e-02
-5.811788514256477356e-02
-1.010736376047134399e-01
7.208509836345911026e-03
-5.709234252572059631e-02
-8.756908029317855835e-02
-1.049683615565299988e-01
1.387858688831329346e-01
-8.504402637481689453e-02
-1.254673600196838379e-01
5.931343510746955872e-02
-7.897038757801055908e-02
6.830002367496490479e-02
1.071291323751211166e-02
-1.863436549901962280e-01
4.682707041501998901e-02
5.566722154617309570e-02
7.899646647274494171e-03
5.828641355037689209e-02
-6.024771556258201599e-02
5.577025189995765686e-02
-4.022468253970146179e-02
5.913016200065612793e-02
2.601729705929756165e-02
-3.513995558023452759e-02
-1.574274003505706787e-01
-2.695481292903423309e-02
-6.388454884290695190e-02
-1.870250515639781952e-02
-5.693711712956428528e-02
-5.085542052984237671e-02
-3.439054265618324280e-02
2.728364802896976471e-02
8.017863333225250244e-02
-9.844011813402175903e-02
6.293653696775436401e-02
-1.622944511473178864e-02
1.516678463667631149e-02
-7.975663989782333374e-03
-8.080648840405046940e-04
-5.487863346934318542e-02
6.989955902099609375e-02
1.011648625135421753e-01
1.058915257453918457e-01
-1.033070757985115051e-01
-1.973364735022187233e-03
1.425239890813827515e-01
-1.662278361618518829e-02
8.992175757884979248e-02
1.048335991799831390e-02
-3.231317177414894104e-02
-2.057696506381034851e-02
5.727494880557060242e-02
5.882488936185836792e-02
-6.375150382518768311e-02
-5.463114753365516663e-02
1.025085821747779846e-01
7.917681708931922913e-03
5.441269278526306152e-02
-4.343216866254806519e-02
2.042050473392009735e-03
-5.012388899922370911e-02
-9.482197463512420654e-02
-1.134132370352745056e-01
1.006290614604949951e-01
6.076605059206485748e-03
8.698166161775588989e-02
-9.600108116865158081e-02
4.697008430957794189e-02
3.942583128809928894e-02
3.246280178427696228e-02
-8.996987342834472656e-02
4.137066751718521118e-02
1.139788776636123657e-01
3.894768282771110535e-02
4.062349721789360046e-02
5.130483210086822510e-02
6.060133874416351318e-02
-1.429917514324188232e-01
-6.962219625711441040e-02
-5.704056471586227417e-02
8.926777541637420654e-02
8.012148551642894745e-03
-1.829611510038375854e-02
2.974707260727882385e-02
-6.215769425034523010e-02
-5.487223342061042786e-02
2.474228665232658386e-02
-3.249176591634750366e-02
-5.198497697710990906e-02
-4.269460961222648621e-02
1.069388836622238159e-01
2.272814884781837463e-02
-7.175623625516891479e-02
2.338716294616460800e-03
-9.052990004420280457e-03
9.055421501398086548e-02
-8.296467363834381104e-03
-4.016875103116035461e-02
-2.446119673550128937e-02
-1.205745246261358261e-02
3.361789882183074951e-02
4.644487798213958740e-02
-4.136082157492637634e-02
-3.729552403092384338e-02
1.421725302934646606e-01
1.167916432023048401e-01
-4.208655282855033875e-02
4.267823696136474609e-02
4.908028244972229004e-02
-1.331255305558443069e-02
-6.995246559381484985e-02
-1.959300972521305084e-02
-3.969982266426086426e-02
-4.146856721490621567e-03
-1.109138969331979752e-02
2.687104418873786926e-02
-2.292715385556221008e-02
-2.487508393824100494e-02
8.691296726465225220e-02
-2.269979193806648254e-02
2.955253049731254578e-02
7.657073438167572021e-02
3.348670899868011475e-02
1.026521176099777222e-01
-2.409003116190433502e-02
-2.593842148780822754e-02
6.618752609938383102e-03
2.247786894440650940e-02
-1.294365432113409042e-02
9.548707865178585052e-03
-1.214068308472633362e-01
4.473037272691726685e-02
6.005923077464103699e-02
4.823389276862144470e-02
-1.542551442980766296e-02
-1.259102020412683487e-02
-1.329737901687622070e-02
2.016746066510677338e-02
-3.461517393589019775e-02
1.240132004022598267e-02
1.730857649818062782e-03
1.884694583714008331e-02
1.470064464956521988e-02
7.960269600152969360e-02
-1.925936155021190643e-02
3.265443816781044006e-02
5.468326620757579803e-03
-5.217835307121276855e-02
4.181129112839698792e-02
6.701552867889404297e-02
2.110257744789123535e-02
-8.075466006994247437e-02
7.797501236200332642e-02
4.716304130852222443e-03
2.876765467226505280e-02
-3.611457301303744316e-03
5.572796985507011414e-02
9.429989755153656006e-02
1.282872818410396576e-02
-1.218981370329856873e-01
2.309819683432579041e-02
1.280454546213150024e-02
7.448917627334594727e-02
-5.001382157206535339e-02
4.768871143460273743e-02
-8.134077303111553192e-03
-5.009967833757400513e-02
-5.392457172274589539e-02
5.447676777839660645e-02
-3.947986662387847900e-02
-6.023728102445602417e-02
-4.572653025388717651e-02
-2.479773946106433868e-02
-4.514499008655548096e-02
3.036279231309890747e-02
9.504930675029754639e-02
-1.186478976160287857e-02
1.027949526906013489e-01
-1.006452068686485291e-01
-2.290943823754787445e-02
-4.833434894680976868e-02
2.461357228457927704e-02
1.813376694917678833e-02
-6.444562971591949463e-02
