6.121984869241714478e-02
5.876083672046661377e-02
-2.505416050553321838e-02
4.386612400412559509e-02
3.162394464015960693e-02
2.184217423200607300e-02
2.169266575947403908e-03
-3.625816479325294495e-02
-1.361633557826280594e-02
-9.132935106754302979e-02
-6.700875610113143921e-02
-2.121468260884284973e-02
-8.638958679512143135e-04
-4.639983549714088440e-02
-3.481545299291610718e-02
-6.080038845539093018e-02
-5.215428769588470459e-03
1.244018087163567543e-03
-2.217793278396129608e-02
8.839268982410430908e-02
-5.808676779270172119e-02
-6.828539073467254639e-02
7.854126393795013428e-03
1.406442490406334400e-03
-7.207348942756652832e-02
-2.945389598608016968e-02
1.232354715466499329e-01
-6.382885575294494629e-02
-7.172768563032150269e-02
-1.174249649047851562e-01
-1.220795139670372009e-02
-6.644041836261749268e-02
7.909911125898361206e-02
2.717271074652671814e-02
-3.031792491674423218e-02
5.597155541181564331e-03
5.998139828443527222e-02
-1.671175658702850342e-02
-6.376969814300537109e-02
-6.718862056732177734e-02
4.151707515120506287e-02
1.154987588524818420e-01
3.488341718912124634e-02
3.063029982149600983e-02
4.399765655398368835e-02
-9.245365858078002930e-03
-8.429876714944839478e-02
8.016972988843917847e-02
-3.320853412151336670e-02
-5.507000908255577087e-02
-8.938167244195938110e-02
5.071918666362762451e-02
8.564437925815582275e-02
-6.298299133777618408e-02
3.169284388422966003e-02
7.356204092502593994e-03
-5.557014420628547668e-02
-1.401061266660690308e-01
2.557614352554082870e-03
4.130502790212631226e-02
6.101335585117340088e-02
1.880536787211894989e-02
-1.115579605102539062e-01
6.543191522359848022e-02
-6.515002995729446411e-02
5.643866956233978271e-03
3.398669883608818054e-02
-9.079919010400772095e-02
4.426099732518196106e-02
6.328145507723093033e-03
-4.136167466640472412e-03
-1.113677248358726501e-01
6.026007980108261108e-02
4.969136323779821396e-03
-1.769931763410568237e-01
-6.086621060967445374e-02
2.473307214677333832e-02
8.015863597393035889e-02
-2.466380223631858826e-02
-1.324264407157897949e-01
-4.103237017989158630e-02
-6.764208897948265076e-03
7.354931533336639404e-02
6.440200656652450562e-02
2.949284017086029053e-02
3.981849923729896545e-02
4.732874780893325806e-02
-6.892569363117218018e-02
1.071110218763351440e-01
-5.129703134298324585e-02
-1.754369735717773438e-01
5.456859990954399109e-02
-2.593851089477539062e-02
-3.830789029598236084e-02
-6.321646273136138916e-02
2.384229376912117004e-02
1.120892912149429321e-02
6.359004229307174683e-02
1.359770596027374268e-01
1.819079276174306870e-03
5.526249483227729797e-02
-2.786862850189208984e-02
9.695715457201004028e-02
3.068425925448536873e-03
8.830779232084751129e-03
-1.303972024470567703e-02
-1.242494303733110428e-02
5.041383951902389526e-02
9.615550935268402100e-02
-1.544059906154870987e-02
-4.905250295996665955e-02
1.263498812913894653e-01
4.886301606893539429e-02
8.939079195261001587e-02
1.196115370839834213e-02
3.778414428234100342e-02
-1.726484671235084534e-02
1.525408402085304260e-02
4.537951946258544922e-02
-8.158741146326065063e-02
-1.261536180973052979e-01
9.388431161642074585e-02
-1.367968879640102386e-02
-7.770303636789321899e-04
1.020823139697313309e-02
-1.872500032186508179e-02
-1.056190431118011475e-01
5.034424364566802979e-02
-9.025090374052524567e-03
1.215319037437438965e-01
2.402246557176113129e-02
5.995038896799087524e-03
-5.673865973949432373e-02
1.063402742147445679e-02
6.821254733949899673e-03
-3.803757205605506897e-02
1.377052627503871918e-02
2.874393947422504425e-02
9.291557967662811279e-02
4.904897138476371765e-02
-4.611309617757797241e-02
-5.856175906956195831e-03
2.933024987578392029e-02
-1.369153112173080444e-01
-1.137341484427452087e-01
-6.670567393302917480e-02
2.720445580780506134e-02
9.447588585317134857e-03
5.399795621633529663e-02
8.947964012622833252e-02
-9.835366159677505493e-02
-1.328483875840902328e-02
3.015593439340591431e-02
-1.366788521409034729e-02
1.222153473645448685e-02
-4.415261000394821167e-02
1.023629866540431976e-02
-6.382893025875091553e-02
-5.776906758546829224e-02
4.108193889260292053e-02
2.129207924008369446e-02
1.869688183069229126e-01
-6.447976082563400269e-02
2.788145095109939575e-02
6.644312292337417603e-02
7.201630622148513794e-02
8.007612079381942749e-02
5.095036700367927551e-02
-7.162299752235412598e-02
-9.068892151117324829e-02
4.592956602573394775e-02
1.529246270656585693e-01
-5.599224474281072617e-03
8.840437978506088257e-02
7.851491868495941162e-02
-5.897453427314758301e-02
-6.160468980669975281e-02
4.652383271604776382e-03
-8.574794232845306396e-02
3.964695334434509277e-02
-2.464976906776428223e-02
3.181236609816551208e-02
3.389814402908086777e-03
4.758299794048070908e-03
7.427439838647842407e-02
-4.332898650318384171e-03
7.209399342536926270e-02
1.696374639868736267e-02
2.475098706781864166e-02
7.612864673137664795e-02
-2.386949211359024048e-02
9.612968191504478455e-03
2.728359214961528778e-02
-1.950886286795139313e-02
-2.149401232600212097e-02
4.312609322369098663e-03
-9.358017146587371826e-02
1.037403643131256104e-01
4.179705679416656494e-02
1.291461586952209473e-01
2.481103874742984772e-02
-3.968883678317070007e-02
4.278061911463737488e-02
9.347949177026748657e-02
-3.100509755313396454e-02
2.454243972897529602e-02
-5.338871106505393982e-02
1.572892814874649048e-02
-4.176272824406623840e-02
1.312530487775802612e-01
5.523441359400749207e-02
-3.911542147397994995e-02
3.112265840172767639e-02
-1.780703291296958923e-02
2.774503454566001892e-02
7.236312329769134521e-02
1.610860414803028107e-02
-1.172661632299423218e-01
1.482666749507188797e-02
-9.405271708965301514e-02
-2.606901153922080994e-02
-3.843569429591298103e-03
9.176286309957504272e-02
4.515711590647697449e-02
9.466025978326797485e-02
-5.411896109580993652e-02
4.453762620687484741e-02
4.379641637206077576e-02
-1.639509573578834534e-02
1.401383802294731140e-02
-7.801375538110733032e-02
-5.065479129552841187e-02
-8.013074100017547607e-02
-2.316755615174770355e-02
3.392228484153747559e-02
3.721253015100955963e-04
-5.712231248617172241e-02
2.164822444319725037e-02
3.275651857256889343e-02
5.050843954086303711e-02
1.089401356875896454e-02
-1.129602938890457153e-01
-5.175912287086248398e-03
-1.941647827625274658e-01
2.009785734117031097e-02
1.831465400755405426e-02
8.965401351451873779e-02
-4.152086004614830017e-02
2.387444116175174713e-02
6.786169111728668213e-02
