1.210407167673110962e-01
-1.643884368240833282e-02
2.885911241173744202e-02
-3.021151199936866760e-02
-5.493413284420967102e-02
-1.350111793726682663e-02
-9.690597653388977051e-02
-3.938353061676025391e-02
9.681452065706253052e-02
5.669346824288368225e-02
3.039802983403205872e-02
-2.539810538291931152e-02
-2.465121913701295853e-03
-9.482792019844055176e-02
2.534209191799163818e-02
-5.313241854310035706e-02
3.270302340388298035e-02
6.040005758404731750e-02
-2.065774286165833473e-03
-4.233969375491142273e-02
-3.979628160595893860e-02
2.341430820524692535e-02
5.111465696245431900e-03
-3.328910470008850098e-02
-2.384713850915431976e-02
-1.098133474588394165e-01
3.270456939935684204e-02
-7.020369917154312134e-02
-1.120146661996841431e-01
-1.149617135524749756e-01
8.255460113286972046e-02
-3.790726885199546814e-02
-4.416672140359878540e-02
-9.059225767850875854e-02
2.061152830719947815e-02
-2.249149419367313385e-02
2.734501473605632782e-02
-2.222473174333572388e-02
-4.541644826531410217e-02
-1.878217235207557678e-02
7.182677090167999268e-02
-3.077728301286697388e-02
2.977174893021583557e-02
9.334198385477066040e-02
2.276672609150409698e-02
2.485452406108379364e-02
-1.253252923488616943e-01
-1.622387953102588654e-02
-1.936095021665096283e-02
-4.678435251116752625e-02
-1.756440252065658569e-01
7.307775318622589111e-02
1.201812997460365295e-01
-1.049205064773559570e-01
-6.725093722343444824e-02
5.896936357021331787e-02
-1.980123296380043030e-02
4.455421119928359985e-03
1.667492389678955078e-01
-3.402095660567283630e-02
6.195899099111557007e-02
3.730962052941322327e-02
-3.465305641293525696e-02
-1.502346596680581570e-03
-6.132838502526283264e-02
-6.823757290840148926e-02
-7.180863618850708008e-02
-1.066190302371978760e-01
-1.388419046998023987e-02
-6.913463771343231201e-02
-1.121085509657859802e-01
-1.070979982614517212e-01
1.519562602043151855e-01
-1.016427725553512573e-01
-1.384010314941406250e-01
6.560573726892471313e-02
-9.700705856084823608e-02
5.922961980104446411e-02
1.643456146121025085e-02
-2.048676609992980957e-01
5.916725844144821167e-02
3.828972950577735901e-02
-1.679589971899986267e-02
7.067281007766723633e-02
-7.695839554071426392e-02
4.911478236317634583e-02
-5.274764448404312134e-02
6.535958498716354370e-02
1.806496456265449524e-02
-2.632029727101325989e-02
-1.661322563886642456e-01
-4.104476049542427063e-02
-6.740780919790267944e-02
-4.066960886120796204e-02
-6.876286864280700684e-02
-6.236414611339569092e-02
-3.683476150035858154e-02
-3.260215817135758698e-05
3.923926874995231628e-02
-9.219916164875030518e-02
4.039597883820533752e-02
-1.298301573842763901e-02
-2.274677855893969536e-03
-9.968657046556472778e-03
6.857640109956264496e-03
-6.561776995658874512e-02
7.939551770687103271e-02
1.048612669110298157e-01
8.781451731920242310e-02
-9.509216248989105225e-02
9.697144851088523865e-03
1.160913556814193726e-01
-2.154386602342128754e-02
8.721535652875900269e-02
2.805435098707675934e-03
-3.601043671369552612e-02
-3.924717009067535400e-02
3.738342970609664917e-02
6.381925940513610840e-02
-5.243668332695960999e-02
-3.809087723493576050e-02
8.880984783172607422e-02
1.730732619762420654e-02
4.204429686069488525e-02
-5.112879723310470581e-02
1.962324604392051697e-02
-3.930956125259399414e-02
-1.219612061977386475e-01
-9.615388512611389160e-02
5.148882791399955750e-02
4.631661344319581985e-03
7.943257689476013184e-02
-8.864173293113708496e-02
4.058359563350677490e-02
3.098408877849578857e-02
1.945161260664463043e-02
-8.964455127716064453e-02
4.418968781828880310e-02
9.684437513351440430e-02
2.608626708388328552e-02
5.262419953942298889e-02
6.531156599521636963e-02
4.598220065236091614e-02
-1.373191624879837036e-01
-4.723741859197616577e-02
-5.537769198417663574e-02
7.178404927253723145e-02
8.490850217640399933e-03
-2.646387927234172821e-02
2.180272154510021210e-02
-4.867259413003921509e-02
-3.401353582739830017e-02
1.782713644206523895e-02
-4.265478625893592834e-02
-5.485155433416366577e-02
-4.616866633296012878e-02
9.182901680469512939e-02
1.537414453923702240e-02
-7.578130066394805908e-02
2.788113430142402649e-03
-4.112574097234755754e-04
7.811140269041061401e-02
-8.459610864520072937e-03
-4.661124199628829956e-02
-3.129895776510238647e-02
2.527410630136728287e-03
3.290316835045814514e-02
1.923569664359092712e-02
-5.394738540053367615e-02
-2.299299463629722595e-02
1.467125713825225830e-01
1.237719953060150146e-01
-5.165556445717811584e-02
1.772345788776874542e-02
3.740806132555007935e-02
-1.228317897766828537e-02
-6.046144291758537292e-02
-2.029853127896785736e-02
-2.717154566198587418e-03
-7.301462348550558090e-03
-1.943897455930709839e-02
2.558385208249092102e-02
-4.727971926331520081e-02
-1.816370338201522827e-02
7.269398123025894165e-02
-2.538747712969779968e-02
6.619093474000692368e-03
8.079829066991806030e-02
4.591746628284454346e-02
1.095616742968559265e-01
-1.233273558318614960e-02
-2.935121394693851471e-02
1.009402517229318619e-02
3.547241538763046265e-02
-1.722187548875808716e-02
1.266067847609519958e-02
-1.220902875065803528e-01
2.884043566882610321e-02
6.250127404928207397e-02
4.376526176929473877e-02
-2.439885027706623077e-02
-1.625082269310951233e-02
-4.049670323729515076e-02
1.564362086355686188e-02
-4.756126180291175842e-02
1.507855299860239029e-02
-1.154408673755824566e-03
1.129039935767650604e-02
3.440870903432369232e-03
8.112192898988723755e-02
-3.215104341506958008e-02
4.276308044791221619e-02
-5.033333785831928253e-03
-5.793308466672897339e-02
4.752479121088981628e-02
7.763853669166564941e-02
1.779953762888908386e-02
-7.489641755819320679e-02
9.346462786197662354e-02
2.580438740551471710e-02
4.595946148037910461e-02
-4.521788563579320908e-03
5.706155672669410706e-02
1.032486408948898315e-01
6.430363748222589493e-03
-1.522391438484191895e-01
1.327542681246995926e-02
1.894845254719257355e-02
9.712302684783935547e-02
-3.381858393549919128e-02
5.388078093528747559e-02
-6.303730187937617302e-04
-3.925034031271934509e-02
-4.060705006122589111e-02
4.341737553477287292e-02
-4.052289202809333801e-02
-4.490431398153305054e-02
-5.406525358557701111e-02
-1.888005062937736511e-02
-4.056278243660926819e-02
2.659869007766246796e-02
1.006648689508438110e-01
-1.799235120415687561e-02
1.002444997429847717e-01
-9.188856184482574463e-02
-2.132827229797840118e-02
-3.616854175925254822e-02
9.381141513586044312e-03
2.357077412307262421e-02
-5.830959975719451904e-02
