1.546017229557037354e-01
1.988111529499292374e-03
3.618853911757469177e-02
-3.618764132261276245e-02
-3.276536986231803894e-02
-3.465251997113227844e-02
-8.753905445337295532e-02
-5.163153633475303650e-02
4.379080235958099365e-02
2.865421213209629059e-02
-2.929021604359149933e-03
-4.729626327753067017e-02
-3.365129465237259865e-03
-8.736061304807662964e-02
5.392154678702354431e-03
-5.332298576831817627e-02
2.221301570534706116e-02
7.845935225486755371e-02
-2.347803208976984024e-03
-1.050862134434282780e-03
-2.541471272706985474e-02
-1.367464847862720490e-02
2.537379227578639984e-02
-2.411332167685031891e-02
-4.566591605544090271e-02
-1.120227873325347900e-01
4.511870816349983215e-02
-6.721732020378112793e-02
-1.185537427663803101e-01
-1.063216403126716614e-01
5.698342621326446533e-02
-4.890543222427368164e-02
-4.237321019172668457e-02
-6.139289215207099915e-02
2.992125600576400757e-02
-6.592575460672378540e-03
2.389818429946899414e-02
-4.319340735673904419e-02
-5.986613780260086060e-02
-6.027657166123390198e-02
5.717271566390991211e-02
7.193978410214185715e-03
4.117010906338691711e-02
6.897395849227905273e-02
4.458234831690788269e-02
1.924371719360351562e-02
-1.242967844009399414e-01
5.073840916156768799e-02
-3.287014737725257874e-02
-4.041678830981254578e-02
-1.740127652883529663e-01
6.619585305452346802e-02
1.121917143464088440e-01
-9.476752579212188721e-02
-3.242696076631546021e-02
4.752448201179504395e-02
-3.302299231290817261e-02
-1.123529206961393356e-02
1.582166552543640137e-01
-6.223343312740325928e-03
7.022090256214141846e-02
3.283799067139625549e-02
-8.813326060771942139e-02
4.869769793003797531e-03
-7.417851686477661133e-02
-5.532702803611755371e-02
-4.660553485155105591e-02
-1.044888049364089966e-01
6.228219717741012573e-03
-4.833821207284927368e-02
-8.591533452272415161e-02
-9.734240919351577759e-02
1.307322382926940918e-01
-7.605936378240585327e-02
-1.404389888048171997e-01
4.246454685926437378e-02
-5.504260212182998657e-02
9.052968025207519531e-02
1.017647515982389450e-02
-1.930469721555709839e-01
3.753367066383361816e-02
5.956576392054557800e-02
2.631385251879692078e-02
7.135228067636489868e-02
-4.736738651990890503e-02
4.831447079777717590e-02
-3.357615321874618530e-02
5.764511600136756897e-02
4.228211939334869385e-02
-4.574696719646453857e-02
-1.642831116914749146e-01
-3.619117662310600281e-02
-5.498899146914482117e-02
-2.070373483002185822e-02
-5.555560812354087830e-02
-4.932513460516929626e-02
-2.639242261648178101e-02
3.887790441513061523e-02
8.844497054815292358e-02
-8.840071409940719604e-02
6.439194083213806152e-02
-1.639720052480697632e-02
2.595992572605609894e-02
-1.795656979084014893e-02
-8.419813588261604309e-03
-5.460926517844200134e-02
6.434427201747894287e-02
8.268094807863235474e-02
1.127481535077095032e-01
-9.297092258930206299e-02
-5.205740686506032944e-03
1.481810957193374634e-01
-1.021722797304391861e-02
1.001120060682296753e-01
3.864524653181433678e-03
-2.178598381578922272e-02
-1.573363319039344788e-02
4.797629639506340027e-02
4.935553297400474548e-02
-5.976809933781623840e-02
-4.650583863258361816e-02
1.105046123266220093e-01
-1.627034507691860199e-03
4.187590628862380981e-02
-4.876652359962463379e-02
-3.608304308727383614e-03
-5.123206228017807007e-02
-7.257170975208282471e-02
-1.000974476337432861e-01
1.142636686563491821e-01
1.338676083832979202e-02
8.150974661111831665e-02
-9.412301331758499146e-02
3.754879161715507507e-02
4.101504758000373840e-02
9.937388822436332703e-03
-6.872718781232833862e-02
1.280832011252641678e-02
9.384145587682723999e-02
4.650340229272842407e-02
1.203221268951892853e-02
4.415270313620567322e-02
4.979771003127098083e-02
-1.344337314367294312e-01
-8.893036842346191406e-02
-5.387957021594047546e-02
8.838448673486709595e-02
6.626731716096401215e-03
-5.791654810309410095e-03
2.004730515182018280e-02
-7.412853091955184937e-02
-6.496148556470870972e-02
1.899872347712516785e-02
-1.399152632802724838e-02
-4.207538813352584839e-02
-3.277876973152160645e-02
1.016793549060821533e-01
4.992400296032428741e-03
-6.012970954179763794e-02
3.770330455154180527e-03
6.541268434375524521e-03
1.068529263138771057e-01
-2.816629223525524139e-02
-2.043668180704116821e-02
-1.958222500979900360e-02
-5.838190205395221710e-03
4.644794389605522156e-02
4.991589114069938660e-02
-4.869279637932777405e-02
-6.527811288833618164e-02
1.446823775768280029e-01
1.227168589830398560e-01
-4.822940751910209656e-02
5.274319276213645935e-02
5.171893164515495300e-02
-2.751692011952400208e-02
-8.007345348596572876e-02
-3.807866480201482773e-03
-5.447312816977500916e-02
4.228502046316862106e-03
-2.169216983020305634e-02
1.779066212475299835e-02
-2.531067095696926117e-02
-8.797359652817249298e-03
7.088232785463333130e-02
-2.375237457454204559e-02
3.910278528928756714e-02
5.231907591223716736e-02
1.799306832253932953e-02
1.078103110194206238e-01
-2.457447536289691925e-02
-2.563637867569923401e-02
2.252990938723087311e-02
2.204340323805809021e-02
-8.324190042912960052e-03
5.678930319845676422e-03
-1.235137805342674255e-01
5.503179132938385010e-02
6.548391282558441162e-02
6.040784344077110291e-02
-1.278946269303560257e-02
-2.915710024535655975e-02
-3.049540100619196892e-03
3.735548257827758789e-02
-3.652350977063179016e-02
2.043670974671840668e-03
-1.429978874512016773e-03
2.792349085211753845e-02
7.032225374132394791e-03
8.842802047729492188e-02
-2.223782800137996674e-02
2.895265631377696991e-02
3.833950962871313095e-03
-5.942302569746971130e-02
5.272849649190902710e-02
7.944119721651077271e-02
3.948517516255378723e-02
-8.644053339958190918e-02
7.281640917062759399e-02
-9.344764985144138336e-04
2.857752889394760132e-02
-1.391935721039772034e-02
5.316668376326560974e-02
8.288856595754623413e-02
3.204971179366111755e-02
-1.464585959911346436e-01
2.057188563048839569e-02
2.401198633015155792e-02
8.460322022438049316e-02
-6.044777482748031616e-02
3.965269774198532104e-02
-1.416596770286560059e-02
-7.587417960166931152e-02
-4.763786494731903076e-02
7.031243294477462769e-02
-4.071570560336112976e-02
-7.702319324016571045e-02
-5.405294150114059448e-02
-3.709008172154426575e-02
-4.699239134788513184e-02
2.313102781772613525e-02
1.012043505907058716e-01
-1.420747675001621246e-02
8.720378577709197998e-02
-1.219569221138954163e-01
-2.401997894048690796e-02
-5.835439637303352356e-02
4.774495027959346771e-03
3.318114578723907471e-02
-6.947618722915649414e-02
