1.702721416950225830e-01
-1.360371615737676620e-02
3.681246563792228699e-02
-5.230900272727012634e-02
-4.970483854413032532e-02
-2.074719406664371490e-02
-1.044844314455986023e-01
-5.925687775015830994e-02
7.187791168689727783e-02
5.969299376010894775e-02
1.093934942036867142e-02
-5.919098481535911560e-02
-1.746743172407150269e-02
-9.603901207447052002e-02
5.987328942865133286e-03
-5.687012150883674622e-02
2.056260593235492706e-02
8.946489542722702026e-02
1.890669204294681549e-02
-2.041147276759147644e-02
-4.703554883599281311e-02
-9.156408719718456268e-03
1.229731459170579910e-02
-1.959936320781707764e-02
-4.705496504902839661e-02
-1.299740225076675415e-01
3.310544043779373169e-02
-7.379519939422607422e-02
-1.243578195571899414e-01
-1.238145977258682251e-01
7.529990375041961670e-02
-6.722646206617355347e-02
-6.912243366241455078e-02
-5.834333971142768860e-02
3.401826322078704834e-02
-1.831701025366783142e-02
1.040287222713232040e-02
-3.914543241262435913e-02
-4.318662360310554504e-02
-4.494298994541168213e-02
4.317559674382209778e-02
-3.138988278806209564e-03
4.244884476065635681e-02
6.614669412374496460e-02
5.103437229990959167e-02
2.779274806380271912e-02
-1.153197139501571655e-01
4.245716705918312073e-02
-3.010748699307441711e-02
-2.406573481857776642e-02
-1.674354374408721924e-01
6.142270192503929138e-02
1.212648972868919373e-01
-1.060484200716018677e-01
-3.270157054066658020e-02
3.890151530504226685e-02
-2.861429005861282349e-02
2.716812677681446075e-02
1.633163839578628540e-01
-5.719463806599378586e-03
6.207611411809921265e-02
3.226015716791152954e-02
-7.377135753631591797e-02
-8.009515702724456787e-03
-7.348007708787918091e-02
-5.093300342559814453e-02
-5.072648823261260986e-02
-9.618236869573593140e-02
-4.509949125349521637e-03
-3.932804241776466370e-02
-1.077878847718238831e-01
-8.355268090963363647e-02
1.361356228590011597e-01
-8.792869001626968384e-02
-1.354295164346694946e-01
4.438568651676177979e-02
-5.517200008034706116e-02
8.654537051916122437e-02
1.992471329867839813e-02
-1.883040815591812134e-01
4.851534590125083923e-02
5.481973290443420410e-02
2.232828363776206970e-02
7.454962283372879028e-02
-5.186515301465988159e-02
4.431542009115219116e-02
-3.401284292340278625e-02
6.592216342687606812e-02
2.993766777217388153e-02
-3.940911963582038879e-02
-1.403431594371795654e-01
-4.743408784270286560e-02
-6.061017140746116638e-02
-2.783318422734737396e-02
-4.919572547078132629e-02
-6.326007097959518433e-02
-2.067978121340274811e-02
3.736570477485656738e-02
5.895902961492538452e-02
-8.858200162649154663e-02
4.082126542925834656e-02
-9.999640285968780518e-03
1.232462190091609955e-02
-2.253355830907821655e-02
-1.469799876213073730e-02
-5.037197843194007874e-02
5.824453011155128479e-02
7.683255523443222046e-02
8.969610929489135742e-02
-8.831107616424560547e-02
2.908564638346433640e-03
1.274848133325576782e-01
-3.293335810303688049e-02
8.715329319238662720e-02
-8.197449147701263428e-03
-3.847975283861160278e-03
-2.146193571388721466e-02
4.334167763590812683e-02
4.474268108606338501e-02
-4.274855554103851318e-02
-1.404324267059564590e-02
1.029448658227920532e-01
5.281790508888661861e-04
3.155703842639923096e-02
-4.790217801928520203e-02
1.809916645288467407e-02
-3.293988481163978577e-02
-7.557635009288787842e-02
-9.302333742380142212e-02
9.109937399625778198e-02
1.477653346955776215e-02
7.211769372224807739e-02
-8.895166963338851929e-02
3.273687884211540222e-02
4.221096634864807129e-02
-9.712535887956619263e-03
-6.302396208047866821e-02
5.201444029808044434e-03
7.165242731571197510e-02
3.786253556609153748e-02
3.161227796226739883e-03
5.907745659351348877e-02
1.659533753991127014e-02
-1.234625428915023804e-01
-7.781969010829925537e-02
-4.997826367616653442e-02
8.528830111026763916e-02
6.925270892679691315e-03
-1.368029508739709854e-02
-5.512245115824043751e-04
-6.635352969169616699e-02
-5.456221103668212891e-02
-3.208257025107741356e-03
-1.099718548357486725e-02
-4.003252089023590088e-02
-1.922379061579704285e-02
1.020911484956741333e-01
1.218727696686983109e-02
-5.506065115332603455e-02
-6.443781312555074692e-03
1.857918314635753632e-02
8.520742505788803101e-02
-1.835388317704200745e-02
-2.324685081839561462e-02
-4.480644315481185913e-02
-1.378014963120222092e-02
4.331304505467414856e-02
4.313304647803306580e-02
-4.517476260662078857e-02
-6.829135864973068237e-02
1.650103628635406494e-01
1.264161020517349243e-01
-6.176107376813888550e-02
3.907008469104766846e-02
3.694817051291465759e-02
-1.698949746787548065e-02
-7.300883531570434570e-02
2.739124465733766556e-03
-4.056051000952720642e-02
-5.816261749714612961e-03
-2.555165998637676239e-02
8.863555267453193665e-03
-3.659241646528244019e-02
-4.297560954000800848e-04
5.379027500748634338e-02
-1.720316894352436066e-02
3.039088472723960876e-02
4.662899300456047058e-02
2.227452397346496582e-02
1.123688742518424988e-01
-2.081524953246116638e-02
-2.203571796417236328e-02
3.869047760963439941e-02
3.090057149529457092e-02
-1.889229868538677692e-03
6.950122304260730743e-03
-1.058772429823875427e-01
4.931741207838058472e-02
5.902247130870819092e-02
4.998324438929557800e-02
-2.612270601093769073e-02
-4.617132991552352905e-02
-2.560005150735378265e-02
2.872363105416297913e-02
-4.479935392737388611e-02
-2.024400420486927032e-02
3.292250446975231171e-03
3.848215192556381226e-02
-1.716810278594493866e-03
9.096759557723999023e-02
-4.381909593939781189e-02
4.552566260099411011e-02
4.432760644704103470e-03
-7.106824219226837158e-02
6.916210800409317017e-02
7.954005151987075806e-02
4.814855381846427917e-02
-6.839985400438308716e-02
6.200348585844039917e-02
1.107977423816919327e-02
3.518135845661163330e-02
-1.419037207961082458e-02
3.370686247944831848e-02
6.683116406202316284e-02
2.087341994047164917e-02
-1.573546379804611206e-01
2.020908147096633911e-02
3.109721839427947998e-02
1.049448251724243164e-01
-5.599047988653182983e-02
3.942377492785453796e-02
-1.495430897921323776e-02
-6.610015034675598145e-02
-3.594148159027099609e-02
7.843215018510818481e-02
-4.756085574626922607e-02
-7.943494617938995361e-02
-5.716862529516220093e-02
-5.111442878842353821e-02
-4.798830673098564148e-02
2.351548150181770325e-02
1.255979239940643311e-01
-1.906020566821098328e-02
1.158386170864105225e-01
-1.504795253276824951e-01
-1.877089217305183411e-02
-7.036087661981582642e-02
-2.021379023790359497e-02
4.683616757392883301e-02
-8.029823005199432373e-02
