1.782979071140289307e-01
2.707660198211669922e-03
4.287333786487579346e-02
-4.780430719256401062e-02
-4.045996069908142090e-02
-4.023034498095512390e-02
-1.016681417822837830e-01
-6.290958076715469360e-02
4.663589969277381897e-02
4.151994735002517700e-02
-7.296184776350855827e-04
-5.366846174001693726e-02
-6.671390030533075333e-03
-9.419792145490646362e-02
4.156651441007852554e-03
-5.036049336194992065e-02
2.602549456059932709e-02
9.597922861576080322e-02
5.983217619359493256e-03
-8.278942666947841644e-03
-3.078643046319484711e-02
-2.987229451537132263e-02
2.713402733206748962e-02
-2.307812310755252838e-02
-5.890571326017379761e-02
-1.235352307558059692e-01
4.390349984169006348e-02
-6.605342775583267212e-02
-1.167616173624992371e-01
-1.122003197669982910e-01
6.964167952537536621e-02
-6.467784196138381958e-02
-5.727354064583778381e-02
-5.571428313851356506e-02
3.689810633659362793e-02
-8.001757785677909851e-03
1.452666893601417542e-02
-4.644255340099334717e-02
-4.778758063912391663e-02
-6.518431752920150757e-02
4.520772770047187805e-02
3.228811779990792274e-03
3.842464834451675415e-02
6.861444562673568726e-02
5.658053234219551086e-02
2.064119838178157806e-02
-1.264424920082092285e-01
6.004297733306884766e-02
-2.561667189002037048e-02
-3.416346013545989990e-02
-1.628737896680831909e-01
6.302220374345779419e-02
1.166712641716003418e-01
-9.416898339986801147e-02
-3.239462897181510925e-02
3.790124878287315369e-02
-3.436169773340225220e-02
-1.073945546522736549e-03
1.499671489000320435e-01
-6.448056548833847046e-03
6.536112725734710693e-02
4.267247766256332397e-02
-8.799786120653152466e-02
-1.487690722569823265e-03
-7.278469949960708618e-02
-4.839290305972099304e-02
-4.893393442034721375e-02
-9.181885421276092529e-02
3.754901699721813202e-03
-4.559439793229103088e-02
-8.415800333023071289e-02
-8.525481820106506348e-02
1.202654018998146057e-01
-7.166259735822677612e-02
-1.295421272516250610e-01
4.029014334082603455e-02
-5.293388664722442627e-02
8.843974024057388306e-02
9.639565832912921906e-03
-1.755391806364059448e-01
3.187709674239158630e-02
6.379880756139755249e-02
4.185260087251663208e-02
7.012037187814712524e-02
-4.424923285841941833e-02
4.946907609701156616e-02
-2.692295424640178680e-02
5.237234011292457581e-02
4.353880509734153748e-02
-4.824630171060562134e-02
-1.522001326084136963e-01
-3.242155537009239197e-02
-4.869436472654342651e-02
-1.578040793538093567e-02
-5.003542453050613403e-02
-4.871177300810813904e-02
-2.641548961400985718e-02
3.981830179691314697e-02
8.178948611021041870e-02
-8.331305533647537231e-02
5.815150961279869080e-02
-9.306398220360279083e-03
2.137186937034130096e-02
-2.780257724225521088e-02
-1.332388538867235184e-02
-5.510516837239265442e-02
5.970621109008789062e-02
7.620084285736083984e-02
1.071244478225708008e-01
-9.338122606277465820e-02
-2.811657031998038292e-03
1.445630788803100586e-01
-2.151260524988174438e-02
9.333943575620651245e-02
3.168318886309862137e-03
-1.342282257974147797e-02
-9.246408008038997650e-03
4.887431114912033081e-02
4.398767650127410889e-02
-6.031735613942146301e-02
-3.116385266184806824e-02
1.109932959079742432e-01
-4.525683354586362839e-03
4.699584841728210449e-02
-5.276492983102798462e-02
-6.935039418749511242e-04
-4.664446413516998291e-02
-7.019856572151184082e-02
-1.012041047215461731e-01
1.182497516274452209e-01
1.464684028178453445e-02
8.502026647329330444e-02
-9.546563774347305298e-02
3.820984438061714172e-02
4.139500111341476440e-02
7.617667317390441895e-03
-5.849690735340118408e-02
6.834020838141441345e-03
8.921074867248535156e-02
4.944556951522827148e-02
1.969273434951901436e-03
5.127710103988647461e-02
3.445297107100486755e-02
-1.276060193777084351e-01
-9.091478586196899414e-02
-5.575846135616302490e-02
9.052792936563491821e-02
1.206608954817056656e-02
3.443214227445423603e-04
6.333050318062305450e-03
-7.239437103271484375e-02
-6.524343788623809814e-02
1.879699155688285828e-02
-2.760906005278229713e-03
-3.520586341619491577e-02
-2.390628121793270111e-02
1.061823964118957520e-01
7.180357351899147034e-03
-5.734371766448020935e-02
1.824779086746275425e-03
5.432440433651208878e-03
1.027155518531799316e-01
-3.250044956803321838e-02
-1.952546462416648865e-02
-3.208573162555694580e-02
-1.056383457034826279e-02
4.290972650051116943e-02
5.201562866568565369e-02
-4.768278449773788452e-02
-7.726234942674636841e-02
1.579013615846633911e-01
1.234000101685523987e-01
-4.486679658293724060e-02
5.544042959809303284e-02
5.151600763201713562e-02
-2.490874193608760834e-02
-8.466046303510665894e-02
-4.014127422124147415e-03
-5.725897848606109619e-02
5.248536355793476105e-03
-1.499062404036521912e-02
1.333897747099399567e-02
-2.588660269975662231e-02
-4.739150404930114746e-03
7.137249410152435303e-02
-1.855729706585407257e-02
3.923351690173149109e-02
5.193204805254936218e-02
1.230220962315797806e-02
1.079837530851364136e-01
-2.616176567971706390e-02
-2.193892560899257660e-02
2.763698250055313110e-02
2.742214128375053406e-02
-7.576263975352048874e-03
8.677910082042217255e-03
-1.154876425862312317e-01
5.854085460305213928e-02
6.558666378259658813e-02
5.833509191870689392e-02
-1.802669093012809753e-02
-3.576413542032241821e-02
-8.759485557675361633e-03
3.129369020462036133e-02
-3.090864047408103943e-02
-8.835350163280963898e-03
4.712508991360664368e-03
3.085600957274436951e-02
3.977704327553510666e-03
9.242475032806396484e-02
-3.112802281975746155e-02
3.172018751502037048e-02
1.336499489843845367e-02
-6.376639008522033691e-02
5.740649998188018799e-02
6.939043104648590088e-02
3.397988528013229370e-02
-8.195594698190689087e-02
6.273217499256134033e-02
-5.491289310157299042e-03
3.303436934947967529e-02
-1.426320429891347885e-02
5.016618967056274414e-02
7.600878924131393433e-02
2.903876826167106628e-02
-1.408754885196685791e-01
2.984788641333580017e-02
2.682465501129627228e-02
8.534222841262817383e-02
-6.345913559198379517e-02
3.000552207231521606e-02
-2.310346066951751709e-02
-8.007025718688964844e-02
-3.975640609860420227e-02
6.970909237861633301e-02
-4.437213391065597534e-02
-8.463772386312484741e-02
-5.515097081661224365e-02
-4.433782771229743958e-02
-5.200597271323204041e-02
2.214415557682514191e-02
1.099495068192481995e-01
-2.305680513381958008e-02
9.343665838241577148e-02
-1.363082528114318848e-01
-2.616597712039947510e-02
-6.821133941411972046e-02
-5.802223458886146545e-03
3.441835567355155945e-02
-7.215781509876251221e-02
