1.502779573202133179e-01
-6.442418787628412247e-03
3.985984623432159424e-02
-4.255941510200500488e-02
-3.530783951282501221e-02
-3.407626971602439880e-02
-9.595742076635360718e-02
-5.675822868943214417e-02
4.615551233291625977e-02
3.970898687839508057e-02
-3.889303421601653099e-03
-5.121089145541191101e-02
-5.120453890413045883e-03
-8.091881871223449707e-02
4.776588641107082367e-03
-5.487069487571716309e-02
2.677094936370849609e-02
9.259372204542160034e-02
-6.072179879993200302e-03
-2.322281245142221451e-03
-1.308549009263515472e-02
-3.475163830444216728e-03
1.922525279223918915e-02
-2.476748824119567871e-02
-4.242192953824996948e-02
-1.132183149456977844e-01
4.373635351657867432e-02
-6.635903567075729370e-02
-1.228665858507156372e-01
-1.052079051733016968e-01
6.264900416135787964e-02
-3.759943693876266479e-02
-6.355536729097366333e-02
-5.954893678426742554e-02
3.320494666695594788e-02
-5.278361495584249496e-03
8.030354045331478119e-03
-5.502521619200706482e-02
-5.446578562259674072e-02
-6.444187462329864502e-02
6.253580749034881592e-02
4.968015477061271667e-03
3.977396711707115173e-02
7.798114418983459473e-02
4.177458211779594421e-02
1.052915118634700775e-02
-1.320634931325912476e-01
6.665847450494766235e-02
-2.864476852118968964e-02
-4.303817078471183777e-02
-1.781501471996307373e-01
7.378144562244415283e-02
1.228676140308380127e-01
-1.017594635486602783e-01
-3.393860533833503723e-02
5.328603833913803101e-02
-3.000421635806560516e-02
-3.136843908578157425e-03
1.651060283184051514e-01
-4.933396354317665100e-03
6.998793780803680420e-02
4.588238522410392761e-02
-1.016668826341629028e-01
-6.095788441598415375e-03
-6.924897432327270508e-02
-6.372871249914169312e-02
-4.050131887197494507e-02
-1.031631156802177429e-01
-8.984614978544414043e-04
-4.831162095069885254e-02
-8.603326231241226196e-02
-9.221625328063964844e-02
1.208310723304748535e-01
-8.101715892553329468e-02
-1.356729120016098022e-01
4.869330301880836487e-02
-5.629282072186470032e-02
8.604691922664642334e-02
9.343192912638187408e-03
-2.000305950641632080e-01
3.990949317812919617e-02
6.119388341903686523e-02
2.518734335899353027e-02
7.202362269163131714e-02
-5.264840275049209595e-02
4.590199142694473267e-02
-3.487278148531913757e-02
4.798641428351402283e-02
3.598856925964355469e-02
-5.229375138878822327e-02
-1.514692157506942749e-01
-4.071608558297157288e-02
-5.383342504501342773e-02
-1.669180579483509064e-02
-5.299401283264160156e-02
-6.396905332803726196e-02
-2.130596339702606201e-02
3.763776272535324097e-02
7.726758718490600586e-02
-1.012468636035919189e-01
5.898599326610565186e-02
-1.124441158026456833e-02
1.820939406752586365e-02
-2.283030562102794647e-02
-1.059020505635999143e-04
-5.731736868619918823e-02
8.216575533151626587e-02
8.441908657550811768e-02
1.087325215339660645e-01
-1.024448201060295105e-01
1.842795638367533684e-03
1.478161513805389404e-01
-3.095855703577399254e-03
9.987218677997589111e-02
2.397980308160185814e-03
-1.327688526362180710e-02
-9.481897577643394470e-03
5.069996789097785950e-02
5.226840823888778687e-02
-5.253745242953300476e-02
-4.178248718380928040e-02
1.062264591455459595e-01
9.397507645189762115e-03
5.270926281809806824e-02
-6.735166162252426147e-02
-8.131636306643486023e-03
-4.305218905210494995e-02
-7.414384186267852783e-02
-1.074931174516677856e-01
1.137311533093452454e-01
1.794134825468063354e-02
8.750879764556884766e-02
-9.714195132255554199e-02
3.392067551612854004e-02
3.827797621488571167e-02
8.292470127344131470e-03
-6.918409466743469238e-02
8.116413839161396027e-03
8.420770615339279175e-02
4.959199205040931702e-02
1.420868188142776489e-02
4.042259603738784790e-02
5.537743493914604187e-02
-1.373602300882339478e-01
-8.698366582393646240e-02
-4.885936155915260315e-02
9.802799671888351440e-02
1.218499150127172470e-02
4.443526733666658401e-03
1.773273572325706482e-02
-6.981158256530761719e-02
-6.538228690624237061e-02
2.306121587753295898e-02
-1.336389919742941856e-03
-4.033225402235984802e-02
-3.708215802907943726e-02
1.101636588573455811e-01
4.775167442858219147e-03
-5.830398574471473694e-02
2.832032041624188423e-03
2.574587706476449966e-03
1.011438965797424316e-01
-3.971320018172264099e-02
-2.179513126611709595e-02
-2.425929345190525055e-02
-1.348532922565937042e-02
3.896149247884750366e-02
4.386614635586738586e-02
-4.974471032619476318e-02
-5.677012726664543152e-02
1.472311317920684814e-01
1.132361516356468201e-01
-4.547031596302986145e-02
4.807547852396965027e-02
4.769412428140640259e-02
-2.663404867053031921e-02
-8.191876113414764404e-02
-1.052370481193065643e-02
-4.572433233261108398e-02
1.032362971454858780e-02
-3.024686314165592194e-02
1.568547636270523071e-02
-1.521460805088281631e-02
-9.096421301364898682e-03
6.208621338009834290e-02
-2.326500602066516876e-02
4.227283224463462830e-02
4.961250722408294678e-02
1.188813988119363785e-02
1.145785823464393616e-01
-2.038892172276973724e-02
-1.481193490326404572e-02
1.689369603991508484e-02
2.572331763803958893e-02
3.844484221190214157e-03
1.076644752174615860e-03
-1.184077635407447815e-01
5.257165059447288513e-02
7.448676973581314087e-02
4.991911724209785461e-02
-1.156625244766473770e-02
-3.203874081373214722e-02
-9.531725198030471802e-03
2.992225065827369690e-02
-3.207034245133399963e-02
-4.644400440156459808e-03
4.029139527119696140e-04
4.377707839012145996e-02
1.605317927896976471e-02
9.218522906303405762e-02
-2.469355240464210510e-02
4.076237231492996216e-02
6.292553734965622425e-04
-6.281024217605590820e-02
5.784872919321060181e-02
7.694076001644134521e-02
5.241775140166282654e-02
-8.460644632577896118e-02
8.035100251436233521e-02
9.114248678088188171e-04
3.811166435480117798e-02
-1.649274304509162903e-02
4.860239475965499878e-02
8.273036777973175049e-02
2.261114865541458130e-02
-1.275689452886581421e-01
9.104686789214611053e-03
1.318296696990728378e-02
7.803768664598464966e-02
-5.797503516077995300e-02
4.412585869431495667e-02
-1.040777564048767090e-02
-6.321133673191070557e-02
-3.638533875346183777e-02
4.755422472953796387e-02
-3.581872954964637756e-02
-5.833033099770545959e-02
-5.563740432262420654e-02
-3.138499706983566284e-02
-5.116842314600944519e-02
1.293959934264421463e-02
8.904755115509033203e-02
-1.883062347769737244e-02
7.736017554998397827e-02
-9.687184542417526245e-02
-1.906412281095981598e-02
-6.180247291922569275e-02
-3.996867686510086060e-03
2.057577297091484070e-02
-6.519615650177001953e-02
