1.006642952561378479e-01
1.172570418566465378e-02
-6.068970076739788055e-03
-1.450383570045232773e-02
-3.641860932111740112e-02
-8.211493492126464844e-02
-5.833933502435684204e-02
-2.554284641519188881e-03
8.889838308095932007e-02
3.128472343087196350e-02
-1.948483288288116455e-02
2.012157812714576721e-02
4.383057355880737305e-02
-9.007703512907028198e-02
4.718982055783271790e-02
-5.924817919731140137e-02
6.196376681327819824e-02
8.986487984657287598e-03
-2.742132171988487244e-02
-3.051165491342544556e-02
-3.455980867147445679e-02
2.000478841364383698e-02
1.637170650064945221e-02
-2.703526802361011505e-02
-6.993848830461502075e-02
-5.390698835253715515e-02
4.552010819315910339e-02
-5.660100281238555908e-02
-5.802600458264350891e-02
-1.302809547632932663e-02
6.146675348281860352e-02
-6.719852797687053680e-03
3.700505197048187256e-02
-1.202041581273078918e-01
-3.124215640127658844e-02
-4.215288534760475159e-02
1.220564320683479309e-01
2.314727939665317535e-02
-4.117622599005699158e-02
6.695597548969089985e-04
6.417088955640792847e-02
-1.010924428701400757e-01
1.380289066582918167e-02
8.982992172241210938e-02
2.945034205913543701e-02
1.415388006716966629e-02
-1.082833334803581238e-01
-1.214279010891914368e-01
-1.094237528741359711e-02
-1.016023978590965271e-01
-1.444117873907089233e-01
3.941007331013679504e-02
9.816856682300567627e-02
-2.735644765198230743e-02
-8.572027087211608887e-02
5.259436368942260742e-02
-4.126977548003196716e-02
-7.260995358228683472e-02
7.908820360898971558e-02
-6.623435020446777344e-02
1.885483227670192719e-02
4.969391226768493652e-02
2.399562858045101166e-02
3.457410633563995361e-02
-2.829795330762863159e-02
-7.076866179704666138e-02
-4.477243870496749878e-02
-7.842090725898742676e-02
7.104234769940376282e-03
-3.638251125812530518e-02
-4.287082701921463013e-02
-8.818483352661132812e-02
1.262731403112411499e-01
-3.780212253332138062e-02
-7.164385914802551270e-02
8.333465456962585449e-02
-1.132614240050315857e-01
-3.705614060163497925e-02
-4.931396245956420898e-02
-6.750594079494476318e-02
5.051113665103912354e-02
1.914828456938266754e-02
-3.506331890821456909e-02
-6.943215616047382355e-03
-8.723016828298568726e-02
6.376679986715316772e-02
1.313687022775411606e-02
5.798758007586002350e-03
1.780614256858825684e-02
2.872925996780395508e-02
-2.038241624832153320e-01
5.707347393035888672e-02
-6.785427033901214600e-02
-1.503911521285772324e-02
-6.082485616207122803e-02
-1.789803244173526764e-02
-3.928748145699501038e-02
-5.213004723191261292e-02
1.116753071546554565e-01
-8.277942240238189697e-02
7.699541747570037842e-02
1.175938174128532410e-02
9.522243402898311615e-03
-1.229938818141818047e-03
4.203397314995527267e-03
-5.201350897550582886e-02
5.056858062744140625e-02
1.531703621149063110e-01
7.618407905101776123e-02
-8.019354939460754395e-02
-4.035117477178573608e-02
1.007825285196304321e-01
-7.695135660469532013e-03
4.996043816208839417e-02
4.627204313874244690e-02
-5.213280767202377319e-02
-1.335960254073143005e-02
5.537799000740051270e-02
9.423337876796722412e-02
-1.120966598391532898e-01
-1.386138945817947388e-01
6.363387405872344971e-02
2.153134718537330627e-02
8.557750284671783447e-02
-4.703156184405088425e-03
2.737310482189059258e-03
-1.009747609496116638e-01
-1.290908008813858032e-01
-8.530218154191970825e-02
6.933696568012237549e-02
-4.558660089969635010e-02
5.987108126282691956e-02
-8.007583022117614746e-02
4.066801816225051880e-02
-4.156202077865600586e-03
9.600348770618438721e-02
-1.005295217037200928e-01
1.283611506223678589e-01
1.774499118328094482e-01
7.752925157546997070e-02
8.946010470390319824e-02
2.821898832917213440e-02
7.591193914413452148e-02
-1.523397564888000488e-01
3.483679145574569702e-02
-6.396695971488952637e-02
1.873300783336162567e-02
3.393491730093955994e-03
-5.404904484748840332e-03
5.319221317768096924e-02
-7.664975523948669434e-02
1.133020617999136448e-03
8.014629781246185303e-02
-9.083269536495208740e-02
-5.802337080240249634e-02
-8.107066899538040161e-02
6.701897829771041870e-02
5.885642766952514648e-02
-9.587527811527252197e-02
2.271916344761848450e-02
-8.209253847599029541e-02
9.049303084611892700e-02
1.885234192013740540e-02
-8.957442641258239746e-02
6.408217828720808029e-03
2.819173783063888550e-02
-3.860702738165855408e-03
4.294950515031814575e-02
-4.114415124058723450e-02
4.286894947290420532e-02
5.420021712779998779e-02
9.769460558891296387e-02
2.121435105800628662e-02
4.929073154926300049e-02
5.489372834563255310e-02
-2.156679402105510235e-04
-3.533912450075149536e-02
-8.303628116846084595e-02
1.532204914838075638e-02
1.913595572113990784e-02
5.545630306005477905e-02
4.835361242294311523e-02
-2.914242260158061981e-02
-4.409279674291610718e-02
1.653258949518203735e-01
-1.496232114732265472e-02
-1.773837581276893616e-02
1.308987289667129517e-01
7.098049670457839966e-02
5.264908820390701294e-02
-5.326434969902038574e-02
-3.221339359879493713e-02
-5.592245608568191528e-02
-1.683220639824867249e-02
-4.659664630889892578e-02
3.990753367543220520e-02
-8.757220208644866943e-02
1.588658802211284637e-02
2.568539790809154510e-02
6.790654361248016357e-02
1.482233870774507523e-02
4.072127491235733032e-02
-3.935948759317398071e-02
-1.935303956270217896e-02
-2.014799229800701141e-02
4.443111643195152283e-02
-2.952213026583194733e-02
-4.407712817192077637e-02
-1.795752719044685364e-02
5.773552879691123962e-02
1.849139481782913208e-02
-3.126211091876029968e-02
-2.720950869843363762e-04
-1.417791470885276794e-03
-4.813430458307266235e-02
-2.545336447656154633e-02
-1.099037304520606995e-01
-7.958095520734786987e-02
6.496708840131759644e-02
-3.549253195524215698e-02
-1.052594743669033051e-02
3.168209642171859741e-02
8.472629636526107788e-02
1.346496641635894775e-01
-2.027606219053268433e-02
1.003755349665880203e-02
4.859424382448196411e-02
-2.909955568611621857e-02
-3.023110516369342804e-02
4.474652931094169617e-02
-2.712890878319740295e-02
-2.922282181680202484e-02
2.592971920967102051e-02
-5.836502090096473694e-02
2.762742713093757629e-02
9.581306949257850647e-03
-9.806492365896701813e-03
2.179242111742496490e-02
9.528674185276031494e-02
1.045211032032966614e-02
6.643697619438171387e-02
-1.156187802553176880e-02
1.352645177394151688e-02
-9.233957389369606972e-04
5.221896339207887650e-03
-1.671333611011505127e-02
3.651065379381179810e-02
8.375829458236694336e-02
-6.349417567253112793e-02
2.077536284923553467e-02
