1.884322911500930786e-01
-1.160832308232784271e-02
6.256491690874099731e-02
-5.288235843181610107e-02
-4.145884886384010315e-02
-5.929799377918243408e-02
-8.367792516946792603e-02
-5.357421189546585083e-02
2.441720664501190186e-02
1.719799824059009552e-02
-9.462408721446990967e-03
-5.144871026277542114e-02
-3.822019090875983238e-03
-7.846948504447937012e-02
1.778998412191867828e-02
-6.640023738145828247e-02
3.058004938066005707e-02
1.089839190244674683e-01
1.190394628793001175e-02
1.534296013414859772e-02
-1.648206636309623718e-02
-7.889750413596630096e-03
5.311375483870506287e-02
-3.833155147731304169e-03
-4.430638626217842102e-02
-8.572370558977127075e-02
3.500301763415336609e-02
-6.080326065421104431e-02
-1.220771670341491699e-01
-8.037957549095153809e-02
9.427814744412899017e-03
-3.378187865018844604e-02
-3.338887542486190796e-02
-6.131990998983383179e-02
3.280204907059669495e-02
1.499629300087690353e-02
2.961242198944091797e-02
-3.201830387115478516e-02
-6.583560258150100708e-02
-9.358736872673034668e-02
6.322128325700759888e-02
2.831592783331871033e-02
4.999211803078651428e-02
4.795023426413536072e-02
3.879112005233764648e-02
1.797658391296863556e-02
-1.075729802250862122e-01
6.585019826889038086e-02
-3.397474810481071472e-02
-1.410149317234754562e-02
-1.815787851810455322e-01
5.606089532375335693e-02
8.880699425935745239e-02
-5.968360975384712219e-02
-1.648473925888538361e-02
5.861473083496093750e-02
-2.777746506035327911e-02
8.181178709492087364e-04
1.541317403316497803e-01
7.675303495489060879e-04
6.223864480853080750e-02
2.964903041720390320e-02
-1.239830628037452698e-01
6.273234263062477112e-03
-7.160627096891403198e-02
-7.723297923803329468e-02
-3.022585250437259674e-02
-1.063730642199516296e-01
1.510478463023900986e-02
-2.617822214961051941e-02
-6.428848206996917725e-02
-1.096289977431297302e-01
1.255946159362792969e-01
-8.127585798501968384e-02
-1.098008900880813599e-01
4.700575023889541626e-02
-5.588619783520698547e-02
8.353237062692642212e-02
3.353772312402725220e-02
-1.885786056518554688e-01
1.781385019421577454e-02
7.240146398544311523e-02
1.508041564375162125e-02
5.698418244719505310e-02
-3.290984407067298889e-02
5.619082599878311157e-02
-3.882703930139541626e-02
5.831452459096908569e-02
1.528741419315338135e-02
-5.950986966490745544e-02
-1.275131404399871826e-01
-3.444166481494903564e-02
-6.902758777141571045e-02
-1.699974760413169861e-02
-4.500603303313255310e-02
-4.024903848767280579e-02
-1.311165373772382736e-02
6.979784369468688965e-02
1.005108878016471863e-01
-7.555831223726272583e-02
6.953977048397064209e-02
-3.269946435466408730e-03
2.975280024111270905e-02
1.997323008254170418e-03
2.985498867928981781e-03
-3.950988128781318665e-02
5.739521980285644531e-02
7.233771681785583496e-02
9.519873559474945068e-02
-1.016850024461746216e-01
1.490606693550944328e-03
1.472084820270538330e-01
-1.983186695724725723e-03
9.116381406784057617e-02
1.685350947082042694e-02
-1.980957575142383575e-02
-8.162347599864006042e-03
7.599486410617828369e-02
4.781255498528480530e-02
-4.721535369753837585e-02
-6.157078221440315247e-02
1.074896603822708130e-01
-3.298913827165961266e-03
4.704928398132324219e-02
-4.519977420568466187e-02
-1.263510156422853470e-02
-4.903170466423034668e-02
-4.306957870721817017e-02
-1.094393804669380188e-01
1.293647140264511108e-01
1.764294132590293884e-02
8.447271585464477539e-02
-7.460130006074905396e-02
4.450225457549095154e-02
3.572591766715049744e-02
1.622495427727699280e-02
-6.943514943122863770e-02
1.651947572827339172e-02
1.077897697687149048e-01
3.005585074424743652e-02
1.891353353857994080e-02
3.266078606247901917e-02
6.058065220713615417e-02
-1.195787638425827026e-01
-9.329015016555786133e-02
-3.790160268545150757e-02
9.989026188850402832e-02
5.647117737680673599e-03
-9.559218771755695343e-03
3.074501454830169678e-02
-6.471136212348937988e-02
-6.919196248054504395e-02
1.146709267050027847e-02
-1.144813001155853271e-02
-3.255476057529449463e-02
-2.667291089892387390e-02
1.078030541539192200e-01
4.655715078115463257e-03
-5.651238560676574707e-02
-2.162994118407368660e-03
5.502295214682817459e-03
1.131032854318618774e-01
-2.255354449152946472e-02
-9.634003043174743652e-03
-3.371205646544694901e-03
-3.620991483330726624e-02
6.162784248590469360e-02
5.182964354753494263e-02
-4.494008142501115799e-03
-5.704041570425033569e-02
1.113029420375823975e-01
9.244402498006820679e-02
-4.073364287614822388e-02
6.658969074487686157e-02
4.219840094447135925e-02
-1.267336495220661163e-02
-7.489172369241714478e-02
7.337374845519661903e-04
-8.219015598297119141e-02
-7.312477100640535355e-03
-1.239907648414373398e-02
1.675344817340373993e-02
6.501161493360996246e-03
-2.050795592367649078e-02
5.967487022280693054e-02
-2.977680973708629608e-02
6.574687361717224121e-02
3.951792418956756592e-02
9.309197776019573212e-03
9.776026010513305664e-02
-2.203742414712905884e-02
-2.289197780191898346e-02
2.946696011349558830e-03
1.231449935585260391e-02
5.897397175431251526e-03
-2.448454126715660095e-02
-1.234222277998924255e-01
6.867251545190811157e-02
6.317185610532760620e-02
4.596545547246932983e-02
1.278345100581645966e-02
-1.246541086584329605e-02
2.139193005859851837e-02
3.419910371303558350e-02
-7.159977685660123825e-03
-6.699005141854286194e-03
-2.426652936264872551e-03
3.844081610441207886e-02
1.528251916170120239e-02
8.832907676696777344e-02
1.314862514846026897e-03
2.344269491732120514e-02
2.528065629303455353e-02
-5.135045945644378662e-02
6.469499319791793823e-02
7.855596393346786499e-02
6.130152195692062378e-02
-9.457761049270629883e-02
6.243776530027389526e-02
-7.566731888800859451e-03
2.077778801321983337e-02
-6.650914903730154037e-03
4.495079070329666138e-02
5.888842418789863586e-02
2.343199774622917175e-02
-1.050797253847122192e-01
1.185722369700670242e-02
1.444775518029928207e-02
7.032383233308792114e-02
-8.928503096103668213e-02
6.811097264289855957e-02
-1.790854334831237793e-02
-8.376651257276535034e-02
-5.432316288352012634e-02
9.087450802326202393e-02
-4.690817371010780334e-02
-9.996055811643600464e-02
-6.958507746458053589e-02
-6.700176000595092773e-02
-5.120689421892166138e-02
4.320601001381874084e-02
1.242394447326660156e-01
-2.648110035806894302e-03
1.226413100957870483e-01
-1.374578475952148438e-01
-3.252729028463363647e-02
-7.542025297880172729e-02
3.135764598846435547e-02
2.652978710830211639e-02
-1.086024567484855652e-01
