1.431469321250915527e-01
3.544852510094642639e-02
1.492055691778659821e-02
-2.066520042717456818e-03
-2.473377157002687454e-03
-3.852140158414840698e-02
-5.155334621667861938e-02
-4.195867851376533508e-02
7.395268883556127548e-03
-3.765416890382766724e-02
-4.379795119166374207e-02
-4.077664017677307129e-02
9.261597879230976105e-03
-7.120045274496078491e-02
-2.909475006163120270e-03
-5.939904972910881042e-02
1.552014891058206558e-02
5.200932547450065613e-02
-1.643985137343406677e-02
4.643041267991065979e-02
-3.062032349407672882e-02
-3.802018985152244568e-02
2.924769930541515350e-02
-1.950436085462570190e-02
-5.971405655145645142e-02
-7.552392780780792236e-02
8.076679706573486328e-02
-6.469158828258514404e-02
-1.065742671489715576e-01
-9.532685577869415283e-02
1.369531173259019852e-02
-4.527325928211212158e-02
1.578300073742866516e-02
-3.206200152635574341e-02
3.967074677348136902e-03
1.623425167053937912e-03
5.609578639268875122e-02
-3.111699409782886505e-02
-8.277348428964614868e-02
-7.985492050647735596e-02
6.158458441495895386e-02
4.941594600677490234e-02
4.552873969078063965e-02
5.103288963437080383e-02
4.884305596351623535e-02
1.349506899714469910e-02
-1.147882267832756042e-01
6.736963987350463867e-02
-4.059300571680068970e-02
-5.437841638922691345e-02
-1.624935865402221680e-01
5.830343812704086304e-02
1.000894680619239807e-01
-7.709361612796783447e-02
-8.299107663333415985e-03
3.970074653625488281e-02
-5.166113004088401794e-02
-8.335354924201965332e-02
1.136440336704254150e-01
1.960168592631816864e-02
6.878555566072463989e-02
2.502638660371303558e-02
-1.153649315237998962e-01
3.802372142672538757e-02
-7.911047339439392090e-02
-4.125963896512985229e-02
-7.185375783592462540e-03
-1.166951954364776611e-01
3.192885220050811768e-02
-2.489500306546688080e-02
-4.413745179772377014e-02
-1.175538673996925354e-01
1.149456948041915894e-01
-3.914327919483184814e-02
-1.624718159437179565e-01
2.570880576968193054e-03
-2.371989190578460693e-02
9.518712013959884644e-02
-7.055265828967094421e-03
-1.744308769702911377e-01
5.662062671035528183e-03
4.024602100253105164e-02
4.267890006303787231e-02
7.013678550720214844e-02
-1.638947427272796631e-02
4.771557450294494629e-02
4.543794784694910049e-03
1.645076833665370941e-02
7.536894828081130981e-02
-5.072267726063728333e-02
-1.903973668813705444e-01
3.564520506188273430e-03
-4.716026037931442261e-02
-1.993066631257534027e-02
-6.077590584754943848e-02
-8.740536868572235107e-03
-1.583172753453254700e-02
6.781650334596633911e-02
1.525246500968933105e-01
-7.261840999126434326e-02
8.569956570863723755e-02
-2.828509919345378876e-02
6.735732406377792358e-02
-4.615347366780042648e-03
-3.296664217486977577e-03
-3.738370910286903381e-02
3.652100265026092529e-02
8.550416678190231323e-02
1.319352984428405762e-01
-6.798765808343887329e-02
-3.777721151709556580e-02
1.684945076704025269e-01
2.518742345273494720e-02
1.078330650925636292e-01
1.286936365067958832e-02
-9.122535586357116699e-03
-1.626891456544399261e-02
4.655156657099723816e-02
5.979916453361511230e-02
-8.829124271869659424e-02
-1.060839891433715820e-01
1.229906231164932251e-01
-1.011630706489086151e-02
2.938956581056118011e-02
-2.360050380229949951e-02
-1.967846602201461792e-02
-9.443331509828567505e-02
-1.946681924164295197e-02
-7.779423892498016357e-02
1.520123183727264404e-01
8.927888236939907074e-03
6.196006760001182556e-02
-9.246280789375305176e-02
3.332339227199554443e-02
4.039507359266281128e-02
6.052714772522449493e-03
-5.311908200383186340e-02
2.263726294040679932e-02
1.151302307844161987e-01
6.326235830783843994e-02
-9.478353895246982574e-03
1.141300704330205917e-02
6.930830329656600952e-02
-1.547950208187103271e-01
-1.013557165861129761e-01
-5.883203819394111633e-02
7.201553881168365479e-02
6.353126373142004013e-03
1.878290995955467224e-02
6.229350343346595764e-02
-1.019549965858459473e-01
-5.827943608164787292e-02
3.593135997653007507e-02
-2.333908155560493469e-02
-3.152986988425254822e-02
-4.895237460732460022e-02
7.013509422540664673e-02
-1.948872953653335571e-02
-6.421091407537460327e-02
1.898090913891792297e-02
1.214428921230137348e-03
1.552145630121231079e-01
-3.915633261203765869e-02
1.796907745301723480e-03
2.173953503370285034e-02
2.225621230900287628e-02
6.760427355766296387e-02
5.810734257102012634e-02
-4.977108538150787354e-02
-7.547570019960403442e-02
9.856670349836349487e-02
1.399897634983062744e-01
-3.236661478877067566e-02
8.610083162784576416e-02
7.363240420818328857e-02
-4.193621128797531128e-02
-7.363427430391311646e-02
-1.898982154671102762e-04
-8.016271889209747314e-02
2.254668809473514557e-02
-1.891241595149040222e-02
2.941277809441089630e-02
-6.087029352784156799e-03
-1.277111563831567764e-02
8.796460181474685669e-02
-1.450236886739730835e-02
5.967212840914726257e-02
3.978347405791282654e-02
1.670721545815467834e-02
9.679279476404190063e-02
-3.028547205030918121e-02
-2.212921530008316040e-02
1.730315200984477997e-02
1.237089745700359344e-03
-1.810147054493427277e-02
5.480759311467409134e-03
-1.232942342758178711e-01
8.507235348224639893e-02
5.426227673888206482e-02
1.010397598147392273e-01
1.224670186638832092e-02
-2.699843980371952057e-02
3.249824047088623047e-02
6.308100372552871704e-02
-3.366678580641746521e-02
1.783021166920661926e-02
-2.985304407775402069e-02
1.580486074090003967e-02
-1.130287349224090576e-02
1.051901504397392273e-01
2.010547742247581482e-02
-8.326893672347068787e-03
7.510414812713861465e-03
-3.380336612462997437e-02
3.586870804429054260e-02
7.474726438522338867e-02
2.989828400313854218e-02
-1.086083427071571350e-01
5.306318029761314392e-02
-4.900535196065902710e-02
-6.701590493321418762e-03
-5.413393024355173111e-03
7.059220969676971436e-02
7.328561693429946899e-02
6.018100678920745850e-02
-8.799267560243606567e-02
2.205310389399528503e-02
1.838807389140129089e-02
2.303339727222919464e-02
-2.955863066017627716e-02
-1.783108338713645935e-03
-2.897157520055770874e-02
-7.658328115940093994e-02
-5.548074841499328613e-02
6.911413371562957764e-02
-1.946139894425868988e-02
-7.313243299722671509e-02
-1.354625821113586426e-02
-8.193940855562686920e-03
-2.526235068216919899e-03
2.983377315104007721e-02
2.855693176388740540e-02
2.815423766151070595e-03
-1.357853133231401443e-02
-7.696399092674255371e-02
-1.371803879737854004e-02
-3.195902099832892418e-03
8.640216663479804993e-03
2.508316934108734131e-02
-1.616909913718700409e-02
