1.120995506644248962e-01
1.536631956696510315e-02
1.186757069081068039e-02
-9.615451097488403320e-03
-9.678174741566181183e-03
-2.609918452799320221e-02
-4.947935044765472412e-02
-3.056536056101322174e-02
3.792780265212059021e-02
-5.759008694440126419e-03
-2.132488228380680084e-02
-2.743575349450111389e-02
2.794567262753844261e-03
-7.073657959699630737e-02
2.664606086909770966e-03
-4.963880032300949097e-02
2.948983758687973022e-02
4.323371127247810364e-02
-1.507218554615974426e-02
1.857612095773220062e-02
-3.803893923759460449e-02
-1.757602766156196594e-02
2.121766656637191772e-02
-1.287388522177934647e-02
-5.036535486578941345e-02
-7.923167943954467773e-02
6.352245062589645386e-02
-6.216882541775703430e-02
-9.033888578414916992e-02
-9.470398724079132080e-02
3.525303676724433899e-02
-4.146472364664077759e-02
-2.874130848795175552e-03
-5.599557608366012573e-02
9.338183328509330750e-03
-1.215449068695306778e-02
5.956460162997245789e-02
-2.105191908776760101e-02
-6.613352149724960327e-02
-5.703619867563247681e-02
6.279908120632171631e-02
1.121617667376995087e-02
4.281073436141014099e-02
6.505232304334640503e-02
4.249779507517814636e-02
1.750137098133563995e-02
-1.312139034271240234e-01
2.291965298354625702e-02
-3.045179136097431183e-02
-6.149637699127197266e-02
-1.696258932352066040e-01
6.324439495801925659e-02
1.090669780969619751e-01
-8.008620142936706543e-02
-3.065537288784980774e-02
5.016033351421356201e-02
-4.360213875770568848e-02
-5.560243502259254456e-02
1.193548142910003662e-01
-1.434366032481193542e-02
6.659803539514541626e-02
3.942690789699554443e-02
-7.535509020090103149e-02
3.275071457028388977e-02
-7.594598829746246338e-02
-5.339961871504783630e-02
-3.306815400719642639e-02
-1.171251311898231506e-01
1.869941875338554382e-02
-3.566015511751174927e-02
-6.793417036533355713e-02
-1.135186553001403809e-01
1.365806013345718384e-01
-5.593763664364814758e-02
-1.603341847658157349e-01
3.294478356838226318e-02
-6.504376977682113647e-02
7.823161035776138306e-02
-9.020800702273845673e-03
-1.825031191110610962e-01
2.447078377008438110e-02
4.129187017679214478e-02
2.244484424591064453e-02
5.763363465666770935e-02
-3.945149853825569153e-02
5.824232101440429688e-02
-7.903343066573143005e-03
2.861471101641654968e-02
5.124431848526000977e-02
-3.947172313928604126e-02
-2.048849165439605713e-01
9.454304352402687073e-03
-6.050692871212959290e-02
-3.635435178875923157e-02
-6.585436314344406128e-02
-2.977347560226917267e-02
-2.605408243834972382e-02
3.236597031354904175e-02
1.170950159430503845e-01
-7.059244066476821899e-02
7.587871700525283813e-02
-1.365385949611663818e-02
4.631699621677398682e-02
-5.281972233206033707e-03
-4.337402060627937317e-03
-5.899455770850181580e-02
4.815342649817466736e-02
1.066167131066322327e-01
1.196213364601135254e-01
-8.601330965757369995e-02
-2.721861377358436584e-02
1.663631051778793335e-01
3.328559454530477524e-03
9.883883595466613770e-02
2.145122177898883820e-02
-2.447709999978542328e-02
-2.334308996796607971e-02
4.734135046601295471e-02
6.806420534849166870e-02
-9.282313287258148193e-02
-9.873884916305541992e-02
1.158596724271774292e-01
1.049998914822936058e-03
4.220624268054962158e-02
-3.009944967925548553e-02
-8.809104561805725098e-03
-9.141177684068679810e-02
-6.950139254331588745e-02
-8.970168232917785645e-02
1.326698660850524902e-01
1.418008585460484028e-03
7.109130918979644775e-02
-9.892455488443374634e-02
3.921093046665191650e-02
3.966478258371353149e-02
2.463560551404953003e-02
-6.905658543109893799e-02
4.019537940621376038e-02
1.319598555564880371e-01
5.853825807571411133e-02
1.256883237510919571e-02
3.957959637045860291e-02
5.664512515068054199e-02
-1.636029332876205444e-01
-8.023964613676071167e-02
-6.181358918547630310e-02
6.803806871175765991e-02
-4.342258034739643335e-04
3.734266618266701698e-03
5.285678803920745850e-02
-9.432475268840789795e-02
-4.727625474333763123e-02
3.167857229709625244e-02
-4.276885837316513062e-02
-4.177207499742507935e-02
-5.262861028313636780e-02
8.245672285556793213e-02
1.961521571502089500e-03
-8.397348225116729736e-02
1.908326335251331329e-02
-7.745303679257631302e-03
1.562301665544509888e-01
-3.117869980633258820e-02
-3.112594783306121826e-02
-5.700102192349731922e-04
1.284276600927114487e-02
5.677674710750579834e-02
5.655287951231002808e-02
-5.993174016475677490e-02
-6.216569617390632629e-02
1.273048371076583862e-01
1.551605761051177979e-01
-3.454549238085746765e-02
7.917474955320358276e-02
6.398563832044601440e-02
-3.829119727015495300e-02
-7.392070442438125610e-02
-1.386114303022623062e-02
-5.838678032159805298e-02
1.540436223149299622e-02
-8.200946263968944550e-03
3.100966475903987885e-02
-2.165595442056655884e-02
-1.406986452639102936e-02
1.057266667485237122e-01
-1.959665678441524506e-02
3.949512913823127747e-02
7.178536802530288696e-02
4.168180748820304871e-02
1.134260445833206177e-01
-3.033444099128246307e-02
-2.601946704089641571e-02
1.619537547230720520e-02
1.258792541921138763e-02
-2.159299887716770172e-02
1.591991074383258820e-02
-1.371903717517852783e-01
7.714831084012985229e-02
5.227531492710113525e-02
9.405612200498580933e-02
-4.376491066068410873e-03
-1.726783439517021179e-02
2.062678569927811623e-03
4.511354491114616394e-02
-2.939417771995067596e-02
2.348686009645462036e-02
-2.254059351980686188e-02
8.163502439856529236e-03
-1.667174696922302246e-02
1.111124381422996521e-01
4.688006825745105743e-03
-2.463663113303482533e-04
1.134687289595603943e-02
-4.188241064548492432e-02
3.982884436845779419e-02
7.134865224361419678e-02
6.068608257919549942e-03
-1.161573603749275208e-01
7.739777863025665283e-02
-3.275962918996810913e-02
1.114536263048648834e-02
-6.829010322690010071e-03
7.667535543441772461e-02
9.541134536266326904e-02
4.366541653871536255e-02
-1.063158586621284485e-01
3.124907426536083221e-02
2.029687911272048950e-02
4.002776369452476501e-02
-2.367667853832244873e-02
8.782837539911270142e-04
-2.424076199531555176e-02
-6.011383980512619019e-02
-4.702811315655708313e-02
6.471656262874603271e-02
-1.679987646639347076e-02
-6.099368631839752197e-02
-2.283175103366374969e-02
9.231736767105758190e-04
-5.153466016054153442e-03
2.585343830287456512e-02
2.130544558167457581e-02
1.522436738014221191e-03
-2.900836290791630745e-03
-5.651973187923431396e-02
-1.327035203576087952e-02
9.329632157459855080e-04
1.463002339005470276e-02
1.023914292454719543e-02
-1.787875965237617493e-02
