1.584923714399337769e-01
-1.142010558396577835e-03
3.492597863078117371e-02
-3.871574625372886658e-02
-4.427552223205566406e-02
-3.799902275204658508e-02
-9.276615828275680542e-02
-4.887888953089714050e-02
6.376181542873382568e-02
3.611490130424499512e-02
9.339426644146442413e-03
-4.424281790852546692e-02
-2.390319248661398888e-03
-9.004454314708709717e-02
1.820561289787292480e-02
-4.827984422445297241e-02
3.187044337391853333e-02
8.206131309270858765e-02
5.957825575023889542e-03
-1.896811835467815399e-02
-3.344030678272247314e-02
-7.570801768451929092e-03
1.942148804664611816e-02
-2.900608070194721222e-02
-4.182735830545425415e-02
-1.104896515607833862e-01
4.000113904476165771e-02
-6.197494640946388245e-02
-1.096162050962448120e-01
-1.011329591274261475e-01
6.568684428930282593e-02
-4.719397425651550293e-02
-4.924187809228897095e-02
-6.936697661876678467e-02
2.701391465961933136e-02
-1.427222788333892822e-02
2.841953560709953308e-02
-3.190663456916809082e-02
-5.505277961492538452e-02
-4.869964718818664551e-02
5.946453288197517395e-02
-1.390216592699289322e-02
3.680382296442985535e-02
7.321287691593170166e-02
4.719417542219161987e-02
2.871241047978401184e-02
-1.251277029514312744e-01
2.719604596495628357e-02
-2.351949363946914673e-02
-4.000072926282882690e-02
-1.726172864437103271e-01
6.232101842761039734e-02
1.122781261801719666e-01
-9.567984193563461304e-02
-4.590154439210891724e-02
4.797174036502838135e-02
-3.542387858033180237e-02
-7.801250088959932327e-03
1.627353429794311523e-01
-1.628139428794384003e-02
6.045599281787872314e-02
4.026965796947479248e-02
-7.136482000350952148e-02
2.284006914123892784e-03
-6.956266611814498901e-02
-6.115039065480232239e-02
-5.038163438439369202e-02
-1.058164462447166443e-01
8.201838936656713486e-04
-5.191588401794433594e-02
-9.314639866352081299e-02
-9.910536557435989380e-02
1.371247172355651855e-01
-8.096176385879516602e-02
-1.358865648508071899e-01
5.072578415274620056e-02
-7.492884993553161621e-02
7.769864052534103394e-02
1.218838058412075043e-02
-1.856057494878768921e-01
3.982578590512275696e-02
5.067093670368194580e-02
1.445798203349113464e-02
6.946703046560287476e-02
-5.613726377487182617e-02
5.110654234886169434e-02
-3.435716032981872559e-02
6.087344884872436523e-02
3.107297047972679138e-02
-4.074766114354133606e-02
-1.611767709255218506e-01
-2.744237333536148071e-02
-6.123774871230125427e-02
-2.538222633302211761e-02
-5.904657021164894104e-02
-4.681972786784172058e-02
-3.012703917920589447e-02
3.150907531380653381e-02
8.115585893392562866e-02
-9.417770802974700928e-02
5.600860714912414551e-02
-1.381799858063459396e-02
1.449642982333898544e-02
-1.664588786661624908e-02
-3.749461146071553230e-03
-5.897546187043190002e-02
6.596525013446807861e-02
9.629018604755401611e-02
1.064297258853912354e-01
-9.432771801948547363e-02
-6.322516128420829773e-03
1.424403339624404907e-01
-1.868750900030136108e-02
9.105118364095687866e-02
7.211085874587297440e-03
-2.532569319009780884e-02
-2.652404271066188812e-02
4.828985035419464111e-02
5.838956311345100403e-02
-6.620731204748153687e-02
-4.553397744894027710e-02
1.121959164738655090e-01
5.620434880256652832e-03
4.246823489665985107e-02
-4.957660287618637085e-02
5.182089284062385559e-03
-5.497962981462478638e-02
-8.703383803367614746e-02
-1.059174761176109314e-01
1.053766682744026184e-01
3.045784076675772667e-03
8.578874170780181885e-02
-1.001434251666069031e-01
4.183068498969078064e-02
4.582662880420684814e-02
2.040515094995498657e-02
-8.149616420269012451e-02
2.604695409536361694e-02
1.014961972832679749e-01
4.358059540390968323e-02
2.143719233572483063e-02
5.271700397133827209e-02
4.982614517211914062e-02
-1.418316811323165894e-01
-6.898716837167739868e-02
-5.227391421794891357e-02
8.066185563802719116e-02
9.442929178476333618e-03
-1.156932581216096878e-02
2.301648631691932678e-02
-6.967712938785552979e-02
-5.444872379302978516e-02
2.389106713235378265e-02
-2.872895821928977966e-02
-5.028227716684341431e-02
-3.853208199143409729e-02
9.887418895959854126e-02
1.061528734862804413e-02
-6.941556930541992188e-02
6.970262620598077774e-04
-3.195534227415919304e-03
1.025148108601570129e-01
-1.711821556091308594e-02
-3.014203533530235291e-02
-3.207422047853469849e-02
-9.347705170512199402e-03
4.554639011621475220e-02
4.021278768777847290e-02
-4.196123778820037842e-02
-5.417416244745254517e-02
1.518924236297607422e-01
1.330441832542419434e-01
-5.211152881383895874e-02
4.970961064100265503e-02
4.921705275774002075e-02
-1.625699363648891449e-02
-7.183539867401123047e-02
-8.285057730972766876e-03
-3.704446926712989807e-02
5.752797587774693966e-04
-1.532016694545745850e-02
1.828209869563579559e-02
-3.059496730566024780e-02
-1.286397501826286316e-02
8.019306510686874390e-02
-1.762817986309528351e-02
2.534346096217632294e-02
6.275863200426101685e-02
2.694918401539325714e-02
1.115074902772903442e-01
-1.856230013072490692e-02
-3.091040253639221191e-02
1.625828072428703308e-02
3.314276412129402161e-02
-1.430088561028242111e-02
1.137040648609399796e-02
-1.246351152658462524e-01
5.483567714691162109e-02
5.834640562534332275e-02
5.794422328472137451e-02
-1.810381934046745300e-02
-2.483782172203063965e-02
-1.397114340215921402e-02
2.536000870168209076e-02
-3.496858850121498108e-02
5.491301417350769043e-03
2.899619576055556536e-04
2.270624786615371704e-02
1.898479065857827663e-03
9.415387362241744995e-02
-2.437862008810043335e-02
3.157955035567283630e-02
2.272946760058403015e-03
-5.387239530682563782e-02
5.440212413668632507e-02
7.153351604938507080e-02
2.842331305146217346e-02
-8.515036106109619141e-02
7.410924136638641357e-02
2.433984773233532906e-03
3.376989066600799561e-02
-9.415328502655029297e-03
5.175143852829933167e-02
8.426474779844284058e-02
1.763061247766017914e-02
-1.320701837539672852e-01
1.597584970295429230e-02
1.522934157401323318e-02
7.847628742456436157e-02
-4.635894298553466797e-02
4.388330876827239990e-02
-1.377204712480306625e-02
-5.857552587985992432e-02
-4.973435401916503906e-02
6.730655580759048462e-02
-3.943056985735893250e-02
-6.732082366943359375e-02
-4.977093636989593506e-02
-3.597095236182212830e-02
-4.028427600860595703e-02
3.003788366913795471e-02
1.135997325181961060e-01
-1.125467289239168167e-02
9.900054335594177246e-02
-1.231885179877281189e-01
-2.953804656863212585e-02
-5.421389639377593994e-02
1.022689323872327805e-02
2.758082561194896698e-02
-6.656407564878463745e-02
