1.922130584716796875e-01
9.772864170372486115e-03
3.925580531358718872e-02
-4.330813884735107422e-02
-4.292929917573928833e-02
-4.392304643988609314e-02
-1.029699444770812988e-01
-5.961484089493751526e-02
5.033603683114051819e-02
3.418072685599327087e-02
-1.730223558843135834e-02
-5.699306726455688477e-02
-4.977833479642868042e-03
-1.049667298793792725e-01
8.921377360820770264e-03
-6.691701710224151611e-02
2.057168073952198029e-02
8.883353322744369507e-02
1.398462988436222076e-02
7.845897926017642021e-04
-3.710381314158439636e-02
-2.807541564106941223e-02
3.325766324996948242e-02
-1.894047670066356659e-02
-6.293559074401855469e-02
-1.191283613443374634e-01
5.180578306317329407e-02
-7.693558186292648315e-02
-1.313122361898422241e-01
-1.109700277447700500e-01
5.183374881744384766e-02
-6.216104328632354736e-02
-3.295215219259262085e-02
-5.826589465141296387e-02
2.210838533937931061e-02
-1.110579911619424820e-02
3.161356970667839050e-02
-4.524243623018264771e-02
-6.354897469282150269e-02
-6.561557948589324951e-02
5.173612385988235474e-02
1.583518646657466888e-02
4.559989273548126221e-02
6.511461734771728516e-02
5.840323865413665771e-02
2.841169573366641998e-02
-1.150126159191131592e-01
5.072121694684028625e-02
-3.413064032793045044e-02
-3.428978472948074341e-02
-1.720885485410690308e-01
6.026827543973922729e-02
1.185396611690521240e-01
-9.142808616161346436e-02
-2.426041290163993835e-02
4.048795253038406372e-02
-3.901788219809532166e-02
-8.716442622244358063e-03
1.547793745994567871e-01
1.622192794457077980e-03
6.699378788471221924e-02
2.627798542380332947e-02
-9.674422442913055420e-02
6.953360978513956070e-03
-7.796537131071090698e-02
-5.333719030022621155e-02
-3.948250040411949158e-02
-9.853353351354598999e-02
1.466915477067232132e-02
-3.600279986858367920e-02
-8.197319507598876953e-02
-9.813955426216125488e-02
1.285412758588790894e-01
-7.161387056112289429e-02
-1.369761675596237183e-01
3.390292078256607056e-02
-4.113363102078437805e-02
8.784258365631103516e-02
9.577362798154354095e-03
-1.789645552635192871e-01
3.683069720864295959e-02
5.846360698342323303e-02
3.685574233531951904e-02
6.901791691780090332e-02
-4.108327627182006836e-02
5.037714913487434387e-02
-2.357382886111736298e-02
4.878362268209457397e-02
4.795456677675247192e-02
-4.219097644090652466e-02
-1.527543216943740845e-01
-3.010401502251625061e-02
-5.698906257748603821e-02
-1.510692480951547623e-02
-5.229595676064491272e-02
-4.442713409662246704e-02
-2.219176664948463440e-02
5.424488335847854614e-02
1.025543734431266785e-01
-9.253127872943878174e-02
6.614585965871810913e-02
-1.888531632721424103e-02
3.388177603483200073e-02
-1.459242217242717743e-02
-1.040454488247632980e-02
-3.856754302978515625e-02
5.088612437248229980e-02
8.184018731117248535e-02
1.102479845285415649e-01
-8.938682824373245239e-02
-1.195260882377624512e-02
1.477658748626708984e-01
-1.507189869880676270e-02
9.866051375865936279e-02
-3.389534249436110258e-04
-5.817386321723461151e-03
-1.313173864036798477e-02
5.301897972822189331e-02
4.713512957096099854e-02
-5.823373794555664062e-02
-4.829515144228935242e-02
1.121446490287780762e-01
-4.303785506635904312e-03
4.225607216358184814e-02
-3.507638722658157349e-02
2.345137065276503563e-03
-5.163333937525749207e-02
-5.544637143611907959e-02
-1.001031398773193359e-01
1.205196231603622437e-01
1.646305061876773834e-02
7.327397912740707397e-02
-9.361812472343444824e-02
3.976511955261230469e-02
4.118262603878974915e-02
1.200788072310388088e-03
-6.525446474552154541e-02
2.074530161917209625e-02
9.606619924306869507e-02
4.779461398720741272e-02
6.129800342023372650e-03
4.118244349956512451e-02
4.186487197875976562e-02
-1.352116465568542480e-01
-9.309700876474380493e-02
-5.801201984286308289e-02
9.363961219787597656e-02
9.449079632759094238e-03
-3.810318419709801674e-03
2.294431068003177643e-02
-7.871635258197784424e-02
-6.357994675636291504e-02
1.263537537306547165e-02
-1.256457902491092682e-02
-3.795942291617393494e-02
-2.969553694128990173e-02
1.029668748378753662e-01
8.919558487832546234e-03
-5.694389343261718750e-02
1.538099837489426136e-03
7.899675518274307251e-03
9.909209609031677246e-02
-1.745000481605529785e-02
-1.651409827172756195e-02
-1.894023828208446503e-02
-6.853519938886165619e-03
4.543282464146614075e-02
6.038253009319305420e-02
-4.284252226352691650e-02
-6.852111220359802246e-02
1.415774822235107422e-01
1.232923269271850586e-01
-4.505862668156623840e-02
5.391319841146469116e-02
5.430240556597709656e-02
-2.031901851296424866e-02
-7.860945165157318115e-02
-4.776311106979846954e-03
-6.283119320869445801e-02
1.810392597690224648e-03
-1.916098222136497498e-02
2.088472060859203339e-02
-1.989815942943096161e-02
-1.329493243247270584e-02
7.273561507463455200e-02
-1.466750446707010269e-02
4.829857870936393738e-02
5.025692284107208252e-02
2.067060954868793488e-02
9.949818253517150879e-02
-2.938720397651195526e-02
-1.874217577278614044e-02
2.430341579020023346e-02
1.402003411203622818e-02
-7.745827082544565201e-03
5.816583987325429916e-03
-1.089315861463546753e-01
5.850327759981155396e-02
5.973991751670837402e-02
6.255203485488891602e-02
-1.071077585220336914e-02
-3.570278361439704895e-02
8.528856415068730712e-05
3.890026360750198364e-02
-4.318578168749809265e-02
-6.966987159103155136e-03
-3.105324227362871170e-03
3.143754601478576660e-02
7.256003562361001968e-03
8.700991421937942505e-02
-1.835419237613677979e-02
2.842306159436702728e-02
9.037598967552185059e-03
-5.882872268557548523e-02
5.123155936598777771e-02
7.219948619604110718e-02
3.997494280338287354e-02
-7.738576829433441162e-02
5.207037180662155151e-02
-1.065106503665447235e-02
1.594023220241069794e-02
-6.978884804993867874e-03
4.798631742596626282e-02
7.260976731777191162e-02
3.196998313069343567e-02
-1.292627900838851929e-01
3.004185482859611511e-02
2.668001316487789154e-02
7.719001919031143188e-02
-5.795812234282493591e-02
2.904925309121608734e-02
-2.050518058240413666e-02
-7.286586612462997437e-02
-5.247407406568527222e-02
7.495022565126419067e-02
-4.286181926727294922e-02
-8.300812542438507080e-02
-3.967116400599479675e-02
-3.595903515815734863e-02
-4.157527163624763489e-02
3.051074966788291931e-02
9.511473774909973145e-02
-1.338807493448257446e-02
8.867958933115005493e-02
-1.333261132240295410e-01
-1.752656884491443634e-02
-5.500459671020507812e-02
-1.008511171676218510e-03
3.758425638079643250e-02
-6.437742710113525391e-02
