1.720127463340759277e-01
-2.995037939399480820e-03
4.165073856711387634e-02
-5.070165544748306274e-02
-4.449272155761718750e-02
-2.443971112370491028e-02
-1.028220206499099731e-01
-6.750879436731338501e-02
4.851328954100608826e-02
4.857659712433815002e-02
-7.690000929869711399e-04
-6.007151305675506592e-02
-1.592273265123367310e-02
-9.259828180074691772e-02
-4.350950475782155991e-03
-5.640318989753723145e-02
1.510011497884988785e-02
1.032763123512268066e-01
1.151090674102306366e-02
-6.775400601327419281e-03
-3.014730475842952728e-02
-2.326874248683452606e-02
1.835835911333560944e-02
-1.970882713794708252e-02
-5.521774664521217346e-02
-1.282445937395095825e-01
4.157978296279907227e-02
-6.999117136001586914e-02
-1.292080432176589966e-01
-1.247299984097480774e-01
6.992177665233612061e-02
-6.607272475957870483e-02
-6.622997671365737915e-02
-4.280223697423934937e-02
3.860716521739959717e-02
-2.137478906661272049e-03
-1.548260217532515526e-03
-5.871680751442909241e-02
-4.605899378657341003e-02
-6.053088977932929993e-02
4.229193553328514099e-02
2.426245249807834625e-02
4.050401598215103149e-02
6.613769382238388062e-02
5.407795682549476624e-02
1.774291507899761200e-02
-1.156932190060615540e-01
8.168690651655197144e-02
-2.923583239316940308e-02
-2.262649871408939362e-02
-1.609608680009841919e-01
6.328868865966796875e-02
1.220322698354721069e-01
-1.012664809823036194e-01
-1.851185411214828491e-02
3.352671489119529724e-02
-2.874085865914821625e-02
1.838024891912937164e-02
1.554306745529174805e-01
2.441318647470325232e-04
6.704464554786682129e-02
3.452863171696662903e-02
-1.010459810495376587e-01
-1.372176874428987503e-02
-7.262435555458068848e-02
-4.623892158269882202e-02
-4.328268393874168396e-02
-8.615969121456146240e-02
-3.486904315650463104e-03
-4.107969999313354492e-02
-9.182577580213546753e-02
-7.839651405811309814e-02
1.125663146376609802e-01
-8.029960095882415771e-02
-1.311548054218292236e-01
3.503474965691566467e-02
-4.106906056404113770e-02
9.428071975708007812e-02
1.632031798362731934e-02
-1.855347305536270142e-01
3.391887992620468140e-02
6.521105766296386719e-02
4.485747963190078735e-02
7.753434032201766968e-02
-4.391980543732643127e-02
4.188031703233718872e-02
-3.608005493879318237e-02
4.913730174303054810e-02
4.035786539316177368e-02
-4.753693938255310059e-02
-1.244512200355529785e-01
-5.151298642158508301e-02
-4.751145467162132263e-02
-1.784659735858440399e-02
-5.007521435618400574e-02
-6.127893552184104919e-02
-1.800468191504478455e-02
4.772214591503143311e-02
6.208555400371551514e-02
-8.115904778242111206e-02
4.527084901928901672e-02
-7.290473673492670059e-03
1.815442368388175964e-02
-2.532774396240711212e-02
-8.263777941465377808e-03
-4.428602382540702820e-02
6.280097365379333496e-02
5.973226949572563171e-02
9.752390533685684204e-02
-9.066129475831985474e-02
5.881138611584901810e-03
1.327954083681106567e-01
-1.860874891281127930e-02
9.583958238363265991e-02
-1.179526932537555695e-02
5.090510006994009018e-03
-7.659451570361852646e-03
4.232659935951232910e-02
3.229872509837150574e-02
-3.491028025746345520e-02
-8.089509792625904083e-03
1.018066182732582092e-01
-2.997304545715451241e-04
4.121955856680870056e-02
-5.751081183552742004e-02
2.775859320536255836e-03
-2.540612779557704926e-02
-5.451555550098419189e-02
-9.438138455152511597e-02
1.032746136188507080e-01
3.306924924254417419e-02
7.516308128833770752e-02
-9.001252800226211548e-02
3.240482509136199951e-02
3.320585191249847412e-02
-1.703479699790477753e-02
-4.900703579187393188e-02
-5.782195366919040680e-03
6.544699519872665405e-02
3.812390193343162537e-02
-7.894484326243400574e-03
5.087387189269065857e-02
2.657005377113819122e-02
-1.122392043471336365e-01
-9.699995815753936768e-02
-5.284161120653152466e-02
9.851735085248947144e-02
1.266043633222579956e-02
1.233895542100071907e-03
1.274829031899571419e-03
-6.386684626340866089e-02
-6.591296941041946411e-02
7.419461384415626526e-03
1.437148172408342361e-02
-2.843657135963439941e-02
-1.559012755751609802e-02
1.091904640197753906e-01
-3.859001211822032928e-03
-4.466003179550170898e-02
-1.851156819611787796e-03
2.309494465589523315e-02
8.665457367897033691e-02
-3.344707563519477844e-02
-1.011940650641918182e-02
-2.825015038251876831e-02
-1.534529030323028564e-02
4.320396110415458679e-02
5.295170843601226807e-02
-4.712640866637229919e-02
-8.210329711437225342e-02
1.578816920518875122e-01
1.135628372430801392e-01
-4.951462894678115845e-02
4.095505550503730774e-02
4.356507211923599243e-02
-1.802840083837509155e-02
-8.673414587974548340e-02
2.309594303369522095e-03
-5.708360671997070312e-02
4.467424005270004272e-03
-3.048744425177574158e-02
6.880797911435365677e-03
-1.977476291358470917e-02
-8.140130667015910149e-04
4.188085719943046570e-02
-2.006527781486511230e-02
4.898997023701667786e-02
3.562621399760246277e-02
5.816728807985782623e-03
1.103100106120109558e-01
-2.324549853801727295e-02
-1.154824160039424896e-02
3.522044047713279724e-02
2.703036181628704071e-02
4.520711489021778107e-03
-3.995404578745365143e-03
-1.059937700629234314e-01
5.346409603953361511e-02
7.387064397335052490e-02
4.827701300382614136e-02
-1.867468282580375671e-02
-5.352091789245605469e-02
-7.529197260737419128e-03
3.948644548654556274e-02
-4.001048207283020020e-02
-2.138194628059864044e-02
1.100801862776279449e-02
5.163776129484176636e-02
1.083165407180786133e-02
9.144859015941619873e-02
-3.598774597048759460e-02
4.533456265926361084e-02
1.084749586880207062e-02
-7.690469175577163696e-02
6.859295815229415894e-02
8.384825289249420166e-02
6.005115807056427002e-02
-7.209024578332901001e-02
5.875158682465553284e-02
8.861934766173362732e-03
4.063240066170692444e-02
-1.754457876086235046e-02
4.240581765770912170e-02
6.221616268157958984e-02
3.088333271443843842e-02
-1.610229760408401489e-01
2.457991614937782288e-02
3.367308899760246277e-02
1.113478615880012512e-01
-7.902785390615463257e-02
4.317633062601089478e-02
-1.862996444106101990e-02
-9.301655739545822144e-02
-3.279829770326614380e-02
6.684243679046630859e-02
-5.220624804496765137e-02
-8.812905102968215942e-02
-6.596918404102325439e-02
-5.518435314297676086e-02
-6.376904994249343872e-02
1.602832973003387451e-02
1.180047392845153809e-01
-3.149471804499626160e-02
1.038025617599487305e-01
-1.440609991550445557e-01
-2.152898535132408142e-02
-8.006823062896728516e-02
-2.612257935106754303e-02
4.442592337727546692e-02
-8.428831398487091064e-02
