1.483755558729171753e-01
9.080030140466988087e-04
3.153683617711067200e-02
-3.800237923860549927e-02
-3.428811207413673401e-02
-3.536560758948326111e-02
-9.056660532951354980e-02
-5.224872380495071411e-02
5.906391516327857971e-02
3.692164272069931030e-02
-3.763133718166500330e-04
-4.409715905785560608e-02
-4.012347199022769928e-03
-9.091292321681976318e-02
6.360603030771017075e-03
-5.247687920928001404e-02
3.244661167263984680e-02
8.046514540910720825e-02
-1.371998107060790062e-03
-1.298028230667114258e-02
-3.335667401552200317e-02
-9.606957435607910156e-03
1.722796820104122162e-02
-2.636074461042881012e-02
-5.469657853245735168e-02
-1.219808757305145264e-01
4.890001937747001648e-02
-7.372257858514785767e-02
-1.179153397679328918e-01
-1.131195574998855591e-01
7.003192603588104248e-02
-5.223857238888740540e-02
-4.657755792140960693e-02
-6.728216260671615601e-02
2.313213981688022614e-02
-1.190467085689306259e-02
3.208155930042266846e-02
-3.873706981539726257e-02
-5.111419036984443665e-02
-5.332968756556510925e-02
5.967908352613449097e-02
-5.218078847974538803e-03
3.336299583315849304e-02
7.981378585100173950e-02
5.016691982746124268e-02
2.014285884797573090e-02
-1.338568776845932007e-01
3.539180383086204529e-02
-2.868450060486793518e-02
-5.316439643502235413e-02
-1.758070141077041626e-01
6.927849352359771729e-02
1.232554987072944641e-01
-9.792961180210113525e-02
-4.273327067494392395e-02
4.936157912015914917e-02
-3.880860656499862671e-02
-1.603871025145053864e-02
1.540731340646743774e-01
-2.128843031823635101e-02
6.962614506483078003e-02
4.238210245966911316e-02
-7.558512687683105469e-02
2.826526295393705368e-03
-7.043983787298202515e-02
-6.007501110434532166e-02
-4.984050989151000977e-02
-1.006002575159072876e-01
-2.395971969235688448e-04
-4.741874709725379944e-02
-8.650838583707809448e-02
-9.767158329486846924e-02
1.321829259395599365e-01
-7.955478876829147339e-02
-1.464112102985382080e-01
4.846265539526939392e-02
-7.089461386203765869e-02
7.561181485652923584e-02
3.586038015782833099e-03
-1.904300600290298462e-01
4.147322848439216614e-02
5.454723164439201355e-02
2.195069752633571625e-02
6.572752445936203003e-02
-5.882767587900161743e-02
4.933546483516693115e-02
-2.859047241508960724e-02
4.965244606137275696e-02
4.522982239723205566e-02
-3.689505532383918762e-02
-1.761676371097564697e-01
-2.684217691421508789e-02
-5.906182155013084412e-02
-2.762946300208568573e-02
-6.288128346204757690e-02
-5.100785195827484131e-02
-2.519538998603820801e-02
2.172925882041454315e-02
7.922711223363876343e-02
-8.623169362545013428e-02
5.490680411458015442e-02
-8.029620163142681122e-03
1.825164817273616791e-02
-1.871589012444019318e-02
-2.284336835145950317e-03
-5.742230638861656189e-02
6.606721878051757812e-02
9.061364084482192993e-02
1.032260507345199585e-01
-9.426192939281463623e-02
-7.084915414452552795e-03
1.417510807514190674e-01
-1.514639705419540405e-02
9.215026348829269409e-02
6.194584071636199951e-03
-1.842074468731880188e-02
-1.711275801062583923e-02
4.250212386250495911e-02
5.356836691498756409e-02
-6.246656179428100586e-02
-4.842237010598182678e-02
1.054484546184539795e-01
5.513534415513277054e-03
4.603827744722366333e-02
-5.027056485414505005e-02
1.080438887584023178e-04
-5.475530028343200684e-02
-8.242411166429519653e-02
-9.734383970499038696e-02
1.049946025013923645e-01
8.295790292322635651e-03
7.907385379076004028e-02
-9.710427373647689819e-02
3.629668802022933960e-02
3.515392914414405823e-02
1.315966621041297913e-02
-7.086814939975738525e-02
2.407090179622173309e-02
9.951781481504440308e-02
5.189441144466400146e-02
1.766717620193958282e-02
4.725780710577964783e-02
4.578078910708427429e-02
-1.382034271955490112e-01
-7.143829017877578735e-02
-5.686222389340400696e-02
8.311410248279571533e-02
7.151103578507900238e-03
8.358540944755077362e-04
1.881084963679313660e-02
-7.502818107604980469e-02
-5.136505514383316040e-02
2.647542394697666168e-02
-1.999780721962451935e-02
-4.463228955864906311e-02
-3.812417760491371155e-02
9.998732805252075195e-02
8.423286490142345428e-03
-6.666217744350433350e-02
6.235835608094930649e-03
-2.848198404535651207e-03
1.084199696779251099e-01
-2.454991638660430908e-02
-2.955063246190547943e-02
-2.318988181650638580e-02
1.108830329030752182e-03
3.754819929599761963e-02
4.963157325983047485e-02
-5.503262206912040710e-02
-5.831698328256607056e-02
1.499698162078857422e-01
1.291768848896026611e-01
-4.170920327305793762e-02
5.246036127209663391e-02
5.078171566128730774e-02
-2.313207834959030151e-02
-7.736054807901382446e-02
-1.361563988029956818e-02
-3.887417539954185486e-02
8.985914289951324463e-03
-1.510351337492465973e-02
1.643590256571769714e-02
-2.549109235405921936e-02
-1.114083267748355865e-02
8.068180084228515625e-02
-2.267687022686004639e-02
3.271405398845672607e-02
6.297473609447479248e-02
2.861306816339492798e-02
1.122181415557861328e-01
-2.782344073057174683e-02
-2.414551377296447754e-02
1.888464018702507019e-02
2.321900799870491028e-02
-1.413952931761741638e-02
1.100193243473768234e-02
-1.256998181343078613e-01
5.633990839123725891e-02
6.631422042846679688e-02
6.472869217395782471e-02
-1.390497107058763504e-02
-2.965989336371421814e-02
-1.145805325359106064e-02
3.115426748991012573e-02
-3.384016081690788269e-02
5.296774674206972122e-03
-5.948447156697511673e-03
2.608458697795867920e-02
9.070141823031008244e-04
9.488795697689056396e-02
-1.915794052183628082e-02
2.692659199237823486e-02
3.060596063733100891e-03
-5.936210602521896362e-02
4.634043946862220764e-02
7.325520366430282593e-02
2.375535666942596436e-02
-9.245657175779342651e-02
7.726148515939712524e-02
-1.849591382779181004e-03
3.161043673753738403e-02
-1.303543802350759506e-02
6.001636758446693420e-02
9.161936491727828979e-02
2.918584458529949188e-02
-1.440934836864471436e-01
2.606515772640705109e-02
1.799648813903331757e-02
8.114501833915710449e-02
-4.744025319814682007e-02
3.033191524446010590e-02
-1.834942214190959930e-02
-7.251047343015670776e-02
-4.169942438602447510e-02
6.143720448017120361e-02
-3.558185696601867676e-02
-6.898514926433563232e-02
-5.418045446276664734e-02
-2.472027763724327087e-02
-4.202040284872055054e-02
2.662272565066814423e-02
8.386982977390289307e-02
-1.824360340833663940e-02
7.179395109415054321e-02
-1.063175648450851440e-01
-2.487040124833583832e-02
-4.726055264472961426e-02
4.357185214757919312e-03
2.343547344207763672e-02
-6.106692180037498474e-02
