1.433063149452209473e-01
-9.799288585782051086e-03
2.904980257153511047e-02
-3.481400385499000549e-02
-3.943573310971260071e-02
-2.337368018925189972e-02
-9.003191441297531128e-02
-4.316673055291175842e-02
7.120210677385330200e-02
4.555987566709518433e-02
1.209295634180307388e-02
-3.766091540455818176e-02
-3.710993099957704544e-03
-9.200890362262725830e-02
1.338720880448818207e-02
-5.357517674565315247e-02
2.703494764864444733e-02
6.370645016431808472e-02
1.268570544198155403e-03
-1.744888722896575928e-02
-4.279112070798873901e-02
1.613596832612529397e-04
1.250624470412731171e-02
-1.893516257405281067e-02
-3.895603120326995850e-02
-1.111439764499664307e-01
3.482695296406745911e-02
-6.974104791879653931e-02
-1.078860387206077576e-01
-1.057427823543548584e-01
7.127623260021209717e-02
-5.149247497320175171e-02
-4.373729601502418518e-02
-7.889878749847412109e-02
2.458329685032367706e-02
-2.443184703588485718e-02
3.503603115677833557e-02
-2.805039659142494202e-02
-5.205589905381202698e-02
-3.733751922845840454e-02
5.670820549130439758e-02
-2.304134890437126160e-02
4.205733165144920349e-02
7.493208348751068115e-02
3.853550180792808533e-02
2.500453591346740723e-02
-1.262527704238891602e-01
7.944852113723754883e-03
-2.993256412446498871e-02
-4.380087926983833313e-02
-1.789810657501220703e-01
6.550573557615280151e-02
1.190503388643264771e-01
-9.727293252944946289e-02
-4.834619909524917603e-02
5.165915936231613159e-02
-2.941549755632877350e-02
4.000432789325714111e-03
1.568655222654342651e-01
-1.833304204046726227e-02
6.397916376590728760e-02
3.672323375940322876e-02
-5.632707476615905762e-02
1.030021626502275467e-02
-7.226561754941940308e-02
-5.605545267462730408e-02
-5.953271314501762390e-02
-1.090972498059272766e-01
1.395305269397795200e-03
-5.223315954208374023e-02
-1.026751324534416199e-01
-9.755736589431762695e-02
1.520372331142425537e-01
-8.412398397922515869e-02
-1.419266611337661743e-01
5.270843207836151123e-02
-7.412452995777130127e-02
7.686001062393188477e-02
5.169228650629520416e-03
-1.926841139793395996e-01
5.302428826689720154e-02
5.302429944276809692e-02
6.633840035647153854e-03
6.809884309768676758e-02
-5.909860879182815552e-02
5.560375005006790161e-02
-3.280816599726676941e-02
6.640328466892242432e-02
3.030251711606979370e-02
-3.239562734961509705e-02
-1.792527735233306885e-01
-2.969210036098957062e-02
-6.661335378885269165e-02
-2.941734902560710907e-02
-5.492502823472023010e-02
-5.796524509787559509e-02
-3.151068836450576782e-02
1.779935695230960846e-02
7.330527901649475098e-02
-8.935787528753280640e-02
5.830000713467597961e-02
-1.502491161227226257e-02
1.960848458111286163e-02
-1.834824867546558380e-02
-1.504566241055727005e-02
-6.260928511619567871e-02
6.485050916671752930e-02
9.968815743923187256e-02
1.018880158662796021e-01
-9.472493082284927368e-02
-6.744178012013435364e-03
1.381133645772933960e-01
-2.583708241581916809e-02
8.943609148263931274e-02
4.332228098064661026e-03
-2.794490940868854523e-02
-2.439136058092117310e-02
4.862964898347854614e-02
6.101359054446220398e-02
-6.755384057760238647e-02
-4.848045855760574341e-02
1.033073663711547852e-01
1.437152735888957977e-03
4.172423854470252991e-02
-4.048370197415351868e-02
1.215995941311120987e-02
-5.428221449255943298e-02
-1.003791019320487976e-01
-9.635365009307861328e-02
9.494466334581375122e-02
1.148615701822564006e-04
7.756170630455017090e-02
-9.024797379970550537e-02
3.558727726340293884e-02
3.997502848505973816e-02
1.956173032522201538e-02
-7.938368618488311768e-02
2.705156616866588593e-02
1.054600030183792114e-01
4.554145783185958862e-02
2.686623483896255493e-02
5.944788828492164612e-02
3.824871033430099487e-02
-1.439917087554931641e-01
-7.020720094442367554e-02
-5.777950957417488098e-02
7.378589361906051636e-02
2.559304703027009964e-03
-2.216106653213500977e-02
1.635122112929821014e-02
-7.324277609586715698e-02
-5.100724473595619202e-02
1.265611033886671066e-02
-3.565925359725952148e-02
-4.991280287504196167e-02
-3.788282722234725952e-02
9.882297366857528687e-02
2.255865000188350677e-02
-7.277665287256240845e-02
3.587403101846575737e-03
2.271147444844245911e-03
1.024037003517150879e-01
-1.739973016083240509e-02
-4.009388014674186707e-02
-3.391824662685394287e-02
-3.088550409302115440e-03
4.040245711803436279e-02
4.109532758593559265e-02
-5.188272148370742798e-02
-4.841258376836776733e-02
1.537762880325317383e-01
1.335458308458328247e-01
-5.300636589527130127e-02
4.188073799014091492e-02
4.410437121987342834e-02
-2.524953894317150116e-02
-6.961430609226226807e-02
-1.217711716890335083e-02
-3.554747626185417175e-02
-3.634195309132337570e-03
-1.394523587077856064e-02
2.197314612567424774e-02
-4.248107224702835083e-02
-9.951298125088214874e-03
8.318106830120086670e-02
-2.404457703232765198e-02
1.930567435920238495e-02
7.179866731166839600e-02
3.238341957330703735e-02
1.094123199582099915e-01
-2.721896581351757050e-02
-2.964102104306221008e-02
2.458991855382919312e-02
2.397827059030532837e-02
-1.294908951967954636e-02
1.738197542726993561e-02
-1.184501349925994873e-01
4.352171346545219421e-02
5.668928846716880798e-02
6.067481264472007751e-02
-2.195303887128829956e-02
-2.396354824304580688e-02
-2.909723669290542603e-02
2.608691342175006866e-02
-4.206392168998718262e-02
1.463849795982241631e-03
-6.077704485505819321e-03
1.806963421404361725e-02
-6.962341256439685822e-03
8.933795243501663208e-02
-3.525600582361221313e-02
2.998042292892932892e-02
4.187261685729026794e-03
-5.883619189262390137e-02
4.965496808290481567e-02
7.243859767913818359e-02
1.627464778721332550e-02
-7.910783588886260986e-02
7.905367761850357056e-02
3.895017784088850021e-03
2.722721546888351440e-02
-9.169443510472774506e-03
5.224952474236488342e-02
9.212937951087951660e-02
1.956647261977195740e-02
-1.416095793247222900e-01
2.554810792207717896e-02
2.578806877136230469e-02
8.519485592842102051e-02
-3.827502205967903137e-02
3.113993629813194275e-02
-1.133297383785247803e-02
-5.036408454179763794e-02
-4.325629025697708130e-02
7.237859815359115601e-02
-3.681628778576850891e-02
-6.781357526779174805e-02
-4.505235701799392700e-02
-2.304214984178543091e-02
-3.592886775732040405e-02
2.702013589441776276e-02
9.730894118547439575e-02
-1.022851653397083282e-02
8.935571461915969849e-02
-1.125232428312301636e-01
-1.495309546589851379e-02
-4.490581154823303223e-02
6.072043441236019135e-03
2.645190805196762085e-02
-5.908327922224998474e-02
