1.226608157157897949e-01
-1.114384829998016357e-02
3.200036287307739258e-02
-3.353887423872947693e-02
-4.664300009608268738e-02
-2.111727558076381683e-02
-9.218250960111618042e-02
-4.669757187366485596e-02
7.288677990436553955e-02
4.296059161424636841e-02
2.324181422591209412e-02
-3.648434206843376160e-02
-5.810624919831752777e-03
-8.038166910409927368e-02
1.804324239492416382e-02
-4.509946331381797791e-02
3.335334733128547668e-02
7.704240083694458008e-02
-4.606585483998060226e-03
-3.095990605652332306e-02
-2.424635551869869232e-02
1.050275471061468124e-02
8.439567871391773224e-03
-4.168666154146194458e-02
-2.811738662421703339e-02
-1.091445386409759521e-01
3.896507620811462402e-02
-5.894537270069122314e-02
-1.096866503357887268e-01
-1.118430942296981812e-01
7.377984374761581421e-02
-3.666565939784049988e-02
-6.228522583842277527e-02
-6.959729641675949097e-02
3.321440145373344421e-02
-1.056675054132938385e-02
1.073127798736095428e-02
-3.368182107806205750e-02
-4.711116477847099304e-02
-3.883415088057518005e-02
6.734330952167510986e-02
-1.417171861976385117e-02
2.713329903781414032e-02
8.727400004863739014e-02
3.627004474401473999e-02
1.883833110332489014e-02
-1.304558962583541870e-01
2.724772505462169647e-02
-1.651639305055141449e-02
-4.375989362597465515e-02
-1.722305715084075928e-01
7.294654101133346558e-02
1.166195124387741089e-01
-1.101835966110229492e-01
-5.370580032467842102e-02
5.330770462751388550e-02
-2.567083016037940979e-02
-3.944219090044498444e-03
1.756710708141326904e-01
-2.278180979192256927e-02
6.474596261978149414e-02
4.683173820376396179e-02
-6.436208635568618774e-02
-1.175815798342227936e-02
-6.192733719944953918e-02
-6.632248312234878540e-02
-5.632113292813301086e-02
-1.065149456262588501e-01
-1.851743087172508240e-02
-6.278550624847412109e-02
-1.031855717301368713e-01
-9.940371662378311157e-02
1.344480812549591064e-01
-9.348972886800765991e-02
-1.416109204292297363e-01
5.860144272446632385e-02
-8.536891639232635498e-02
7.329698652029037476e-02
2.249241061508655548e-02
-2.040107846260070801e-01
4.370598495006561279e-02
4.468395933508872986e-02
4.635479301214218140e-03
7.563926279544830322e-02
-6.771944463253021240e-02
4.290338978171348572e-02
-4.943996295332908630e-02
6.162120029330253601e-02
2.359542064368724823e-02
-4.319258779287338257e-02
-1.554949283599853516e-01
-4.444110766053199768e-02
-5.790697410702705383e-02
-3.493129834532737732e-02
-6.816548109054565430e-02
-5.782292038202285767e-02
-3.225067630410194397e-02
1.906959526240825653e-02
5.060308426618576050e-02
-9.431640803813934326e-02
4.254877567291259766e-02
-1.005352754145860672e-02
-7.862538914196193218e-04
-1.603398844599723816e-02
1.277809217572212219e-02
-6.447528302669525146e-02
8.200130611658096313e-02
9.298360347747802734e-02
9.761853516101837158e-02
-9.712497144937515259e-02
9.033985435962677002e-03
1.296639293432235718e-01
-1.194511260837316513e-02
9.587156772613525391e-02
3.030586522072553635e-03
-2.728023193776607513e-02
-3.508993983268737793e-02
3.686957061290740967e-02
5.615689232945442200e-02
-5.124790221452713013e-02
-2.878150530159473419e-02
1.040718331933021545e-01
1.534432079643011093e-02
4.178315773606300354e-02
-6.765034794807434082e-02
6.754861213266849518e-03
-4.075201973319053650e-02
-1.016700193285942078e-01
-1.065029650926589966e-01
7.605433464050292969e-02
1.161403860896825790e-02
9.044885635375976562e-02
-9.810733050107955933e-02
4.278064146637916565e-02
3.979700431227684021e-02
1.343028247356414795e-02
-8.196714520454406738e-02
2.361155673861503601e-02
8.557377755641937256e-02
3.411859646439552307e-02
3.157748654484748840e-02
5.598898231983184814e-02
5.156056210398674011e-02
-1.344030201435089111e-01
-5.966022983193397522e-02
-4.921231418848037720e-02
8.278167247772216797e-02
1.379310805350542068e-02
-6.638580467551946640e-03
1.913438923656940460e-02
-5.489816516637802124e-02
-4.919983819127082825e-02
2.608674392104148865e-02
-2.236190810799598694e-02
-5.074568092823028564e-02
-4.178977385163307190e-02
9.819913655519485474e-02
1.104914845200255513e-04
-6.725375354290008545e-02
9.634837042540311813e-04
1.850513071985915303e-04
8.988291025161743164e-02
-2.108655683696269989e-02
-2.995493076741695404e-02
-3.028833679854869843e-02
-4.422860220074653625e-03
4.139251261949539185e-02
2.421694435179233551e-02
-4.958503320813179016e-02
-4.803820699453353882e-02
1.532906591892242432e-01
1.250265389680862427e-01
-5.222868546843528748e-02
3.245276585221290588e-02
4.645194113254547119e-02
-1.258877478539943695e-02
-7.317519187927246094e-02
-9.638153016567230225e-03
-1.554545946419239044e-02
3.125738352537155151e-03
-2.652817592024803162e-02
1.582006178796291351e-02
-3.513564169406890869e-02
-1.183703169226646423e-02
6.144899129867553711e-02
-1.951746456325054169e-02
2.028178237378597260e-02
6.355810910463333130e-02
3.008661605417728424e-02
1.158495992422103882e-01
-7.406101562082767487e-03
-2.491487190127372742e-02
1.244960818439722061e-02
4.197233915328979492e-02
-1.271989662200212479e-02
3.885083831846714020e-03
-1.272258907556533813e-01
4.516763240098953247e-02
6.917302310466766357e-02
4.454536363482475281e-02
-1.900270208716392517e-02
-2.654236555099487305e-02
-2.220511436462402344e-02
2.150063589215278625e-02
-3.919914364814758301e-02
9.711271151900291443e-03
4.667307250201702118e-03
2.328923903405666351e-02
1.010908279567956924e-02
9.011518955230712891e-02
-2.772129140794277191e-02
4.596856236457824707e-02
-5.569376982748508453e-03
-5.898562446236610413e-02
5.965239182114601135e-02
7.877907902002334595e-02
3.979209065437316895e-02
-8.372866362333297729e-02
8.830862492322921753e-02
1.898343302309513092e-02
5.137042701244354248e-02
-1.305134221911430359e-02
5.157341435551643372e-02
9.148997068405151367e-02
1.266820542514324188e-02
-1.490594893693923950e-01
3.165512578561902046e-03
1.397783309221267700e-02
9.494922310113906860e-02
-4.824981093406677246e-02
5.938707292079925537e-02
-6.948667112737894058e-03
-5.704173818230628967e-02
-3.882056847214698792e-02
4.258116707205772400e-02
-3.945485502481460571e-02
-4.995218664407730103e-02
-6.270159780979156494e-02
-3.740922361612319946e-02
-4.471226036548614502e-02
2.226484194397926331e-02
1.145217269659042358e-01
-2.093645744025707245e-02
9.807129949331283569e-02
-1.056507006287574768e-01
-3.281775116920471191e-02
-5.418162420392036438e-02
1.213883282616734505e-03
2.621426805853843689e-02
-6.605719774961471558e-02
