9.858711808919906616e-02
6.253117322921752930e-02
-2.018964849412441254e-02
5.629372969269752502e-02
1.703508757054805756e-02
3.427339950576424599e-03
-2.816166914999485016e-02
-4.184180125594139099e-02
-2.857057563960552216e-02
-1.065412014722824097e-01
-9.223856776952743530e-02
-3.799680247902870178e-02
1.202185358852148056e-02
-6.379938870668411255e-02
-1.981859095394611359e-02
-8.961006253957748413e-02
-1.366820931434631348e-02
-9.572669863700866699e-03
-5.934034474194049835e-03
9.264548867940902710e-02
-5.646700784564018250e-02
-5.900380387902259827e-02
2.206009812653064728e-02
-1.252039056271314621e-02
-8.454336225986480713e-02
-3.945227339863777161e-02
1.267708986997604370e-01
-7.446552067995071411e-02
-1.162368655204772949e-01
-9.679618477821350098e-02
-3.381758183240890503e-02
-5.460022389888763428e-02
1.135306954383850098e-01
2.560104615986347198e-02
-6.562981754541397095e-02
-3.618514398112893105e-03
6.951039284467697144e-02
-1.161123346537351608e-02
-8.792779594659805298e-02
-8.631526678800582886e-02
5.406466498970985413e-02
1.424905657768249512e-01
3.868187591433525085e-02
1.466568652540445328e-02
4.062873125076293945e-02
-1.158738229423761368e-02
-4.271600767970085144e-02
7.261899113655090332e-02
-5.367363989353179932e-02
-4.539793357253074646e-02
-9.927064925432205200e-02
4.665317013859748840e-02
7.401142269372940063e-02
-5.713191628456115723e-02
5.487337335944175720e-02
7.575377821922302246e-03
-6.976260989904403687e-02
-1.425409168004989624e-01
2.689774148166179657e-02
5.600687861442565918e-02
6.916361302137374878e-02
-9.320041164755821228e-03
-1.412335187196731567e-01
6.673151999711990356e-02
-7.172317802906036377e-02
6.607852876186370850e-03
5.898047238588333130e-02
-7.244893908500671387e-02
6.562689691781997681e-02
2.488313429057598114e-02
2.010826021432876587e-02
-1.232796609401702881e-01
5.579005926847457886e-02
1.911357603967189789e-02
-1.673049777746200562e-01
-8.933496475219726562e-02
6.102549284696578979e-02
7.819499075412750244e-02
-2.123577520251274109e-02
-1.211822852492332458e-01
-1.977411843836307526e-02
-2.566721523180603981e-03
6.728474795818328857e-02
7.279013842344284058e-02
4.042743891477584839e-02
3.795983269810676575e-02
3.925047442317008972e-02
-7.165805250406265259e-02
1.145492196083068848e-01
-3.000071272253990173e-02
-1.487169861793518066e-01
2.340253256261348724e-02
-4.153115674853324890e-02
-2.477344311773777008e-02
-5.919402465224266052e-02
4.470492526888847351e-02
3.689113259315490723e-02
8.706955611705780029e-02
1.778508275747299194e-01
-2.168241143226623535e-02
5.838765203952789307e-02
-4.738841950893402100e-02
1.044111475348472595e-01
3.882271796464920044e-02
1.951095275580883026e-02
4.218895360827445984e-02
-2.729563787579536438e-02
4.784797877073287964e-02
7.903481274843215942e-02
2.671791007742285728e-03
-6.352949887514114380e-02
1.158448830246925354e-01
8.377891033887863159e-02
9.585233032703399658e-02
-1.531118713319301605e-02
5.655474588274955750e-02
-1.779057085514068604e-02
1.614637114107608795e-02
4.552686214447021484e-02
-6.324684619903564453e-02
-1.362366080284118652e-01
6.627985090017318726e-02
-1.336491014808416367e-02
7.988669676706194878e-04
4.704788699746131897e-02
-8.103754371404647827e-03
-8.133525401353836060e-02
8.981179445981979370e-02
1.967905322089791298e-03
1.173234432935714722e-01
3.867727890610694885e-02
-1.719965972006320953e-02
-4.687996953725814819e-02
2.123242989182472229e-02
-1.054629124701023102e-02
-3.829284012317657471e-02
1.246723067015409470e-02
3.873628377914428711e-02
8.102895319461822510e-02
4.174657911062240601e-02
-2.342393249273300171e-02
-5.036243051290512085e-02
6.826974451541900635e-02
-1.257792711257934570e-01
-1.077921167016029358e-01
-5.317874625325202942e-02
2.282048761844635010e-02
1.073480583727359772e-02
5.680253729224205017e-02
1.007201895117759705e-01
-9.495908766984939575e-02
-1.792824454605579376e-02
2.151767723262310028e-02
-2.007019519805908203e-02
1.053118845447897911e-03
-5.896570906043052673e-02
7.892209105193614960e-03
-5.718835070729255676e-02
-4.639557749032974243e-02
4.752091690897941589e-02
3.464481607079505920e-02
1.419478803873062134e-01
-2.393440157175064087e-02
3.804446756839752197e-02
9.914357960224151611e-02
8.251832425594329834e-02
7.151918113231658936e-02
5.974820256233215332e-02
-3.518626466393470764e-02
-4.846029728651046753e-02
-8.820840157568454742e-03
8.759210258722305298e-02
1.574126631021499634e-02
7.203263044357299805e-02
7.052486389875411987e-02
-5.263401195406913757e-02
-3.995757922530174255e-02
-6.946275942027568817e-03
-9.233597666025161743e-02
2.573487162590026855e-02
-4.810148850083351135e-02
5.312954634428024292e-02
4.084305837750434875e-02
-3.243533149361610413e-02
5.656223744153976440e-02
-4.130195826292037964e-03
7.654113322496414185e-02
-1.940677314996719360e-02
-1.727300812490284443e-03
3.718322142958641052e-02
-4.205713793635368347e-02
1.411807443946599960e-02
1.920749060809612274e-02
-5.233885347843170166e-02
-1.912828348577022552e-02
-1.810683403164148331e-03
-4.945959150791168213e-02
8.226068317890167236e-02
2.712027169764041901e-02
1.222407519817352295e-01
3.850289806723594666e-02
-2.186550572514533997e-02
7.698855549097061157e-02
8.575911074876785278e-02
-3.615260124206542969e-02
2.323062159121036530e-02
-7.095195353031158447e-02
1.168631389737129211e-02
-1.879357919096946716e-02
7.430642098188400269e-02
7.116672396659851074e-02
-3.763673827052116394e-02
1.418653223663568497e-02
-1.530601549893617630e-02
-1.719883270561695099e-02
5.820295959711074829e-02
2.089453488588333130e-02
-8.160978555679321289e-02
-1.598544418811798096e-02
-1.071587577462196350e-01
-6.218132376670837402e-02
2.867723116651177406e-03
7.003667950630187988e-02
3.021535277366638184e-02
8.656757324934005737e-02
-6.096697878092527390e-03
9.725594893097877502e-03
1.277925632894039154e-02
-4.151489585638046265e-02
8.321374654769897461e-03
-6.172512844204902649e-02
-2.807925455272197723e-02
-6.356861442327499390e-02
-2.986076660454273224e-02
2.437344938516616821e-02
3.790146147366613150e-04
-4.197916015982627869e-02
5.190194770693778992e-02
4.669345542788505554e-02
5.097209289669990540e-02
3.638667613267898560e-02
-1.106990575790405273e-01
-2.061048508039675653e-05
-1.781432777643203735e-01
3.524089977145195007e-02
3.950583934783935547e-02
9.064178913831710815e-02
-2.782671153545379639e-02
4.039472714066505432e-02
6.120048835873603821e-02
