1.969014257192611694e-01
6.590515840798616409e-03
4.306104034185409546e-02
-4.829788208007812500e-02
-4.894828796386718750e-02
-5.173622071743011475e-02
-1.079902201890945435e-01
-6.082314252853393555e-02
5.827621370553970337e-02
4.070315137505531311e-02
-1.238891575485467911e-02
-5.521737784147262573e-02
-3.503353800624608994e-03
-1.062850728631019592e-01
1.415778882801532745e-02
-6.473555415868759155e-02
3.205318376421928406e-02
9.695860743522644043e-02
1.508636679500341415e-02
-7.338224444538354874e-03
-3.661055117845535278e-02
-2.683980762958526611e-02
3.467413038015365601e-02
-2.054269425570964813e-02
-6.653685867786407471e-02
-1.209053620696067810e-01
5.144980922341346741e-02
-7.607120275497436523e-02
-1.278181821107864380e-01
-1.088660359382629395e-01
5.825240537524223328e-02
-6.022094935178756714e-02
-3.780074045062065125e-02
-6.335034221410751343e-02
2.144189365208148956e-02
-1.190630253404378891e-02
3.369639441370964050e-02
-4.041681066155433655e-02
-5.728453397750854492e-02
-6.635325402021408081e-02
5.428714305162429810e-02
4.143302328884601593e-03
4.106095060706138611e-02
7.115147262811660767e-02
5.940610542893409729e-02
2.837343886494636536e-02
-1.208447292447090149e-01
4.130862280726432800e-02
-2.557292766869068146e-02
-3.805737942457199097e-02
-1.698779016733169556e-01
6.117902696132659912e-02
1.185704469680786133e-01
-8.801250159740447998e-02
-3.329136595129966736e-02
4.285045713186264038e-02
-4.124786704778671265e-02
-1.248993538320064545e-02
1.500730365514755249e-01
-7.993404753506183624e-03
6.306383758783340454e-02
3.667069226503372192e-02
-9.087917953729629517e-02
4.865863360464572906e-03
-7.367682456970214844e-02
-6.082762032747268677e-02
-4.059614986181259155e-02
-9.716248512268066406e-02
1.382869388908147812e-02
-3.907178342342376709e-02
-7.935238629579544067e-02
-9.990902245044708252e-02
1.259453296661376953e-01
-7.265828549861907959e-02
-1.305624246597290039e-01
4.280445352196693420e-02
-5.646577849984169006e-02
7.674038410186767578e-02
9.196549654006958008e-03
-1.739060282707214355e-01
3.290807455778121948e-02
5.572117120027542114e-02
3.315914422273635864e-02
6.205043196678161621e-02
-4.590252041816711426e-02
5.365898087620735168e-02
-2.229565009474754333e-02
4.201580584049224854e-02
4.075297713279724121e-02
-4.335381463170051575e-02
-1.523605585098266602e-01
-1.950426027178764343e-02
-5.906832590699195862e-02
-1.656455360352993011e-02
-5.394871160387992859e-02
-4.444943368434906006e-02
-2.289834432303905487e-02
4.583255946636199951e-02
9.753546118736267090e-02
-9.203552454710006714e-02
6.252396851778030396e-02
-1.157339196652173996e-02
2.661943808197975159e-02
-1.442035380750894547e-02
-5.619296804070472717e-03
-4.480892047286033630e-02
5.483442544937133789e-02
9.050264209508895874e-02
1.061995774507522583e-01
-9.481216967105865479e-02
-9.169044904410839081e-03
1.472172588109970093e-01
-1.662305369973182678e-02
9.214107692241668701e-02
7.872627116739749908e-03
-9.404981508851051331e-03
-1.336098462343215942e-02
5.676776543259620667e-02
5.316247791051864624e-02
-6.456624716520309448e-02
-5.286509171128273010e-02
1.109239831566810608e-01
2.381077501922845840e-03
4.942807555198669434e-02
-4.166616126894950867e-02
2.115119015797972679e-03
-5.503255501389503479e-02
-6.513530015945434570e-02
-1.064705699682235718e-01
1.202385351061820984e-01
1.198324933648109436e-02
7.957297563552856445e-02
-9.838313609361648560e-02
4.272053763270378113e-02
4.007366299629211426e-02
1.268865913152694702e-02
-6.916245818138122559e-02
3.081383928656578064e-02
1.053909286856651306e-01
4.855621606111526489e-02
1.349896099418401718e-02
4.527516663074493408e-02
4.365242272615432739e-02
-1.422249227762222290e-01
-8.370146900415420532e-02
-5.868981406092643738e-02
9.187342971563339233e-02
1.187253650277853012e-02
-7.317301351577043533e-04
2.504726126790046692e-02
-7.513801008462905884e-02
-5.706008523702621460e-02
2.088104188442230225e-02
-1.674680411815643311e-02
-3.928830847144126892e-02
-3.475273400545120239e-02
1.049847751855850220e-01
1.206251326948404312e-02
-6.470906734466552734e-02
2.336823614314198494e-03
-3.052006708458065987e-03
1.044850721955299377e-01
-1.938361488282680511e-02
-2.472635917365550995e-02
-2.321975305676460266e-02
-9.338399395346641541e-03
4.352650046348571777e-02
5.631008371710777283e-02
-4.200728610157966614e-02
-6.166228279471397400e-02
1.450557708740234375e-01
1.257062852382659912e-01
-3.989812359213829041e-02
5.849197134375572205e-02
5.478123202919960022e-02
-1.749077253043651581e-02
-7.784351706504821777e-02
-1.306491624563932419e-02
-5.652190744876861572e-02
2.625812077894806862e-03
-1.276060380041599274e-02
2.225290983915328979e-02
-1.673497445881366730e-02
-1.581380330026149750e-02
8.425308763980865479e-02
-1.309753023087978363e-02
4.372702166438102722e-02
5.931727588176727295e-02
2.545814961194992065e-02
1.053951308131217957e-01
-2.748915553092956543e-02
-1.917948573827743530e-02
1.657493785023689270e-02
1.976589486002922058e-02
-9.833974763751029968e-03
7.627065759152173996e-03
-1.148030832409858704e-01
6.224392354488372803e-02
6.008800864219665527e-02
6.115559488534927368e-02
-1.128463726490736008e-02
-2.872161008417606354e-02
-3.910175990313291550e-03
2.952324412763118744e-02
-3.359020873904228210e-02
-3.080504015088081360e-03
-2.948180772364139557e-03
3.038560971617698669e-02
7.186184171587228775e-03
9.457843005657196045e-02
-1.590692996978759766e-02
2.807434089481830597e-02
1.310438476502895355e-02
-5.568214878439903259e-02
5.031846091151237488e-02
6.527891755104064941e-02
3.049541264772415161e-02
-8.492033928632736206e-02
5.712820962071418762e-02
-1.460983045399188995e-02
2.324942499399185181e-02
-5.075544584542512894e-03
5.326648056507110596e-02
7.873748987913131714e-02
2.490494959056377411e-02
-1.146379709243774414e-01
3.053965047001838684e-02
1.858318969607353210e-02
6.711905449628829956e-02
-5.125033482909202576e-02
2.750691771507263184e-02
-2.371650934219360352e-02
-6.453868746757507324e-02
-4.988490417599678040e-02
6.561227887868881226e-02
-3.980509564280509949e-02
-7.581400126218795776e-02
-4.053170979022979736e-02
-3.009591996669769287e-02
-3.948467597365379333e-02
3.142134472727775574e-02
8.844445645809173584e-02
-1.503870543092489243e-02
8.196677267551422119e-02
-1.197149977087974548e-01
-2.178214676678180695e-02
-4.970112815499305725e-02
4.911297466605901718e-03
2.626660466194152832e-02
-5.948735401034355164e-02
