2.335816472768783569e-01
1.469220686703920364e-02
5.893220752477645874e-02
-4.928719997406005859e-02
-6.925926357507705688e-02
-8.361284434795379639e-02
-1.308358460664749146e-01
-5.227429792284965515e-02
6.607206165790557861e-02
5.564867705106735229e-02
-3.302429988980293274e-02
-5.657673627138137817e-02
1.393629610538482666e-02
-1.410746872425079346e-01
3.063364326953887939e-02
-9.412416070699691772e-02
2.555211819708347321e-02
9.524269402027130127e-02
2.930426225066184998e-02
-1.600463688373565674e-02
-2.027040906250476837e-02
-5.853617098182439804e-03
5.638945475220680237e-02
-1.475461944937705994e-02
-6.611160188913345337e-02
-1.333431601524353027e-01
4.255817085504531860e-02
-1.008718684315681458e-01
-1.683897376060485840e-01
-8.723884075880050659e-02
3.997089713811874390e-02
-3.593962639570236206e-02
1.043881103396415710e-02
-9.923218190670013428e-02
-1.198003906756639481e-02
-1.728511415421962738e-02
6.773772835731506348e-02
-5.207566544413566589e-02
-7.826314866542816162e-02
-6.493870913982391357e-02
8.028659224510192871e-02
8.974056690931320190e-03
4.232282191514968872e-02
7.560403645038604736e-02
4.328213632106781006e-02
4.345727339386940002e-02
-8.706063777208328247e-02
7.817373611032962799e-03
-4.705603420734405518e-02
-4.756539314985275269e-02
-1.860590428113937378e-01
5.505706369876861572e-02
1.157877221703529358e-01
-6.747140735387802124e-02
-3.643329441547393799e-02
5.962190032005310059e-02
-4.097578302025794983e-02
-1.437947805970907211e-02
1.649168133735656738e-01
-1.095288898795843124e-02
7.073055207729339600e-02
-9.335011243820190430e-03
-9.406650811433792114e-02
7.707115728408098221e-03
-6.969408690929412842e-02
-8.180847764015197754e-02
-4.685783758759498596e-02
-7.123932987451553345e-02
3.640782833099365234e-02
-4.202282801270484924e-02
-6.100467219948768616e-02
-1.090586632490158081e-01
1.258181631565093994e-01
-8.519691228866577148e-02
-1.010609865188598633e-01
4.863812029361724854e-02
-3.632311895489692688e-02
5.895556136965751648e-02
5.578130017966032028e-03
-1.714112013578414917e-01
6.309214234352111816e-02
5.496810749173164368e-02
5.761415231972932816e-03
4.922171682119369507e-02
-5.576579272747039795e-02
5.040084198117256165e-02
-3.749319911003112793e-02
5.432764440774917603e-02
4.341350123286247253e-02
-1.052401680499315262e-02
-1.260035932064056396e-01
-4.436901584267616272e-02
-6.975102424621582031e-02
1.358128432184457779e-02
-4.881074652075767517e-02
-4.576694220304489136e-02
-1.640191301703453064e-02
4.604687169194221497e-02
1.099985167384147644e-01
-1.171048283576965332e-01
7.325381040573120117e-02
-3.293085098266601562e-02
2.997196093201637268e-02
1.233701128512620926e-02
-5.126274190843105316e-03
-7.342355325818061829e-03
5.757116898894309998e-02
8.512704074382781982e-02
1.037370711565017700e-01
-9.516739100217819214e-02
-7.141388487070798874e-03
1.256335526704788208e-01
-6.622501648962497711e-03
8.916557580232620239e-02
-6.615350488573312759e-03
-1.685060933232307434e-02
-4.083213862031698227e-04
7.057977467775344849e-02
4.895160719752311707e-02
-3.261508047580718994e-02
-7.259969413280487061e-02
7.978898286819458008e-02
3.489858936518430710e-03
6.021514534950256348e-02
-5.247264634817838669e-03
-1.990913413465023041e-03
-3.109876997768878937e-02
-5.391319096088409424e-02
-1.039388254284858704e-01
9.218355268239974976e-02
1.375952549278736115e-02
6.274920701980590820e-02
-8.364089578390121460e-02
4.504151269793510437e-02
1.886582747101783752e-02
2.413144521415233612e-02
-9.182272851467132568e-02
6.736182421445846558e-02
1.051909178495407104e-01
3.455979749560356140e-02
5.797821655869483948e-02
1.464112941175699234e-02
7.951448112726211548e-02
-1.273515820503234863e-01
-7.289293408393859863e-02
-6.561978161334991455e-02
1.063304319977760315e-01
5.291018635034561157e-03
-2.534563653171062469e-02
4.631885513663291931e-02
-5.519899353384971619e-02
-5.502490699291229248e-02
2.354504354298114777e-02
-2.327495999634265900e-02
-5.108767375349998474e-02
-3.864980116486549377e-02
1.068428084254264832e-01
3.920879215002059937e-02
-4.601281136274337769e-02
-1.729640178382396698e-03
-6.752763874828815460e-03
3.837955370545387268e-02
2.115798741579055786e-02
-2.913532778620719910e-02
1.203524414449930191e-02
-4.843791015446186066e-03
1.049924455583095551e-02
7.133173197507858276e-02
-3.168613463640213013e-02
-1.650988706387579441e-03
9.151170402765274048e-02
6.083305925130844116e-02
-2.493914030492305756e-02
2.502789907157421112e-02
4.666627198457717896e-02
-4.039379768073558807e-03
-5.965721234679222107e-02
-2.768248319625854492e-02
-5.699203163385391235e-02
-1.229525543749332428e-02
-1.733720675110816956e-02
3.557574376463890076e-02
7.030258886516094208e-03
-4.775829240679740906e-02
8.103939890861511230e-02
-3.575626015663146973e-02
5.279565975069999695e-02
5.983778834342956543e-02
2.871380187571048737e-02
5.831378698348999023e-02
-4.800299927592277527e-02
-1.313271466642618179e-02
-5.276933778077363968e-03
-1.980661228299140930e-02
-2.258893335238099098e-03
1.003368524834513664e-03
-9.042463451623916626e-02
2.353846654295921326e-02
5.410097166895866394e-02
3.279969096183776855e-02
1.923601492308080196e-03
-7.833435200154781342e-03
1.358055602759122849e-02
3.092100284993648529e-02
-5.474957078695297241e-02
1.161870826035737991e-02
-6.838268600404262543e-03
3.001497313380241394e-02
4.749139398336410522e-02
3.964678570628166199e-02
2.251323312520980835e-03
2.737855911254882812e-02
-1.224931678734719753e-03
-5.148340389132499695e-02
2.435581292957067490e-03
6.666824966669082642e-02
3.233793005347251892e-02
-5.380666255950927734e-02
4.964163526892662048e-02
5.951762199401855469e-03
-7.803660817444324493e-03
1.139170769602060318e-02
4.849948361515998840e-02
8.791378885507583618e-02
1.656213775277137756e-02
-1.200735867023468018e-01
3.011492080986499786e-02
5.474555306136608124e-03
7.245306670665740967e-02
-6.368561834096908569e-02
5.414517223834991455e-02
2.702080877497792244e-03
-5.800548195838928223e-02
-8.205029368400573730e-02
5.755380168557167053e-02
-5.518181994557380676e-02
-7.057772576808929443e-02
-3.068956173956394196e-02
-8.856032043695449829e-03
-6.274633109569549561e-02
4.811890423297882080e-02
7.916412502527236938e-02
-9.914132766425609589e-03
1.293691694736480713e-01
-1.075087785720825195e-01
-1.009900774806737900e-02
-5.311471596360206604e-02
4.829027131199836731e-02
2.904984541237354279e-02
-7.929169386625289917e-02
