1.396767050027847290e-01
5.182523280382156372e-03
2.683935873210430145e-02
-1.919929124414920807e-02
-3.071160428225994110e-02
-3.098826482892036438e-02
-7.548274099826812744e-02
-4.242456704378128052e-02
4.703539982438087463e-02
7.192576769739389420e-03
3.170013660565018654e-03
-3.742438554763793945e-02
4.045856650918722153e-03
-7.862608134746551514e-02
1.126795634627342224e-02
-4.959154129028320312e-02
2.795343287289142609e-02
6.883175671100616455e-02
-1.320953667163848877e-02
-5.421404493972659111e-04
-3.002057969570159912e-02
-5.858229938894510269e-03
1.633226498961448669e-02
-3.077583573758602142e-02
-3.941282629966735840e-02
-9.832110255956649780e-02
5.269793048501014709e-02
-6.116759032011032104e-02
-1.084788218140602112e-01
-1.057407185435295105e-01
5.386012420058250427e-02
-4.203573986887931824e-02
-2.748333662748336792e-02
-6.166596338152885437e-02
2.227576076984405518e-02
-5.598152056336402893e-03
3.699778765439987183e-02
-2.837976254522800446e-02
-6.515028327703475952e-02
-5.569168552756309509e-02
6.981731206178665161e-02
6.473242770880460739e-03
3.867282345890998840e-02
7.331951707601547241e-02
3.636664897203445435e-02
1.739042997360229492e-02
-1.300884932279586792e-01
3.810815885663032532e-02
-3.168635815382003784e-02
-5.225747823715209961e-02
-1.803310215473175049e-01
6.814581900835037231e-02
1.101764217019081116e-01
-9.336119145154953003e-02
-3.966290503740310669e-02
5.218692868947982788e-02
-3.863827511668205261e-02
-3.886574879288673401e-02
1.520380079746246338e-01
-9.008939377963542938e-03
6.639324873685836792e-02
3.917812183499336243e-02
-8.398400247097015381e-02
1.303398422896862030e-02
-6.962981075048446655e-02
-5.740956589579582214e-02
-4.092758893966674805e-02
-1.150600761175155640e-01
5.957313347607851028e-03
-5.177713558077812195e-02
-8.125850558280944824e-02
-1.119351983070373535e-01
1.368331015110015869e-01
-7.403717190027236938e-02
-1.510890722274780273e-01
3.831307217478752136e-02
-6.897617131471633911e-02
8.511423319578170776e-02
8.251128718256950378e-03
-1.992852091789245605e-01
2.804477140307426453e-02
4.434762522578239441e-02
1.316954009234905243e-02
7.581223547458648682e-02
-4.851572588086128235e-02
4.846986383199691772e-02
-2.884770371019840240e-02
5.117040872573852539e-02
4.398556426167488098e-02
-4.464834555983543396e-02
-1.816025525331497192e-01
-2.472460269927978516e-02
-5.936992168426513672e-02
-2.820933610200881958e-02
-6.513740867376327515e-02
-3.498541563749313354e-02
-2.683746442198753357e-02
3.521162644028663635e-02
9.588629007339477539e-02
-8.211670815944671631e-02
6.422797590494155884e-02
-1.841460727155208588e-02
2.957129105925559998e-02
-1.274080574512481689e-02
-2.861038083210587502e-04
-5.934193357825279236e-02
6.614749878644943237e-02
9.514399617910385132e-02
1.155650541186332703e-01
-8.697021752595901489e-02
-1.228995900601148605e-02
1.467265486717224121e-01
2.610669704154133797e-03
9.859484434127807617e-02
8.681005798280239105e-03
-2.817337587475776672e-02
-2.699871547520160675e-02
4.593355953693389893e-02
6.369387358427047729e-02
-7.132637500762939453e-02
-6.859444826841354370e-02
1.127571687102317810e-01
2.348063280805945396e-03
3.590708598494529724e-02
-4.743905365467071533e-02
-5.084603093564510345e-03
-6.798826903104782104e-02
-7.387221604585647583e-02
-9.142213314771652222e-02
1.104383692145347595e-01
4.508651327341794968e-03
8.090906590223312378e-02
-9.376075863838195801e-02
3.698060661554336548e-02
3.902972117066383362e-02
1.935495436191558838e-02
-7.424999773502349854e-02
2.382091060280799866e-02
1.073535010218620300e-01
4.689992964267730713e-02
1.752775348722934723e-02
4.059079661965370178e-02
6.477857381105422974e-02
-1.481964439153671265e-01
-7.667677849531173706e-02
-5.577132850885391235e-02
7.296089082956314087e-02
7.779011037200689316e-03
-4.405269399285316467e-03
3.890271112322807312e-02
-7.562784105539321899e-02
-5.296829342842102051e-02
3.354874625802040100e-02
-2.889927849173545837e-02
-4.618180170655250549e-02
-4.581651464104652405e-02
8.654616773128509521e-02
-6.315837614238262177e-03
-7.116599380970001221e-02
1.047463901340961456e-02
1.809961977414786816e-03
1.259348988533020020e-01
-3.159484639763832092e-02
-2.089460566639900208e-02
-6.555911619216203690e-03
7.945909164845943451e-03
5.563165992498397827e-02
3.508000075817108154e-02
-4.794601723551750183e-02
-5.573346838355064392e-02
1.319781690835952759e-01
1.333890706300735474e-01
-4.625667259097099304e-02
5.604384094476699829e-02
5.560342967510223389e-02
-2.842501737177371979e-02
-7.181239873170852661e-02
-5.164567381143569946e-03
-4.520977288484573364e-02
8.487026207149028778e-03
-2.045912668108940125e-02
2.001184597611427307e-02
-2.640433423221111298e-02
-1.321222633123397827e-02
7.722064107656478882e-02
-2.748526260256767273e-02
3.183446824550628662e-02
5.721392855048179626e-02
2.246634848415851593e-02
1.114600896835327148e-01
-2.197760529816150665e-02
-3.125633671879768372e-02
1.534063927829265594e-02
2.394529059529304504e-02
-1.608413644134998322e-02
4.291378892958164215e-03
-1.326113492250442505e-01
6.026454642415046692e-02
6.257047504186630249e-02
7.256302237510681152e-02
-6.368136033415794373e-03
-2.256061136722564697e-02
-6.550691323354840279e-04
4.087026044726371765e-02
-3.434685990214347839e-02
1.578390039503574371e-02
-1.066870801150798798e-02
1.595656573772430420e-02
-4.424598067998886108e-03
9.992606192827224731e-02
-1.088279951363801956e-02
1.745589450001716614e-02
1.716882921755313873e-03
-4.889400675892829895e-02
4.641015455126762390e-02
8.283104747533798218e-02
2.786955051124095917e-02
-9.988261014223098755e-02
8.150160312652587891e-02
-7.281525991857051849e-03
2.797353267669677734e-02
-9.798265993595123291e-03
6.580696254968643188e-02
8.690743148326873779e-02
3.303853422403335571e-02
-1.322964578866958618e-01
1.054655108600854874e-02
1.440778747200965881e-02
6.940525770187377930e-02
-4.205016046762466431e-02
3.863853216171264648e-02
-1.494742557406425476e-02
-7.028879225254058838e-02
-4.996755346655845642e-02
6.763900071382522583e-02
-3.503484278917312622e-02
-7.023236155509948730e-02
-5.007604137063026428e-02
-2.770229615271091461e-02
-3.232581168413162231e-02
3.146165236830711365e-02
9.619012475013732910e-02
-1.162903849035501480e-02
6.481175124645233154e-02
-1.086822822690010071e-01
-2.982055395841598511e-02
-3.841765224933624268e-02
1.414309348911046982e-02
2.740541100502014160e-02
-5.732475221157073975e-02
