1.879454851150512695e-01
-3.927982877939939499e-03
5.382093414664268494e-02
-5.832881480455398560e-02
-4.959765076637268066e-02
-7.103165239095687866e-02
-1.049177795648574829e-01
-5.510472133755683899e-02
5.217348411679267883e-02
4.649977758526802063e-02
1.042755693197250366e-02
-4.872396588325500488e-02
4.292471334338188171e-03
-9.350346773862838745e-02
2.026050165295600891e-02
-3.790110722184181213e-02
4.845926165580749512e-02
1.128423586487770081e-01
4.676247946918010712e-03
-2.512461133301258087e-02
-1.788105256855487823e-02
-1.443938631564378738e-02
3.548020124435424805e-02
-2.711916901171207428e-02
-5.759989470243453979e-02
-1.295856535434722900e-01
3.192213550209999084e-02
-6.153462827205657959e-02
-1.121940538287162781e-01
-8.857958763837814331e-02
7.720349729061126709e-02
-4.745227843523025513e-02
-5.853803828358650208e-02
-7.895980030298233032e-02
3.228736296296119690e-02
-2.988522639498114586e-03
3.226948902010917664e-02
-3.610786423087120056e-02
-4.300985857844352722e-02
-6.628678739070892334e-02
5.889558792114257812e-02
-2.531545422971248627e-02
2.933117002248764038e-02
7.707735896110534668e-02
5.276235565543174744e-02
2.425682358443737030e-02
-1.357789784669876099e-01
3.436557203531265259e-02
-1.991548575460910797e-02
-4.779325053095817566e-02
-1.696445047855377197e-01
6.124906986951828003e-02
1.027507111430168152e-01
-7.496157288551330566e-02
-5.473588034510612488e-02
5.062542855739593506e-02
-4.262236133217811584e-02
-1.258710678666830063e-02
1.486359089612960815e-01
-3.317892551422119141e-02
5.865259468555450439e-02
4.941904172301292419e-02
-7.452260702848434448e-02
-3.769925795495510101e-03
-5.935446172952651978e-02
-7.062467932701110840e-02
-5.439750105142593384e-02
-8.363418281078338623e-02
8.238066919147968292e-03
-5.519983917474746704e-02
-7.223322987556457520e-02
-8.515912294387817383e-02
1.208626627922058105e-01
-7.627482712268829346e-02
-1.059438884258270264e-01
6.371881067752838135e-02
-8.657386898994445801e-02
6.455598026514053345e-02
4.614924546331167221e-03
-1.620465666055679321e-01
3.109103068709373474e-02
6.527383625507354736e-02
2.019143104553222656e-02
4.791784286499023438e-02
-5.637443065643310547e-02
5.238358303904533386e-02
-3.310656175017356873e-02
5.511302873492240906e-02
3.145142644643783569e-02
-3.767021372914314270e-02
-1.523036509752273560e-01
-1.802826672792434692e-02
-5.714313685894012451e-02
-8.818329311907291412e-03
-4.932147637009620667e-02
-4.302473738789558411e-02
-2.804459258913993835e-02
1.436537131667137146e-02
7.716622948646545410e-02
-8.207475394010543823e-02
5.417043343186378479e-02
1.093519967980682850e-04
6.184003781527280807e-03
-2.150962501764297485e-02
-8.187816478312015533e-03
-6.584640592336654663e-02
6.619377434253692627e-02
8.829667419195175171e-02
1.008947938680648804e-01
-1.025267615914344788e-01
-2.221394388470798731e-04
1.367958933115005493e-01
-2.144130319356918335e-02
7.008765637874603271e-02
2.013447694480419159e-02
-3.293190151453018188e-02
-4.125656094402074814e-03
5.766481161117553711e-02
5.220186337828636169e-02
-6.447854638099670410e-02
-4.537084326148033142e-02
1.000958681106567383e-01
4.000982735306024551e-03
5.698017776012420654e-02
-5.539106205105781555e-02
-1.005129143595695496e-02
-4.921856522560119629e-02
-8.512787520885467529e-02
-1.060276180505752563e-01
1.163662150502204895e-01
-3.299385076388716698e-03
8.914840966463088989e-02
-9.416629374027252197e-02
3.951727971434593201e-02
3.772460669279098511e-02
4.170589894056320190e-02
-7.719106972217559814e-02
2.492158114910125732e-02
1.080611124634742737e-01
4.997710138559341431e-02
2.556694485247135162e-02
4.862772673368453979e-02
5.614222213625907898e-02
-1.311928927898406982e-01
-6.193488463759422302e-02
-5.125067010521888733e-02
7.904800772666931152e-02
8.682953193783760071e-03
-8.050373755395412445e-03
1.186803355813026428e-02
-6.152192503213882446e-02
-5.539700388908386230e-02
4.048150032758712769e-02
-1.935876533389091492e-02
-4.780063033103942871e-02
-3.114424273371696472e-02
1.071647480130195618e-01
2.077402733266353607e-02
-6.610824912786483765e-02
1.823836355470120907e-03
-1.892575621604919434e-02
1.011260226368904114e-01
-2.557587251067161560e-02
-3.872638195753097534e-02
-3.144896030426025391e-02
-1.811335049569606781e-02
2.931924536824226379e-02
4.731213301420211792e-02
-3.580569103360176086e-02
-4.647774249315261841e-02
1.463835388422012329e-01
1.037823781371116638e-01
-3.557178378105163574e-02
5.882945656776428223e-02
4.439940676093101501e-02
-1.589202880859375000e-02
-6.994561105966567993e-02
-1.588434167206287384e-02
-4.404525458812713623e-02
3.910640720278024673e-03
-4.150906752329319715e-04
1.145127788186073303e-02
-1.485920511186122894e-02
-1.355157606303691864e-02
9.055516123771667480e-02
-2.995513565838336945e-02
2.238853834569454193e-02
6.556010991334915161e-02
1.563316956162452698e-02
1.053126454353332520e-01
-3.141086921095848083e-02
-3.348537161946296692e-02
6.258493755012750626e-03
2.941846102476119995e-02
-1.258471701294183731e-02
8.870715275406837463e-03
-1.253819465637207031e-01
5.354193598031997681e-02
6.253246963024139404e-02
5.103361234068870544e-02
-1.544222049415111542e-02
-8.601527661085128784e-03
-3.572342451661825180e-03
1.410934980958700180e-02
-7.502133958041667938e-03
8.664487861096858978e-03
6.518865935504436493e-03
2.454536408185958862e-02
9.532368741929531097e-03
8.650588244199752808e-02
-2.202673256397247314e-02
2.031540311872959137e-02
1.143759582191705704e-02
-5.048186331987380981e-02
3.738969191908836365e-02
5.920669436454772949e-02
1.090193819254636765e-02
-9.176743775606155396e-02
7.559907436370849609e-02
-9.635299647925421596e-05
4.055191576480865479e-02
-1.321042701601982117e-02
5.792789906263351440e-02
8.617150038480758667e-02
1.519381441175937653e-02
-1.263422816991806030e-01
2.513419650495052338e-02
9.574861032888293266e-04
7.017013430595397949e-02
-5.927766859531402588e-02
4.576427862048149109e-02
-1.933922246098518372e-02
-7.342199236154556274e-02
-5.049221590161323547e-02
7.007800042629241943e-02
-4.237322136759757996e-02
-8.372717350721359253e-02
-7.196129858493804932e-02
-3.709276393055915833e-02
-6.347835808992385864e-02
3.308070078492164612e-02
1.247842758893966675e-01
-2.092525549232959747e-02
1.146580725908279419e-01
-1.337524354457855225e-01
-4.481417685747146606e-02
-7.723078876733779907e-02
3.168061748147010803e-02
1.612295024096965790e-02
-9.076463431119918823e-02
