1.756579279899597168e-01
-1.015881262719631195e-02
4.600824043154716492e-02
-3.717198222875595093e-02
-5.103686824440956116e-02
-3.883751854300498962e-02
-1.065912917256355286e-01
-4.674964398145675659e-02
7.406281679868698120e-02
3.208193928003311157e-02
2.742647007107734680e-02
-4.197154939174652100e-02
4.173676483333110809e-03
-8.848946541547775269e-02
2.988724224269390106e-02
-5.215028300881385803e-02
4.129178449511528015e-02
9.589181840419769287e-02
9.071669541299343109e-03
-2.658466808497905731e-02
-3.510931506752967834e-02
8.273729123175144196e-03
1.475195772945880890e-02
-1.722129248082637787e-02
-3.349296003580093384e-02
-1.044379025697708130e-01
2.651555836200714111e-02
-6.207229942083358765e-02
-1.073775216937065125e-01
-9.634288400411605835e-02
6.479369103908538818e-02
-3.908171877264976501e-02
-4.245464503765106201e-02
-8.213656395673751831e-02
2.002358250319957733e-02
-1.045289356261491776e-02
3.316153958439826965e-02
-2.533553913235664368e-02
-5.844821408390998840e-02
-4.474844783544540405e-02
7.488654553890228271e-02
-2.329607121646404266e-02
3.937655314803123474e-02
7.757067680358886719e-02
3.087130002677440643e-02
2.722473442554473877e-02
-1.249008104205131531e-01
1.775503158569335938e-02
-2.429803833365440369e-02
-4.074970260262489319e-02
-1.862509548664093018e-01
6.445404142141342163e-02
1.108264178037643433e-01
-8.500996232032775879e-02
-5.300063267350196838e-02
6.042668595910072327e-02
-3.553156927227973938e-02
1.081519410945475101e-03
1.581525057554244995e-01
-1.855109445750713348e-02
5.599234625697135925e-02
4.783237352967262268e-02
-7.541406899690628052e-02
5.016126204282045364e-03
-6.025926023721694946e-02
-7.205028086900711060e-02
-5.825287848711013794e-02
-1.078625321388244629e-01
5.120642017573118210e-03
-6.036896631121635437e-02
-8.964268863201141357e-02
-1.061310246586799622e-01
1.484679877758026123e-01
-9.053015708923339844e-02
-1.283144950866699219e-01
5.022262036800384521e-02
-9.273618459701538086e-02
6.972873955965042114e-02
1.211763080209493637e-02
-2.020387947559356689e-01
3.932198137044906616e-02
4.798032343387603760e-02
-7.904072292149066925e-03
7.409982383251190186e-02
-6.040530279278755188e-02
5.728411301970481873e-02
-4.240378364920616150e-02
7.261869311332702637e-02
1.674365065991878510e-02
-3.719861805438995361e-02
-1.545910239219665527e-01
-3.077747300267219543e-02
-7.634002715349197388e-02
-2.256496436893939972e-02
-5.111554637551307678e-02
-4.776769503951072693e-02
-3.030159696936607361e-02
2.992608584463596344e-02
6.358310580253601074e-02
-8.687781542539596558e-02
5.033887550234794617e-02
-1.880588755011558533e-02
1.348530501127243042e-02
-9.493670426309108734e-03
-1.375129504594951868e-04
-5.828555300831794739e-02
7.827889174222946167e-02
9.832428395748138428e-02
9.214709699153900146e-02
-9.841776639223098755e-02
-6.101192440837621689e-03
1.264199912548065186e-01
-1.638842560350894928e-02
7.423148304224014282e-02
7.620865013450384140e-03
-3.260537609457969666e-02
-2.940367907285690308e-02
6.245701760053634644e-02
7.095079869031906128e-02
-6.369509547948837280e-02
-5.202586576342582703e-02
9.539596736431121826e-02
7.800383027642965317e-03
4.404603317379951477e-02
-4.717170074582099915e-02
2.741058357059955597e-03
-4.955731332302093506e-02
-9.352394193410873413e-02
-9.793132543563842773e-02
8.787705749273300171e-02
-4.568373318761587143e-03
8.747847378253936768e-02
-7.958865165710449219e-02
3.424101322889328003e-02
3.513593599200248718e-02
3.540467098355293274e-02
-8.949118852615356445e-02
2.630789764225482941e-02
1.142942830920219421e-01
2.970956452190876007e-02
3.785590082406997681e-02
5.057216808199882507e-02
6.496328115463256836e-02
-1.420924812555313110e-01
-6.054802238941192627e-02
-5.108750984072685242e-02
7.431154698133468628e-02
4.794126376509666443e-03
-2.879700995981693268e-02
3.216630220413208008e-02
-5.208794400095939636e-02
-3.964145481586456299e-02
2.678142301738262177e-02
-3.816365078091621399e-02
-5.282748118042945862e-02
-4.821416735649108887e-02
1.002449169754981995e-01
1.590152829885482788e-02
-7.327827066183090210e-02
5.298924632370471954e-03
-3.173608100041747093e-03
9.535147994756698608e-02
-1.279535237699747086e-02
-3.705472499132156372e-02
-2.741546370089054108e-02
-1.418222952634096146e-02
4.115606099367141724e-02
2.119337022304534912e-02
-2.446328289806842804e-02
-2.697579562664031982e-02
1.421876549720764160e-01
1.174434721469879150e-01
-5.030659213662147522e-02
3.418964520096778870e-02
3.835096582770347595e-02
-1.220291107892990112e-02
-5.724405869841575623e-02
-1.566462405025959015e-02
-3.090309351682662964e-02
-1.164279971271753311e-02
-1.626213267445564270e-02
1.629926078021526337e-02
-2.325802855193614960e-02
-2.572865225374698639e-02
7.661491632461547852e-02
-3.660854324698448181e-02
2.186033502221107483e-02
6.940522044897079468e-02
1.701015420258045197e-02
1.077179908752441406e-01
-2.040557563304901123e-02
-2.987966313958168030e-02
7.536029443144798279e-03
2.838240936398506165e-02
-4.973817151039838791e-03
1.922288094647228718e-03
-1.198467388749122620e-01
4.013567417860031128e-02
5.889002233743667603e-02
4.727474227547645569e-02
-1.081003621220588684e-02
-1.549909450113773346e-02
-1.976825669407844543e-02
2.512098103761672974e-02
-2.511058747768402100e-02
5.068933591246604919e-03
1.502723083831369877e-03
2.494191005825996399e-02
3.682575479615479708e-04
9.244845807552337646e-02
-2.540326304733753204e-02
3.251190111041069031e-02
9.457476437091827393e-03
-4.812315478920936584e-02
4.833865165710449219e-02
7.944896072149276733e-02
2.317927032709121704e-02
-8.474402129650115967e-02
9.227526187896728516e-02
1.034956146031618118e-02
3.273687139153480530e-02
-7.638473529368638992e-03
5.376833677291870117e-02
8.130103349685668945e-02
4.940394312143325806e-03
-1.139894872903823853e-01
3.511367365717887878e-03
4.979735240340232849e-03
7.865135371685028076e-02
-4.145822301506996155e-02
6.367842853069305420e-02
-2.503888681530952454e-03
-4.765676707029342651e-02
-4.691281169652938843e-02
6.626117974519729614e-02
-3.894551470875740051e-02
-6.627522408962249756e-02
-5.991163477301597595e-02
-3.929284587502479553e-02
-4.291335865855216980e-02
3.869519010186195374e-02
1.254274100065231323e-01
-1.183951832354068756e-02
1.177770867943763733e-01
-1.118387803435325623e-01
-2.539036981761455536e-02
-5.263189971446990967e-02
2.637259103357791901e-02
1.937718503177165985e-02
-8.301898837089538574e-02
