1.621900796890258789e-01
-1.656784676015377045e-02
4.381513968110084534e-02
-4.878425970673561096e-02
-5.507273599505424500e-02
-3.035310097038745880e-02
-1.024491339921951294e-01
-5.104118213057518005e-02
7.268820703029632568e-02
5.662427470088005066e-02
1.494173333048820496e-02
-4.273248836398124695e-02
-9.109859354794025421e-03
-9.769844263792037964e-02
1.992547884583473206e-02
-5.980167537927627563e-02
2.757712453603744507e-02
8.567458391189575195e-02
1.163235679268836975e-02
-2.382081188261508942e-02
-3.432324901223182678e-02
1.688151853159070015e-03
2.532117068767547607e-02
-1.959069259464740753e-02
-3.812697529792785645e-02
-1.097980737686157227e-01
3.018552996218204498e-02
-6.716320663690567017e-02
-1.185481250286102295e-01
-1.056530103087425232e-01
6.320376694202423096e-02
-4.866293817758560181e-02
-5.393418297171592712e-02
-7.748138904571533203e-02
3.379692882299423218e-02
-1.401665154844522476e-02
1.894084364175796509e-02
-3.461735323071479797e-02
-5.039609596133232117e-02
-4.672895744442939758e-02
5.709100514650344849e-02
-1.278064213693141937e-02
4.178775101900100708e-02
7.381928712129592896e-02
3.979105129837989807e-02
2.621442638337612152e-02
-1.188741251826286316e-01
2.068062126636505127e-02
-2.438787370920181274e-02
-2.717999182641506195e-02
-1.768485009670257568e-01
6.488263607025146484e-02
1.142327412962913513e-01
-9.361821413040161133e-02
-4.382487013936042786e-02
5.191547051072120667e-02
-2.180316857993602753e-02
2.260245010256767273e-02
1.689391136169433594e-01
-1.846442371606826782e-02
6.147730350494384766e-02
3.575209155678749084e-02
-6.947372853755950928e-02
-4.289298318326473236e-03
-6.971517205238342285e-02
-6.572493910789489746e-02
-5.992157757282257080e-02
-1.025177165865898132e-01
-4.028765484690666199e-03
-5.117424204945564270e-02
-1.034455746412277222e-01
-9.692904353141784668e-02
1.432240903377532959e-01
-9.309614449739456177e-02
-1.243633329868316650e-01
5.948453396558761597e-02
-7.410556823015213013e-02
7.467152178287506104e-02
2.321181260049343109e-02
-1.933300942182540894e-01
4.834351688623428345e-02
5.884085223078727722e-02
7.754799909889698029e-03
6.639930605888366699e-02
-5.859056115150451660e-02
5.329746007919311523e-02
-4.700784012675285339e-02
6.750389188528060913e-02
1.553115434944629669e-02
-4.047117009758949280e-02
-1.439919173717498779e-01
-4.205612093210220337e-02
-6.632112711668014526e-02
-2.726566605269908905e-02
-5.411604046821594238e-02
-6.108337640762329102e-02
-2.954902127385139465e-02
3.044394776225090027e-02
5.931930243968963623e-02
-9.075836092233657837e-02
5.195686966180801392e-02
-9.433719329535961151e-03
9.708120487630367279e-03
-1.459228992462158203e-02
-3.944135736674070358e-03
-5.468656867742538452e-02
6.841912865638732910e-02
8.958671241998672485e-02
9.197212010622024536e-02
-1.016119346022605896e-01
6.960423663258552551e-03
1.299654543399810791e-01
-2.606865577399730682e-02
8.923075348138809204e-02
3.111454425379633904e-03
-2.377050556242465973e-02
-2.389715611934661865e-02
5.405969545245170593e-02
5.222344398498535156e-02
-4.897348210215568542e-02
-3.172156214714050293e-02
1.001769229769706726e-01
5.471320357173681259e-03
4.607918113470077515e-02
-4.885430634021759033e-02
1.197944115847349167e-02
-3.707343339920043945e-02
-9.405461698770523071e-02
-1.076507195830345154e-01
8.690374344587326050e-02
1.373463310301303864e-02
8.396808058023452759e-02
-8.651327341794967651e-02
4.318393394351005554e-02
3.760414570569992065e-02
1.268174871802330017e-02
-7.919308543205261230e-02
2.615545690059661865e-02
9.569551795721054077e-02
2.958771213889122009e-02
3.021014668047428131e-02
6.208584830164909363e-02
3.798678144812583923e-02
-1.286716759204864502e-01
-7.394043356180191040e-02
-5.131093040108680725e-02
8.980819582939147949e-02
8.175528608262538910e-03
-2.182297967374324799e-02
1.288681663572788239e-02
-5.756429582834243774e-02
-5.564986914396286011e-02
5.079057533293962479e-03
-2.388141304254531860e-02
-4.444547370076179504e-02
-3.093328140676021576e-02
1.084259003400802612e-01
1.794009655714035034e-02
-6.535498797893524170e-02
-2.784706419333815575e-03
7.379665505141019821e-03
8.456303924322128296e-02
-1.236327923834323883e-02
-3.434329107403755188e-02
-3.417384997010231018e-02
-2.035853639245033264e-02
4.118252918124198914e-02
3.985800966620445251e-02
-3.674257919192314148e-02
-4.867868125438690186e-02
1.519590318202972412e-01
1.168539524078369141e-01
-5.154949799180030823e-02
3.421380743384361267e-02
3.959080576896667480e-02
-1.126346923410892487e-02
-7.358171045780181885e-02
-1.045060995966196060e-02
-3.828208893537521362e-02
-1.012957654893398285e-02
-1.735080592334270477e-02
1.970200985670089722e-02
-3.299805149435997009e-02
-1.446995325386524200e-02
6.603026390075683594e-02
-2.073116041719913483e-02
3.009880706667900085e-02
6.549148261547088623e-02
3.031257353723049164e-02
1.069670766592025757e-01
-1.842536777257919312e-02
-2.394535206258296967e-02
1.673578843474388123e-02
2.785241417586803436e-02
-5.295218434184789658e-03
1.990827498957514763e-03
-1.148007065057754517e-01
4.114212095737457275e-02
6.141458451747894287e-02
4.097769409418106079e-02
-1.925081945955753326e-02
-2.462972886860370636e-02
-2.406796067953109741e-02
2.053136564791202545e-02
-3.786724433302879333e-02
-5.274514202028512955e-03
6.746964063495397568e-03
2.718817070126533508e-02
9.626823477447032928e-03
8.271136134862899780e-02
-3.325881436467170715e-02
4.325377196073532104e-02
9.624695405364036560e-03
-6.306576728820800781e-02
6.135561689734458923e-02
7.387998700141906738e-02
3.705974668264389038e-02
-7.244105637073516846e-02
7.323072105646133423e-02
1.507965475320816040e-02
3.738164529204368591e-02
-7.890996523201465607e-03
4.445855692028999329e-02
8.225345611572265625e-02
9.996754117310047150e-03
-1.407680064439773560e-01
1.993098482489585876e-02
2.504905499517917633e-02
9.760576486587524414e-02
-6.125286594033241272e-02
5.511628836393356323e-02
-9.587666951119899750e-03
-5.572552606463432312e-02
-4.371036589145660400e-02
6.804274022579193115e-02
-4.639955237507820129e-02
-7.191639393568038940e-02
-5.837402120232582092e-02
-4.335119575262069702e-02
-5.039808154106140137e-02
2.894191630184650421e-02
1.201900765299797058e-01
-1.519549544900655746e-02
1.235750913619995117e-01
-1.289613544940948486e-01
-2.197198010981082916e-02
-6.356635689735412598e-02
6.204488687217235565e-03
2.984127029776573181e-02
-8.148493617773056030e-02
