1.652672141790390015e-01
-1.387481461279094219e-03
3.246773779392242432e-02
-4.124706238508224487e-02
-3.883609548211097717e-02
-4.002373293042182922e-02
-9.553191065788269043e-02
-4.981981217861175537e-02
6.426741182804107666e-02
4.313044250011444092e-02
-3.102333983406424522e-03
-4.054960235953330994e-02
-9.223929955624043941e-04
-9.926874935626983643e-02
1.411068160086870193e-02
-5.890525504946708679e-02
3.158516809344291687e-02
7.407376915216445923e-02
3.211070550605654716e-03
-1.031063683331012726e-02
-4.086422547698020935e-02
-1.460814662277698517e-02
2.342269197106361389e-02
-1.800754480063915253e-02
-5.692973360419273376e-02
-1.115504875779151917e-01
4.377058148384094238e-02
-7.117446511983871460e-02
-1.105011999607086182e-01
-9.942664206027984619e-02
6.664569675922393799e-02
-5.534855648875236511e-02
-3.927432745695114136e-02
-7.620744407176971436e-02
2.281604334712028503e-02
-2.214595116674900055e-02
4.095414280891418457e-02
-3.167567402124404907e-02
-5.375159531831741333e-02
-4.993158578872680664e-02
5.278316140174865723e-02
-2.119024470448493958e-02
4.246056079864501953e-02
7.425933331251144409e-02
5.141302198171615601e-02
2.450713887810707092e-02
-1.298049986362457275e-01
1.515297405421733856e-02
-2.731123752892017365e-02
-4.677882418036460876e-02
-1.761956810951232910e-01
6.338865309953689575e-02
1.220102161169052124e-01
-8.940143138170242310e-02
-4.476970434188842773e-02
4.804728552699089050e-02
-3.587264195084571838e-02
-5.534576717764139175e-03
1.488901823759078979e-01
-1.757154427468776703e-02
6.146216765046119690e-02
4.261400923132896423e-02
-6.655285507440567017e-02
1.263787224888801575e-02
-7.324115931987762451e-02
-5.648919194936752319e-02
-5.233046039938926697e-02
-1.055910810828208923e-01
7.600666023790836334e-03
-4.431673139333724976e-02
-9.020909667015075684e-02
-9.642680734395980835e-02
1.437083333730697632e-01
-7.301709055900573730e-02
-1.359572857618331909e-01
5.102673918008804321e-02
-6.901469826698303223e-02
7.143612205982208252e-02
-1.463481457903981209e-03
-1.755742579698562622e-01
4.548186808824539185e-02
5.801021307706832886e-02
2.039538137614727020e-02
6.004172563552856445e-02
-5.445353314280509949e-02
5.874151363968849182e-02
-2.086595445871353149e-02
5.162417143583297729e-02
3.676811233162879944e-02
-3.478024154901504517e-02
-1.799875199794769287e-01
-1.441366318613290787e-02
-6.351243704557418823e-02
-2.252924069762229919e-02
-5.379321798682212830e-02
-5.065923184156417847e-02
-3.047394379973411560e-02
2.414916269481182098e-02
9.200681746006011963e-02
-9.115533530712127686e-02
6.660711765289306641e-02
-1.076017227023839951e-02
2.537592314183712006e-02
-2.111605741083621979e-02
-1.407304778695106506e-02
-5.793226510286331177e-02
5.919058993458747864e-02
1.020119786262512207e-01
1.055529117584228516e-01
-9.696994721889495850e-02
-1.438136678189039230e-02
1.462608426809310913e-01
-2.376087754964828491e-02
8.948678523302078247e-02
1.035499386489391327e-02
-2.232580818235874176e-02
-1.596611924469470978e-02
5.407050251960754395e-02
6.083495542407035828e-02
-7.665055990219116211e-02
-5.957627668976783752e-02
1.084678992629051208e-01
8.491172775393351912e-05
5.109906941652297974e-02
-3.886446729302406311e-02
5.896068178117275238e-03
-6.336438655853271484e-02
-9.004923701286315918e-02
-1.021195724606513977e-01
1.140764206647872925e-01
3.570225962903350592e-04
7.950939983129501343e-02
-9.398616850376129150e-02
3.870942816138267517e-02
3.968483582139015198e-02
2.295864373445510864e-02
-7.579686492681503296e-02
3.265463560819625854e-02
1.158906593918800354e-01
5.607101693749427795e-02
2.174530737102031708e-02
5.462906137108802795e-02
4.037147387862205505e-02
-1.476982533931732178e-01
-7.362693548202514648e-02
-5.997138097882270813e-02
7.980271428823471069e-02
6.194153334945440292e-03
-1.034573931246995926e-02
1.829567737877368927e-02
-8.197005838155746460e-02
-5.425382032990455627e-02
1.938321441411972046e-02
-3.213005885481834412e-02
-4.548976197838783264e-02
-3.998851776123046875e-02
1.028649285435676575e-01
2.400513179600238800e-02
-7.390926033258438110e-02
5.824935156852006912e-03
-7.648721802979707718e-03
1.094618141651153564e-01
-1.929373107850551605e-02
-3.923807665705680847e-02
-3.121959604322910309e-02
-5.463817622512578964e-03
3.846069052815437317e-02
5.267181620001792908e-02
-4.888308793306350708e-02
-5.426312237977981567e-02
1.503747999668121338e-01
1.345278769731521606e-01
-4.200998321175575256e-02
5.467206984758377075e-02
5.137213692069053650e-02
-2.416598051786422729e-02
-7.522956281900405884e-02
-1.868021488189697266e-02
-4.470359534025192261e-02
2.542899455875158310e-03
-5.285631399601697922e-03
2.428178302943706512e-02
-3.380287811160087585e-02
-1.286324579268693924e-02
9.598333388566970825e-02
-1.613988727331161499e-02
2.787537872791290283e-02
7.438416779041290283e-02
3.218865394592285156e-02
1.068264394998550415e-01
-3.212386742234230042e-02
-2.551788836717605591e-02
1.754288934171199799e-02
1.868284307420253754e-02
-1.494056358933448792e-02
1.868731901049613953e-02
-1.154810115694999695e-01
5.180098488926887512e-02
5.667412281036376953e-02
6.636817008256912231e-02
-1.630490459501743317e-02
-2.221202291548252106e-02
-2.207500860095024109e-02
2.402020990848541260e-02
-3.601363673806190491e-02
-5.252206465229392052e-04
-6.756672635674476624e-03
1.834806986153125763e-02
-5.431470926851034164e-03
9.177772700786590576e-02
-2.652656659483909607e-02
2.327504381537437439e-02
9.528987109661102295e-03
-5.411200597882270813e-02
4.492202028632164001e-02
5.881477147340774536e-02
8.595117367804050446e-03
-8.291666209697723389e-02
6.848764419555664062e-02
-1.114664785563945770e-02
2.076810039579868317e-02
-6.165849976241588593e-03
5.583637952804565430e-02
9.245770424604415894e-02
2.042733319103717804e-02
-1.164621412754058838e-01
3.484155610203742981e-02
2.171430364251136780e-02
6.682458519935607910e-02
-3.741975873708724976e-02
1.871165446937084198e-02
-2.132957801222801208e-02
-5.111172050237655640e-02
-4.552070796489715576e-02
7.173974812030792236e-02
-3.200434148311614990e-02
-7.116698473691940308e-02
-3.603221848607063293e-02
-1.586925797164440155e-02
-3.284680098295211792e-02
3.097322024405002594e-02
8.203431963920593262e-02
-8.817217312753200531e-03
7.597718387842178345e-02
-1.108064204454421997e-01
-1.587073691189289093e-02
-4.234805703163146973e-02
9.070069529116153717e-03
1.672604680061340332e-02
-5.178507044911384583e-02
