2.417666316032409668e-01
-5.595102265942841768e-05
2.681799419224262238e-02
-7.438062131404876709e-02
-4.881462082266807556e-02
-3.287307545542716980e-02
-1.183344200253486633e-01
-8.938776701688766479e-02
7.449368387460708618e-02
6.747729331254959106e-02
-3.238943964242935181e-02
-8.713953197002410889e-02
-3.265039622783660889e-02
-1.258079111576080322e-01
-1.177183911204338074e-02
-8.983086049556732178e-02
1.319614518433809280e-02
1.036395505070686340e-01
5.067345127463340759e-02
5.315602757036685944e-03
-9.445191919803619385e-02
-6.180656328797340393e-02
1.933952234685420990e-02
8.577827829867601395e-04
-1.157555654644966125e-01
-1.505885720252990723e-01
6.082158163189888000e-02
-1.008793115615844727e-01
-1.408022642135620117e-01
-1.420716941356658936e-01
7.309707999229431152e-02
-1.257797330617904663e-01
-5.729801207780838013e-02
-2.368128672242164612e-02
1.682483218610286713e-02
-3.143357485532760620e-02
2.687299437820911407e-02
-3.441290557384490967e-02
-2.894863672554492950e-02
-5.486654862761497498e-02
-1.774637028574943542e-03
1.702220551669597626e-02
5.137674137949943542e-02
4.174231737852096558e-02
9.724758565425872803e-02
3.097794204950332642e-02
-9.564783424139022827e-02
5.750892683863639832e-02
-3.442955017089843750e-02
-1.211298815906047821e-02
-1.347665488719940186e-01
4.066302999854087830e-02
1.353832632303237915e-01
-9.523285180330276489e-02
2.425431273877620697e-03
1.358354114927351475e-03
-4.675359651446342468e-02
2.706600166857242584e-02
1.076676920056343079e-01
2.007236517965793610e-02
4.537013173103332520e-02
3.053322620689868927e-02
-8.721107244491577148e-02
6.582299713045358658e-03
-7.986231148242950439e-02
-2.106192521750926971e-02
-1.578804291784763336e-02
-7.661264389753341675e-02
1.338770799338817596e-02
1.586193405091762543e-02
-8.984977006912231445e-02
-6.156116724014282227e-02
1.168618500232696533e-01
-5.365959182381629944e-02
-1.322664022445678711e-01
1.154796313494443893e-02
-5.841363221406936646e-03
7.460199296474456787e-02
3.638952970504760742e-03
-1.221842840313911438e-01
3.168662637472152710e-02
5.257955938577651978e-02
6.970617920160293579e-02
5.990619957447052002e-02
-2.358439192175865173e-02
4.939297959208488464e-02
2.401332557201385498e-02
2.020169235765933990e-02
5.679666250944137573e-02
-3.349154070019721985e-02
-1.330185085535049438e-01
-5.015221424400806427e-03
-5.868068709969520569e-02
-2.502280473709106445e-02
-3.344672173261642456e-02
-5.009363219141960144e-02
3.960977308452129364e-03
5.994514375925064087e-02
9.260881692171096802e-02
-6.573871523141860962e-02
3.495375439524650574e-02
5.527758039534091949e-03
3.831709176301956177e-02
-3.297882899641990662e-02
-3.379548713564872742e-02
-1.796361617743968964e-02
2.052094088867306709e-03
6.029320135712623596e-02
6.514582037925720215e-02
-6.219732016324996948e-02
-2.375789359211921692e-02
1.170459985733032227e-01
-5.459398031234741211e-02
6.901673972606658936e-02
-1.024994812905788422e-02
5.466737225651741028e-02
-3.016314236447215080e-03
4.372251033782958984e-02
3.373825177550315857e-02
-4.928519949316978455e-02
-1.723075844347476959e-02
1.034280955791473389e-01
-1.588311791419982910e-02
2.281130664050579071e-02
-1.415287423878908157e-02
3.529719263315200806e-02
-4.694378748536109924e-02
-1.596755161881446838e-02
-6.602487713098526001e-02
1.182172372937202454e-01
1.413875445723533630e-02
3.395809978246688843e-02
-7.573459297418594360e-02
2.029336616396903992e-02
3.453198820352554321e-02
-4.931679368019104004e-02
-1.587899960577487946e-02
5.045442376285791397e-03
6.706805527210235596e-02
6.202740967273712158e-02
-4.705809801816940308e-02
5.265466496348381042e-02
-4.671831429004669189e-02
-1.162894666194915771e-01
-8.712910860776901245e-02
-5.632340908050537109e-02
7.374391704797744751e-02
9.519361890852451324e-03
1.646511629223823547e-02
-1.863801479339599609e-02
-9.911476820707321167e-02
-4.115326702594757080e-02
-2.541444450616836548e-02
1.066094846464693546e-03
-9.417885914444923401e-03
-4.893898149020969868e-04
9.176932275295257568e-02
1.586344838142395020e-02
-4.405975341796875000e-02
-8.045800030231475830e-03
2.156292460858821869e-02
1.000730097293853760e-01
-1.686574518680572510e-02
-8.015279658138751984e-03
-5.213061720132827759e-02
-5.879862233996391296e-03
4.781677201390266418e-02
7.475496828556060791e-02
-4.133703932166099548e-02
-1.057454720139503479e-01
1.610390245914459229e-01
1.438167095184326172e-01
-4.766385629773139954e-02
6.733199208974838257e-02
4.088301584124565125e-02
-1.612956263124942780e-02
-7.467711716890335083e-02
3.111631842330098152e-03
-6.804903596639633179e-02
1.707460498437285423e-03
-6.891657598316669464e-03
4.905066918581724167e-03
-3.089237213134765625e-02
1.546408236026763916e-02
6.762170046567916870e-02
1.544774137437343597e-02
5.034750699996948242e-02
2.743675373494625092e-02
2.367262728512287140e-02
9.788442403078079224e-02
-3.931143134832382202e-02
-2.173766260966658592e-03
5.707896128296852112e-02
7.408132310956716537e-03
-1.501790713518857956e-03
1.546516362577676773e-02
-6.255686283111572266e-02
7.350607216358184814e-02
4.071297869086265564e-02
7.853381335735321045e-02
-1.802021265029907227e-02
-7.453880459070205688e-02
-2.616862021386623383e-02
3.536817803978919983e-02
-4.510141164064407349e-02
-6.243833899497985840e-02
-1.421618275344371796e-02
5.138359963893890381e-02
-3.466658294200897217e-02
1.115413755178451538e-01
-3.965483233332633972e-02
2.412502095103263855e-02
2.867237105965614319e-02
-7.055541127920150757e-02
7.194351404905319214e-02
4.517272114753723145e-02
3.162660077214241028e-02
-5.729969218373298645e-02
-4.554258193820714951e-03
-4.123821854591369629e-02
4.864232323598116636e-04
-7.229723501950502396e-03
2.068134397268295288e-02
3.162980079650878906e-02
3.555028140544891357e-02
-1.065076813101768494e-01
6.097301840782165527e-02
5.011805519461631775e-02
7.130791246891021729e-02
-3.340609371662139893e-02
-3.640336170792579651e-02
-5.845719203352928162e-02
-6.986448913812637329e-02
-2.407804131507873535e-02
1.083734259009361267e-01
-3.771414235234260559e-02
-1.102769523859024048e-01
-1.920391060411930084e-02
-3.651548549532890320e-02
-1.398758217692375183e-02
3.640284761786460876e-02
7.752937078475952148e-02
-1.650833152234554291e-02
5.684327706694602966e-02
-1.788104474544525146e-01
1.923705218359827995e-03
-5.092423036694526672e-02
-6.123772263526916504e-02
5.215159803628921509e-02
-4.993449151515960693e-02
