1.471998393535614014e-01
-3.544703125953674316e-03
4.478900507092475891e-02
-2.825211919844150543e-02
-2.977626584470272064e-02
-5.196554958820343018e-02
-6.881578266620635986e-02
-3.639024123549461365e-02
3.276695683598518372e-02
3.166953334584832191e-03
-6.360184052027761936e-04
-3.021853044629096985e-02
9.978081099689006805e-03
-7.300028949975967407e-02
2.012847177684307098e-02
-5.327897146344184875e-02
3.672062978148460388e-02
7.499898225069046021e-02
-1.254252903163433075e-02
1.000504940748214722e-02
-1.469759922474622726e-02
2.748333150520920753e-03
4.083413258194923401e-02
-1.419763639569282532e-02
-3.365795686841011047e-02
-7.873590290546417236e-02
4.092856869101524353e-02
-5.720889195799827576e-02
-1.039667576551437378e-01
-7.605271041393280029e-02
2.646044827997684479e-02
-2.208957262337207794e-02
-1.431538164615631104e-02
-7.835316658020019531e-02
2.292267791926860809e-02
4.332072567194700241e-03
4.843521490693092346e-02
-2.113846875727176666e-02
-7.050713151693344116e-02
-7.297158986330032349e-02
7.696776837110519409e-02
2.285451628267765045e-03
4.478807374835014343e-02
6.362352520227432251e-02
2.541870065033435822e-02
1.510267704725265503e-02
-1.251591593027114868e-01
2.845737151801586151e-02
-3.113923221826553345e-02
-4.469327256083488464e-02
-1.864323765039443970e-01
6.450454145669937134e-02
8.951919525861740112e-02
-6.479053944349288940e-02
-4.003012925386428833e-02
6.554452329874038696e-02
-3.215082362294197083e-02
-3.323275595903396606e-02
1.463258862495422363e-01
-1.579289510846138000e-02
6.573875248432159424e-02
3.586706146597862244e-02
-9.164924919605255127e-02
2.079475298523902893e-02
-6.892203539609909058e-02
-7.507038861513137817e-02
-4.228094220161437988e-02
-1.177145242691040039e-01
1.621361076831817627e-02
-4.730900377035140991e-02
-6.680136919021606445e-02
-1.186802238225936890e-01
1.382619142532348633e-01
-7.522159069776535034e-02
-1.255171298980712891e-01
5.465128272771835327e-02
-7.825980335474014282e-02
7.602707296609878540e-02
1.417134236544370651e-02
-1.928094476461410522e-01
2.476763911545276642e-02
5.882781371474266052e-02
-1.669979654252529144e-03
5.443080514669418335e-02
-4.432681947946548462e-02
6.003902107477188110e-02
-3.534343838691711426e-02
5.574515461921691895e-02
2.301736548542976379e-02
-5.056264623999595642e-02
-1.717109084129333496e-01
-1.675593107938766479e-02
-6.861811876296997070e-02
-2.188479155302047729e-02
-5.496560037136077881e-02
-3.371030092239379883e-02
-2.602295577526092529e-02
3.826944902539253235e-02
1.058461517095565796e-01
-7.695256173610687256e-02
7.879970222711563110e-02
-1.099967770278453827e-02
3.115092962980270386e-02
-2.404857950750738382e-04
1.411073724739253521e-03
-6.058266013860702515e-02
6.717210263013839722e-02
9.795918315649032593e-02
1.116017550230026245e-01
-1.016142740845680237e-01
-7.004819344729185104e-03
1.547864228487014771e-01
6.760451011359691620e-03
9.325257688760757446e-02
2.706418000161647797e-02
-4.518115147948265076e-02
-1.697119697928428650e-02
6.827925890684127808e-02
6.565274298191070557e-02
-7.487203180789947510e-02
-9.004733711481094360e-02
1.084084883332252502e-01
1.789181726053357124e-03
5.003982037305831909e-02
-4.402439296245574951e-02
-1.641662046313285828e-02
-7.132802903652191162e-02
-7.650772482156753540e-02
-1.055509373545646667e-01
1.229692623019218445e-01
1.233152928762137890e-03
8.832569420337677002e-02
-8.427214622497558594e-02
4.522873461246490479e-02
3.633365407586097717e-02
4.309694468975067139e-02
-8.294395357370376587e-02
3.471229597926139832e-02
1.313364505767822266e-01
4.080009832978248596e-02
3.779807314276695251e-02
3.673899173736572266e-02
7.881175726652145386e-02
-1.452527642250061035e-01
-7.922456413507461548e-02
-4.808122292160987854e-02
7.803079485893249512e-02
2.159090945497155190e-03
-1.562708429992198944e-02
4.742699116468429565e-02
-6.943029165267944336e-02
-6.020388379693031311e-02
3.277071565389633179e-02
-3.671604767441749573e-02
-4.615132510662078857e-02
-4.676298424601554871e-02
9.517794102430343628e-02
8.335153572261333466e-03
-7.696357369422912598e-02
9.656947106122970581e-03
-9.448615834116935730e-03
1.321497261524200439e-01
-2.826817519962787628e-02
-2.931580506265163422e-02
2.374144038185477257e-03
-1.229063514620065689e-02
5.591878667473793030e-02
4.148905724287033081e-02
-2.763976529240608215e-02
-3.804999962449073792e-02
1.096550449728965759e-01
1.115834489464759827e-01
-3.709606826305389404e-02
6.664613634347915649e-02
5.040035024285316467e-02
-2.693017758429050446e-02
-7.027938961982727051e-02
-1.080118305981159210e-02
-6.240712478756904602e-02
5.842522368766367435e-04
-6.754937116056680679e-03
2.699563838541507721e-02
-1.074436400085687637e-02
-2.369262464344501495e-02
8.909409493207931519e-02
-3.519979119300842285e-02
4.028545692563056946e-02
6.548587232828140259e-02
2.332673408091068268e-02
1.030305549502372742e-01
-2.420985698699951172e-02
-3.463461250066757202e-02
-3.146860050037503242e-03
1.473480649292469025e-02
-1.053836569190025330e-02
-4.987650085240602493e-03
-1.413632631301879883e-01
6.132868677377700806e-02
6.042497605085372925e-02
6.135857850313186646e-02
5.637496244162321091e-03
5.202186293900012970e-03
1.031318400055170059e-02
3.203237429261207581e-02
-1.094111334532499313e-02
2.171600237488746643e-02
-1.041736640036106110e-02
1.318496279418468475e-02
5.569659639149904251e-03
9.093396365642547607e-02
2.992656547576189041e-03
9.250527247786521912e-03
1.473590359091758728e-02
-4.045506194233894348e-02
4.258883371949195862e-02
7.565337419509887695e-02
2.473436295986175537e-02
-1.079911887645721436e-01
8.644351363182067871e-02
-1.141263451427221298e-02
2.311325259506702423e-02
-5.238781683146953583e-03
6.717819720506668091e-02
8.996626734733581543e-02
2.439333312213420868e-02
-1.063833087682723999e-01
1.243708468973636627e-02
7.870342582464218140e-03
5.294466391205787659e-02
-5.776755884289741516e-02
5.140233784914016724e-02
-1.146427169442176819e-02
-6.534569710493087769e-02
-5.754986405372619629e-02
7.454008609056472778e-02
-3.373345732688903809e-02
-7.629882544279098511e-02
-5.681170150637626648e-02
-3.066908568143844604e-02
-3.638991713523864746e-02
3.776535019278526306e-02
9.173070639371871948e-02
8.001748938113451004e-04
8.007436245679855347e-02
-9.455285221338272095e-02
-3.175304457545280457e-02
-4.313610494136810303e-02
4.646064713597297668e-02
1.088625006377696991e-02
-7.350650429725646973e-02
