1.459697932004928589e-01
-7.396121509373188019e-03
4.505480453372001648e-02
-3.799883276224136353e-02
-3.487111255526542664e-02
-3.254704549908638000e-02
-7.335574179887771606e-02
-4.077200219035148621e-02
2.448139153420925140e-02
1.716203242540359497e-02
7.987948134541511536e-03
-4.682245478034019470e-02
-4.043823108077049255e-03
-6.005101650953292847e-02
9.993328712880611420e-03
-3.630617633461952209e-02
2.034652233123779297e-02
8.983303606510162354e-02
-1.803898834623396397e-03
3.504446067381650209e-04
-7.692253682762384415e-03
-5.725862458348274231e-03
2.687979675829410553e-02
-1.834543235599994659e-02
-2.181417867541313171e-02
-8.698408305644989014e-02
2.458694763481616974e-02
-4.054282978177070618e-02
-9.970133006572723389e-02
-8.711051195859909058e-02
3.522873297333717346e-02
-3.185984492301940918e-02
-5.661317706108093262e-02
-5.061485618352890015e-02
4.954409599304199219e-02
8.368246257305145264e-03
6.311000790446996689e-03
-4.098258540034294128e-02
-6.253527104854583740e-02
-7.052925229072570801e-02
5.654294043779373169e-02
1.667477190494537354e-02
4.583430290222167969e-02
5.087164789438247681e-02
3.393838927149772644e-02
1.834553107619285583e-02
-1.137415394186973572e-01
7.404879480600357056e-02
-3.121714480221271515e-02
-1.955478265881538391e-02
-1.741251647472381592e-01
5.843028798699378967e-02
9.326477348804473877e-02
-8.316235989332199097e-02
-2.215347066521644592e-02
4.953882098197937012e-02
-2.405950985848903656e-02
7.171241100877523422e-03
1.683311164379119873e-01
6.204845267347991467e-04
6.327047944068908691e-02
3.376664593815803528e-02
-1.036707535386085510e-01
-7.154388353228569031e-03
-7.386416196823120117e-02
-6.074742972850799561e-02
-4.362706840038299561e-02
-1.063807755708694458e-01
7.951754378154873848e-04
-4.610068351030349731e-02
-8.599215000867843628e-02
-9.330120682716369629e-02
1.258309930562973022e-01
-7.916772365570068359e-02
-1.206119582056999207e-01
4.573069512844085693e-02
-5.757829546928405762e-02
1.008065417408943176e-01
2.865135483443737030e-02
-1.982182264328002930e-01
2.682471089065074921e-02
6.449836492538452148e-02
1.991523429751396179e-02
7.367476075887680054e-02
-3.802334144711494446e-02
4.330987483263015747e-02
-4.628629609942436218e-02
7.468522340059280396e-02
1.768290437757968903e-02
-5.743391439318656921e-02
-1.289734691381454468e-01
-5.150302127003669739e-02
-5.257850885391235352e-02
-1.708591170608997345e-02
-4.553480446338653564e-02
-4.591702669858932495e-02
-2.496694400906562805e-02
6.291525810956954956e-02
7.910230010747909546e-02
-8.513984084129333496e-02
6.312626600265502930e-02
-1.538074575364589691e-02
2.099538035690784454e-02
-1.377509720623493195e-02
-7.730051409453153610e-03
-5.513641983270645142e-02
7.160282880067825317e-02
7.181214541196823120e-02
1.124009042978286743e-01
-9.621529281139373779e-02
5.663414951413869858e-03
1.484840810298919678e-01
-3.522510873153805733e-03
9.805458039045333862e-02
2.043710323050618172e-03
-2.643656544387340546e-02
-1.946873962879180908e-02
5.839302390813827515e-02
4.568196833133697510e-02
-4.881966486573219299e-02
-3.307011350989341736e-02
1.129126772284507751e-01
-3.532324684783816338e-03
3.747425600886344910e-02
-6.006713584065437317e-02
-9.681769646704196930e-03
-4.262365028262138367e-02
-6.290731579065322876e-02
-1.071672737598419189e-01
1.194206774234771729e-01
2.156134694814682007e-02
9.354086220264434814e-02
-8.943965286016464233e-02
4.104328528046607971e-02
4.766317084431648254e-02
1.417396869510412216e-02
-7.331039011478424072e-02
-7.395553868263959885e-03
8.384004235267639160e-02
3.185454756021499634e-02
4.060789477080106735e-03
4.394417256116867065e-02
5.989892780780792236e-02
-1.220384761691093445e-01
-9.283179789781570435e-02
-4.169964045286178589e-02
9.374167770147323608e-02
5.983356386423110962e-03
-1.322581991553306580e-02
2.081259898841381073e-02
-5.970689281821250916e-02
-7.557456195354461670e-02
1.473544910550117493e-02
-3.980427980422973633e-03
-3.941090404987335205e-02
-2.315766178071498871e-02
1.058715432882308960e-01
-3.226201515644788742e-03
-5.566674098372459412e-02
-2.303697634488344193e-03
1.673962175846099854e-02
1.055784448981285095e-01
-3.233730792999267578e-02
-1.184019260108470917e-02
-2.206770516932010651e-02
-2.746977843344211578e-02
5.713181197643280029e-02
3.892597556114196777e-02
-2.556865103542804718e-02
-6.984358280897140503e-02
1.413153409957885742e-01
1.084922105073928833e-01
-5.725265294313430786e-02
5.431508272886276245e-02
4.584036022424697876e-02
-1.799526065587997437e-02
-7.755502313375473022e-02
1.153421588242053986e-02
-6.475823372602462769e-02
-2.488682512193918228e-03
-2.604937739670276642e-02
8.467908017337322235e-03
-1.396506838500499725e-02
-1.051076874136924744e-02
4.450465738773345947e-02
-3.063300251960754395e-02
4.675425216555595398e-02
3.989293053746223450e-02
3.005123231559991837e-03
1.110670641064643860e-01
-1.429191604256629944e-02
-2.929299138486385345e-02
2.371307648718357086e-02
3.039523027837276459e-02
4.387013614177703857e-03
-1.312716957181692123e-02
-1.245260015130043030e-01
5.824801698327064514e-02
6.335651874542236328e-02
4.580977186560630798e-02
-1.001219637691974640e-02
-3.285849466919898987e-02
5.148392636328935623e-03
3.633954003453254700e-02
-2.792749367654323578e-02
-4.248478449881076813e-03
1.107870042324066162e-02
3.330063447356224060e-02
1.355414278805255890e-02
8.872923254966735840e-02
-2.594873681664466858e-02
3.769164532423019409e-02
7.939555682241916656e-03
-6.082101911306381226e-02
6.947061419486999512e-02
8.804281800985336304e-02
6.392887979745864868e-02
-8.562447875738143921e-02
7.849308848381042480e-02
1.299316715449094772e-02
3.638687357306480408e-02
-1.658554002642631531e-02
3.997992351651191711e-02
6.189398840069770813e-02
2.277934923768043518e-02
-1.393963992595672607e-01
-1.523441518656909466e-03
1.873346790671348572e-02
9.298970550298690796e-02
-8.352667093276977539e-02
7.097391039133071899e-02
-6.659191567450761795e-03
-7.997357845306396484e-02
-4.756040498614311218e-02
7.778212428092956543e-02
-4.795446619391441345e-02
-8.390584588050842285e-02
-6.955190747976303101e-02
-7.026027143001556396e-02
-5.802799388766288757e-02
2.320082858204841614e-02
1.483593881130218506e-01
-1.543207559734582901e-02
1.315056085586547852e-01
-1.440148502588272095e-01
-3.377527743577957153e-02
-8.452207595109939575e-02
9.706871584057807922e-03
3.916076570749282837e-02
-9.875340014696121216e-02
