2.135711908340454102e-01
8.045148104429244995e-03
3.153154253959655762e-02
-5.335037410259246826e-02
-4.360916838049888611e-02
-7.279852777719497681e-02
-1.006790548563003540e-01
-5.603823065757751465e-02
6.344870477914810181e-02
4.037717729806900024e-02
-3.166047483682632446e-02
-5.350862443447113037e-02
4.313318524509668350e-03
-1.148110926151275635e-01
1.795573160052299500e-02
-7.746318727731704712e-02
3.756158053874969482e-02
8.321616798639297485e-02
1.526415161788463593e-02
-6.975941359996795654e-04
-5.230953544378280640e-02
-2.773597650229930878e-02
3.773361817002296448e-02
-1.362508535385131836e-02
-8.873969316482543945e-02
-1.191919744014739990e-01
5.324555188417434692e-02
-8.451529592275619507e-02
-1.254743635654449463e-01
-8.844694495201110840e-02
5.427136272192001343e-02
-6.482745707035064697e-02
-1.872405782341957092e-02
-7.477807253599166870e-02
6.697818636894226074e-03
-2.401870116591453552e-02
7.086844742298126221e-02
-2.224028483033180237e-02
-5.862615630030632019e-02
-5.893209576606750488e-02
4.585642740130424500e-02
-2.021917514503002167e-02
4.520607367157936096e-02
6.262632459402084351e-02
6.876662373542785645e-02
3.111828491091728210e-02
-1.155620217323303223e-01
6.284389179199934006e-03
-3.366087004542350769e-02
-4.981479048728942871e-02
-1.731373220682144165e-01
4.922250285744667053e-02
1.190500855445861816e-01
-7.097139954566955566e-02
-3.580134734511375427e-02
4.061278700828552246e-02
-4.998654127120971680e-02
-2.260644733905792236e-02
1.335738450288772583e-01
-1.233004499226808548e-02
5.204857140779495239e-02
3.330952301621437073e-02
-7.251973450183868408e-02
1.998381875455379486e-02
-7.381820678710937500e-02
-6.050537526607513428e-02
-3.320227190852165222e-02
-9.878799319267272949e-02
2.258796989917755127e-02
-1.837170310318470001e-02
-7.171265780925750732e-02
-9.554620087146759033e-02
1.387318074703216553e-01
-5.934698879718780518e-02
-1.237504854798316956e-01
4.849528521299362183e-02
-5.771429091691970825e-02
5.539490655064582825e-02
-8.572258986532688141e-03
-1.405811756849288940e-01
4.106368869543075562e-02
5.590648204088211060e-02
2.426488883793354034e-02
4.092676937580108643e-02
-5.022943764925003052e-02
6.000421941280364990e-02
3.109919140115380287e-03
3.755278512835502625e-02
4.293363541364669800e-02
-2.431863918900489807e-02
-1.784846633672714233e-01
6.640652194619178772e-03
-6.896071881055831909e-02
-1.551934797316789627e-02
-4.918992891907691956e-02
-3.663410618901252747e-02
-1.973249204456806183e-02
3.624112159013748169e-02
1.299281120300292969e-01
-9.347718954086303711e-02
7.516177743673324585e-02
-3.468326292932033539e-03
3.471322357654571533e-02
-1.294662337750196457e-02
-1.812126487493515015e-02
-3.866153210401535034e-02
3.755773231387138367e-02
1.079280078411102295e-01
1.022475287318229675e-01
-8.947793394327163696e-02
-2.953418903052806854e-02
1.486943662166595459e-01
-2.467078156769275665e-02
8.246484398841857910e-02
1.787741109728813171e-02
-9.023767895996570587e-03
-9.210902266204357147e-03
6.351277232170104980e-02
6.445227563381195068e-02
-8.395267277956008911e-02
-8.316063135862350464e-02
1.089570447802543640e-01
-3.574785776436328888e-03
5.267661064863204956e-02
-1.939979754388332367e-02
6.996028590947389603e-03
-7.772094756364822388e-02
-6.625868380069732666e-02
-9.972241520881652832e-02
1.337072551250457764e-01
-7.409831043332815170e-03
6.596882641315460205e-02
-9.327314794063568115e-02
4.030703008174896240e-02
3.599208220839500427e-02
2.518187277019023895e-02
-7.276345789432525635e-02
5.025045573711395264e-02
1.296362131834030151e-01
7.056275755167007446e-02
1.483102794736623764e-02
3.861474618315696716e-02
3.724837303161621094e-02
-1.511667817831039429e-01
-6.142770126461982727e-02
-6.042319536209106445e-02
7.574322074651718140e-02
3.678903216496109962e-03
-2.930347982328385115e-04
2.468913979828357697e-02
-9.722769260406494141e-02
-4.975847527384757996e-02
2.443469502031803131e-02
-3.927277401089668274e-02
-4.244739189743995667e-02
-4.021809250116348267e-02
9.874886274337768555e-02
3.270510584115982056e-02
-7.174615561962127686e-02
3.520619822666049004e-03
-2.155260741710662842e-02
1.135845556855201721e-01
-5.151148885488510132e-03
-3.761225566267967224e-02
-2.128940075635910034e-02
-3.331531304866075516e-03
3.744626045227050781e-02
7.024275511503219604e-02
-3.787397220730781555e-02
-5.109464004635810852e-02
1.280486583709716797e-01
1.295483112335205078e-01
-3.084318153560161591e-02
7.505343109369277954e-02
5.579147860407829285e-02
-1.624698750674724579e-02
-6.873679161071777344e-02
-2.389486506581306458e-02
-5.777794495224952698e-02
6.222305819392204285e-03
1.108651421964168549e-02
2.677285671234130859e-02
-1.946444064378738403e-02
-1.897042989730834961e-02
1.144237145781517029e-01
-7.086285855621099472e-03
3.705225512385368347e-02
7.031777501106262207e-02
3.740315884351730347e-02
9.410563111305236816e-02
-4.443925619125366211e-02
-2.520637959241867065e-02
9.589794091880321503e-03
8.838068461045622826e-04
-1.767593808472156525e-02
1.881901361048221588e-02
-1.041722074151039124e-01
6.248087063431739807e-02
4.469703137874603271e-02
7.810385525226593018e-02
-1.824741833843290806e-03
-2.004477381706237793e-02
-9.435086511075496674e-03
2.246260829269886017e-02
-3.202876448631286621e-02
-6.477298215031623840e-03
-1.829747110605239868e-02
1.514298282563686371e-02
-1.183721609413623810e-02
9.248119592666625977e-02
-9.504043497145175934e-03
5.125398281961679459e-03
1.146360021084547043e-02
-4.465338960289955139e-02
2.933352813124656677e-02
3.837291523814201355e-02
-5.037744529545307159e-03
-8.520663529634475708e-02
4.340617731213569641e-02
-3.466444090008735657e-02
-2.691849833354353905e-03
4.723382182419300079e-03
5.278788879513740540e-02
8.350166678428649902e-02
2.015084214508533478e-02
-7.820097357034683228e-02
4.509177803993225098e-02
1.250967197120189667e-02
3.669722005724906921e-02
-2.768535725772380829e-02
-2.157817361876368523e-03
-3.648466989398002625e-02
-4.806552082300186157e-02
-5.849533900618553162e-02
8.828075975179672241e-02
-2.612001262605190277e-02
-8.128499239683151245e-02
-1.568766683340072632e-02
-2.865890040993690491e-03
-1.894537359476089478e-02
5.090849846601486206e-02
6.955136358737945557e-02
1.700988621450960636e-03
6.869216263294219971e-02
-1.230925098061561584e-01
-1.783615536987781525e-02
-3.635215014219284058e-02
2.152342721819877625e-02
1.203592494130134583e-02
-4.602299630641937256e-02
