1.686767637729644775e-01
-6.302882684394717216e-04
3.982684016227722168e-02
-3.905120491981506348e-02
-4.159084707498550415e-02
-4.733659699559211731e-02
-9.341810643672943115e-02
-4.761856049299240112e-02
5.506435781717300415e-02
3.268009796738624573e-02
-2.422988647595047951e-03
-4.115327447652816772e-02
3.618895076215267181e-03
-9.567186236381530762e-02
1.760924234986305237e-02
-6.070910766720771790e-02
3.034639544785022736e-02
7.864469289779663086e-02
3.604133962653577328e-04
-7.286648731678724289e-03
-2.876417711377143860e-02
-7.060757372528314590e-03
3.164160624146461487e-02
-2.041233703494071960e-02
-4.882485419511795044e-02
-1.069748923182487488e-01
4.117973521351814270e-02
-6.957916170358657837e-02
-1.180798858404159546e-01
-9.441267699003219604e-02
5.398650094866752625e-02
-4.348322376608848572e-02
-2.925097383558750153e-02
-7.849095761775970459e-02
2.266201935708522797e-02
-1.038459688425064087e-02
4.121073335409164429e-02
-3.279680758714675903e-02
-6.229724735021591187e-02
-5.691332742571830750e-02
6.363871693611145020e-02
-8.219697512686252594e-03
4.243244230747222900e-02
7.200718671083450317e-02
4.125126078724861145e-02
2.331149205565452576e-02
-1.229258775711059570e-01
2.341218851506710052e-02
-3.152341023087501526e-02
-4.396202787756919861e-02
-1.821171492338180542e-01
6.319847702980041504e-02
1.110361367464065552e-01
-8.287060260772705078e-02
-4.192944988608360291e-02
5.400303378701210022e-02
-3.325436636805534363e-02
-1.237613242119550705e-02
1.572678387165069580e-01
-1.425908692181110382e-02
6.472019851207733154e-02
3.299227356910705566e-02
-7.876381278038024902e-02
9.847768582403659821e-03
-7.105366140604019165e-02
-6.487358361482620239e-02
-5.096142739057540894e-02
-1.059381812810897827e-01
9.892942383885383606e-03
-4.843757301568984985e-02
-8.437454700469970703e-02
-1.036533564329147339e-01
1.412585675716400146e-01
-7.877068221569061279e-02
-1.298485249280929565e-01
5.258012935519218445e-02
-6.834453344345092773e-02
7.524344325065612793e-02
8.058650419116020203e-03
-1.856331080198287964e-01
4.205868393182754517e-02
5.882443860173225403e-02
1.197251956909894943e-02
6.152486801147460938e-02
-5.394370108842849731e-02
5.585544556379318237e-02
-3.330039605498313904e-02
5.912396684288978577e-02
3.230750933289527893e-02
-3.798421472311019897e-02
-1.685659438371658325e-01
-2.730754949152469635e-02
-6.472514569759368896e-02
-1.917015202343463898e-02
-5.499277636408805847e-02
-4.686904326081275940e-02
-2.947553433477878571e-02
3.328886628150939941e-02
9.442641586065292358e-02
-9.053850173950195312e-02
6.976644694805145264e-02
-1.434426289051771164e-02
2.460355311632156372e-02
-1.148567069321870804e-02
-7.191749755293130875e-03
-5.354971066117286682e-02
6.448268145322799683e-02
9.595551341772079468e-02
1.086298525333404541e-01
-9.794551879167556763e-02
-8.055400103330612183e-03
1.453073322772979736e-01
-1.266422867774963379e-02
9.400320053100585938e-02
1.093664206564426422e-02
-2.984376251697540283e-02
-1.698961481451988220e-02
5.848683789372444153e-02
5.883742496371269226e-02
-6.660833954811096191e-02
-6.244897469878196716e-02
1.061066836118698120e-01
3.885980695486068726e-04
5.028755217790603638e-02
-4.043200239539146423e-02
-1.338098896667361259e-03
-5.709454044699668884e-02
-8.329271525144577026e-02
-1.045307666063308716e-01
1.102105975151062012e-01
5.460987333208322525e-03
8.251095563173294067e-02
-8.971662074327468872e-02
4.219026863574981689e-02
3.660434484481811523e-02
2.629746310412883759e-02
-8.004209399223327637e-02
3.241811320185661316e-02
1.139661297202110291e-01
4.623073711991310120e-02
2.970172837376594543e-02
4.528326913714408875e-02
5.717484652996063232e-02
-1.405025273561477661e-01
-7.632188498973846436e-02
-5.609639734029769897e-02
8.399798721075057983e-02
5.506715271621942520e-03
-1.496617868542671204e-02
2.702163532376289368e-02
-7.223241776227951050e-02
-5.898646637797355652e-02
2.360241487622261047e-02
-2.928608842194080353e-02
-4.625564441084861755e-02
-3.983807563781738281e-02
1.032085493206977844e-01
1.712607219815254211e-02
-6.852155923843383789e-02
4.384441766887903214e-03
-4.661398474127054214e-03
1.038855984807014465e-01
-1.687143184244632721e-02
-3.226690739393234253e-02
-1.625363156199455261e-02
-7.880676537752151489e-03
4.214235022664070129e-02
4.925406351685523987e-02
-3.982827439904212952e-02
-4.629904031753540039e-02
1.335902512073516846e-01
1.174907237291336060e-01
-4.206339269876480103e-02
5.122266709804534912e-02
5.050898715853691101e-02
-2.080996893346309662e-02
-7.348081469535827637e-02
-1.414311025291681290e-02
-5.057095363736152649e-02
-5.737987812608480453e-04
-1.016249042004346848e-02
2.409495599567890167e-02
-2.431291900575160980e-02
-1.894638687372207642e-02
8.505685627460479736e-02
-2.625166997313499451e-02
3.458940982818603516e-02
6.675232946872711182e-02
2.573208324611186981e-02
1.010083258152008057e-01
-2.930903621017932892e-02
-2.827301621437072754e-02
1.001310441642999649e-02
1.569205336272716522e-02
-1.137104444205760956e-02
6.244027521461248398e-03
-1.217789351940155029e-01
4.880252853035926819e-02
6.041634082794189453e-02
5.823637917637825012e-02
-7.921569980680942535e-03
-1.548051089048385620e-02
-7.732920348644256592e-03
2.900700271129608154e-02
-3.353071585297584534e-02
6.811014842242002487e-03
-3.734242636710405350e-03
1.862374879419803619e-02
5.968675948679447174e-03
8.400073647499084473e-02
-1.771019026637077332e-02
2.300605177879333496e-02
7.382032927125692368e-03
-5.304808169603347778e-02
4.239777103066444397e-02
6.923808902502059937e-02
2.218840084969997406e-02
-8.586028963327407837e-02
7.410252094268798828e-02
-2.746570156887173653e-03
2.255211770534515381e-02
-5.339874885976314545e-03
5.673557519912719727e-02
8.958370238542556763e-02
2.111657522618770599e-02
-1.263180971145629883e-01
2.400122769176959991e-02
1.740669831633567810e-02
7.350475341081619263e-02
-5.394986271858215332e-02
4.132706671953201294e-02
-1.393172889947891235e-02
-6.289277970790863037e-02
-5.492942407727241516e-02
7.321934401988983154e-02
-3.940557315945625305e-02
-7.600864768028259277e-02
-4.829314351081848145e-02
-2.721811644732952118e-02
-4.338165372610092163e-02
3.505441173911094666e-02
1.016353294253349304e-01
-8.718313649296760559e-03
9.764599055051803589e-02
-1.175365298986434937e-01
-2.411328442394733429e-02
-5.298161879181861877e-02
2.359154075384140015e-02
2.226640842854976654e-02
-7.010774314403533936e-02
