1.713656932115554810e-01
-3.821531310677528381e-03
3.918595239520072937e-02
-3.620177879929542542e-02
-5.683484673500061035e-02
-3.678064048290252686e-02
-1.059939414262771606e-01
-4.711983725428581238e-02
8.495185524225234985e-02
4.388394579291343689e-02
7.106277160346508026e-03
-3.440083935856819153e-02
1.879365765489637852e-03
-1.037733778357505798e-01
2.506654337048530579e-02
-6.485280394554138184e-02
3.624644875526428223e-02
8.171997964382171631e-02
7.028061896562576294e-03
-2.568770758807659149e-02
-4.102347418665885925e-02
1.732924021780490875e-03
1.883833669126033783e-02
-2.494105882942676544e-02
-4.616572707891464233e-02
-1.109710186719894409e-01
4.232644289731979370e-02
-7.374576479196548462e-02
-1.204319372773170471e-01
-1.096657067537307739e-01
6.549844145774841309e-02
-4.555130749940872192e-02
-3.006114624440670013e-02
-8.313866704702377319e-02
1.483208499848842621e-02
-1.693607494235038757e-02
4.197788238525390625e-02
-2.532336488366127014e-02
-5.561234056949615479e-02
-4.326052963733673096e-02
7.143481820821762085e-02
-1.260106544941663742e-02
3.858727216720581055e-02
8.613717555999755859e-02
3.532187268137931824e-02
2.890696190297603607e-02
-1.225233003497123718e-01
2.632757881656289101e-03
-2.252243645489215851e-02
-4.615834727883338928e-02
-1.836334615945816040e-01
6.670242547988891602e-02
1.234997212886810303e-01
-8.776282519102096558e-02
-5.305663123726844788e-02
5.479439347982406616e-02
-3.450643643736839294e-02
-6.680957041680812836e-03
1.580789238214492798e-01
-2.677383273839950562e-02
6.124533340334892273e-02
3.674011677503585815e-02
-6.479204446077346802e-02
5.754523444920778275e-03
-6.716828048229217529e-02
-6.987472623586654663e-02
-5.737547576427459717e-02
-1.043151095509529114e-01
1.723870867863297462e-03
-5.399348214268684387e-02
-9.155040979385375977e-02
-1.118547990918159485e-01
1.448353528976440430e-01
-9.059287607669830322e-02
-1.323692053556442261e-01
5.434192717075347900e-02
-8.503103256225585938e-02
6.229936704039573669e-02
1.057558879256248474e-02
-1.898415684700012207e-01
4.647007584571838379e-02
4.486159607768058777e-02
-9.770318865776062012e-04
6.666754186153411865e-02
-6.439887732267379761e-02
5.474573373794555664e-02
-3.585726767778396606e-02
5.182504281401634216e-02
2.588987722992897034e-02
-2.897321432828903198e-02
-1.601923108100891113e-01
-2.868274599313735962e-02
-6.919295340776443481e-02
-2.734873630106449127e-02
-6.378855556249618530e-02
-4.722105711698532104e-02
-2.906841784715652466e-02
2.625003829598426819e-02
7.695022225379943848e-02
-9.254641830921173096e-02
5.579029396176338196e-02
-1.146106794476509094e-02
1.459220238029956818e-02
-6.011084187775850296e-03
3.524686675518751144e-03
-4.980841651558876038e-02
7.056739926338195801e-02
1.052592992782592773e-01
9.775280207395553589e-02
-9.894820302724838257e-02
-3.360756905749440193e-03
1.312703639268875122e-01
-1.346735656261444092e-02
8.822870254516601562e-02
5.128393881022930145e-03
-2.336585707962512970e-02
-2.688779495656490326e-02
5.251898244023323059e-02
6.517839431762695312e-02
-6.202398240566253662e-02
-5.962045118212699890e-02
9.751063585281372070e-02
1.320701185613870621e-02
5.195129290223121643e-02
-4.298040643334388733e-02
1.062604784965515137e-02
-5.430795624852180481e-02
-9.531608223915100098e-02
-9.973951429128646851e-02
8.463487774133682251e-02
7.824762724339962006e-03
8.109638839960098267e-02
-9.443117678165435791e-02
4.512556642293930054e-02
3.014374524354934692e-02
2.205565944314002991e-02
-8.662112057209014893e-02
4.835955426096916199e-02
1.166939511895179749e-01
3.862794116139411926e-02
4.188769683241844177e-02
5.506312847137451172e-02
5.533045902848243713e-02
-1.452533006668090820e-01
-6.022904813289642334e-02
-6.166503578424453735e-02
8.299135416746139526e-02
1.127627305686473846e-02
-1.709569804370403290e-02
3.466008231043815613e-02
-6.207434833049774170e-02
-4.221882671117782593e-02
2.534859068691730499e-02
-3.424734249711036682e-02
-4.913852363824844360e-02
-4.675576463341712952e-02
9.846941381692886353e-02
1.358383707702159882e-02
-7.551075518131256104e-02
5.557145457714796066e-03
-3.710998455062508583e-03
9.346280992031097412e-02
-9.562235325574874878e-03
-3.936642780900001526e-02
-1.638999022543430328e-02
-2.376630902290344238e-03
3.846116364002227783e-02
3.577677905559539795e-02
-4.208480194211006165e-02
-3.071083314716815948e-02
1.352643072605133057e-01
1.224216744303703308e-01
-4.056006669998168945e-02
3.668978437781333923e-02
4.567521065473556519e-02
-1.096246577799320221e-02
-6.556428223848342896e-02
-2.237513847649097443e-02
-2.997870184481143951e-02
-3.466162597760558128e-03
-1.031500473618507385e-02
2.656537853181362152e-02
-2.571185864508152008e-02
-2.807063981890678406e-02
8.121205121278762817e-02
-2.239765971899032593e-02
2.805191092193126678e-02
7.627689838409423828e-02
3.784134611487388611e-02
1.051564440131187439e-01
-2.460694685578346252e-02
-2.546823956072330475e-02
7.637898437678813934e-03
2.189809642732143402e-02
-1.647437363862991333e-02
5.551885347813367844e-03
-1.194114461541175842e-01
4.605518281459808350e-02
5.994845181703567505e-02
5.521729588508605957e-02
-1.257223170250654221e-02
-1.920004189014434814e-02
-2.074708603322505951e-02
2.199502848088741302e-02
-3.950757533311843872e-02
9.107067249715328217e-03
-6.822643335908651352e-03
1.768098585307598114e-02
2.988337306305766106e-03
8.788554370403289795e-02
-1.603218168020248413e-02
3.200703859329223633e-02
7.600035984069108963e-03
-5.559843033552169800e-02
4.167911037802696228e-02
7.183880358934402466e-02
1.542491745203733444e-02
-8.240559697151184082e-02
7.719420641660690308e-02
3.785935696214437485e-03
3.107923641800880432e-02
3.974857740104198456e-03
6.174248456954956055e-02
9.339637309312820435e-02
1.298327930271625519e-02
-1.205445453524589539e-01
2.287995256483554840e-02
1.338793803006410599e-02
7.686523348093032837e-02
-3.980260342359542847e-02
4.266253113746643066e-02
-1.164579205214977264e-02
-5.241643637418746948e-02
-4.546648263931274414e-02
5.517850816249847412e-02
-4.230026155710220337e-02
-6.186402589082717896e-02
-4.409907758235931396e-02
-2.059777267277240753e-02
-3.862267360091209412e-02
4.030470177531242371e-02
9.530243277549743652e-02
-1.634100265800952911e-02
9.862463176250457764e-02
-1.037372425198554993e-01
-2.264111302793025970e-02
-3.811468183994293213e-02
1.786741614341735840e-02
1.773736253380775452e-02
-6.054790690541267395e-02
