1.793964207172393799e-01
-1.023743394762277603e-02
6.324320286512374878e-02
-4.751392826437950134e-02
-4.657744616270065308e-02
-6.782951205968856812e-02
-8.981713652610778809e-02
-4.408635944128036499e-02
4.355193302035331726e-02
2.578805945813655853e-02
-2.163708209991455078e-03
-3.985517472028732300e-02
6.920085754245519638e-03
-8.749347925186157227e-02
2.757064811885356903e-02
-6.225891038775444031e-02
4.640048742294311523e-02
1.040518656373023987e-01
8.058123290538787842e-03
-2.896209014579653740e-03
-1.257336791604757309e-02
7.319957017898559570e-03
5.031094327569007874e-02
-3.223507665097713470e-03
-4.025687649846076965e-02
-9.290421009063720703e-02
3.147292137145996094e-02
-6.798323988914489746e-02
-1.195315420627593994e-01
-7.422523200511932373e-02
2.389097958803176880e-02
-2.042559348046779633e-02
-2.080852910876274109e-02
-8.806135505437850952e-02
1.646425388753414154e-02
6.744473241269588470e-03
5.003069341182708740e-02
-2.873013168573379517e-02
-6.588669121265411377e-02
-8.239345252513885498e-02
8.210496604442596436e-02
2.929832320660352707e-03
4.219331964850425720e-02
6.683842092752456665e-02
2.840249799191951752e-02
2.362712286412715912e-02
-1.173607632517814636e-01
2.775693312287330627e-02
-3.020221926271915436e-02
-3.717445209622383118e-02
-1.899003833532333374e-01
6.181773915886878967e-02
9.294921904802322388e-02
-5.511162430047988892e-02
-4.058285057544708252e-02
7.252969592809677124e-02
-3.298370912671089172e-02
-1.344711892306804657e-02
1.498196274042129517e-01
-2.382027916610240936e-02
6.468959897756576538e-02
3.335840255022048950e-02
-1.015099585056304932e-01
1.100154966115951538e-02
-6.595656275749206543e-02
-9.253682196140289307e-02
-4.472082108259201050e-02
-1.012551859021186829e-01
2.024309337139129639e-02
-4.456305503845214844e-02
-6.078916415572166443e-02
-1.178392544388771057e-01
1.339610069990158081e-01
-8.860179036855697632e-02
-1.085363253951072693e-01
6.301263719797134399e-02
-8.300682157278060913e-02
6.481232494115829468e-02
1.899588666856288910e-02
-1.935367882251739502e-01
3.077574819326400757e-02
6.557272374629974365e-02
-6.162672303617000580e-03
4.632980749011039734e-02
-5.025197193026542664e-02
6.292901933193206787e-02
-4.361610859632492065e-02
5.642301961779594421e-02
1.375740580260753632e-02
-4.500922188162803650e-02
-1.445118188858032227e-01
-2.364504151046276093e-02
-7.529710978269577026e-02
-1.554484758526086807e-02
-5.024073272943496704e-02
-4.359416291117668152e-02
-1.952770166099071503e-02
4.130765795707702637e-02
9.097948670387268066e-02
-8.134292066097259521e-02
6.857812404632568359e-02
-7.161411922425031662e-03
2.263177186250686646e-02
8.849248290061950684e-03
7.396661210805177689e-03
-4.818556457757949829e-02
7.010563462972640991e-02
9.333560615777969360e-02
9.562063962221145630e-02
-1.110331192612648010e-01
8.602615562267601490e-04
1.452081948518753052e-01
-1.464615110307931900e-03
8.036269247531890869e-02
2.365765348076820374e-02
-3.714483603835105896e-02
-8.774603717029094696e-03
7.876388728618621826e-02
6.233561038970947266e-02
-5.696538463234901428e-02
-8.078301697969436646e-02
9.337770193815231323e-02
8.464145474135875702e-03
5.969442054629325867e-02
-4.057702049612998962e-02
-1.577266678214073181e-02
-5.335634946823120117e-02
-7.069020718336105347e-02
-1.124141141772270203e-01
1.161690726876258850e-01
5.473562050610780716e-03
8.751691132783889771e-02
-7.962851226329803467e-02
4.595687240362167358e-02
2.889699302613735199e-02
4.513915255665779114e-02
-8.952973783016204834e-02
4.372635111212730408e-02
1.297333687543869019e-01
3.085116483271121979e-02
4.990005865693092346e-02
3.398252278566360474e-02
8.196856081485748291e-02
-1.355830579996109009e-01
-7.354277372360229492e-02
-4.680423066020011902e-02
9.250915795564651489e-02
1.203982275910675526e-03
-2.081174217164516449e-02
4.541806504130363464e-02
-5.563621968030929565e-02
-5.412604659795761108e-02
2.913187257945537567e-02
-3.075558319687843323e-02
-4.712105169892311096e-02
-4.336915537714958191e-02
1.075566858053207397e-01
2.102427743375301361e-02
-7.146482169628143311e-02
4.254914354532957077e-03
-1.269355043768882751e-02
1.085021644830703735e-01
-1.430019922554492950e-02
-3.293782100081443787e-02
-4.430765111465007067e-04
-2.807495184242725372e-02
4.218469560146331787e-02
4.808330535888671875e-02
-1.494357828050851822e-02
-2.249171212315559387e-02
1.090478003025054932e-01
8.891199529170989990e-02
-3.170041739940643311e-02
5.801755562424659729e-02
4.166780784726142883e-02
-1.247169356793165207e-02
-6.434242427349090576e-02
-1.835078932344913483e-02
-6.245681643486022949e-02
-8.232283405959606171e-03
-5.999662913382053375e-03
2.446983940899372101e-02
8.650975301861763000e-03
-3.411218896508216858e-02
8.495478332042694092e-02
-4.172578826546669006e-02
5.035470798611640930e-02
6.591951102018356323e-02
2.352015487849712372e-02
9.752964973449707031e-02
-2.789578586816787720e-02
-2.612642571330070496e-02
-1.063151843845844269e-02
9.550275281071662903e-03
-5.911969929002225399e-04
-1.242293883115053177e-02
-1.326991915702819824e-01
5.627802014350891113e-02
6.288755685091018677e-02
4.380803927779197693e-02
7.289447356015443802e-03
6.322954315692186356e-03
1.293432246893644333e-02
2.476192824542522430e-02
-4.416963551193475723e-03
1.607185043394565582e-02
-5.817223805934190750e-03
3.062245063483715057e-02
2.178321406245231628e-02
8.349000662565231323e-02
6.441559176892042160e-03
1.913916319608688354e-02
2.075504511594772339e-02
-4.531095921993255615e-02
4.113801568746566772e-02
7.561291754245758057e-02
3.400718793272972107e-02
-1.009391620755195618e-01
8.530755341053009033e-02
-2.378550125285983086e-03
2.256645634770393372e-02
-2.417596289888024330e-03
6.144670769572257996e-02
8.533697575330734253e-02
1.384247373789548874e-02
-9.846467524766921997e-02
1.501915138214826584e-02
2.488181635271757841e-04
5.939166247844696045e-02
-6.921228021383285522e-02
6.665526330471038818e-02
-5.739915184676647186e-03
-6.379219889640808105e-02
-5.730778723955154419e-02
6.636827439069747925e-02
-4.116111248731613159e-02
-7.571492344141006470e-02
-6.508731096982955933e-02
-3.698011487722396851e-02
-5.139375105500221252e-02
4.127339273691177368e-02
9.198664128780364990e-02
-3.499543061479926109e-03
1.051000133156776428e-01
-8.624678850173950195e-02
-2.866637520492076874e-02
-5.292989313602447510e-02
5.416528508067131042e-02
8.319976739585399628e-03
-9.263420104980468750e-02
