1.885430216789245605e-01
-1.374123524874448776e-02
4.758039861917495728e-02
-5.566802620887756348e-02
-5.704402178525924683e-02
-3.887291997671127319e-02
-1.211674362421035767e-01
-6.247279793024063110e-02
8.272325992584228516e-02
6.742767244577407837e-02
1.325588952749967575e-02
-4.718399047851562500e-02
-6.524418946355581284e-03
-1.106336638331413269e-01
1.969969645142555237e-02
-6.269624829292297363e-02
3.525924310088157654e-02
9.351620823144912720e-02
1.418440882116556168e-02
-2.684134803712368011e-02
-4.391200095415115356e-02
-1.148679200559854507e-02
2.508228085935115814e-02
-1.876921206712722778e-02
-5.524648353457450867e-02
-1.268291920423507690e-01
3.498798236250877380e-02
-7.676685601472854614e-02
-1.207049414515495300e-01
-1.115792393684387207e-01
8.262352645397186279e-02
-6.244831159710884094e-02
-5.821564793586730957e-02
-8.205215632915496826e-02
2.809850312769412994e-02
-2.334594167768955231e-02
2.305195294320583344e-02
-3.470789641141891479e-02
-4.201906919479370117e-02
-4.711354896426200867e-02
5.175626650452613831e-02
-2.828026935458183289e-02
4.004751518368721008e-02
8.174045383930206299e-02
4.819276556372642517e-02
2.598445117473602295e-02
-1.280515938997268677e-01
1.360607612878084183e-02
-1.903977803885936737e-02
-3.512974455952644348e-02
-1.714651584625244141e-01
6.598734855651855469e-02
1.238912642002105713e-01
-9.428764134645462036e-02
-5.277835205197334290e-02
4.806813225150108337e-02
-2.849988453090190887e-02
1.794527098536491394e-02
1.541644185781478882e-01
-1.937731541693210602e-02
5.951191857457160950e-02
4.558481276035308838e-02
-6.195424124598503113e-02
6.950349197722971439e-04
-6.688563525676727295e-02
-5.902634933590888977e-02
-6.235890090465545654e-02
-9.592439234256744385e-02
1.351935206912457943e-03
-5.188683047890663147e-02
-9.971183538436889648e-02
-9.028258174657821655e-02
1.401114910840988159e-01
-8.541604876518249512e-02
-1.223551109433174133e-01
5.752335488796234131e-02
-7.443253695964813232e-02
6.762302666902542114e-02
9.633288718760013580e-03
-1.773432046175003052e-01
4.938058555126190186e-02
5.856145545840263367e-02
1.593077182769775391e-02
6.287099421024322510e-02
-5.852363258600234985e-02
5.855631828308105469e-02
-3.208348155021667480e-02
5.706727877259254456e-02
2.454186975955963135e-02
-3.798440098762512207e-02
-1.550969928503036499e-01
-2.734749205410480499e-02
-6.513991206884384155e-02
-2.111981995403766632e-02
-4.857983067631721497e-02
-6.146805733442306519e-02
-3.108100779354572296e-02
1.921056397259235382e-02
6.305709481239318848e-02
-9.089475125074386597e-02
5.157401412725448608e-02
-7.659537252038717270e-03
1.100155338644981384e-02
-2.441041916608810425e-02
-1.130162551999092102e-02
-5.940702557563781738e-02
6.564749032258987427e-02
9.410883486270904541e-02
8.968074619770050049e-02
-1.011643782258033752e-01
1.539176300866529346e-04
1.292376220226287842e-01
-3.397740051150321960e-02
8.090215921401977539e-02
6.874979473650455475e-03
-1.979072764515876770e-02
-1.521692052483558655e-02
5.537770316004753113e-02
5.645524337887763977e-02
-6.249727681279182434e-02
-3.579416871070861816e-02
9.843220561742782593e-02
4.698987118899822235e-03
5.335994809865951538e-02
-4.713946208357810974e-02
1.401814818382263184e-02
-4.339104890823364258e-02
-9.848599880933761597e-02
-1.040276736021041870e-01
9.254736453294754028e-02
3.141861874610185623e-03
8.296927809715270996e-02
-8.738252520561218262e-02
3.940324857831001282e-02
3.715989738702774048e-02
1.874421536922454834e-02
-7.254508882761001587e-02
2.963934466242790222e-02
1.021936833858489990e-01
4.329834505915641785e-02
2.947436831891536713e-02
6.472147256135940552e-02
2.818549051880836487e-02
-1.361979246139526367e-01
-7.165860384702682495e-02
-5.682879686355590820e-02
8.323722332715988159e-02
1.128324959427118301e-02
-1.788243092596530914e-02
5.280749406665563583e-03
-6.402992457151412964e-02
-5.019245296716690063e-02
1.100390125066041946e-02
-2.459874935448169708e-02
-4.281406849622726440e-02
-3.259703516960144043e-02
1.081269904971122742e-01
2.831844612956047058e-02
-6.888728588819503784e-02
-1.746358757372945547e-04
-3.332302672788500786e-03
8.640801161527633667e-02
-1.782499440014362335e-02
-4.145299270749092102e-02
-4.377910122275352478e-02
-1.398142892867326736e-02
3.243165463209152222e-02
4.060889035463333130e-02
-4.360164701938629150e-02
-4.660037159919738770e-02
1.581241041421890259e-01
1.211338862776756287e-01
-4.518450424075126648e-02
3.790290653705596924e-02
4.097541421651840210e-02
-1.886620931327342987e-02
-7.288230210542678833e-02
-1.903261244297027588e-02
-3.551972284913063049e-02
-6.782387848943471909e-03
-8.921029046177864075e-03
2.111906185746192932e-02
-3.736022859811782837e-02
-1.199713163077831268e-02
8.370734006166458130e-02
-1.697972230613231659e-02
2.147479541599750519e-02
7.224158197641372681e-02
2.802176959812641144e-02
1.049284115433692932e-01
-2.562640979886054993e-02
-2.081211656332015991e-02
1.822664216160774231e-02
2.732570283114910126e-02
-8.111674338579177856e-03
1.511325594037771225e-02
-1.074466258287429810e-01
4.149588197469711304e-02
5.977713689208030701e-02
4.686144739389419556e-02
-2.325632050633430481e-02
-2.100973762571811676e-02
-3.420811891555786133e-02
1.324032805860042572e-02
-3.277996927499771118e-02
-9.572572074830532074e-03
2.305981004610657692e-03
2.518281713128089905e-02
1.038577174767851830e-03
8.532201498746871948e-02
-4.014857485890388489e-02
3.830143809318542480e-02
1.363018713891506195e-02
-5.973056331276893616e-02
5.317042022943496704e-02
5.997100844979286194e-02
1.634158380329608917e-02
-7.007707655429840088e-02
6.782267242670059204e-02
3.977006417699158192e-04
3.466529026627540588e-02
-6.100621540099382401e-03
4.762865975499153137e-02
8.709938079118728638e-02
8.838710375130176544e-03
-1.220357418060302734e-01
3.202180936932563782e-02
2.274982444941997528e-02
8.031283318996429443e-02
-4.375994950532913208e-02
3.116417117416858673e-02
-1.713101938366889954e-02
-4.637663438916206360e-02
-3.740738332271575928e-02
6.232906877994537354e-02
-4.114784300327301025e-02
-6.889927387237548828e-02
-4.747082293033599854e-02
-2.836576290428638458e-02
-4.463807493448257446e-02
2.706499956548213959e-02
1.012762188911437988e-01
-1.677605323493480682e-02
1.026356369256973267e-01
-1.184007599949836731e-01
-1.589976437389850616e-02
-5.482929572463035583e-02
1.876082154922187328e-03
2.068174257874488831e-02
-6.442549824714660645e-02
