1.092866286635398865e-01
-3.595499321818351746e-03
3.455028682947158813e-02
-3.174728155136108398e-02
-2.127210050821304321e-02
-2.512278594076633453e-02
-7.258988171815872192e-02
-4.796718806028366089e-02
3.215414658188819885e-02
2.591509371995925903e-02
1.571161486208438873e-02
-3.526951372623443604e-02
-4.214162006974220276e-03
-6.928428262472152710e-02
-1.873984816484153271e-03
-3.205289691686630249e-02
2.580879628658294678e-02
7.382111251354217529e-02
-1.810312084853649139e-02
-9.162792935967445374e-03
-1.050136703997850418e-02
-8.279004134237766266e-03
1.835399121046066284e-02
-3.322934731841087341e-02
-3.504630178213119507e-02
-1.089946627616882324e-01
3.981651738286018372e-02
-5.326044559478759766e-02
-9.920394420623779297e-02
-1.034430414438247681e-01
7.054368406534194946e-02
-4.280025511980056763e-02
-5.940101295709609985e-02
-6.162859871983528137e-02
4.177891463041305542e-02
2.215914893895387650e-03
7.813735865056514740e-03
-4.595026746392250061e-02
-4.678500071167945862e-02
-5.567917227745056152e-02
5.603017285466194153e-02
-2.339946106076240540e-03
2.814236842095851898e-02
7.773436605930328369e-02
3.859329968690872192e-02
7.236637175083160400e-03
-1.392284780740737915e-01
5.688146129250526428e-02
-2.537033706903457642e-02
-4.838655143976211548e-02
-1.662085801362991333e-01
7.293147593736648560e-02
1.056554913520812988e-01
-9.727801382541656494e-02
-4.110564664006233215e-02
5.008542910218238831e-02
-2.845713868737220764e-02
-1.403409149497747421e-02
1.563192754983901978e-01
-2.235210500657558441e-02
7.347433269023895264e-02
4.665419831871986389e-02
-7.645564526319503784e-02
-3.388258628547191620e-03
-6.486612558364868164e-02
-5.264793336391448975e-02
-5.850915983319282532e-02
-9.804857522249221802e-02
-8.159839548170566559e-03
-6.477539241313934326e-02
-8.604706078767776489e-02
-8.665807545185089111e-02
1.223111599683761597e-01
-7.740084081888198853e-02
-1.395131498575210571e-01
4.982853308320045471e-02
-7.163287699222564697e-02
8.926298469305038452e-02
8.241027593612670898e-03
-1.971219778060913086e-01
3.265177085995674133e-02
6.428242474794387817e-02
2.888229489326477051e-02
7.182464748620986938e-02
-5.459965020418167114e-02
4.525657370686531067e-02
-4.598299413919448853e-02
6.144006550312042236e-02
4.223532974720001221e-02
-4.822097718715667725e-02
-1.735822111368179321e-01
-4.050905629992485046e-02
-4.678873717784881592e-02
-2.573670819401741028e-02
-6.177736446261405945e-02
-5.184087157249450684e-02
-3.342219814658164978e-02
1.281001418828964233e-02
6.032262742519378662e-02
-7.228919118642807007e-02
5.491771176457405090e-02
-8.740347810089588165e-03
1.206161640584468842e-02
-2.833666093647480011e-02
-3.115167142823338509e-03
-7.252114266157150269e-02
7.465478032827377319e-02
7.328550517559051514e-02
1.087575107812881470e-01
-9.609768539667129517e-02
3.324137767776846886e-03
1.396598666906356812e-01
-1.129043288528919220e-02
9.524969011545181274e-02
8.551756851375102997e-03
-3.608202189207077026e-02
-1.349634770303964615e-02
3.619970753788948059e-02
4.173499718308448792e-02
-5.681981518864631653e-02
-2.978969365358352661e-02
1.053622215986251831e-01
-1.419268955942243338e-04
4.460269212722778320e-02
-6.580123305320739746e-02
-1.224238704890012741e-02
-4.486205428838729858e-02
-8.928892016410827637e-02
-9.816253185272216797e-02
1.030394658446311951e-01
1.273796800523996353e-02
9.165781736373901367e-02
-9.139019250869750977e-02
3.439424932003021240e-02
3.676674515008926392e-02
1.808360777795314789e-02
-6.377056241035461426e-02
6.836442044004797935e-04
8.619132637977600098e-02
4.456939175724983215e-02
1.466133538633584976e-02
5.064963176846504211e-02
5.089448764920234680e-02
-1.203444153070449829e-01
-8.332010358572006226e-02
-5.122408643364906311e-02
8.212898671627044678e-02
7.023843470960855484e-03
-2.963486476801335812e-04
6.330971140414476395e-03
-6.444496661424636841e-02
-6.465506553649902344e-02
3.021434508264064789e-02
-6.769851315766572952e-03
-4.215744137763977051e-02
-2.988777682185173035e-02
1.026286706328392029e-01
-2.838976914063096046e-03
-5.860373377799987793e-02
7.657936308532953262e-03
3.579804440960288048e-03
1.093148589134216309e-01
-4.035261645913124084e-02
-2.392543666064739227e-02
-2.222311869263648987e-02
-3.093956969678401947e-03
4.064595326781272888e-02
4.310716316103935242e-02
-5.611616745591163635e-02
-7.036728411912918091e-02
1.532679349184036255e-01
1.177045777440071106e-01
-4.372451081871986389e-02
4.819869995117187500e-02
5.009996145963668823e-02
-3.224762156605720520e-02
-8.643218874931335449e-02
-4.899406805634498596e-03
-4.279431700706481934e-02
9.702658280730247498e-03
-2.020636014640331268e-02
8.526861667633056641e-03
-3.182908892631530762e-02
-1.173237105831503868e-03
6.713630259037017822e-02
-3.232899308204650879e-02
2.827407792210578918e-02
5.533663555979728699e-02
1.256349217146635056e-02
1.122651100158691406e-01
-2.112035639584064484e-02
-2.973065339028835297e-02
1.996085792779922485e-02
3.224926441907882690e-02
-1.205895189195871353e-02
5.133864469826221466e-03
-1.362055242061614990e-01
4.937825724482536316e-02
7.498049736022949219e-02
5.451742187142372131e-02
-1.712949015200138092e-02
-2.432469092309474945e-02
-4.105378873646259308e-03
3.392409160733222961e-02
-2.373399585485458374e-02
1.154619827866554260e-02
8.195906877517700195e-03
2.390793338418006897e-02
8.540737442672252655e-03
8.711781352758407593e-02
-2.772749960422515869e-02
2.901222184300422668e-02
3.609749488532543182e-03
-6.091686710715293884e-02
5.208590999245643616e-02
8.131309598684310913e-02
3.223513439297676086e-02
-9.456533193588256836e-02
9.036418795585632324e-02
1.174595486372709274e-02
4.802644625306129456e-02
-2.602766454219818115e-02
6.132996454834938049e-02
9.393388032913208008e-02
3.499579057097434998e-02
-1.767958998680114746e-01
2.004350349307060242e-02
2.367293648421764374e-02
1.017931103706359863e-01
-7.158181816339492798e-02
4.971769824624061584e-02
-1.347112469375133514e-02
-9.423863887786865234e-02
-3.813575580716133118e-02
6.270343810319900513e-02
-4.092518612742424011e-02
-7.887196540832519531e-02
-8.046244829893112183e-02
-4.304381087422370911e-02
-6.090379878878593445e-02
1.435301266610622406e-02
1.115249097347259521e-01
-2.413975819945335388e-02
8.623584359884262085e-02
-1.172431856393814087e-01
-3.754715621471405029e-02
-6.997831910848617554e-02
8.149011991918087006e-03
2.873224951326847076e-02
-8.153294026851654053e-02
