1.590602099895477295e-01
-1.792116649448871613e-02
3.666684776544570923e-02
-4.835697263479232788e-02
-5.118569731712341309e-02
-2.383096329867839813e-02
-9.933653473854064941e-02
-5.528249964118003845e-02
7.402538508176803589e-02
5.143920332193374634e-02
2.782505378127098083e-02
-5.110400170087814331e-02
-1.102153398096561432e-02
-8.373320847749710083e-02
1.023930963128805161e-02
-4.103159159421920776e-02
3.511921316385269165e-02
9.795137494802474976e-02
7.428547367453575134e-03
-3.057161346077919006e-02
-4.419584199786186218e-02
-1.709298696368932724e-03
4.472143482416868210e-03
-2.785727009177207947e-02
-4.254652932286262512e-02
-1.295841783285140991e-01
2.979746274650096893e-02
-6.308219581842422485e-02
-1.102480739355087280e-01
-1.224966347217559814e-01
8.764491975307464600e-02
-6.263968348503112793e-02
-7.483604550361633301e-02
-6.272509694099426270e-02
3.757420554757118225e-02
-1.101781334728002548e-02
1.231468189507722855e-02
-2.760301716625690460e-02
-3.467355296015739441e-02
-4.159705713391304016e-02
5.110037326812744141e-02
-1.521734334528446198e-02
3.333899006247520447e-02
7.466084510087966919e-02
4.491654410958290100e-02
2.251621149480342865e-02
-1.294358670711517334e-01
3.554041683673858643e-02
-2.194368094205856323e-02
-3.524696454405784607e-02
-1.706646233797073364e-01
6.451220810413360596e-02
1.148753315210342407e-01
-1.001264899969100952e-01
-4.640087112784385681e-02
4.297443106770515442e-02
-3.247493132948875427e-02
1.265924703329801559e-02
1.571373790502548218e-01
-2.076110802590847015e-02
5.752049386501312256e-02
4.932341352105140686e-02
-6.527052819728851318e-02
-1.152225770056247711e-02
-6.196075305342674255e-02
-5.601266399025917053e-02
-5.372338369488716125e-02
-9.554738551378250122e-02
-1.171574741601943970e-02
-4.892230406403541565e-02
-1.026971042156219482e-01
-8.340112864971160889e-02
1.347458362579345703e-01
-8.965165913105010986e-02
-1.319205462932586670e-01
5.079468712210655212e-02
-8.175625652074813843e-02
7.698677480220794678e-02
1.852864027023315430e-02
-1.859804689884185791e-01
3.794293478131294250e-02
4.949139058589935303e-02
1.182854082435369492e-02
7.178975641727447510e-02
-5.920881405472755432e-02
4.439749941229820251e-02
-3.748603537678718567e-02
6.353446841239929199e-02
2.494775690138339996e-02
-3.933379054069519043e-02
-1.488754898309707642e-01
-3.953969106078147888e-02
-6.153303757309913635e-02
-3.243551030755043030e-02
-5.490627884864807129e-02
-5.575161799788475037e-02
-2.423957921564579010e-02
1.927767693996429443e-02
4.721117019653320312e-02
-7.266387343406677246e-02
3.307279199361801147e-02
-2.032037155004218221e-04
2.492132131010293961e-03
-2.276637405157089233e-02
-7.315905764698982239e-03
-6.484648585319519043e-02
6.565457582473754883e-02
8.235715329647064209e-02
8.513335883617401123e-02
-8.967734128236770630e-02
5.346584599465131760e-03
1.195594966411590576e-01
-2.812007255852222443e-02
7.492900639772415161e-02
1.722448738291859627e-03
-1.492857094854116440e-02
-2.464973367750644684e-02
4.016970098018646240e-02
5.176528170704841614e-02
-4.797157645225524902e-02
-1.759686321020126343e-02
9.904652088880538940e-02
6.301126442849636078e-03
3.305355086922645569e-02
-6.016292423009872437e-02
1.156879123300313950e-02
-3.817068040370941162e-02
-8.816563338041305542e-02
-8.772633969783782959e-02
8.546447008848190308e-02
6.230114959180355072e-03
7.753780484199523926e-02
-8.664238452911376953e-02
3.134845197200775146e-02
3.858592361211776733e-02
7.908931002020835876e-03
-6.541496515274047852e-02
6.734362803399562836e-03
8.213468641042709351e-02
3.819382563233375549e-02
9.171177633106708527e-03
6.321887671947479248e-02
2.576521225273609161e-02
-1.257571578025817871e-01
-6.039893627166748047e-02
-4.895282536745071411e-02
7.009796798229217529e-02
8.906668052077293396e-03
-1.206931564956903458e-02
1.718198647722601891e-03
-5.946303158998489380e-02
-4.489315673708915710e-02
1.591580919921398163e-02
-1.554784364998340607e-02
-4.219183698296546936e-02
-2.392525970935821533e-02
9.587110579013824463e-02
3.896579146385192871e-03
-6.418152898550033569e-02
-9.323234553448855877e-04
9.521371684968471527e-03
1.003804951906204224e-01
-2.707644738256931305e-02
-2.979275397956371307e-02
-4.064685106277465820e-02
-9.230741299688816071e-03
4.511683434247970581e-02
2.821571752429008484e-02
-4.251663386821746826e-02
-6.216402724385261536e-02
1.629807949066162109e-01
1.268533468246459961e-01
-5.745539069175720215e-02
4.184185341000556946e-02
3.396291285753250122e-02
-1.579546369612216949e-02
-6.728172302246093750e-02
8.414676995016634464e-04
-2.897086925804615021e-02
-6.373171345330774784e-04
-1.756730303168296814e-02
2.713348250836133957e-03
-3.615066781640052795e-02
-1.099561341106891632e-03
5.700054019689559937e-02
-2.663091570138931274e-02
1.742997951805591583e-02
5.395885556936264038e-02
1.962557062506675720e-02
1.193770244717597961e-01
-1.907119341194629669e-02
-2.888187393546104431e-02
3.196232020854949951e-02
4.103608429431915283e-02
-8.297018706798553467e-03
3.793993499130010605e-03
-1.182277128100395203e-01
5.214988812804222107e-02
6.253585964441299438e-02
5.412151291966438293e-02
-2.490635029971599579e-02
-3.614706546068191528e-02
-2.603321336209774017e-02
2.341317571699619293e-02
-2.758524753153324127e-02
-9.454132057726383209e-03
3.892282256856560707e-03
2.984700538218021393e-02
-1.124947983771562576e-02
1.014297232031822205e-01
-3.923352062702178955e-02
3.640386834740638733e-02
7.100099232047796249e-03
-6.588716059923171997e-02
6.358538568019866943e-02
7.924864441156387329e-02
3.070359490811824799e-02
-8.336179703474044800e-02
7.669469714164733887e-02
1.241157855838537216e-02
4.926656559109687805e-02
-1.532425452023744583e-02
4.560991749167442322e-02
7.068158686161041260e-02
1.879946328699588776e-02
-1.580599844455718994e-01
1.488904096186161041e-02
1.862540096044540405e-02
1.018113791942596436e-01
-5.127910897135734558e-02
4.646283015608787537e-02
-1.796973496675491333e-02
-7.386169582605361938e-02
-3.188677504658699036e-02
7.700601965188980103e-02
-4.643738269805908203e-02
-8.202938735485076904e-02
-7.495149970054626465e-02
-5.262770503759384155e-02
-5.155875533819198608e-02
2.960740029811859131e-02
1.446746736764907837e-01
-2.576964348554611206e-02
1.167835146188735962e-01
-1.534471809864044189e-01
-3.698539361357688904e-02
-7.474429160356521606e-02
-7.571294903755187988e-03
3.817698732018470764e-02
-8.869441598653793335e-02
