1.186053529381752014e-01
3.736944869160652161e-02
3.365158289670944214e-02
-3.349607810378074646e-02
1.177887618541717529e-02
-6.265574693679809570e-02
-6.570663303136825562e-02
-7.424528151750564575e-02
-2.437546290457248688e-02
3.686697222292423248e-03
-3.169680386781692505e-02
-3.341422975063323975e-02
3.783798078075051308e-03
-7.981058210134506226e-02
-3.321838006377220154e-02
-3.252785652875900269e-02
3.046633861958980560e-02
8.805629611015319824e-02
-3.302463889122009277e-02
2.246097289025783539e-02
8.921420201659202576e-03
-7.111533731222152710e-02
4.204529151320457458e-02
-3.396835550665855408e-02
-1.047075092792510986e-01
-1.252593696117401123e-01
8.082475513219833374e-02
-6.168868765234947205e-02
-9.916404634714126587e-02
-9.834713488817214966e-02
7.424102723598480225e-02
-6.760269403457641602e-02
-3.285283595323562622e-02
-3.443744406104087830e-02
2.859544381499290466e-02
2.210359461605548859e-02
1.779252290725708008e-02
-7.528515905141830444e-02
-3.053024038672447205e-02
-9.297784417867660522e-02
3.397122770547866821e-02
2.831959910690784454e-02
5.457495804876089096e-03
8.336315304040908813e-02
7.752104103565216064e-02
-1.840670965611934662e-02
-1.538864076137542725e-01
1.114282235503196716e-01
-2.115285769104957581e-02
-8.025700598955154419e-02
-1.241094544529914856e-01
7.172060757875442505e-02
1.116452664136886597e-01
-6.888854503631591797e-02
-1.891030929982662201e-02
2.627033926546573639e-02
-5.334953591227531433e-02
-7.517892867326736450e-02
8.692470192909240723e-02
-2.908611111342906952e-02
8.013895899057388306e-02
6.270126998424530029e-02
-1.059822365641593933e-01
6.427832413464784622e-03
-5.384289473295211792e-02
-2.870105206966400146e-02
-3.778906911611557007e-02
-4.970580711960792542e-02
9.843281470239162445e-03
-5.020534992218017578e-02
-1.697820983827114105e-02
-5.923862382769584656e-02
5.367356911301612854e-02
-2.658057399094104767e-02
-1.232119649648666382e-01
2.311562001705169678e-02
-3.650383651256561279e-02
7.178502529859542847e-02
-3.534655272960662842e-02
-1.292295306921005249e-01
-4.329967312514781952e-03
8.405494689941406250e-02
1.031593084335327148e-01
4.595679044723510742e-02
-3.500222787261009216e-02
4.609413072466850281e-02
-7.390517275780439377e-03
-6.178748793900012970e-03
1.034972220659255981e-01
-4.598508030176162720e-02
-1.914792209863662720e-01
4.955125506967306137e-03
-1.308434735983610153e-02
-2.293926518177613616e-04
-6.287902593612670898e-02
-2.669350430369377136e-02
-2.273543924093246460e-02
-5.378826055675745010e-03
9.084442257881164551e-02
-3.320397436618804932e-02
6.590283662080764771e-02
1.031867135316133499e-02
3.122943826019763947e-02
-4.720239341259002686e-02
-1.513328170403838158e-03
-5.818915739655494690e-02
4.937605559825897217e-02
3.804568946361541748e-02
1.107724905014038086e-01
-8.485121279954910278e-02
-1.545733958482742310e-02
1.400890201330184937e-01
-3.245717089157551527e-04
8.832721412181854248e-02
2.286786027252674103e-02
-1.426391769200563431e-02
3.856912255287170410e-02
2.515619248151779175e-02
1.130999531596899033e-02
-6.726358830928802490e-02
-4.426667466759681702e-02
9.647954255342483521e-02
-1.239565480500459671e-02
7.364730536937713623e-02
-6.105754896998405457e-02
-4.807607457041740417e-02
-5.695535987615585327e-02
-3.900748118758201599e-02
-7.930931448936462402e-02
1.438131183385848999e-01
2.000901475548744202e-02
7.938644289970397949e-02
-8.688640594482421875e-02
2.301090955734252930e-02
5.943692754954099655e-03
1.645505800843238831e-02
-1.076679024845361710e-02
-1.344857264484744519e-05
9.192667901515960693e-02
8.035254478454589844e-02
-1.167471706867218018e-02
1.942660473287105560e-02
4.543976113200187683e-02
-9.386453777551651001e-02
-1.032517030835151672e-01
-6.601976603269577026e-02
8.527850359678268433e-02
1.659866794943809509e-02
6.112759187817573547e-02
-7.233381271362304688e-03
-8.418329060077667236e-02
-6.660777330398559570e-02
6.933487206697463989e-02
3.570392727851867676e-02
-1.021133642643690109e-02
-2.326175197958946228e-02
1.027267202734947205e-01
-1.638260297477245331e-02
-3.900333121418952942e-02
2.836330048739910126e-02
-2.263610810041427612e-02
1.280398517847061157e-01
-7.070873677730560303e-02
-7.227558176964521408e-03
1.233844831585884094e-02
2.065990865230560303e-02
1.659201458096504211e-02
8.912127465009689331e-02
-7.550683617591857910e-02
-1.019966900348663330e-01
1.275617927312850952e-01
9.332861006259918213e-02
1.549495663493871689e-02
7.966748625040054321e-02
7.415591180324554443e-02
-4.801875725388526917e-02
-1.136518865823745728e-01
-2.866221405565738678e-02
-7.428131997585296631e-02
4.663356766104698181e-02
6.212551612406969070e-03
3.284161211922764778e-03
9.464542381465435028e-04
5.192407406866550446e-03
9.815273433923721313e-02
-2.714708447456359863e-02
5.783552303910255432e-02
4.768916219472885132e-02
-8.038811385631561279e-03
8.630699664354324341e-02
-5.173166468739509583e-02
-7.306281477212905884e-03
3.377077635377645493e-03
3.131780540570616722e-03
-2.457667142152786255e-02
1.248873025178909302e-02
-1.245096996426582336e-01
6.581456214189529419e-02
9.171143919229507446e-02
7.741548866033554077e-02
5.359822884202003479e-03
-2.267950959503650665e-02
3.641941025853157043e-02
4.592777043581008911e-02
7.808167953044176102e-03
1.561444252729415894e-02
4.019521176815032959e-03
3.049083426594734192e-02
1.470146700739860535e-02
8.647364377975463867e-02
7.617508061230182648e-03
-1.112428121268749237e-02
2.767086774110794067e-02
-5.327071622014045715e-02
1.107746921479701996e-02
4.518883675336837769e-02
-8.671933785080909729e-03
-1.124982759356498718e-01
5.838338285684585571e-02
-3.453192859888076782e-02
3.391495347023010254e-02
-3.279602155089378357e-02
9.456018358469009399e-02
1.008722707629203796e-01
7.160355150699615479e-02
-1.615168154239654541e-01
7.271981984376907349e-02
2.533510327339172363e-02
6.835616379976272583e-02
-8.517938107252120972e-02
-1.092306431382894516e-02
-5.160252377390861511e-02
-1.528494358062744141e-01
-2.833167463541030884e-02
4.648508131504058838e-02
-2.951333113014698029e-02
-1.063379868865013123e-01
-8.162532001733779907e-02
-8.528168313205242157e-03
-7.213500142097473145e-02
1.065555121749639511e-02
2.604665420949459076e-02
-4.656008258461952209e-02
-1.135309319943189621e-02
-8.734842389822006226e-02
-4.458716139197349548e-02
-6.082398444414138794e-02
9.474316611886024475e-03
1.297793234698474407e-03
-5.811332538723945618e-02
