2.589024603366851807e-01
-2.050154842436313629e-02
5.743127688765525818e-02
-1.101961806416511536e-01
-4.467292129993438721e-02
-5.286648869514465332e-02
-1.376250535249710083e-01
-9.050349146127700806e-02
6.134771555662155151e-02
1.134685799479484558e-01
-2.061394788324832916e-02
-1.055103465914726257e-01
-3.439886495471000671e-02
-1.101411208510398865e-01
-5.954046733677387238e-03
-6.012622639536857605e-02
1.963361352682113647e-02
1.157443523406982422e-01
7.009293884038925171e-02
-5.806608125567436218e-03
-6.717021763324737549e-02
-6.851014494895935059e-02
3.924858570098876953e-02
1.914000138640403748e-02
-9.466495364904403687e-02
-1.563761681318283081e-01
1.202013250440359116e-02
-8.316402882337570190e-02
-1.098901256918907166e-01
-9.371045231819152832e-02
7.948242127895355225e-02
-1.113276109099388123e-01
-1.138869971036911011e-01
-3.525014966726303101e-02
4.074326157569885254e-02
-4.463568329811096191e-02
-5.581437610089778900e-03
-4.646453261375427246e-02
-8.569441735744476318e-03
-6.503763049840927124e-02
-2.858494408428668976e-02
-3.703880310058593750e-02
5.457052588462829590e-02
2.107823826372623444e-02
1.010244265198707581e-01
4.145314916968345642e-02
-8.603409677743911743e-02
5.476932227611541748e-02
-2.204942144453525543e-02
2.105712145566940308e-02
-1.031543016433715820e-01
2.442424185574054718e-02
1.072995290160179138e-01
-8.365064859390258789e-02
-9.528754279017448425e-03
1.856101443991065025e-03
-3.185736015439033508e-02
8.722567558288574219e-02
1.107089668512344360e-01
2.765896357595920563e-02
3.719079121947288513e-02
3.343706950545310974e-02
-6.503050774335861206e-02
-8.852949365973472595e-03
-7.979936152696609497e-02
-1.945891790091991425e-02
-3.315325081348419189e-02
-5.521432682871818542e-02
1.830510236322879791e-02
1.335674431174993515e-02
-9.421101957559585571e-02
-1.506390236318111420e-02
1.008848696947097778e-01
-4.443753883242607117e-02
-8.225563913583755493e-02
3.585698455572128296e-02
2.245414769276976585e-03
7.942166179418563843e-02
7.176952902227640152e-03
-8.571469783782958984e-02
5.017900466918945312e-02
7.436510175466537476e-02
7.258472591638565063e-02
3.227171301841735840e-02
-1.676624640822410583e-02
4.834979772567749023e-02
2.467082068324089050e-02
5.537950247526168823e-02
2.284656837582588196e-02
-4.502651095390319824e-02
-8.940812945365905762e-02
-1.401351857930421829e-02
-4.586049541831016541e-02
2.654896117746829987e-03
1.153815072029829025e-02
-7.501133531332015991e-02
-9.642664343118667603e-03
5.800144001841545105e-02
7.662790268659591675e-02
-9.194632619619369507e-02
3.955572471022605896e-02
1.533723901957273483e-03
1.735809072852134705e-02
-5.441804230213165283e-02
-6.337025761604309082e-02
-3.586872667074203491e-02
1.166308391839265823e-02
5.440003052353858948e-02
6.363049149513244629e-02
-7.757498323917388916e-02
-1.083642989397048950e-02
1.287618726491928101e-01
-8.759592473506927490e-02
5.289785191416740417e-02
-2.959927311167120934e-03
3.053067252039909363e-02
1.777139678597450256e-02
6.250485777854919434e-02
2.420398592948913574e-02
-6.027681753039360046e-02
1.805083453655242920e-02
1.048083007335662842e-01
-2.495105564594268799e-02
3.463982790708541870e-02
-2.423867024481296539e-02
3.173591569066047668e-02
-2.715601585805416107e-02
-3.975926339626312256e-02
-9.947887808084487915e-02
1.401066333055496216e-01
-4.712704569101333618e-03
5.898315832018852234e-02
-7.935096323490142822e-02
2.332952432334423065e-02
6.396542489528656006e-02
-1.986173726618289948e-02
-2.259584143757820129e-02
-2.773227728903293610e-02
4.616048932075500488e-02
7.145778834819793701e-02
-4.968167841434478760e-02
6.013685464859008789e-02
-6.218345463275909424e-02
-1.017651930451393127e-01
-9.372138231992721558e-02
-3.220294788479804993e-02
8.737098425626754761e-02
2.598844701424241066e-03
-3.536466741934418678e-03
-5.899990350008010864e-02
-9.028637409210205078e-02
-6.596297770738601685e-02
-4.950800538063049316e-02
1.052617002278566360e-02
-1.834984123706817627e-02
1.958240009844303131e-02
1.146940290927886963e-01
6.676319986581802368e-02
-3.141266107559204102e-02
-2.637557871639728546e-02
5.237354431301355362e-03
6.370659917593002319e-02
-1.370045915246009827e-02
-2.465823292732238770e-02
-1.108205243945121765e-01
-4.920779541134834290e-02
2.500083856284618378e-02
8.150190860033035278e-02
-3.176819160580635071e-02
-1.052661165595054626e-01
1.928843408823013306e-01
1.241232752799987793e-01
-6.311181932687759399e-02
7.432752847671508789e-02
3.081525862216949463e-02
-2.533495798707008362e-02
-7.659023255109786987e-02
7.981440983712673187e-03
-7.631807029247283936e-02
-1.401901245117187500e-02
1.238660304807126522e-03
-8.854612242430448532e-04
-3.566479682922363281e-02
2.590963430702686310e-02
7.789513468742370605e-02
1.834741793572902679e-02
3.315272927284240723e-02
2.542292512953281403e-02
8.096943609416484833e-03
9.467577189207077026e-02
-3.428936377167701721e-02
-7.040869910269975662e-03
6.901013851165771484e-02
1.937788352370262146e-02
1.856631785631179810e-02
3.739474341273307800e-02
-4.653136804699897766e-02
6.335884332656860352e-02
2.421716786921024323e-02
4.161330312490463257e-02
-4.247400164604187012e-02
-6.016800180077552795e-02
-4.740866646170616150e-02
-8.876587962731719017e-04
-2.624944411218166351e-02
-8.081007003784179688e-02
8.968343026936054230e-03
5.472905933856964111e-02
-1.490493863821029663e-02
7.761918008327484131e-02
-8.254431933164596558e-02
4.589433223009109497e-02
2.103576622903347015e-02
-6.770459562540054321e-02
8.286163210868835449e-02
1.771572232246398926e-02
3.754366561770439148e-02
-3.066942095756530762e-02
-4.198476672172546387e-03
-3.505328297615051270e-02
1.876250258646905422e-03
-1.663780212402343750e-02
-2.040487341582775116e-02
2.480975724756717682e-02
8.718778379261493683e-03
-7.361450791358947754e-02
5.511882901191711426e-02
4.242879524827003479e-02
5.255020409822463989e-02
-3.789643570780754089e-02
-3.268275782465934753e-02
-3.990892320871353149e-02
-2.620111219584941864e-02
-1.890099048614501953e-02
1.016214862465858459e-01
-2.968468703329563141e-02
-8.565288037061691284e-02
-7.190528791397809982e-03
-5.335525423288345337e-02
-2.828048169612884521e-02
5.220279097557067871e-03
8.669666200876235962e-02
3.599904011934995651e-03
1.010063886642456055e-01
-1.649605184793472290e-01
1.258610282093286514e-02
-8.073063194751739502e-02
-5.883230641484260559e-02
4.371505603194236755e-02
-5.445839837193489075e-02
