1.448477804660797119e-01
-4.160089883953332901e-03
3.506610170006752014e-02
-3.788400813937187195e-02
-3.270384296774864197e-02
-2.942099981009960175e-02
-8.694576472043991089e-02
-4.907616972923278809e-02
4.713405296206474304e-02
3.481464833021163940e-02
6.512072868645191193e-03
-4.444203898310661316e-02
-3.792176488786935806e-03
-7.991223782300949097e-02
6.614374462515115738e-03
-4.468972980976104736e-02
2.320415712893009186e-02
7.594174891710281372e-02
-5.930515937507152557e-03
-7.087479811161756516e-03
-2.340386994183063507e-02
-8.517697453498840332e-03
1.935693249106407166e-02
-2.628362923860549927e-02
-3.735867142677307129e-02
-1.105284541845321655e-01
3.559765964746475220e-02
-5.943666025996208191e-02
-1.090138033032417297e-01
-1.030185520648956299e-01
6.532291322946548462e-02
-4.645132645964622498e-02
-5.509104952216148376e-02
-6.343910843133926392e-02
3.808668628334999084e-02
-8.421342819929122925e-03
1.646505296230316162e-02
-4.077596217393875122e-02
-5.411805212497711182e-02
-5.356691405177116394e-02
5.291667953133583069e-02
-4.742477089166641235e-03
4.008891433477401733e-02
6.865440309047698975e-02
4.182203486561775208e-02
1.792030781507492065e-02
-1.266985833644866943e-01
4.684129729866981506e-02
-2.921328693628311157e-02
-3.753238543868064880e-02
-1.725235432386398315e-01
6.606709212064743042e-02
1.104646399617195129e-01
-9.716738760471343994e-02
-3.838692978024482727e-02
4.689755290746688843e-02
-2.766362205147743225e-02
-4.884064546786248684e-04
1.633289009332656860e-01
-7.786398287862539291e-03
6.739110499620437622e-02
3.764731809496879578e-02
-7.784194499254226685e-02
4.649690818041563034e-04
-7.220995426177978516e-02
-5.308539047837257385e-02
-5.209970474243164062e-02
-1.055431962013244629e-01
-3.266534768044948578e-04
-5.258844420313835144e-02
-9.455068409442901611e-02
-9.016914665699005127e-02
1.344744265079498291e-01
-7.780807465314865112e-02
-1.365664452314376831e-01
4.848290979862213135e-02
-6.097123026847839355e-02
9.028061479330062866e-02
1.170141156762838364e-02
-1.908099353313446045e-01
4.179241135716438293e-02
6.174809858202934265e-02
2.180589549243450165e-02
7.176761329174041748e-02
-5.037344992160797119e-02
4.672205448150634766e-02
-3.693109750747680664e-02
6.546430289745330811e-02
3.467034921050071716e-02
-4.606286808848381042e-02
-1.626982986927032471e-01
-4.006938636302947998e-02
-5.274996906518936157e-02
-2.197548374533653259e-02
-5.204282701015472412e-02
-5.487657710909843445e-02
-3.135560452938079834e-02
3.302484378218650818e-02
7.927358150482177734e-02
-9.023363888263702393e-02
6.201863288879394531e-02
-1.471733208745718002e-02
1.901628263294696808e-02
-2.273905277252197266e-02
-1.176396105438470840e-02
-6.318835914134979248e-02
6.928267329931259155e-02
8.454066514968872070e-02
1.123501881957054138e-01
-9.460713714361190796e-02
-1.012032385915517807e-03
1.467472910881042480e-01
-1.492397766560316086e-02
9.860034286975860596e-02
3.585692262277007103e-03
-2.657804638147354126e-02
-1.818896085023880005e-02
4.554989561438560486e-02
4.991237074136734009e-02
-6.092705950140953064e-02
-3.638417273759841919e-02
1.107556819915771484e-01
-1.462596119381487370e-03
4.130505397915840149e-02
-5.595258623361587524e-02
-1.145507092587649822e-03
-4.747079685330390930e-02
-8.439545333385467529e-02
-1.017651259899139404e-01
1.107315570116043091e-01
1.070064119994640350e-02
8.508374541997909546e-02
-9.495591372251510620e-02
3.744025528430938721e-02
4.528607800602912903e-02
1.289668679237365723e-02
-7.118140906095504761e-02
5.439213942736387253e-03
9.016380459070205688e-02
4.755571857094764709e-02
1.239656470715999603e-02
5.125411227345466614e-02
4.520044848322868347e-02
-1.325835287570953369e-01
-8.326732367277145386e-02
-5.055670067667961121e-02
8.498241752386093140e-02
6.682100240141153336e-03
-1.082377415150403976e-02
1.099483482539653778e-02
-7.168977707624435425e-02
-6.738413870334625244e-02
1.749528758227825165e-02
-1.470824610441923141e-02
-4.422575607895851135e-02
-3.046558983623981476e-02
1.027106121182441711e-01
7.773717865347862244e-03
-6.111312285065650940e-02
1.338039990514516830e-03
5.882797297090291977e-03
1.030184701085090637e-01
-3.038842789828777313e-02
-2.505287900567054749e-02
-3.016664274036884308e-02
-1.018133386969566345e-02
4.539697989821434021e-02
4.285205155611038208e-02
-4.819008335471153259e-02
-6.609004735946655273e-02
1.528289914131164551e-01
1.240767911076545715e-01
-5.479058995842933655e-02
4.973170161247253418e-02
4.805157706141471863e-02
-2.696898952126502991e-02
-7.868344336748123169e-02
-1.727300579659640789e-03
-4.750889167189598083e-02
3.227398032322525978e-03
-2.060994692146778107e-02
1.489007566124200821e-02
-3.300210088491439819e-02
-4.444255027920007706e-03
6.712801754474639893e-02
-2.296344563364982605e-02
3.027372807264328003e-02
5.499180406332015991e-02
1.597767509520053864e-02
1.112791001796722412e-01
-2.094263583421707153e-02
-2.896408177912235260e-02
2.572412043809890747e-02
3.022945113480091095e-02
-8.731313049793243408e-03
8.851389400660991669e-03
-1.222093477845191956e-01
5.037792026996612549e-02
6.531878560781478882e-02
5.717173218727111816e-02
-1.862131617963314056e-02
-2.870495058596134186e-02
-1.297590602189302444e-02
3.070666827261447906e-02
-3.618166968226432800e-02
-1.609515631571412086e-03
2.693505026400089264e-03
2.529854513704776764e-02
3.288743784651160240e-03
8.680089563131332397e-02
-3.313595429062843323e-02
3.356156870722770691e-02
7.928990526124835014e-04
-6.157429516315460205e-02
5.738477036356925964e-02
7.669239491224288940e-02
3.710185363888740540e-02
-8.160410076379776001e-02
7.749066501855850220e-02
5.411937367171049118e-03
3.513242676854133606e-02
-1.587106660008430481e-02
4.802518337965011597e-02
8.263606578111648560e-02
2.592221647500991821e-02
-1.483313292264938354e-01
1.719108596444129944e-02
2.419304847717285156e-02
8.901008218526840210e-02
-5.915410071611404419e-02
4.293147474527359009e-02
-1.194765884429216385e-02
-6.996897608041763306e-02
-4.343594610691070557e-02
7.059251517057418823e-02
-4.015458747744560242e-02
-7.432477176189422607e-02
-5.675752833485603333e-02
-4.083192721009254456e-02
-4.903377592563629150e-02
1.964396238327026367e-02
1.170958057045936584e-01
-1.493793912231922150e-02
9.983124583959579468e-02
-1.292884498834609985e-01
-2.637623064219951630e-02
-6.724806129932403564e-02
1.183758140541613102e-03
3.284266218543052673e-02
-7.243087887763977051e-02
