1.829589307308197021e-01
-3.562891390174627304e-03
4.770226776599884033e-02
-5.194792896509170532e-02
-5.542063713073730469e-02
-5.422811210155487061e-02
-1.140747144818305969e-01
-5.789469182491302490e-02
7.346468418836593628e-02
5.852650851011276245e-02
6.410489790141582489e-03
-3.697962313890457153e-02
2.286263974383473396e-03
-1.131970360875129700e-01
2.203893102705478668e-02
-6.048953160643577576e-02
4.209808632731437683e-02
9.529720991849899292e-02
7.134398911148309708e-03
-2.785591967403888702e-02
-3.121446818113327026e-02
-1.406166888773441315e-02
3.346712887287139893e-02
-2.241900376975536346e-02
-6.373623758554458618e-02
-1.215829402208328247e-01
4.031993076205253601e-02
-7.290361076593399048e-02
-1.178248822689056396e-01
-9.931436926126480103e-02
7.873287051916122437e-02
-5.438404157757759094e-02
-4.120904952287673950e-02
-8.837635070085525513e-02
2.325768209993839264e-02
-1.489208918064832687e-02
3.586573153734207153e-02
-3.680089488625526428e-02
-4.558525234460830688e-02
-5.142293870449066162e-02
5.832494422793388367e-02
-2.793926000595092773e-02
3.302269428968429565e-02
8.789788931608200073e-02
4.936112090945243835e-02
2.424234524369239807e-02
-1.317247897386550903e-01
9.570203721523284912e-03
-1.703267730772495270e-02
-4.831219837069511414e-02
-1.713470369577407837e-01
6.587795168161392212e-02
1.205727085471153259e-01
-8.039747923612594604e-02
-5.534893274307250977e-02
5.078075453639030457e-02
-3.380989283323287964e-02
-2.069860696792602539e-03
1.477904319763183594e-01
-3.397874161601066589e-02
5.957757309079170227e-02
4.809711501002311707e-02
-6.312214583158493042e-02
2.392439637333154678e-03
-6.282839179039001465e-02
-6.675986945629119873e-02
-6.407786905765533447e-02
-8.870425075292587280e-02
5.151455290615558624e-03
-5.846636742353439331e-02
-8.397186547517776489e-02
-9.435217827558517456e-02
1.324592828750610352e-01
-8.054640144109725952e-02
-1.140678972005844116e-01
6.307081133127212524e-02
-8.478302508592605591e-02
5.550076067447662354e-02
9.761590627022087574e-04
-1.679465919733047485e-01
4.290214926004409790e-02
6.212924420833587646e-02
1.930375397205352783e-02
5.327938124537467957e-02
-6.363381445407867432e-02
6.147367507219314575e-02
-3.509298712015151978e-02
4.691073298454284668e-02
2.935991622507572174e-02
-3.178678452968597412e-02
-1.607895940542221069e-01
-1.660864800214767456e-02
-6.279567629098892212e-02
-1.623122021555900574e-02
-5.644484981894493103e-02
-5.219293013215065002e-02
-3.401900082826614380e-02
1.005469262599945068e-02
7.020216435194015503e-02
-8.538156002759933472e-02
5.800573900341987610e-02
-2.995919436216354370e-03
1.078138779848814011e-02
-1.951531320810317993e-02
-3.900798037648200989e-03
-5.775345861911773682e-02
6.711972504854202271e-02
9.710536897182464600e-02
9.484416991472244263e-02
-1.055776402354240417e-01
-2.268344163894653320e-03
1.305778324604034424e-01
-2.637210115790367126e-02
7.973255962133407593e-02
1.444092579185962677e-02
-2.856408245861530304e-02
-9.542038664221763611e-03
5.735450610518455505e-02
5.604548379778862000e-02
-6.611251831054687500e-02
-4.948185384273529053e-02
9.472732990980148315e-02
7.568617817014455795e-03
6.636021286249160767e-02
-4.614930599927902222e-02
2.055787015706300735e-03
-4.785254225134849548e-02
-9.983537346124649048e-02
-1.082536503672599792e-01
9.710585325956344604e-02
5.169314332306385040e-03
8.695431798696517944e-02
-9.025450795888900757e-02
4.364676773548126221e-02
2.727015502750873566e-02
3.401534259319305420e-02
-7.751186192035675049e-02
4.476386308670043945e-02
1.188427954912185669e-01
4.459431022405624390e-02
4.032080993056297302e-02
5.938112735748291016e-02
4.729452356696128845e-02
-1.352623105049133301e-01
-6.571733206510543823e-02
-6.294785439968109131e-02
8.554457128047943115e-02
1.175888720899820328e-02
-1.160501968115568161e-02
1.535341609269380569e-02
-6.095446646213531494e-02
-4.938673973083496094e-02
3.077645599842071533e-02
-2.562942728400230408e-02
-4.384734481573104858e-02
-3.935515135526657104e-02
1.117415875196456909e-01
2.589276619255542755e-02
-7.177829742431640625e-02
6.312686018645763397e-03
-1.550834905356168747e-02
8.962088078260421753e-02
-1.536441314965486526e-02
-4.661281406879425049e-02
-2.726714871823787689e-02
-1.097354758530855179e-02
2.556633017957210541e-02
5.009290203452110291e-02
-4.312987625598907471e-02
-3.995776921510696411e-02
1.465268731117248535e-01
1.123462393879890442e-01
-2.886593528091907501e-02
4.184120893478393555e-02
4.832196608185768127e-02
-1.348512526601552963e-02
-7.647546380758285522e-02
-3.082850575447082520e-02
-3.725954517722129822e-02
-8.160017314366996288e-04
8.910698234103620052e-04
2.348623238503932953e-02
-2.604890801012516022e-02
-2.177821658551692963e-02
9.760040044784545898e-02
-2.216302230954170227e-02
2.602782100439071655e-02
8.333158493041992188e-02
3.098661266267299652e-02
9.976711124181747437e-02
-3.219131007790565491e-02
-2.231133915483951569e-02
1.905085984617471695e-03
2.095113880932331085e-02
-1.523050572723150253e-02
1.266649086028337479e-02
-1.157669052481651306e-01
4.037490114569664001e-02
6.459891796112060547e-02
4.905125126242637634e-02
-1.592837460339069366e-02
-1.095191482454538345e-02
-2.098098956048488617e-02
1.397325191646814346e-02
-2.589105442166328430e-02
4.786436446011066437e-03
5.527928005903959274e-03
2.008424140512943268e-02
1.023370306938886642e-02
8.281601965427398682e-02
-2.404444478452205658e-02
2.812226489186286926e-02
1.746023073792457581e-02
-5.484979599714279175e-02
3.604255989193916321e-02
5.395746976137161255e-02
6.849607452750205994e-04
-7.979831099510192871e-02
7.261940091848373413e-02
-2.219106390839442611e-04
3.431328758597373962e-02
-3.931952640414237976e-03
6.394357979297637939e-02
9.998112171888351440e-02
1.066969614475965500e-02
-1.223340034484863281e-01
4.052617773413658142e-02
1.590546220541000366e-02
7.743735611438751221e-02
-5.242320150136947632e-02
3.562172874808311462e-02
-2.019137889146804810e-02
-5.982137098908424377e-02
-4.605096206068992615e-02
5.757453665137290955e-02
-4.144125059247016907e-02
-7.436443865299224854e-02
-5.331876501441001892e-02
-1.823657192289829254e-02
-5.313945561647415161e-02
3.426121547818183899e-02
9.374274313449859619e-02
-2.184467576444149017e-02
9.949827939271926880e-02
-1.101013347506523132e-01
-2.652361616492271423e-02
-5.457368493080139160e-02
2.314875461161136627e-02
8.876103907823562622e-03
-6.933528184890747070e-02
