9.474698454141616821e-02
5.288399290293455124e-03
7.920569740235805511e-03
-1.087176520377397537e-02
-2.181410090997815132e-03
1.264432072639465332e-02
-3.054075129330158234e-02
-3.703984618186950684e-02
-6.470737513154745102e-03
-1.968059502542018890e-02
1.303757308050990105e-03
-5.871574580669403076e-02
-1.654392853379249573e-02
-2.042528986930847168e-02
-3.001850098371505737e-02
-1.388751808553934097e-02
-6.867306772619485855e-03
6.562349945306777954e-02
-1.693663001060485840e-02
2.741643413901329041e-02
-2.948644571006298065e-02
-2.576515451073646545e-02
-1.459277886897325516e-02
-2.480714954435825348e-02
-1.589274220168590546e-02
-8.624887466430664062e-02
3.703415393829345703e-02
-2.801588177680969238e-02
-8.055842667818069458e-02
-1.167463660240173340e-01
3.659205138683319092e-02
-5.794814601540565491e-02
-7.056917250156402588e-02
1.202496234327554703e-02
5.694407597184181213e-02
7.224219385534524918e-03
-1.195021998137235641e-02
-3.542418405413627625e-02
-4.912434518337249756e-02
-6.536231935024261475e-02
2.914527617394924164e-02
6.038573756814002991e-02
4.459596425294876099e-02
2.207080088555812836e-02
3.890085965394973755e-02
7.197711616754531860e-03
-1.021913513541221619e-01
1.309019774198532104e-01
-4.701178893446922302e-02
-1.556417439132928848e-02
-1.431145966053009033e-01
4.992566257715225220e-02
9.178540855646133423e-02
-1.098103225231170654e-01
1.167264394462108612e-02
1.794412359595298767e-02
-3.052217327058315277e-02
-1.251604314893484116e-02
1.354675889015197754e-01
3.679582476615905762e-02
6.234081462025642395e-02
3.115152381360530853e-02
-1.146186590194702148e-01
-3.626986872404813766e-03
-7.887043058872222900e-02
-1.578167825937271118e-02
-1.182827632874250412e-02
-1.023716330528259277e-01
-7.839468307793140411e-03
-2.138703316450119019e-02
-8.111678808927536011e-02
-7.273694872856140137e-02
1.028908565640449524e-01
-5.387059971690177917e-02
-1.549029499292373657e-01
-6.414704956114292145e-03
-5.313810892403125763e-03
1.360606104135513306e-01
2.663975208997726440e-02
-1.928960829973220825e-01
8.516940288245677948e-03
4.264067113399505615e-02
4.842278733849525452e-02
1.038312688469886780e-01
-8.506631478667259216e-03
1.850736141204833984e-02
-1.253247819840908051e-02
6.504068523645401001e-02
5.494307354092597961e-02
-6.378774344921112061e-02
-1.379060149192810059e-01
-6.030695885419845581e-02
-2.702919207513332367e-02
-2.513194642961025238e-02
-4.387319087982177734e-02
-2.958104945719242096e-02
-4.420191980898380280e-03
8.529037237167358398e-02
8.486524224281311035e-02
-5.991499498486518860e-02
4.411434754729270935e-02
-2.078096196055412292e-02
4.033560678362846375e-02
-2.821528911590576172e-02
-2.704908326268196106e-02
-5.211140960454940796e-02
4.542255401611328125e-02
3.787243366241455078e-02
1.147266104817390442e-01
-5.153000354766845703e-02
-6.928131915628910065e-03
1.453768908977508545e-01
7.763853296637535095e-03
1.015982180833816528e-01
-2.073635347187519073e-02
7.930734194815158844e-03
-2.602714300155639648e-02
2.425055950880050659e-02
3.417152166366577148e-02
-4.235082864761352539e-02
-1.226176787167787552e-02
1.246382966637611389e-01
-2.270774915814399719e-02
-6.792644504457712173e-03
-5.971532687544822693e-02
-4.555989988148212433e-03
-4.985960945487022400e-02
-1.564003713428974152e-02
-5.846451222896575928e-02
1.269260644912719727e-01
2.574758417904376984e-02
6.720039248466491699e-02
-8.702170848846435547e-02
1.625654101371765137e-02
5.568591132760047913e-02
-3.531148657202720642e-02
-3.012392669916152954e-02
-5.954556539654731750e-02
2.985347621142864227e-02
4.583800956606864929e-02
-6.480608880519866943e-02
2.909567393362522125e-02
2.334715798497200012e-02
-1.108368262648582458e-01
-1.061418205499649048e-01
-3.796441853046417236e-02
6.594646722078323364e-02
3.590729786083102226e-03
1.454439479857683182e-02
1.058948226273059845e-02
-7.927649468183517456e-02
-7.377360016107559204e-02
5.545443389564752579e-03
2.262648381292819977e-02
-2.060067653656005859e-02
-2.564060268923640251e-03
6.711439043283462524e-02
-4.118875414133071899e-02
-3.475895151495933533e-02
-7.843162165954709053e-04
5.171833932399749756e-02
1.355408877134323120e-01
-6.321308761835098267e-02
2.757575549185276031e-02
-2.010853588581085205e-02
3.169692354276776314e-03
8.017701655626296997e-02
2.749549038708209991e-02
-4.963314160704612732e-02
-1.220904588699340820e-01
1.450956910848617554e-01
1.347554475069046021e-01
-7.663612812757492065e-02
6.919894367456436157e-02
4.500578343868255615e-02
-4.146286845207214355e-02
-7.706229388713836670e-02
5.046226829290390015e-02
-7.320650666952133179e-02
1.817996799945831299e-02
-4.902303963899612427e-02
-1.085870433598756790e-02
-2.505184523761272430e-02
2.243696525692939758e-02
4.063096828758716583e-03
-2.854086086153984070e-02
5.006784573197364807e-02
-9.576947428286075592e-03
-1.941819489002227783e-02
1.167666018009185791e-01
-9.639193303883075714e-03
-2.677025273442268372e-02
7.392830401659011841e-02
3.493693470954895020e-02
6.593884434551000595e-03
-7.711843587458133698e-03
-1.096160709857940674e-01
8.338400721549987793e-02
5.591009929776191711e-02
7.838045805692672729e-02
-1.603948138654232025e-02
-7.894299179315567017e-02
1.022600848227739334e-02
6.793259084224700928e-02
-4.012397304177284241e-02
-2.277977392077445984e-02
-6.374824326485395432e-03
3.735209628939628601e-02
-2.475181780755519867e-02
1.144029572606086731e-01
-3.675367683172225952e-02
2.669292315840721130e-02
-1.987929688766598701e-03
-6.929320842027664185e-02
8.819784224033355713e-02
1.070862933993339539e-01
8.631806075572967529e-02
-8.773196488618850708e-02
5.986781790852546692e-02
-2.161427168175578117e-03
2.582898736000061035e-02
-3.037907183170318604e-02
2.625877782702445984e-02
2.633151784539222717e-02
5.933396890759468079e-02
-1.695718318223953247e-01
-1.488538738340139389e-02
3.834168985486030579e-02
9.866537153720855713e-02
-6.353884935379028320e-02
3.122310899198055267e-02
-1.929233781993389130e-02
-1.075494438409805298e-01
-2.355507574975490570e-02
9.463375061750411987e-02
-4.522306472063064575e-02
-9.301003813743591309e-02
-6.032018736004829407e-02
-8.535210043191909790e-02
-3.296476975083351135e-02
1.052385009825229645e-02
1.471430510282516479e-01
-2.217978052794933319e-02
7.073679566383361816e-02
-1.676175743341445923e-01
-2.830020897090435028e-02
-7.708068192005157471e-02
-4.767438024282455444e-02
7.904273271560668945e-02
-7.614521682262420654e-02
