1.768365800380706787e-01
-4.256548825651407242e-03
3.661307692527770996e-02
-5.925514921545982361e-02
-3.536323085427284241e-02
-3.571182116866111755e-02
-1.010413169860839844e-01
-6.193040311336517334e-02
5.486575886607170105e-02
5.848213285207748413e-02
-5.903542041778564453e-03
-6.203867122530937195e-02
-1.220839098095893860e-02
-8.852212131023406982e-02
-3.869874170050024986e-03
-4.687687382102012634e-02
2.555073983967304230e-02
9.596672654151916504e-02
1.290412060916423798e-02
-6.880916189402341843e-03
-3.769805282354354858e-02
-2.395894192159175873e-02
1.552774477750062943e-02
-1.085597556084394455e-02
-6.049592047929763794e-02
-1.364625245332717896e-01
3.316607326269149780e-02
-7.237675040960311890e-02
-1.169001907110214233e-01
-1.110537275671958923e-01
8.036105334758758545e-02
-6.605142354965209961e-02
-7.496582716703414917e-02
-5.228753387928009033e-02
3.604091331362724304e-02
-1.461538020521402359e-02
1.367257814854383469e-02
-4.841060563921928406e-02
-4.117455333471298218e-02
-5.686213821172714233e-02
3.413166105747222900e-02
-6.659640930593013763e-03
4.529257491230964661e-02
6.180736422538757324e-02
6.149110570549964905e-02
2.375643514096736908e-02
-1.241734474897384644e-01
6.011481583118438721e-02
-2.890345454216003418e-02
-2.992155589163303375e-02
-1.607460826635360718e-01
5.703697353601455688e-02
1.221363767981529236e-01
-9.686408936977386475e-02
-2.917448803782463074e-02
3.329916670918464661e-02
-3.367977961897850037e-02
2.124985121190547943e-02
1.466513276100158691e-01
-5.020524375140666962e-03
6.158128008246421814e-02
3.909909725189208984e-02
-8.164883404970169067e-02
-4.108956549316644669e-03
-7.579325139522552490e-02
-4.601024836301803589e-02
-4.336912557482719421e-02
-9.078819304704666138e-02
2.804953837767243385e-03
-3.283126279711723328e-02
-9.506497532129287720e-02
-6.823422014713287354e-02
1.246938258409500122e-01
-7.373531907796859741e-02
-1.294346302747726440e-01
4.690208658576011658e-02
-4.955689981579780579e-02
8.794692158699035645e-02
1.250476110726594925e-03
-1.657117605209350586e-01
4.491780325770378113e-02
6.918495893478393555e-02
3.928212076425552368e-02
6.174122914671897888e-02
-4.675910249352455139e-02
4.820082709193229675e-02
-1.781139522790908813e-02
5.218965187668800354e-02
3.800922632217407227e-02
-4.145501926541328430e-02
-1.458348780870437622e-01
-3.100536391139030457e-02
-5.068573355674743652e-02
-1.747734844684600830e-02
-3.825363144278526306e-02
-6.661261618137359619e-02
-2.063005417585372925e-02
3.742623329162597656e-02
7.890482991933822632e-02
-9.149516373872756958e-02
5.230335891246795654e-02
-2.526927506551146507e-03
1.770042069256305695e-02
-2.987519465386867523e-02
-2.495652437210083008e-02
-5.893551558256149292e-02
5.778504163026809692e-02
8.024198561906814575e-02
1.039553582668304443e-01
-9.418004751205444336e-02
-3.075489075854420662e-03
1.504186242818832397e-01
-3.182973712682723999e-02
8.742089569568634033e-02
-1.956723717739805579e-04
-9.198703919537365437e-04
-2.979520475491881371e-03
4.796341061592102051e-02
4.238146170973777771e-02
-5.989321321249008179e-02
-2.094331942498683929e-02
1.073136106133460999e-01
-1.769037218764424324e-03
4.603428393602371216e-02
-5.487860366702079773e-02
6.220892537385225296e-03
-4.155220836400985718e-02
-6.955703347921371460e-02
-9.828067570924758911e-02
1.249035894870758057e-01
1.327571738511323929e-02
7.355378568172454834e-02
-1.003949493169784546e-01
3.052051737904548645e-02
4.492665454745292664e-02
-1.358421752229332924e-03
-5.648472160100936890e-02
-3.907164093106985092e-03
8.112391829490661621e-02
6.090084835886955261e-02
-1.102002337574958801e-02
5.490690469741821289e-02
1.781396940350532532e-02
-1.308513283729553223e-01
-8.505663275718688965e-02
-5.024434253573417664e-02
8.639397472143173218e-02
5.128996912389993668e-03
-4.487376660108566284e-03
-5.987126380205154419e-03
-8.121801912784576416e-02
-6.547928601503372192e-02
7.928951643407344818e-03
-8.378006168641149998e-04
-3.698470070958137512e-02
-1.773764565587043762e-02
1.104773506522178650e-01
1.856712065637111664e-02
-5.787327885627746582e-02
-4.895267076790332794e-03
5.879108794033527374e-03
1.024432852864265442e-01
-3.214592859148979187e-02
-2.754600346088409424e-02
-5.099828168749809265e-02
-2.062598429620265961e-02
3.799304738640785217e-02
5.979039147496223450e-02
-5.225591361522674561e-02
-7.919808477163314819e-02
1.705943048000335693e-01
1.307376623153686523e-01
-5.645587295293807983e-02
6.138629838824272156e-02
4.165108874440193176e-02
-2.493583597242832184e-02
-7.933311909437179565e-02
-1.275832997635006905e-03
-5.419741198420524597e-02
7.451950572431087494e-03
-1.565575040876865387e-02
8.709722198545932770e-03
-2.695590257644653320e-02
6.036339793354272842e-03
6.953525543212890625e-02
-1.568000577390193939e-02
3.452024981379508972e-02
4.750503599643707275e-02
1.278128102421760559e-02
1.179585382342338562e-01
-3.076191991567611694e-02
-2.158321253955364227e-02
4.162284359335899353e-02
3.038899227976799011e-02
1.945162803167477250e-04
1.683062687516212463e-02
-1.071874797344207764e-01
5.965978652238845825e-02
6.246142461895942688e-02
6.037128716707229614e-02
-2.724117785692214966e-02
-4.642382636666297913e-02
-2.183181606233119965e-02
2.676269784569740295e-02
-3.327661752700805664e-02
-2.373414672911167145e-02
2.049295464530587196e-03
4.502140358090400696e-02
-5.222762003540992737e-03
9.770426154136657715e-02
-4.461661726236343384e-02
3.597061336040496826e-02
7.128336932510137558e-03
-7.220244407653808594e-02
6.536771357059478760e-02
6.687079370021820068e-02
3.687249869108200073e-02
-7.726065069437026978e-02
6.108239665627479553e-02
-4.868246614933013916e-03
3.319233283400535583e-02
-1.625843718647956848e-02
3.764175996184349060e-02
6.780193746089935303e-02
2.559916116297245026e-02
-1.366005986928939819e-01
3.210964053869247437e-02
2.837192453444004059e-02
8.499593287706375122e-02
-5.495522543787956238e-02
1.685691252350807190e-02
-2.240709774196147919e-02
-6.958341598510742188e-02
-3.172202035784721375e-02
7.580671459436416626e-02
-3.815411403775215149e-02
-7.998277992010116577e-02
-4.915415495634078979e-02
-3.860143572092056274e-02
-5.016119405627250671e-02
1.293674856424331665e-02
1.024547815322875977e-01
-1.825654320418834686e-02
8.897859603166580200e-02
-1.328909695148468018e-01
-1.548073440790176392e-02
-7.338115572929382324e-02
-2.312804199755191803e-02
3.314156085252761841e-02
-6.686296314001083374e-02
