1.150960475206375122e-01
-1.065376680344343185e-02
3.183391317725181580e-02
-2.697326429188251495e-02
-3.397445380687713623e-02
-8.722721599042415619e-03
-7.474368065595626831e-02
-3.965281322598457336e-02
5.060927569866180420e-02
2.989596873521804810e-02
1.512086484581232071e-02
-3.296096622943878174e-02
-6.097231991589069366e-03
-7.277555763721466064e-02
7.752580568194389343e-03
-4.531414806842803955e-02
1.717956922948360443e-02
6.260941177606582642e-02
-9.222753345966339111e-03
-6.236950401216745377e-03
-2.330201491713523865e-02
4.710570443421602249e-03
1.559123862534761429e-02
-2.094429358839988708e-02
-1.841833069920539856e-02
-9.174964576959609985e-02
3.320798277854919434e-02
-5.549540370702743530e-02
-1.032150462269783020e-01
-1.057451367378234863e-01
5.513114109635353088e-02
-3.652413934469223022e-02
-4.592583328485488892e-02
-6.483630836009979248e-02
3.829275444149971008e-02
-5.430920515209436417e-03
1.111443713307380676e-02
-3.737970814108848572e-02
-5.710025876760482788e-02
-4.542979970574378967e-02
6.061681360006332397e-02
4.730462562292814255e-03
4.360609501600265503e-02
6.919422745704650879e-02
2.560203894972801208e-02
1.581784710288047791e-02
-1.221465170383453369e-01
3.785646706819534302e-02
-2.753669209778308868e-02
-2.954177930951118469e-02
-1.736317574977874756e-01
6.954111158847808838e-02
1.061147004365921021e-01
-9.829388558864593506e-02
-3.746908158063888550e-02
5.262158438563346863e-02
-1.698929071426391602e-02
5.927854217588901520e-03
1.624174416065216064e-01
-9.707863442599773407e-03
6.872402876615524292e-02
3.256615251302719116e-02
-7.391422986984252930e-02
2.378161996603012085e-03
-7.372826337814331055e-02
-5.634076148271560669e-02
-5.633964389562606812e-02
-1.145527437329292297e-01
-4.856318235397338867e-03
-5.946347489953041077e-02
-1.033862456679344177e-01
-1.004698053002357483e-01
1.411679536104202271e-01
-8.752634376287460327e-02
-1.419088542461395264e-01
5.074691772460937500e-02
-6.764435768127441406e-02
9.266233444213867188e-02
2.047083713114261627e-02
-2.107324600219726562e-01
4.199621826410293579e-02
5.598216876387596130e-02
9.582279250025749207e-03
7.555054873228073120e-02
-5.082828551530838013e-02
4.945018887519836426e-02
-4.991372302174568176e-02
6.583879888057708740e-02
2.190062217414379120e-02
-4.918475076556205750e-02
-1.570875793695449829e-01
-4.587530717253684998e-02
-5.675848945975303650e-02
-3.237145021557807922e-02
-5.732753500342369080e-02
-5.950298532843589783e-02
-3.241639584302902222e-02
3.334138542413711548e-02
6.312764436006546021e-02
-8.408159762620925903e-02
5.881354212760925293e-02
-1.722090691328048706e-02
1.843459159135818481e-02
-1.474201213568449020e-02
-4.419452976435422897e-03
-6.605619192123413086e-02
7.447022199630737305e-02
8.654388040304183960e-02
1.092610210180282593e-01
-9.746626764535903931e-02
8.420313708484172821e-03
1.445128768682479858e-01
-9.113552980124950409e-03
1.030993089079856873e-01
3.180357161909341812e-03
-3.229412436485290527e-02
-2.765444666147232056e-02
4.630123078823089600e-02
5.230804532766342163e-02
-5.557922273874282837e-02
-3.906195983290672302e-02
1.065781116485595703e-01
2.864284673705697060e-03
3.876712173223495483e-02
-5.661807954311370850e-02
2.597041195258498192e-03
-4.367541894316673279e-02
-9.211533516645431519e-02
-1.026767715811729431e-01
9.418722242116928101e-02
1.995505206286907196e-02
8.556417375802993774e-02
-8.995048701763153076e-02
4.017483070492744446e-02
4.114826396107673645e-02
1.000268664211034775e-02
-7.463762164115905762e-02
1.105381920933723450e-02
9.163429588079452515e-02
3.014882840216159821e-02
2.092699706554412842e-02
5.901672318577766418e-02
4.877746105194091797e-02
-1.344705671072006226e-01
-8.961021155118942261e-02
-5.080921575427055359e-02
8.503446727991104126e-02
5.173487123101949692e-03
-2.023125253617763519e-02
2.264191024005413055e-02
-6.204374879598617554e-02
-6.361138075590133667e-02
8.989668451249599457e-03
-2.056149393320083618e-02
-4.241266101598739624e-02
-3.403287753462791443e-02
1.010350435972213745e-01
1.046579214744269848e-03
-6.738846749067306519e-02
3.459154628217220306e-03
1.653913408517837524e-02
1.069580763578414917e-01
-3.077336587011814117e-02
-2.775629051029682159e-02
-2.315621823072433472e-02
-1.113275811076164246e-02
5.329679325222969055e-02
3.556197881698608398e-02
-5.080235749483108521e-02
-5.981149151921272278e-02
1.492854505777359009e-01
1.281158030033111572e-01
-5.820274353027343750e-02
4.016141593456268311e-02
4.496089741587638855e-02
-2.623167075216770172e-02
-7.826024293899536133e-02
-5.583289312198758125e-04
-4.568526893854141235e-02
-2.331390045583248138e-03
-2.790326066315174103e-02
2.127196826040744781e-02
-3.688711673021316528e-02
-6.794376298785209656e-03
5.837263911962509155e-02
-2.760715968906879425e-02
3.127644956111907959e-02
5.966007336974143982e-02
2.423450164496898651e-02
1.168848797678947449e-01
-1.318698935210704803e-02
-2.807729877531528473e-02
2.462286502122879028e-02
3.225726261734962463e-02
-5.058936774730682373e-03
1.319509116001427174e-03
-1.301772296428680420e-01
4.705882072448730469e-02
6.785131990909576416e-02
5.185536295175552368e-02
-1.978260837495326996e-02
-2.689552120864391327e-02
-1.735562458634376526e-02
3.505419567227363586e-02
-4.060301557183265686e-02
5.643703509122133255e-03
4.866242874413728714e-03
2.505557611584663391e-02
5.788558628410100937e-03
9.048635512590408325e-02
-3.215699642896652222e-02
3.935286030173301697e-02
4.735505674034357071e-03
-6.429669260978698730e-02
6.637834012508392334e-02
9.031297266483306885e-02
4.614610224962234497e-02
-8.526417613029479980e-02
8.755949884653091431e-02
1.552721019834280014e-02
4.216092452406883240e-02
-1.422470435500144958e-02
5.297816172242164612e-02
8.587770909070968628e-02
2.473566122353076935e-02
-1.596938669681549072e-01
1.220022980123758316e-02
3.199067339301109314e-02
1.008700206875801086e-01
-6.355880200862884521e-02
5.489224195480346680e-02
-4.287418909370899200e-03
-6.643467396497726440e-02
-4.152341187000274658e-02
6.358453631401062012e-02
-4.322344437241554260e-02
-6.788763403892517090e-02
-6.074158847332000732e-02
-4.248741269111633301e-02
-4.763160645961761475e-02
1.417912170290946960e-02
1.099995300173759460e-01
-1.425659842789173126e-02
9.474754333496093750e-02
-1.105944812297821045e-01
-2.095345221459865570e-02
-5.461055040359497070e-02
-5.399100482463836670e-04
3.434144705533981323e-02
-7.045510411262512207e-02
