1.352597922086715698e-01
6.126283667981624603e-03
2.509043179452419281e-02
-3.604334592819213867e-02
-2.898892760276794434e-02
-3.931802138686180115e-02
-7.564842700958251953e-02
-4.736937209963798523e-02
5.154867097735404968e-02
2.709025330841541290e-02
-4.478938877582550049e-03
-4.221346601843833923e-02
-4.969472996890544891e-03
-8.377784490585327148e-02
6.013790611177682877e-03
-4.594312608242034912e-02
3.582156077027320862e-02
7.062897086143493652e-02
-7.071383297443389893e-04
-7.399436086416244507e-03
-3.371307253837585449e-02
-1.832127757370471954e-02
2.394684776663780212e-02
-3.129112720489501953e-02
-5.612416565418243408e-02
-1.111032143235206604e-01
5.378851667046546936e-02
-6.502985954284667969e-02
-1.030373871326446533e-01
-1.030785217881202698e-01
6.227530166506767273e-02
-5.381354317069053650e-02
-4.304280504584312439e-02
-6.208023801445960999e-02
2.640557102859020233e-02
-1.074993517249822617e-02
3.557629138231277466e-02
-2.793294005095958710e-02
-4.956680163741111755e-02
-5.213006958365440369e-02
5.219233036041259766e-02
-9.426743723452091217e-03
3.129677474498748779e-02
7.256981730461120605e-02
5.653551220893859863e-02
2.117933519184589386e-02
-1.332136094570159912e-01
2.910326234996318817e-02
-2.068832889199256897e-02
-5.148891732096672058e-02
-1.635397970676422119e-01
6.437002122402191162e-02
1.066168695688247681e-01
-9.493174403905868530e-02
-3.955113887786865234e-02
4.379314184188842773e-02
-4.120759665966033936e-02
-2.712725102901458740e-02
1.473090797662734985e-01
-2.460835874080657959e-02
6.567124277353286743e-02
4.499017447233200073e-02
-6.960608065128326416e-02
7.471949327737092972e-03
-7.004850357770919800e-02
-5.836879089474678040e-02
-4.369476810097694397e-02
-1.047159656882286072e-01
4.093880415894091129e-04
-4.362517595291137695e-02
-8.283612877130508423e-02
-9.506623446941375732e-02
1.291517615318298340e-01
-6.931903213262557983e-02
-1.463092416524887085e-01
4.880434647202491760e-02
-7.315623760223388672e-02
7.477463036775588989e-02
6.504630669951438904e-03
-1.723809540271759033e-01
3.118434734642505646e-02
4.982681199908256531e-02
2.792472392320632935e-02
5.790388211607933044e-02
-5.615741387009620667e-02
5.327158793807029724e-02
-2.369701862335205078e-02
4.521875083446502686e-02
4.219131171703338623e-02
-4.327204823493957520e-02
-1.839614659547805786e-01
-1.025703176856040955e-02
-5.744552984833717346e-02
-3.378314524888992310e-02
-6.534396857023239136e-02
-4.297094792127609253e-02
-2.924855798482894897e-02
2.146823145449161530e-02
9.312061220407485962e-02
-7.855147868394851685e-02
5.982496961951255798e-02
-2.403833437711000443e-03
1.899453066289424896e-02
-1.619237475097179413e-02
-1.801323029212653637e-03
-6.238080933690071106e-02
5.351150035858154297e-02
9.682656824588775635e-02
1.084150373935699463e-01
-9.343025833368301392e-02
-1.180653832852840424e-02
1.540044844150543213e-01
-1.721452735364437103e-02
9.335231035947799683e-02
2.122780308127403259e-02
-2.518029510974884033e-02
-2.461033500730991364e-02
4.066575318574905396e-02
5.340049043297767639e-02
-7.507611811161041260e-02
-5.408938601613044739e-02
1.182852089405059814e-01
3.426913637667894363e-03
4.418698325753211975e-02
-4.966814070940017700e-02
-1.541498815640807152e-03
-6.661855429410934448e-02
-8.672858029603958130e-02
-1.059880554676055908e-01
1.174509972333908081e-01
1.578738447278738022e-03
8.331014961004257202e-02
-1.055298075079917908e-01
4.413275048136711121e-02
4.496045410633087158e-02
2.204737253487110138e-02
-7.033970206975936890e-02
2.957182750105857849e-02
1.104146093130111694e-01
5.505770817399024963e-02
1.286465115845203400e-02
4.950271174311637878e-02
3.990674763917922974e-02
-1.445749551057815552e-01
-6.991420686244964600e-02
-5.481037124991416931e-02
7.517167925834655762e-02
5.178604740649461746e-03
6.204213481396436691e-03
2.296709083020687103e-02
-8.233162015676498413e-02
-5.414003506302833557e-02
2.941832132637500763e-02
-2.870836853981018066e-02
-4.664418101310729980e-02
-3.868418559432029724e-02
9.728034585714340210e-02
6.947641260921955109e-03
-7.305677235126495361e-02
5.898439791053533554e-03
-1.113545522093772888e-02
1.264835596084594727e-01
-2.325965277850627899e-02
-3.068896196782588959e-02
-2.483869716525077820e-02
1.049763406626880169e-03
4.839646071195602417e-02
5.408859625458717346e-02
-5.603394284844398499e-02
-7.063306868076324463e-02
1.521957367658615112e-01
1.456685215234756470e-01
-4.140211641788482666e-02
6.756737083196640015e-02
5.766880139708518982e-02
-2.537714131176471710e-02
-8.120100945234298706e-02
-1.061042025685310364e-02
-4.246040061116218567e-02
1.202770601958036423e-02
-8.946678601205348969e-03
1.857938989996910095e-02
-3.143609687685966492e-02
-5.394858308136463165e-03
9.496940672397613525e-02
-1.254166848957538605e-02
2.903658337891101837e-02
6.670700758695602417e-02
3.683314099907875061e-02
1.151596903800964355e-01
-2.016806788742542267e-02
-2.922941744327545166e-02
1.754272915422916412e-02
3.005862049758434296e-02
-2.259781584143638611e-02
1.641798019409179688e-02
-1.360468715429306030e-01
6.957749277353286743e-02
5.884373933076858521e-02
7.075954228639602661e-02
-1.488604024052619934e-02
-2.187028154730796814e-02
-3.957903478294610977e-03
2.888065949082374573e-02
-2.450164593756198883e-02
1.423841994255781174e-02
-5.667332094162702560e-03
1.682529784739017487e-02
-4.333479329943656921e-03
1.018603444099426270e-01
-1.151424273848533630e-02
1.789044030010700226e-02
7.047615479677915573e-03
-5.204502493143081665e-02
5.016155168414115906e-02
6.388390064239501953e-02
1.666898094117641449e-02
-1.043853238224983215e-01
7.247993350028991699e-02
-1.418456621468067169e-02
3.311479464173316956e-02
-1.472581457346677780e-02
5.988908559083938599e-02
9.280841797590255737e-02
3.196566924452781677e-02
-1.402280777692794800e-01
3.065676428377628326e-02
1.895435899496078491e-02
6.968338787555694580e-02
-4.253005608916282654e-02
2.107985317707061768e-02
-2.638425491750240326e-02
-7.160345464944839478e-02
-4.759811982512474060e-02
6.757920980453491211e-02
-2.876402623951435089e-02
-6.953598558902740479e-02
-5.066503584384918213e-02
-2.512251585721969604e-02
-2.902055718004703522e-02
2.733508311212062836e-02
8.155014365911483765e-02
-8.668775670230388641e-03
5.861305072903633118e-02
-1.085550859570503235e-01
-3.465650230646133423e-02
-4.426548257470130920e-02
9.558930061757564545e-03
2.170727401971817017e-02
-5.174308270215988159e-02
