1.859549880027770996e-01
6.171497516334056854e-03
4.214299097657203674e-02
-3.632661700248718262e-02
-4.505652561783790588e-02
-3.386690467596054077e-02
-1.105864420533180237e-01
-6.842947751283645630e-02
6.339716166257858276e-02
2.506813965737819672e-02
3.980977926403284073e-03
-5.789953470230102539e-02
-4.525309894233942032e-03
-9.348414838314056396e-02
1.044998969882726669e-02
-5.545953661203384399e-02
3.424572199583053589e-02
1.094507724046707153e-01
6.509922444820404053e-03
-1.240581460297107697e-02
-3.756646439433097839e-02
-1.908862404525279999e-02
1.094323303550481796e-02
-3.145103901624679565e-02
-5.568799749016761780e-02
-1.302736252546310425e-01
5.821670964360237122e-02
-7.636364549398422241e-02
-1.335806697607040405e-01
-1.361071020364761353e-01
7.108572870492935181e-02
-5.854385718703269958e-02
-4.915273562073707581e-02
-4.607459530234336853e-02
1.853873580694198608e-02
-2.375590847805142403e-03
1.743330992758274078e-02
-4.279352724552154541e-02
-5.464595556259155273e-02
-6.573101133108139038e-02
6.689529865980148315e-02
2.345576509833335876e-02
3.086077421903610229e-02
7.975395023822784424e-02
4.857134446501731873e-02
2.274211309850215912e-02
-1.250068098306655884e-01
6.827338784933090210e-02
-2.237211540341377258e-02
-4.155612364411354065e-02
-1.651601046323776245e-01
6.966880708932876587e-02
1.244495362043380737e-01
-1.046774014830589294e-01
-3.623241558670997620e-02
4.507395252585411072e-02
-4.508467018604278564e-02
-2.996749244630336761e-02
1.470518261194229126e-01
5.556459072977304459e-04
6.645655632019042969e-02
4.465406760573387146e-02
-9.907755255699157715e-02
2.510861377231776714e-04
-6.810520589351654053e-02
-5.889539793133735657e-02
-3.549503535032272339e-02
-1.008571460843086243e-01
3.988655284047126770e-03
-5.205695703625679016e-02
-7.863938063383102417e-02
-1.115630716085433960e-01
1.181724593043327332e-01
-8.284703642129898071e-02
-1.532009840011596680e-01
2.843295596539974213e-02
-6.170989200472831726e-02
8.574646711349487305e-02
1.298637781292200089e-02
-2.054579108953475952e-01
2.285133861005306244e-02
4.262987896800041199e-02
2.864833176136016846e-02
8.691551536321640015e-02
-4.228610172867774963e-02
4.123936221003532410e-02
-2.734973467886447906e-02
3.722245991230010986e-02
5.229159817099571228e-02
-5.013465136289596558e-02
-1.469590812921524048e-01
-3.282526507973670959e-02
-5.321798473596572876e-02
-2.547417953610420227e-02
-6.302044540643692017e-02
-4.148165136575698853e-02
-1.558224856853485107e-02
4.754832014441490173e-02
7.172241061925888062e-02
-8.728717267513275146e-02
3.942593932151794434e-02
-1.813029870390892029e-02
2.167484164237976074e-02
-1.376809459179639816e-02
1.071817986667156219e-02
-4.907011613249778748e-02
6.882760673761367798e-02
7.902751863002777100e-02
1.016419678926467896e-01
-8.351898193359375000e-02
-3.326663980260491371e-03
1.330285966396331787e-01
3.229806607123464346e-04
8.999813348054885864e-02
-3.833103459328413010e-03
2.158985444111749530e-04
-2.314505726099014282e-02
4.066484421491622925e-02
5.707048252224922180e-02
-5.480201914906501770e-02
-4.118613898754119873e-02
1.042406409978866577e-01
1.100429426878690720e-02
3.234549984335899353e-02
-5.826238915324211121e-02
8.989404886960983276e-04
-4.849019646644592285e-02
-5.032885819673538208e-02
-8.710286766290664673e-02
1.025636047124862671e-01
1.586377806961536407e-02
7.607167214155197144e-02
-9.729678183794021606e-02
3.122890740633010864e-02
3.700466826558113098e-02
-5.085790064185857773e-03
-6.323001533746719360e-02
1.271784771233797073e-02
8.157238364219665527e-02
4.078193381428718567e-02
6.204953882843255997e-03
3.955071419477462769e-02
5.460888147354125977e-02
-1.414427608251571655e-01
-7.987802475690841675e-02
-5.505468696355819702e-02
8.498786389827728271e-02
1.760782115161418915e-02
7.556264288723468781e-03
3.197541832923889160e-02
-6.260502338409423828e-02
-4.254774749279022217e-02
3.228604048490524292e-02
-6.568762473762035370e-03
-3.712919726967811584e-02
-4.020037874579429626e-02
8.806701004505157471e-02
-1.570695079863071442e-02
-6.097505986690521240e-02
6.138764787465333939e-03
6.612592376768589020e-03
1.080970838665962219e-01
-3.569835051894187927e-02
-9.328081272542476654e-03
-1.899846829473972321e-02
4.163839388638734818e-03
4.848548397421836853e-02
2.815911360085010529e-02
-4.741131886839866638e-02
-6.158090010285377502e-02
1.451655775308609009e-01
1.274958103895187378e-01
-5.005763098597526550e-02
4.900376871228218079e-02
5.081927403807640076e-02
-1.895266771316528320e-02
-6.736074388027191162e-02
-3.915612120181322098e-03
-4.086046293377876282e-02
6.605987437069416046e-03
-3.175041824579238892e-02
1.277819275856018066e-02
-9.442022070288658142e-03
-1.289076171815395355e-02
6.038993597030639648e-02
-1.908369362354278564e-02
4.100495949387550354e-02
4.120484367012977600e-02
1.112179923802614212e-02
1.171679794788360596e-01
-1.463661435991525650e-02
-1.831238530576229095e-02
2.175612933933734894e-02
3.598007187247276306e-02
-6.755843758583068848e-03
-3.284732520114630461e-04
-1.226844564080238342e-01
6.823261082172393799e-02
7.286248356103897095e-02
6.673597544431686401e-02
-9.395038709044456482e-03
-4.154254123568534851e-02
-1.829572953283786774e-03
4.132083803415298462e-02
-3.421562910079956055e-02
5.845797131769359112e-04
-9.297524578869342804e-03
4.216112941503524780e-02
1.952618593350052834e-03
1.106832250952720642e-01
-1.439198851585388184e-02
3.795117139816284180e-02
3.787213936448097229e-03
-5.566625669598579407e-02
6.086605414748191833e-02
9.087536484003067017e-02
5.127027258276939392e-02
-9.147256612777709961e-02
7.268849760293960571e-02
-6.450768560171127319e-03
3.708117455244064331e-02
-1.201238110661506653e-02
6.024256348609924316e-02
7.184936106204986572e-02
3.210792690515518188e-02
-1.234866231679916382e-01
7.407573983073234558e-03
1.301048416644334793e-02
7.582185417413711548e-02
-4.263200610876083374e-02
4.184095934033393860e-02
-1.852176152169704437e-02
-7.512279599905014038e-02
-3.423343226313591003e-02
4.268885403871536255e-02
-4.237218946218490601e-02
-6.370389461517333984e-02
-5.243123322725296021e-02
-3.930136188864707947e-02
-3.676427155733108521e-02
2.324412204325199127e-02
9.089909493923187256e-02
-2.780649624764919281e-02
5.925706773996353149e-02
-9.934891015291213989e-02
-2.334086783230304718e-02
-3.788748756051063538e-02
-1.467285584658384323e-02
3.617246448993682861e-02
-5.520130321383476257e-02
