1.375200599431991577e-01
3.418334946036338806e-02
1.596519723534584045e-02
-2.604254288598895073e-03
-1.406907918862998486e-03
-3.734626248478889465e-02
-5.197659879922866821e-02
-3.915268182754516602e-02
1.100810803472995758e-02
-3.085947223007678986e-02
-4.655690118670463562e-02
-3.982548788189888000e-02
9.106697514653205872e-03
-7.411248236894607544e-02
-2.999035641551017761e-03
-6.077940016984939575e-02
1.701121777296066284e-02
4.980555176734924316e-02
-1.260910835117101669e-02
4.346660524606704712e-02
-3.004651144146919250e-02
-3.271761164069175720e-02
3.021087497472763062e-02
-1.361260563135147095e-02
-5.937450379133224487e-02
-8.058115839958190918e-02
7.862083613872528076e-02
-7.097109407186508179e-02
-1.094620451331138611e-01
-9.488701075315475464e-02
1.288856845349073410e-02
-4.153031483292579651e-02
2.037174068391323090e-02
-4.076421260833740234e-02
-2.199568785727024078e-03
-1.852401415817439556e-03
6.352721899747848511e-02
-3.429911658167839050e-02
-8.234218508005142212e-02
-7.935832440853118896e-02
6.647714972496032715e-02
4.780621826648712158e-02
4.428030550479888916e-02
5.394499748945236206e-02
4.761333391070365906e-02
1.494815386831760406e-02
-1.160667687654495239e-01
5.862686783075332642e-02
-4.309281706809997559e-02
-5.925834551453590393e-02
-1.677984595298767090e-01
6.135943159461021423e-02
1.051203310489654541e-01
-7.624915987253189087e-02
-1.040653511881828308e-02
4.602110758423805237e-02
-5.243269726634025574e-02
-8.023088425397872925e-02
1.152437254786491394e-01
1.332105789333581924e-02
7.393284142017364502e-02
2.188260294497013092e-02
-1.125462204217910767e-01
3.859757632017135620e-02
-7.961910218000411987e-02
-4.700270295143127441e-02
-1.182593684643507004e-02
-1.131844446063041687e-01
3.383372724056243896e-02
-2.418050542473793030e-02
-4.481176286935806274e-02
-1.191250085830688477e-01
1.173437312245368958e-01
-4.401892423629760742e-02
-1.643584668636322021e-01
7.839800789952278137e-03
-2.615106850862503052e-02
9.093923866748809814e-02
-1.033429242670536041e-02
-1.796934008598327637e-01
1.378293521702289581e-02
4.098554700613021851e-02
3.800092265009880066e-02
6.478089839220046997e-02
-2.144377306103706360e-02
5.027463287115097046e-02
2.787424018606543541e-03
1.719703339040279388e-02
7.479089498519897461e-02
-4.542917385697364807e-02
-1.933641433715820312e-01
2.816647524014115334e-03
-5.230429396033287048e-02
-1.991305500268936157e-02
-6.143051013350486755e-02
-1.526216510683298111e-02
-1.433369237929582596e-02
6.088872998952865601e-02
1.480700224637985229e-01
-7.492897659540176392e-02
8.559868484735488892e-02
-2.844437956809997559e-02
6.635408103466033936e-02
-9.324554121121764183e-04
-2.246047137305140495e-03
-3.564821183681488037e-02
3.887917101383209229e-02
8.803860843181610107e-02
1.294288784265518188e-01
-7.228614389896392822e-02
-3.609469160437583923e-02
1.685974895954132080e-01
2.360807731747627258e-02
1.070883199572563171e-01
1.297025941312313080e-02
-9.404154494404792786e-03
-1.301077660173177719e-02
4.860374704003334045e-02
5.891007930040359497e-02
-8.466754853725433350e-02
-1.093839630484580994e-01
1.184316873550415039e-01
-7.854958996176719666e-03
3.379945829510688782e-02
-1.844688318669795990e-02
-2.027357369661331177e-02
-9.212709963321685791e-02
-2.375157549977302551e-02
-8.013639599084854126e-02
1.477531045675277710e-01
9.057852439582347870e-03
6.036064773797988892e-02
-9.194681048393249512e-02
3.352038562297821045e-02
3.647335246205329895e-02
9.442927315831184387e-03
-5.785096809267997742e-02
3.023049235343933105e-02
1.185646280646324158e-01
6.271042674779891968e-02
-1.512198592536151409e-03
9.544417262077331543e-03
7.149756699800491333e-02
-1.557095795869827271e-01
-9.963799268007278442e-02
-6.065392494201660156e-02
7.466088235378265381e-02
3.197398735210299492e-03
1.602566055953502655e-02
6.445408612489700317e-02
-1.008888259530067444e-01
-5.555926635861396790e-02
3.483415022492408752e-02
-2.591279521584510803e-02
-3.362664580345153809e-02
-4.985348507761955261e-02
7.445274293422698975e-02
-1.130449585616588593e-02
-6.653971970081329346e-02
1.956809312105178833e-02
-7.040142081677913666e-04
1.501935273408889771e-01
-3.385464847087860107e-02
-4.610310308635234833e-03
2.310915105044841766e-02
2.285264618694782257e-02
5.932438746094703674e-02
6.470910459756851196e-02
-5.363759398460388184e-02
-6.676346808671951294e-02
9.843043237924575806e-02
1.363619416952133179e-01
-2.983983233571052551e-02
8.339168131351470947e-02
7.168927043676376343e-02
-4.144885018467903137e-02
-7.297135144472122192e-02
-5.089928396046161652e-03
-7.827436178922653198e-02
2.071689814329147339e-02
-1.867125183343887329e-02
3.140399605035781860e-02
-2.463955665007233620e-03
-1.690896973013877869e-02
9.182091057300567627e-02
-2.013323828577995300e-02
6.150609627366065979e-02
4.606135562062263489e-02
2.277310006320476532e-02
9.517863392829895020e-02
-3.467595577239990234e-02
-1.899651065468788147e-02
1.578715816140174866e-02
-5.349853076040744781e-03
-1.654215343296527863e-02
6.672140676528215408e-03
-1.244733184576034546e-01
8.150696009397506714e-02
5.513792484998703003e-02
9.718488156795501709e-02
1.184731349349021912e-02
-2.410681359469890594e-02
3.046324104070663452e-02
6.296692043542861938e-02
-3.505620360374450684e-02
2.127488888800144196e-02
-3.135795146226882935e-02
1.746287941932678223e-02
-6.003897637128829956e-03
1.006093174219131470e-01
2.202998846769332886e-02
-6.984980776906013489e-03
7.092640735208988190e-03
-3.633371368050575256e-02
3.026696294546127319e-02
7.618702948093414307e-02
2.798987925052642822e-02
-1.107132583856582642e-01
5.787502601742744446e-02
-4.607247561216354370e-02
-9.697257541120052338e-03
-5.473658442497253418e-03
7.234039157629013062e-02
7.897616922855377197e-02
5.937230959534645081e-02
-9.351143985986709595e-02
2.643110789358615875e-02
1.818036101758480072e-02
2.647833898663520813e-02
-3.013949468731880188e-02
-1.969105098396539688e-03
-2.468507923185825348e-02
-7.484519481658935547e-02
-5.733449012041091919e-02
6.382894515991210938e-02
-1.883208937942981720e-02
-6.833446770906448364e-02
-1.387407910078763962e-02
-1.509599853307008743e-03
-4.991279449313879013e-03
2.875811606645584106e-02
1.322009786963462830e-02
2.677995013073086739e-03
-1.653254590928554535e-02
-6.125345826148986816e-02
-8.696375414729118347e-03
1.174259814433753490e-03
1.306051295250654221e-02
2.187751978635787964e-02
-1.637857966125011444e-02
