1.551017910242080688e-01
-1.533436239697039127e-03
3.765331581234931946e-02
-3.714149445295333862e-02
-4.086262360215187073e-02
-4.079129174351692200e-02
-8.883646875619888306e-02
-4.311013594269752502e-02
5.525329336524009705e-02
3.378942608833312988e-02
4.257641267031431198e-03
-3.855777904391288757e-02
1.605126308277249336e-03
-8.822150528430938721e-02
1.742057316005229950e-02
-4.948426783084869385e-02
3.159959241747856140e-02
7.785885035991668701e-02
-4.391432230477221310e-05
-1.336492598056793213e-02
-2.547222748398780823e-02
-5.658152047544717789e-03
2.628518082201480865e-02
-2.261214889585971832e-02
-4.103310406208038330e-02
-1.033943668007850647e-01
3.654574602842330933e-02
-6.116591393947601318e-02
-1.081223040819168091e-01
-9.336132556200027466e-02
5.708698928356170654e-02
-4.066984355449676514e-02
-3.909856081008911133e-02
-7.497125864028930664e-02
2.870041504502296448e-02
-9.869243018329143524e-03
3.351807221770286560e-02
-3.343553096055984497e-02
-5.985400453209877014e-02
-5.309577286243438721e-02
6.168745458126068115e-02
-1.205812953412532806e-02
4.019907861948013306e-02
7.229659706354141235e-02
4.135751724243164062e-02
2.547544427216053009e-02
-1.249410510063171387e-01
2.422460913658142090e-02
-2.636373229324817657e-02
-4.176495224237442017e-02
-1.777724623680114746e-01
6.319390237331390381e-02
1.096079200506210327e-01
-8.591336011886596680e-02
-4.398454725742340088e-02
5.295451730489730835e-02
-3.237412124872207642e-02
-7.332612760365009308e-03
1.606941819190979004e-01
-1.897669211030006409e-02
6.301213055849075317e-02
3.787937387824058533e-02
-7.301335036754608154e-02
4.808599594980478287e-03
-7.106234878301620483e-02
-6.488662958145141602e-02
-5.426156893372535706e-02
-1.066284328699111938e-01
4.906725138425827026e-03
-5.353900045156478882e-02
-8.874128013849258423e-02
-1.013698130846023560e-01
1.395151019096374512e-01
-7.981864362955093384e-02
-1.306202411651611328e-01
5.484604090452194214e-02
-7.590815424919128418e-02
7.667670398950576782e-02
9.470310062170028687e-03
-1.875164657831192017e-01
4.081515222787857056e-02
5.764083191752433777e-02
1.272297278046607971e-02
6.291335076093673706e-02
-5.569912493228912354e-02
5.328987538814544678e-02
-3.729406744241714478e-02
6.171392276883125305e-02
2.798885852098464966e-02
-3.891431912779808044e-02
-1.639009267091751099e-01
-2.802911028265953064e-02
-6.144022196531295776e-02
-2.199291065335273743e-02
-5.652122199535369873e-02
-4.749577119946479797e-02
-3.301851823925971985e-02
3.109423629939556122e-02
8.463597297668457031e-02
-9.147093445062637329e-02
6.526338309049606323e-02
-1.357992552220821381e-02
1.931405253708362579e-02
-1.300770603120326996e-02
-5.826393142342567444e-03
-5.866710096597671509e-02
6.811990588903427124e-02
9.711832553148269653e-02
1.099498420953750610e-01
-9.910317510366439819e-02
-5.245666485279798508e-03
1.463000029325485229e-01
-1.436608191579580307e-02
9.308302402496337891e-02
9.753341786563396454e-03
-3.218216821551322937e-02
-2.113047614693641663e-02
5.442513152956962585e-02
5.800263956189155579e-02
-6.726071238517761230e-02
-5.348388105630874634e-02
1.077669933438301086e-01
3.316381480544805527e-03
4.866760969161987305e-02
-4.707112908363342285e-02
-6.482559838332235813e-04
-5.511130020022392273e-02
-8.966207504272460938e-02
-1.080270931124687195e-01
1.091782376170158386e-01
7.070969324558973312e-03
8.714077621698379517e-02
-9.546277672052383423e-02
4.313949123024940491e-02
4.116235300898551941e-02
2.752572670578956604e-02
-8.363244682550430298e-02
2.804111503064632416e-02
1.108957454562187195e-01
4.330947622656822205e-02
2.670542709529399872e-02
5.154127627611160278e-02
5.768696591258049011e-02
-1.411959081888198853e-01
-7.378543913364410400e-02
-5.500968918204307556e-02
8.495331555604934692e-02
5.836803000420331955e-03
-1.504375413060188293e-02
2.570965886116027832e-02
-6.860991567373275757e-02
-5.928357690572738647e-02
2.449611946940422058e-02
-2.842596359550952911e-02
-4.889041185379028320e-02
-3.948359563946723938e-02
1.043140888214111328e-01
1.443529408425092697e-02
-7.053337246179580688e-02
3.735359059646725655e-03
-3.567609935998916626e-03
1.042296141386032104e-01
-1.728706806898117065e-02
-3.452996537089347839e-02
-2.378550358116626740e-02
-1.133584883064031601e-02
4.247039183974266052e-02
4.610291868448257446e-02
-4.154760763049125671e-02
-5.062443390488624573e-02
1.446965634822845459e-01
1.239671558141708374e-01
-4.569765180349349976e-02
5.035230889916419983e-02
5.048818513751029968e-02
-1.816098019480705261e-02
-7.375255227088928223e-02
-1.246143784373998642e-02
-4.545160382986068726e-02
-5.178747233003377914e-04
-1.174689922481775284e-02
2.156837470829486847e-02
-2.625695429742336273e-02
-1.785723119974136353e-02
8.250812441110610962e-02
-2.403285354375839233e-02
3.067219443619251251e-02
6.908158212900161743e-02
2.719348482787609100e-02
1.084147468209266663e-01
-2.428060024976730347e-02
-3.017380833625793457e-02
1.303720660507678986e-02
2.445321343839168549e-02
-1.248784828931093216e-02
7.539543323218822479e-03
-1.255127191543579102e-01
5.056963488459587097e-02
6.046999990940093994e-02
5.673575028777122498e-02
-1.409807894378900528e-02
-1.950612664222717285e-02
-1.052744500339031219e-02
2.667749300599098206e-02
-3.364958986639976501e-02
8.132656104862689972e-03
1.813262002542614937e-03
1.892912760376930237e-02
6.390051916241645813e-03
8.732472360134124756e-02
-2.194996550679206848e-02
2.866751141846179962e-02
5.220144521445035934e-03
-5.411326885223388672e-02
4.753741994500160217e-02
7.130876928567886353e-02
2.367796935141086578e-02
-8.653506636619567871e-02
7.934256643056869507e-02
3.067138139158487320e-03
2.971603907644748688e-02
-7.842501625418663025e-03
5.613370239734649658e-02
8.971436321735382080e-02
1.891349814832210541e-02
-1.299005299806594849e-01
2.053857967257499695e-02
1.649425923824310303e-02
7.839906960725784302e-02
-5.411985889077186584e-02
4.636395350098609924e-02
-1.201684959232807159e-02
-6.102722883224487305e-02
-5.185501277446746826e-02
6.800930947065353394e-02
-3.856990486383438110e-02
-7.057200372219085693e-02
-5.037619918584823608e-02
-3.171750530600547791e-02
-4.435591772198677063e-02
3.023654967546463013e-02
1.062503010034561157e-01
-1.148104853928089142e-02
1.011442989110946655e-01
-1.152823269367218018e-01
-2.717598713934421539e-02
-5.426025018095970154e-02
1.956874877214431763e-02
2.209679782390594482e-02
-6.956691294908523560e-02
