1.320529282093048096e-01
-8.072229102253913879e-03
3.253832086920738220e-02
-3.748976439237594604e-02
-3.770967572927474976e-02
-3.121905401349067688e-02
-8.656065165996551514e-02
-4.730588942766189575e-02
6.241334229707717896e-02
3.953986987471580505e-02
1.099222712218761444e-02
-3.894059360027313232e-02
-5.034805275499820709e-03
-8.405455201864242554e-02
1.245505642145872116e-02
-4.788874462246894836e-02
3.675890341401100159e-02
7.791311293840408325e-02
-3.133659949526190758e-03
-1.853236742317676544e-02
-2.758938632905483246e-02
-5.796020850539207458e-04
1.717323437333106995e-02
-2.982519008219242096e-02
-4.163800552487373352e-02
-1.094279661774635315e-01
4.376177117228507996e-02
-6.361974030733108521e-02
-1.066009104251861572e-01
-1.044879406690597534e-01
6.916863471269607544e-02
-4.373139515519142151e-02
-5.522969365119934082e-02
-7.166866958141326904e-02
2.907322905957698822e-02
-1.186687313020229340e-02
2.342628128826618195e-02
-3.275935724377632141e-02
-4.767389222979545593e-02
-4.766089841723442078e-02
6.261213868856430054e-02
-1.729271560907363892e-02
3.211559727787971497e-02
8.243250101804733276e-02
4.241783916950225830e-02
1.774238981306552887e-02
-1.369240581989288330e-01
2.582312747836112976e-02
-2.039777673780918121e-02
-4.988085851073265076e-02
-1.736897379159927368e-01
7.120858132839202881e-02
1.149645224213600159e-01
-9.918639063835144043e-02
-4.846714809536933899e-02
5.440938100218772888e-02
-3.291067481040954590e-02
-1.055970881134271622e-02
1.586078107357025146e-01
-2.676501683890819550e-02
6.499251723289489746e-02
5.092219263315200806e-02
-6.911145150661468506e-02
2.079908736050128937e-04
-6.514316052198410034e-02
-6.607740372419357300e-02
-5.285235866904258728e-02
-1.058950945734977722e-01
-5.836847238242626190e-03
-5.502767115831375122e-02
-9.174249321222305298e-02
-9.785578399896621704e-02
1.346055567264556885e-01
-8.345207571983337402e-02
-1.404632180929183960e-01
5.654662102460861206e-02
-8.329758793115615845e-02
7.218481600284576416e-02
1.018572505563497543e-02
-1.933486312627792358e-01
3.900975733995437622e-02
5.052699521183967590e-02
1.362534705549478531e-02
6.527558714151382446e-02
-6.276587396860122681e-02
5.223530903458595276e-02
-3.691618889570236206e-02
5.345398560166358948e-02
3.001119196414947510e-02
-4.324651509523391724e-02
-1.738534718751907349e-01
-2.493065968155860901e-02
-6.208610907196998596e-02
-3.230854123830795288e-02
-6.416609138250350952e-02
-5.438584834337234497e-02
-2.990338578820228577e-02
1.551526412367820740e-02
6.792292743921279907e-02
-8.606272935867309570e-02
5.247349292039871216e-02
-5.795916542410850525e-03
1.053920388221740723e-02
-1.881604827940464020e-02
2.614425728097558022e-03
-6.637065112590789795e-02
7.227241247892379761e-02
9.763292968273162842e-02
1.000860780477523804e-01
-1.004118695855140686e-01
-2.095163799822330475e-03
1.404304206371307373e-01
-1.601269282400608063e-02
8.930394053459167480e-02
1.392782665789127350e-02
-2.892069518566131592e-02
-2.465519309043884277e-02
4.519272223114967346e-02
5.901088938117027283e-02
-6.461890786886215210e-02
-4.711924493312835693e-02
1.069335490465164185e-01
1.032070443034172058e-02
4.825452715158462524e-02
-5.848258733749389648e-02
2.694867434911429882e-04
-5.442868918180465698e-02
-9.827731549739837646e-02
-1.062431111931800842e-01
9.854873269796371460e-02
3.734266618266701698e-03
8.890958130359649658e-02
-9.726462513208389282e-02
3.949452564120292664e-02
3.918360173702239990e-02
2.353134378790855408e-02
-7.765076309442520142e-02
2.773265726864337921e-02
1.033929288387298584e-01
4.481177031993865967e-02
2.672363445162773132e-02
5.400104075670242310e-02
4.884184151887893677e-02
-1.423916369676589966e-01
-6.701438874006271362e-02
-5.263153836131095886e-02
8.034239709377288818e-02
7.876464165747165680e-03
-2.630045870319008827e-03
2.075247094035148621e-02
-6.804858893156051636e-02
-5.003617331385612488e-02
2.648901753127574921e-02
-2.666926570236682892e-02
-4.832818731665611267e-02
-4.229540377855300903e-02
1.022224128246307373e-01
9.764221496880054474e-03
-7.256794720888137817e-02
5.641702562570571899e-03
-6.509014405310153961e-03
1.106852963566780090e-01
-2.570286206901073456e-02
-3.558471053838729858e-02
-2.844436839222908020e-02
-4.995134193450212479e-03
4.148883000016212463e-02
3.924277424812316895e-02
-5.195435881614685059e-02
-5.261678248643875122e-02
1.539175957441329956e-01
1.316737830638885498e-01
-4.366935044527053833e-02
4.904559254646301270e-02
4.889903962612152100e-02
-2.259740605950355530e-02
-7.688409090042114258e-02
-1.563563384115695953e-02
-3.043428622186183929e-02
5.511363502591848373e-03
-1.664489880204200745e-02
1.756825111806392670e-02
-3.137408569455146790e-02
-1.085896790027618408e-02
8.303324878215789795e-02
-2.172726392745971680e-02
2.478014864027500153e-02
6.899315118789672852e-02
3.245170041918754578e-02
1.165357530117034912e-01
-1.778201945126056671e-02
-2.584210596978664398e-02
1.276720035821199417e-02
3.159167617559432983e-02
-1.279432326555252075e-02
9.638528339564800262e-03
-1.310093104839324951e-01
5.392766743898391724e-02
6.446500867605209351e-02
5.572110041975975037e-02
-1.661091856658458710e-02
-2.080905996263027191e-02
-1.719013974070549011e-02
2.348573319613933563e-02
-2.722361311316490173e-02
1.088066305965185165e-02
-7.147396099753677845e-04
2.294978871941566467e-02
3.520854515954852104e-03
9.703282266855239868e-02
-2.160639874637126923e-02
3.105001151561737061e-02
4.679951351135969162e-03
-5.494469404220581055e-02
5.278986319899559021e-02
7.110346108675003052e-02
2.442655339837074280e-02
-9.494192898273468018e-02
8.604535460472106934e-02
1.938830362632870674e-03
4.131177812814712524e-02
-1.475640945136547089e-02
5.814413726329803467e-02
9.586894512176513672e-02
2.021335437893867493e-02
-1.390392780303955078e-01
1.816559210419654846e-02
1.425359398126602173e-02
7.940997928380966187e-02
-4.465528577566146851e-02
4.035721719264984131e-02
-1.469742879271507263e-02
-5.946427583694458008e-02
-4.028417170047760010e-02
5.549095198512077332e-02
-3.285590186715126038e-02
-5.954458937048912048e-02
-5.877364426851272583e-02
-2.690687216818332672e-02
-3.968282788991928101e-02
2.393550612032413483e-02
9.072606265544891357e-02
-1.406867336481809616e-02
7.587417960166931152e-02
-9.795182943344116211e-02
-2.917251177132129669e-02
-4.770778119564056396e-02
1.019858010113239288e-02
1.764950901269912720e-02
-6.154589354991912842e-02
