1.794869303703308105e-01
-1.342048775404691696e-02
4.248894006013870239e-02
-5.837814137339591980e-02
-6.681367009878158569e-02
-6.669536232948303223e-02
-9.915114939212799072e-02
-5.328201875090599060e-02
7.627446204423904419e-02
4.972586408257484436e-02
1.140980143100023270e-02
-3.919455781579017639e-02
2.029369585216045380e-03
-1.008110269904136658e-01
3.575526550412178040e-02
-6.005955860018730164e-02
5.057992786169052124e-02
1.026523634791374207e-01
9.051406756043434143e-03
-3.658279404044151306e-02
-2.758380584418773651e-02
-4.277089145034551620e-03
3.463694453239440918e-02
-3.576475381851196289e-02
-6.022245064377784729e-02
-9.817281365394592285e-02
3.855063393712043762e-02
-5.465870350599288940e-02
-1.062661856412887573e-01
-7.825974375009536743e-02
6.463564187288284302e-02
-4.412012174725532532e-02
-5.249164626002311707e-02
-8.145138621330261230e-02
3.069667704403400421e-02
-6.631202530115842819e-03
3.407780453562736511e-02
-1.918258704245090485e-02
-4.556904360651969910e-02
-4.772025719285011292e-02
5.844382941722869873e-02
-3.813367336988449097e-02
2.851770259439945221e-02
7.812795042991638184e-02
5.275935307145118713e-02
2.578161843121051788e-02
-1.235142424702644348e-01
2.249279292300343513e-03
-8.828856050968170166e-03
-3.707093000411987305e-02
-1.683101058006286621e-01
5.463298037648200989e-02
1.049774214625358582e-01
-7.392285764217376709e-02
-5.475241690874099731e-02
4.864402860403060913e-02
-3.460133448243141174e-02
-4.408338107168674469e-03
1.580048501491546631e-01
-3.861128911375999451e-02
4.022222384810447693e-02
5.927029624581336975e-02
-6.051487848162651062e-02
-1.226789690554141998e-02
-5.580716580152511597e-02
-8.182997256517410278e-02
-5.084334313869476318e-02
-9.908399730920791626e-02
-1.161165349185466766e-02
-4.928547143936157227e-02
-8.655284345149993896e-02
-9.723668545484542847e-02
1.313021630048751831e-01
-8.203413337469100952e-02
-1.033017709851264954e-01
7.555993646383285522e-02
-1.069215238094329834e-01
4.031881690025329590e-02
1.842476427555084229e-02
-1.583990007638931274e-01
2.867157012224197388e-02
5.188430473208427429e-02
7.149485871195793152e-03
4.546418786048889160e-02
-7.237382978200912476e-02
5.681824684143066406e-02
-3.746933862566947937e-02
4.907442629337310791e-02
3.031500382348895073e-03
-3.628965094685554504e-02
-1.426787823438644409e-01
-1.007878687232732773e-02
-6.945058703422546387e-02
-2.667151018977165222e-02
-6.628126651048660278e-02
-4.094664752483367920e-02
-3.322890400886535645e-02
2.025478146970272064e-02
7.225886732339859009e-02
-8.734506368637084961e-02
5.260227993130683899e-02
9.941022843122482300e-03
-4.693874157965183258e-03
-1.657145656645298004e-02
1.563924551010131836e-02
-5.606170743703842163e-02
7.052689790725708008e-02
1.104766204953193665e-01
8.457743376493453979e-02
-1.076592132449150085e-01
-2.684150589630007744e-03
1.267827898263931274e-01
-2.395312488079071045e-02
7.674639672040939331e-02
2.376091852784156799e-02
-3.306697309017181396e-02
-3.021512180566787720e-02
6.008494272828102112e-02
6.704039126634597778e-02
-6.883031874895095825e-02
-5.113594233989715576e-02
1.058015674352645874e-01
1.556727290153503418e-02
6.256188452243804932e-02
-5.578154325485229492e-02
4.573790822178125381e-03
-5.655186623334884644e-02
-1.021388173103332520e-01
-1.246238201856613159e-01
9.392981976270675659e-02
3.251929301768541336e-03
1.005711629986763000e-01
-9.385150671005249023e-02
5.460186675190925598e-02
3.182085230946540833e-02
4.214916750788688660e-02
-8.821733295917510986e-02
5.387667194008827209e-02
1.243887841701507568e-01
3.901686519384384155e-02
3.794726729393005371e-02
6.086450815200805664e-02
5.657669529318809509e-02
-1.356876045465469360e-01
-4.179028049111366272e-02
-5.150601640343666077e-02
8.415857702493667603e-02
1.576814241707324982e-02
-1.091532874852418900e-03
2.279726415872573853e-02
-5.743689835071563721e-02
-4.454490542411804199e-02
3.667342290282249451e-02
-3.752670064568519592e-02
-4.720173403620719910e-02
-4.590679705142974854e-02
1.112719252705574036e-01
1.639087684452533722e-02
-7.575698196887969971e-02
2.482126932591199875e-03
-2.586751990020275116e-02
9.663204848766326904e-02
-5.843446590006351471e-03
-4.413893446326255798e-02
-2.724741213023662567e-02
-2.083825320005416870e-02
4.050836712121963501e-02
4.052701219916343689e-02
-2.342922613024711609e-02
-4.145748168230056763e-02
1.420757621526718140e-01
1.223306283354759216e-01
-2.706201560795307159e-02
5.159892886877059937e-02
5.274109914898872375e-02
9.019903838634490967e-03
-7.718897610902786255e-02
-3.122937493026256561e-02
-2.728154323995113373e-02
1.016091555356979370e-03
6.888194940984249115e-03
2.057724446058273315e-02
-2.088945731520652771e-02
-2.695692889392375946e-02
9.634478390216827393e-02
-1.030220091342926025e-02
2.451176755130290985e-02
8.063340932130813599e-02
4.072822630405426025e-02
1.094621270895004272e-01
-1.603230834007263184e-02
-2.961934544146060944e-02
-1.570774987339973450e-02
2.932707779109477997e-02
-1.286580972373485565e-02
-3.438126761466264725e-03
-1.249901503324508667e-01
5.185292288661003113e-02
5.875229090452194214e-02
4.458658397197723389e-02
-4.260763525962829590e-03
-1.399084273725748062e-02
-1.755085773766040802e-02
3.678434295579791069e-03
-1.923307403922080994e-02
6.987133994698524475e-03
1.349026709794998169e-02
1.377378124743700027e-02
8.208693936467170715e-03
9.446954727172851562e-02
-1.525548845529556274e-02
2.932970039546489716e-02
1.168630644679069519e-02
-4.593338444828987122e-02
4.869898408651351929e-02
4.372654482722282410e-02
5.920993629842996597e-03
-9.158454090356826782e-02
7.126016914844512939e-02
2.766458550468087196e-03
4.339370876550674438e-02
-1.526446663774549961e-03
6.162838265299797058e-02
9.388402849435806274e-02
-7.004164159297943115e-03
-9.166650474071502686e-02
1.925242692232131958e-02
-1.570586930029094219e-03
6.670860946178436279e-02
-5.163263157010078430e-02
5.693927034735679626e-02
-2.551083266735076904e-02
-5.087043344974517822e-02
-5.063910037279129028e-02
6.088248640298843384e-02
-3.585842251777648926e-02
-6.517490744590759277e-02
-5.633206665515899658e-02
-2.943597547709941864e-02
-4.059329256415367126e-02
4.868902266025543213e-02
1.228560432791709900e-01
-1.183552294969558716e-02
1.185243502259254456e-01
-1.223361045122146606e-01
-4.799755290150642395e-02
-5.754517018795013428e-02
3.296335786581039429e-02
3.177194157615303993e-03
-7.701442390680313110e-02
