1.571268290281295776e-01
9.882549755275249481e-03
3.290611505508422852e-02
-2.979152463376522064e-02
-2.206960693001747131e-02
-1.140126809477806091e-01
-7.019955664873123169e-02
-1.034216396510601044e-02
4.789771512150764465e-02
1.650703325867652893e-02
-3.032966330647468567e-02
-2.345191314816474915e-02
4.569885134696960449e-02
-8.510776609182357788e-02
3.890927508473396301e-02
-5.667868256568908691e-02
5.801311880350112915e-02
4.709931463003158569e-02
-1.382189150899648666e-02
-9.504996240139007568e-03
-4.459849093109369278e-03
2.702959068119525909e-02
4.026896879076957703e-02
-1.660517975687980652e-02
-5.383644253015518188e-02
-9.594973921775817871e-02
2.720757760107517242e-02
-7.331477105617523193e-02
-1.011438295245170593e-01
-9.668230079114437103e-03
3.368696197867393494e-02
1.227181218564510345e-02
2.369235083460807800e-02
-1.236239001154899597e-01
-2.763187699019908905e-02
-2.463237755000591278e-02
1.229399740695953369e-01
-2.442811615765094757e-03
-7.142485678195953369e-02
-4.807718843221664429e-02
8.805897831916809082e-02
-6.929641962051391602e-02
2.933745272457599640e-02
6.745280325412750244e-02
2.425137348473072052e-02
3.038370795547962189e-02
-1.054672002792358398e-01
-5.919365957379341125e-02
-4.467494785785675049e-02
-9.542711824178695679e-02
-1.838131994009017944e-01
4.249479994177818298e-02
8.185272663831710815e-02
-2.864085137844085693e-02
-7.140655815601348877e-02
7.728833705186843872e-02
-5.319897085428237915e-02
-6.927675753831863403e-02
1.248423308134078979e-01
-4.299913346767425537e-02
5.142920091748237610e-02
1.338411215692758560e-02
-3.944646567106246948e-02
3.513918817043304443e-02
-4.834322258830070496e-02
-9.130603075027465820e-02
-4.016233980655670166e-02
-8.310193568468093872e-02
3.790074586868286133e-02
-3.404782339930534363e-02
-2.962925843894481659e-02
-9.787090867757797241e-02
1.366793811321258545e-01
-5.631250143051147461e-02
-8.771806210279464722e-02
7.629774510860443115e-02
-8.686267584562301636e-02
1.522208563983440399e-02
-3.332989662885665894e-02
-1.223293095827102661e-01
6.425433605909347534e-02
4.453220218420028687e-02
-4.495055601000785828e-02
5.210666451603174210e-03
-7.329315692186355591e-02
5.464209243655204773e-02
-1.925660879351198673e-03
5.747007951140403748e-02
3.296018764376640320e-02
1.133202016353607178e-02
-1.968234777450561523e-01
1.088596880435943604e-02
-7.678618282079696655e-02
9.360168129205703735e-03
-4.275298863649368286e-02
-2.208494395017623901e-02
-2.166641317307949066e-02
-1.023896411061286926e-02
1.456062197685241699e-01
-1.087682172656059265e-01
9.136852622032165527e-02
-1.407305151224136353e-02
2.333205193281173706e-02
1.181512977927923203e-02
-1.311529334634542465e-02
-4.146669805049896240e-02
6.127279996871948242e-02
1.265903115272521973e-01
1.047567203640937805e-01
-9.030252695083618164e-02
-3.912778198719024658e-02
1.345243304967880249e-01
5.132010672241449356e-03
5.791393294930458069e-02
3.582404926419258118e-02
-6.590288132429122925e-02
1.425623428076505661e-03
7.175231724977493286e-02
8.450290560722351074e-02
-9.190778434276580811e-02
-1.423628032207489014e-01
7.371985912322998047e-02
6.931031588464975357e-03
6.641478091478347778e-02
-2.632637042552232742e-03
-2.446988038718700409e-02
-8.850197494029998779e-02
-8.963955938816070557e-02
-9.017340838909149170e-02
1.123744472861289978e-01
-4.841123521327972412e-02
6.450010091066360474e-02
-7.989695668220520020e-02
3.535788878798484802e-02
2.262408472597599030e-02
9.748857468366622925e-02
-1.150881648063659668e-01
8.435331284999847412e-02
1.538355499505996704e-01
8.172024786472320557e-02
7.895793020725250244e-02
-6.200960837304592133e-03
1.129764690995216370e-01
-1.486555635929107666e-01
-1.375554944388568401e-03
-4.745637625455856323e-02
4.718310758471488953e-02
-1.432235352694988251e-02
-2.523968368768692017e-02
5.619337037205696106e-02
-8.052221685647964478e-02
-3.557998314499855042e-02
7.020864635705947876e-02
-7.742846012115478516e-02
-7.601510733366012573e-02
-6.924746930599212646e-02
7.545723766088485718e-02
6.691707670688629150e-02
-7.341340929269790649e-02
1.045589521527290344e-02
-6.806790083646774292e-02
8.272612094879150391e-02
1.733386516571044922e-02
-6.323178857564926147e-02
1.372294966131448746e-02
8.775661699473857880e-03
-3.356950124725699425e-03
5.698744207620620728e-02
-2.698447927832603455e-02
4.261279106140136719e-02
4.991960525512695312e-02
6.367084383964538574e-02
-7.970052771270275116e-03
6.454572081565856934e-02
4.549932479858398438e-02
-1.949663832783699036e-02
-2.953598834574222565e-02
-4.679626971483230591e-02
-2.583442814648151398e-02
7.978099398314952850e-03
2.502305433154106140e-02
3.479382768273353577e-02
6.125156767666339874e-03
-5.067709833383560181e-02
1.421235352754592896e-01
-4.518818482756614685e-02
7.380613125860691071e-03
8.544380217790603638e-02
3.718175366520881653e-02
5.380079150199890137e-02
-6.051465496420860291e-02
-4.585330933332443237e-02
-3.432558476924896240e-02
-2.450267225503921509e-02
-2.380616962909698486e-02
2.915778383612632751e-02
-1.094456762075424194e-01
2.785421349108219147e-02
2.951038070023059845e-02
5.996696278452873230e-02
1.750732399523258209e-02
4.300495982170104980e-02
8.586649782955646515e-03
3.842551726847887039e-03
-1.158540323376655579e-02
4.766990989446640015e-02
-3.662222251296043396e-02
-1.625793986022472382e-02
1.112034730613231659e-02
3.937176614999771118e-02
2.066763862967491150e-02
-2.457818947732448578e-02
-2.242987230420112610e-02
-8.520515635609626770e-03
-4.441034793853759766e-02
2.176313661038875580e-02
-4.788055643439292908e-02
-8.770275115966796875e-02
8.250749111175537109e-02
-1.966494508087635040e-02
-2.642011083662509918e-02
1.290550362318754196e-02
6.121217831969261169e-02
1.168050318956375122e-01
2.640718128532171249e-03
-3.867853432893753052e-02
1.457116007804870605e-02
-4.254748672246932983e-02
-1.457557268440723419e-02
1.621454372070729733e-03
2.127756178379058838e-02
2.033315598964691162e-03
-1.373117417097091675e-02
-8.473370969295501709e-02
6.399493664503097534e-02
-7.104916498064994812e-03
-3.749733790755271912e-02
-9.511628188192844391e-03
4.609010368585586548e-02
-2.139054983854293823e-02
6.273534893989562988e-02
3.676619753241539001e-02
2.854397147893905640e-02
6.898093223571777344e-02
-3.943874314427375793e-02
-2.491832338273525238e-02
-1.883936300873756409e-02
1.109817102551460266e-01
-3.003286570310592651e-02
-4.282511770725250244e-02
