1.863108426332473755e-01
1.350096240639686584e-02
4.465939849615097046e-02
-4.722876101732254028e-02
-2.631868980824947357e-02
-6.981306523084640503e-02
-8.376339823007583618e-02
-5.027970671653747559e-02
1.844199746847152710e-02
2.160363085567951202e-02
-3.000215440988540649e-02
-5.564895644783973694e-02
2.913167001679539680e-03
-8.718327432870864868e-02
4.739903379231691360e-03
-4.969574511051177979e-02
2.942121401429176331e-02
9.315022081136703491e-02
2.795269712805747986e-03
1.460759900510311127e-02
-1.228069327771663666e-02
-2.961832657456398010e-02
4.745283350348472595e-02
-1.215049158781766891e-02
-6.227966770529747009e-02
-1.126599758863449097e-01
4.354910552501678467e-02
-6.608477234840393066e-02
-1.190820708870887756e-01
-8.045922219753265381e-02
3.889996185898780823e-02
-4.441092535853385925e-02
-3.328064829111099243e-02
-6.012132763862609863e-02
2.737210318446159363e-02
-1.480821665609255433e-04
4.323716461658477783e-02
-4.773347079753875732e-02
-6.695400923490524292e-02
-8.391910791397094727e-02
5.070510506629943848e-02
1.187914889305830002e-02
4.475363343954086304e-02
5.395717173814773560e-02
5.751669779419898987e-02
2.477548085153102875e-02
-1.187183633446693420e-01
6.180058047175407410e-02
-3.559178113937377930e-02
-4.334156587719917297e-02
-1.730799376964569092e-01
5.562989786267280579e-02
9.846886992454528809e-02
-6.804522126913070679e-02
-2.205441892147064209e-02
4.610795155167579651e-02
-4.369503259658813477e-02
-2.218222059309482574e-02
1.458212137222290039e-01
-6.770777981728315353e-03
6.890315562486648560e-02
2.792965993285179138e-02
-1.052391603589057922e-01
9.424687363207340240e-03
-7.744866609573364258e-02
-6.194334104657173157e-02
-3.465145453810691833e-02
-9.330543875694274902e-02
2.711553499102592468e-02
-3.330304846167564392e-02
-5.788921937346458435e-02
-9.002237766981124878e-02
1.172197237610816956e-01
-5.879713594913482666e-02
-1.210618019104003906e-01
4.361502453684806824e-02
-4.490444064140319824e-02
8.814417570829391479e-02
2.864135240088216960e-05
-1.618357598781585693e-01
3.058726340532302856e-02
7.538139075040817261e-02
3.714375942945480347e-02
4.716445878148078918e-02
-3.734177723526954651e-02
5.187122896313667297e-02
-1.944914646446704865e-02
4.926103353500366211e-02
4.728823527693748474e-02
-4.382559657096862793e-02
-1.573800742626190186e-01
-1.715402863919734955e-02
-5.050680041313171387e-02
-3.298119409009814262e-03
-4.252997413277626038e-02
-3.907017037272453308e-02
-2.243527583777904510e-02
4.904516786336898804e-02
1.246364414691925049e-01
-8.876572549343109131e-02
8.280356973409652710e-02
-1.135586760938167572e-02
3.703476488590240479e-02
-1.252704113721847534e-02
-1.906145922839641571e-02
-4.560231417417526245e-02
5.036896094679832458e-02
8.088773488998413086e-02
1.228187829256057739e-01
-9.787792712450027466e-02
-1.571251265704631805e-02
1.680526286363601685e-01
-6.433653179556131363e-03
9.320478886365890503e-02
1.497954875230789185e-02
-2.100865729153156281e-02
3.275177907198667526e-03
6.090309843420982361e-02
4.501803591847419739e-02
-6.867673248052597046e-02
-6.376320123672485352e-02
1.131553277373313904e-01
-7.656464818865060806e-03
5.131335556507110596e-02
-3.843463584780693054e-02
-1.993943005800247192e-02
-5.917032435536384583e-02
-5.209990218281745911e-02
-1.075398027896881104e-01
1.552889198064804077e-01
8.642551489174365997e-03
7.878573983907699585e-02
-1.000798344612121582e-01
4.127450287342071533e-02
4.635304212570190430e-02
2.789510227739810944e-02
-7.052578032016754150e-02
1.500042248517274857e-02
1.111044287681579590e-01
6.167814880609512329e-02
4.262525588274002075e-03
3.063576482236385345e-02
5.923964828252792358e-02
-1.341411620378494263e-01
-9.110494703054428101e-02
-5.293080583214759827e-02
9.420900791883468628e-02
8.533094078302383423e-04
-1.758918049745261669e-03
2.472159452736377716e-02
-8.593997359275817871e-02
-7.871836423873901367e-02
2.791595645248889923e-02
-1.046244520694017410e-02
-4.295407235622406006e-02
-2.960789948701858521e-02
1.080904230475425720e-01
1.792133413255214691e-02
-5.769398435950279236e-02
2.425331855192780495e-03
-7.496238686144351959e-03
1.139792427420616150e-01
-2.555062249302864075e-02
-2.138257026672363281e-02
-1.406138204038143158e-02
-1.866069436073303223e-02
3.988937288522720337e-02
7.448650896549224854e-02
-3.855568170547485352e-02
-6.805887818336486816e-02
1.314215064048767090e-01
1.086687669157981873e-01
-3.665265813469886780e-02
7.678273320198059082e-02
5.619358643889427185e-02
-2.759449928998947144e-02
-7.845915853977203369e-02
-5.983792711049318314e-03
-8.052496612071990967e-02
9.230234660208225250e-03
-7.083337288349866867e-03
1.825798116624355316e-02
-1.168303890153765678e-03
-1.343705970793962479e-02
8.722591400146484375e-02
-2.178901247680187225e-02
5.240353569388389587e-02
5.103285983204841614e-02
1.177016831934452057e-02
9.886515885591506958e-02
-3.759660199284553528e-02
-2.753105387091636658e-02
1.756081916391849518e-02
1.003115251660346985e-02
-8.613170124590396881e-03
7.854087278246879578e-03
-1.218046918511390686e-01
6.665254384279251099e-02
5.872954428195953369e-02
6.652560085058212280e-02
-6.259271875023841858e-03
-1.937716826796531677e-02
2.060105651617050171e-02
3.518926724791526794e-02
-1.812947914004325867e-02
3.178474493324756622e-03
-3.421569010242819786e-03
3.106046654284000397e-02
1.274261996150016785e-02
8.218619972467422485e-02
-6.663319654762744904e-03
1.342992950230836868e-02
9.047361090779304504e-03
-5.295858159661293030e-02
3.779172897338867188e-02
6.303434818983078003e-02
3.050779178738594055e-02
-9.144992381334304810e-02
6.025454029440879822e-02
-1.951235532760620117e-02
1.280956063419580460e-02
-1.265872735530138016e-02
5.133906751871109009e-02
7.677238434553146362e-02
3.564809262752532959e-02
-1.124051287770271301e-01
3.119313158094882965e-02
1.230021379888057709e-02
5.536494031548500061e-02
-6.588862091302871704e-02
2.676573023200035095e-02
-1.925994828343391418e-02
-7.906107604503631592e-02
-5.938298627734184265e-02
7.939866930246353149e-02
-3.380715101957321167e-02
-8.585258573293685913e-02
-4.338091984391212463e-02
-3.187382221221923828e-02
-4.868304729461669922e-02
2.641395106911659241e-02
8.718083053827285767e-02
-6.194675341248512268e-03
8.493302762508392334e-02
-1.205677762627601624e-01
-2.697286568582057953e-02
-6.829407066106796265e-02
2.569656074047088623e-02
2.229368872940540314e-02
-7.242204993963241577e-02
