1.893468350172042847e-01
-6.213202141225337982e-03
5.687970668077468872e-02
-5.760769173502922058e-02
-5.938856676220893860e-02
-6.511855125427246094e-02
-1.200375556945800781e-01
-4.790586605668067932e-02
7.579069584608078003e-02
7.113788276910781860e-02
6.241009104996919632e-03
-3.710872679948806763e-02
5.920876283198595047e-03
-1.118164584040641785e-01
3.265253081917762756e-02
-4.917004331946372986e-02
5.174736678600311279e-02
9.474618732929229736e-02
2.036490850150585175e-02
-3.614278510212898254e-02
-2.259005047380924225e-02
-1.093120593577623367e-02
4.437118768692016602e-02
-9.697842411696910858e-03
-5.347166210412979126e-02
-1.154529973864555359e-01
2.394921705126762390e-02
-6.796357780694961548e-02
-1.034126728773117065e-01
-7.571439445018768311e-02
7.146973907947540283e-02
-4.107543826103210449e-02
-4.046781733632087708e-02
-1.047890335321426392e-01
2.193826064467430115e-02
-2.210893854498863220e-02
4.186517372727394104e-02
-3.511800989508628845e-02
-4.598390683531761169e-02
-5.217756703495979309e-02
5.864641815423965454e-02
-4.948443546891212463e-02
3.556430712342262268e-02
8.404444903135299683e-02
4.886133223772048950e-02
3.662773221731185913e-02
-1.281460076570510864e-01
-1.612526178359985352e-02
-9.646801277995109558e-03
-4.199466854333877563e-02
-1.659444868564605713e-01
6.006452441215515137e-02
1.100184991955757141e-01
-6.857111304998397827e-02
-6.563153117895126343e-02
5.865899100899696350e-02
-3.194874525070190430e-02
9.390125982463359833e-03
1.474265158176422119e-01
-3.971908241510391235e-02
5.453690886497497559e-02
4.684225469827651978e-02
-4.962750151753425598e-02
4.000060260295867920e-03
-6.356808543205261230e-02
-7.742513716220855713e-02
-7.027572393417358398e-02
-8.582433313131332397e-02
1.482489891350269318e-02
-6.312825530767440796e-02
-8.423926681280136108e-02
-9.109658747911453247e-02
1.350437700748443604e-01
-7.977135479450225830e-02
-9.560254961252212524e-02
7.645615935325622559e-02
-9.334956109523773193e-02
4.745291545987129211e-02
-1.061118207871913910e-03
-1.559458523988723755e-01
5.185070633888244629e-02
6.412141770124435425e-02
1.052580121904611588e-02
3.367949649691581726e-02
-6.299630552530288696e-02
6.760296225547790527e-02
-3.477187454700469971e-02
5.234912782907485962e-02
1.266729272902011871e-02
-2.994398027658462524e-02
-1.491380929946899414e-01
-3.710469929501414299e-03
-6.457383185625076294e-02
-8.222952485084533691e-03
-4.298106208443641663e-02
-5.755226686596870422e-02
-4.258585721254348755e-02
8.345157839357852936e-03
6.766398996114730835e-02
-9.606065601110458374e-02
6.219765916466712952e-02
-9.780000895261764526e-03
6.541078910231590271e-03
-1.298645604401826859e-02
-9.734008461236953735e-03
-6.415767967700958252e-02
6.734689325094223022e-02
1.103877872228622437e-01
9.643648564815521240e-02
-1.141654029488563538e-01
-1.803043123800307512e-04
1.379519850015640259e-01
-3.525109216570854187e-02
6.862454861402511597e-02
2.326283976435661316e-02
-3.973739594221115112e-02
-7.352313026785850525e-03
7.065039128065109253e-02
6.150696799159049988e-02
-7.590255141258239746e-02
-5.434791371226310730e-02
9.126412868499755859e-02
9.444053284823894501e-03
7.432049512863159180e-02
-3.903581202030181885e-02
3.219141857698559761e-03
-4.727871343493461609e-02
-1.129042953252792358e-01
-1.247745677828788757e-01
1.039013415575027466e-01
-4.212965257465839386e-03
9.198224544525146484e-02
-9.289141744375228882e-02
4.951252043247222900e-02
3.792164847254753113e-02
5.785548314452171326e-02
-9.381177276372909546e-02
5.490493774414062500e-02
1.313935965299606323e-01
4.197100549936294556e-02
5.379665270447731018e-02
6.379159539937973022e-02
5.219262465834617615e-02
-1.455170363187789917e-01
-6.285566091537475586e-02
-5.995884537696838379e-02
8.614355325698852539e-02
7.034645881503820419e-03
-2.724839746952056885e-02
1.945037394762039185e-02
-5.485864728689193726e-02
-5.073887109756469727e-02
2.652948908507823944e-02
-3.909960016608238220e-02
-5.205112695693969727e-02
-4.129728302359580994e-02
1.185510158538818359e-01
4.964600503444671631e-02
-8.104182034730911255e-02
1.104885595850646496e-03
-2.752260304987430573e-02
8.236857503652572632e-02
-2.148597501218318939e-03
-6.485812366008758545e-02
-4.392562061548233032e-02
-2.539989538490772247e-02
1.417193096131086349e-02
5.456215515732765198e-02
-3.796492516994476318e-02
-2.389891631901264191e-02
1.515159308910369873e-01
1.095644310116767883e-01
-3.122251853346824646e-02
4.420081153512001038e-02
4.514401778578758240e-02
-9.759750217199325562e-03
-6.589294970035552979e-02
-3.589060530066490173e-02
-3.756457567214965820e-02
-1.025131344795227051e-02
8.997842669486999512e-03
2.985337190330028534e-02
-2.211916446685791016e-02
-2.877759002149105072e-02
1.134705170989036560e-01
-2.024510875344276428e-02
1.826129294931888580e-02
9.979658573865890503e-02
3.977270796895027161e-02
9.753964841365814209e-02
-3.106276132166385651e-02
-2.395665086805820465e-02
-9.039954165928065777e-04
2.115204930305480957e-02
-1.205495279282331467e-02
2.152133919298648834e-02
-1.119499355554580688e-01
3.558814898133277893e-02
5.224081128835678101e-02
3.766753524541854858e-02
-2.538121677935123444e-02
3.873716108500957489e-03
-2.865678630769252777e-02
-1.651498838327825069e-03
-1.990980841219425201e-02
1.151414681226015091e-02
1.181241218000650406e-02
1.568787358701229095e-02
1.664846763014793396e-02
7.373791188001632690e-02
-2.923255413770675659e-02
3.080141358077526093e-02
1.800438202917575836e-02
-4.631116613745689392e-02
3.167488053441047668e-02
4.078724607825279236e-02
-8.465852588415145874e-03
-7.301647216081619263e-02
7.641244679689407349e-02
-1.871784101240336895e-03
2.948444522917270660e-02
-3.907171485479921103e-04
5.594110116362571716e-02
1.022494509816169739e-01
-4.373489413410425186e-03
-9.155523777008056641e-02
4.176611453294754028e-02
8.879492990672588348e-03
5.679501593112945557e-02
-4.298022016882896423e-02
3.357985988259315491e-02
-1.117950305342674255e-02
-2.737651765346527100e-02
-5.118999257683753967e-02
4.529955983161926270e-02
-3.511496633291244507e-02
-5.351910367608070374e-02
-3.795147314667701721e-02
-1.035749912261962891e-02
-4.886177182197570801e-02
2.595066651701927185e-02
7.841711491346359253e-02
-1.216585561633110046e-02
1.036907210946083069e-01
-8.093321323394775391e-02
-1.702384464442729950e-02
-4.702357947826385498e-02
3.578488528728485107e-02
-1.492804731242358685e-03
-5.780463665723800659e-02
