1.963999271392822266e-01
-1.135695725679397583e-02
3.639698028564453125e-02
-6.418121606111526489e-02
-4.947823286056518555e-02
-3.389138728380203247e-02
-1.117664724588394165e-01
-6.552167981863021851e-02
7.203833758831024170e-02
7.059141248464584351e-02
-3.188619157299399376e-03
-6.329107284545898438e-02
-1.801072061061859131e-02
-1.079841703176498413e-01
5.254250951111316681e-03
-6.466609239578247070e-02
2.160827815532684326e-02
9.140780568122863770e-02
2.557417750358581543e-02
-1.451910194009542465e-02
-5.629380792379379272e-02
-2.636509761214256287e-02
2.042962424457073212e-02
-1.232394296675920486e-02
-6.819255650043487549e-02
-1.336410790681838989e-01
3.467508405447006226e-02
-7.773232460021972656e-02
-1.225288063287734985e-01
-1.147616431117057800e-01
7.719808071851730347e-02
-8.158344775438308716e-02
-6.937805563211441040e-02
-5.989595875144004822e-02
3.449276462197303772e-02
-2.814984694123268127e-02
1.989056542515754700e-02
-3.813295066356658936e-02
-4.016048833727836609e-02
-4.765995591878890991e-02
2.583776973187923431e-02
-1.645914465188980103e-02
4.813420400023460388e-02
6.026205420494079590e-02
6.747654080390930176e-02
3.006600216031074524e-02
-1.144693195819854736e-01
3.460207954049110413e-02
-2.904373221099376678e-02
-2.228291891515254974e-02
-1.624758839607238770e-01
5.437009781599044800e-02
1.256004422903060913e-01
-9.817578643560409546e-02
-2.892714552581310272e-02
3.034838661551475525e-02
-3.188634291291236877e-02
3.528485819697380066e-02
1.526084542274475098e-01
-3.504205960780382156e-03
5.566910654306411743e-02
3.636490181088447571e-02
-6.963704526424407959e-02
-1.073729014024138451e-03
-7.720405608415603638e-02
-4.357015714049339294e-02
-4.789992049336433411e-02
-9.319208562374114990e-02
2.310858573764562607e-03
-2.665966749191284180e-02
-1.053066402673721313e-01
-7.252164185047149658e-02
1.377506852149963379e-01
-7.462757080793380737e-02
-1.264452934265136719e-01
4.485918208956718445e-02
-4.670090600848197937e-02
7.966833561658859253e-02
8.989748544991016388e-03
-1.593457907438278198e-01
5.026291683316230774e-02
6.460706889629364014e-02
3.627217188477516174e-02
6.316711008548736572e-02
-4.713444784283638000e-02
5.227323994040489197e-02
-1.607342064380645752e-02
5.869924277067184448e-02
3.258697316050529480e-02
-3.636933490633964539e-02
-1.470359712839126587e-01
-2.892314270138740540e-02
-5.994917824864387512e-02
-2.121028862893581390e-02
-3.988716378808021545e-02
-6.332807987928390503e-02
-2.171375229954719543e-02
3.788364306092262268e-02
7.710836827754974365e-02
-9.075934439897537231e-02
5.119435489177703857e-02
-4.193254280835390091e-03
1.966542191803455353e-02
-3.037529252469539642e-02
-2.805327437818050385e-02
-4.694349691271781921e-02
4.423675313591957092e-02
8.139601349830627441e-02
8.982489258050918579e-02
-8.963994681835174561e-02
-8.472076617181301117e-03
1.334012299776077271e-01
-4.599621891975402832e-02
8.283524960279464722e-02
-3.105652518570423126e-03
3.677076194435358047e-03
-1.136415172368288040e-02
5.021606385707855225e-02
4.412012547254562378e-02
-5.626684054732322693e-02
-1.896024495363235474e-02
1.066833361983299255e-01
-6.226386874914169312e-03
3.938356786966323853e-02
-3.828216716647148132e-02
2.207669988274574280e-02
-4.198651015758514404e-02
-7.373141497373580933e-02
-9.671442955732345581e-02
1.108043268322944641e-01
8.777424693107604980e-03
6.862384825944900513e-02
-8.953586965799331665e-02
3.294083103537559509e-02
4.523271694779396057e-02
-6.509650964289903641e-03
-5.786154046654701233e-02
8.629350923001766205e-03
8.361686766147613525e-02
5.360814556479454041e-02
-5.280165001749992371e-03
6.340574473142623901e-02
-6.595863669645041227e-05
-1.269934177398681641e-01
-7.981670647859573364e-02
-5.342213436961174011e-02
8.448958396911621094e-02
6.827956996858119965e-03
-1.014969032257795334e-02
-1.181534212082624435e-02
-8.213275671005249023e-02
-5.931916832923889160e-02
-8.284238167107105255e-03
-1.316781155765056610e-02
-3.614340722560882568e-02
-1.560432743281126022e-02
1.083784699440002441e-01
2.758940681815147400e-02
-5.660897493362426758e-02
-7.497617043554782867e-03
9.846691042184829712e-03
8.830590546131134033e-02
-1.525403466075658798e-02
-2.984699048101902008e-02
-5.601982399821281433e-02
-1.915726996958255768e-02
3.895905986428260803e-02
5.850541591644287109e-02
-4.283112660050392151e-02
-7.730732858180999756e-02
1.700659394264221191e-01
1.318885087966918945e-01
-5.575931444764137268e-02
5.050144717097282410e-02
3.991614282131195068e-02
-1.803706027567386627e-02
-7.661548256874084473e-02
-3.871969878673553467e-03
-5.066056177020072937e-02
-4.295879043638706207e-03
-1.047617476433515549e-02
1.210999768227338791e-02
-3.986733034253120422e-02
2.432939363643527031e-03
7.163473963737487793e-02
-3.356311470270156860e-03
3.101887181401252747e-02
5.360051989555358887e-02
2.395788393914699554e-02
1.066869422793388367e-01
-3.064044937491416931e-02
-1.946171745657920837e-02
4.071755334734916687e-02
2.370876632630825043e-02
-4.595237784087657928e-03
1.730605401098728180e-02
-9.195729345083236694e-02
5.221867933869361877e-02
5.163193866610527039e-02
5.731021240353584290e-02
-2.712540142238140106e-02
-4.658425226807594299e-02
-3.190239891409873962e-02
2.095098048448562622e-02
-4.254017397761344910e-02
-3.307293727993965149e-02
6.443265592679381371e-04
3.544309735298156738e-02
-1.056374981999397278e-02
9.056434780359268188e-02
-4.926709830760955811e-02
3.861317411065101624e-02
1.253543980419635773e-02
-6.888790428638458252e-02
6.565203517675399780e-02
5.634266510605812073e-02
2.931574545800685883e-02
-6.001856923103332520e-02
4.309012740850448608e-02
-6.667105015367269516e-03
2.241464518010616302e-02
-1.011329889297485352e-02
2.830982580780982971e-02
6.481362879276275635e-02
1.808947138488292694e-02
-1.289933621883392334e-01
3.921586275100708008e-02
3.569051623344421387e-02
8.778221160173416138e-02
-4.807825013995170593e-02
1.261413376778364182e-02
-2.839297614991664886e-02
-5.600236356258392334e-02
-3.509631752967834473e-02
9.007817506790161133e-02
-4.112218320369720459e-02
-8.724679052829742432e-02
-3.877965733408927917e-02
-4.021520540118217468e-02
-3.905873745679855347e-02
2.752924337983131409e-02
1.139027029275894165e-01
-1.379929296672344208e-02
1.089999526739120483e-01
-1.601216644048690796e-01
-1.127597410231828690e-02
-7.055332511663436890e-02
-2.275712043046951294e-02
3.820192813873291016e-02
-6.878530234098434448e-02
