2.032324075698852539e-01
1.339881867170333862e-02
4.207521304488182068e-02
-3.186833858489990234e-02
-6.078495830297470093e-02
-5.643149465322494507e-02
-1.167451217770576477e-01
-5.310142040252685547e-02
8.415283262729644775e-02
3.556541725993156433e-02
-1.214110758155584335e-02
-3.521704301238059998e-02
9.844865649938583374e-03
-1.259260177612304688e-01
3.254267573356628418e-02
-8.415872603654861450e-02
3.701163083314895630e-02
8.281349390745162964e-02
1.202198397368192673e-02
-1.699692569673061371e-02
-4.707298800349235535e-02
-1.070622168481349945e-02
3.583014756441116333e-02
-2.291161753237247467e-02
-6.587040424346923828e-02
-1.110554412007331848e-01
5.968726798892021179e-02
-8.986178040504455566e-02
-1.388766765594482422e-01
-1.081763133406639099e-01
5.182860419154167175e-02
-4.875465109944343567e-02
6.488709244877099991e-03
-8.793668448925018311e-02
-5.383332725614309311e-03
-1.816761679947376251e-02
6.580647081136703491e-02
-2.494143880903720856e-02
-6.789741665124893188e-02
-5.322448536753654480e-02
7.823439687490463257e-02
-1.195066142827272415e-03
3.733713552355766296e-02
8.729051798582077026e-02
4.197471216320991516e-02
3.375844284892082214e-02
-1.135910600423812866e-01
-6.740778684616088867e-03
-2.600076235830783844e-02
-5.224832147359848022e-02
-1.812303513288497925e-01
6.415840983390808105e-02
1.247288286685943604e-01
-7.671530544757843018e-02
-5.132659524679183960e-02
5.532047897577285767e-02
-4.090215265750885010e-02
-3.366849571466445923e-02
1.448865532875061035e-01
-1.930703409016132355e-02
6.123428419232368469e-02
2.703403308987617493e-02
-7.309100776910781860e-02
2.073047496378421783e-02
-6.678823381662368774e-02
-7.181989401578903198e-02
-4.862846061587333679e-02
-1.017765104770660400e-01
2.016743086278438568e-02
-4.797149077057838440e-02
-7.117122411727905273e-02
-1.282428354024887085e-01
1.396926045417785645e-01
-8.121209591627120972e-02
-1.314868181943893433e-01
4.311132058501243591e-02
-7.295147329568862915e-02
5.230753868818283081e-02
4.268202465027570724e-03
-1.781632751226425171e-01
4.056199640035629272e-02
4.177078232169151306e-02
4.028462804853916168e-03
6.118213012814521790e-02
-5.830768123269081116e-02
6.012818589806556702e-02
-2.593293972313404083e-02
3.496987745165824890e-02
4.166987910866737366e-02
-2.423892542719841003e-02
-1.656546294689178467e-01
-1.276873145252466202e-02
-7.065498828887939453e-02
-1.938784867525100708e-02
-6.624674052000045776e-02
-3.275660052895545959e-02
-2.701910026371479034e-02
3.406865522265434265e-02
1.036271154880523682e-01
-9.496092796325683594e-02
6.666428595781326294e-02
-1.811402291059494019e-02
3.013782575726509094e-02
4.430296365171670914e-03
9.357107803225517273e-03
-3.366133943200111389e-02
5.689768865704536438e-02
1.075809076428413391e-01
9.997556358575820923e-02
-9.205788373947143555e-02
-1.398926693946123123e-02
1.329612880945205688e-01
-6.417474709451198578e-03
9.060555696487426758e-02
8.724112994968891144e-03
-1.908873207867145538e-02
-2.265975438058376312e-02
5.804743990302085876e-02
6.853727251291275024e-02
-6.769343465566635132e-02
-8.497524261474609375e-02
9.565251320600509644e-02
1.031291019171476364e-02
5.552128329873085022e-02
-2.280293777585029602e-02
8.027553558349609375e-03
-6.236075982451438904e-02
-7.681983709335327148e-02
-9.696819633245468140e-02
9.056742489337921143e-02
5.278496071696281433e-03
7.031554728746414185e-02
-8.996660262346267700e-02
4.714755713939666748e-02
2.471769601106643677e-02
2.416680380702018738e-02
-8.525993674993515015e-02
7.258228212594985962e-02
1.316959559917449951e-01
3.959522768855094910e-02
5.227358266711235046e-02
3.997038677334785461e-02
6.635713577270507812e-02
-1.509855091571807861e-01
-6.270802766084671021e-02
-6.854358315467834473e-02
8.497879654169082642e-02
1.338010653853416443e-02
-1.265034638345241547e-02
5.225473269820213318e-02
-6.616009771823883057e-02
-3.619355335831642151e-02
3.296990692615509033e-02
-4.286769777536392212e-02
-4.676607623696327209e-02
-5.601797997951507568e-02
9.127770364284515381e-02
1.656585931777954102e-02
-7.495366036891937256e-02
9.499158710241317749e-03
-1.344731263816356659e-02
8.975489437580108643e-02
7.403126219287514687e-04
-3.383755311369895935e-02
2.226068172603845596e-03
7.531681098043918610e-03
3.583125770092010498e-02
4.419399797916412354e-02
-3.827382996678352356e-02
-1.979392766952514648e-02
1.103532016277313232e-01
1.149357035756111145e-01
-2.596883103251457214e-02
3.907534852623939514e-02
5.409843102097511292e-02
-8.879480883479118347e-03
-6.091197207570075989e-02
-3.284274786710739136e-02
-3.922894597053527832e-02
-2.687537809833884239e-03
-5.430269986391067505e-03
4.055900871753692627e-02
-1.561665069311857224e-02
-3.964082524180412292e-02
9.858368337154388428e-02
-1.790818385779857635e-02
3.833524137735366821e-02
7.937731593847274780e-02
4.204227402806282043e-02
8.739396929740905762e-02
-3.124014660716056824e-02
-1.937258057296276093e-02
-6.805644836276769638e-03
7.017825730144977570e-03
-2.286547794938087463e-02
8.519778028130531311e-03
-1.121285706758499146e-01
4.780146479606628418e-02
5.823399871587753296e-02
6.218241155147552490e-02
7.226713933050632477e-04
-7.188295014202594757e-03
-6.820199079811573029e-03
2.711535803973674774e-02
-4.238571971654891968e-02
1.679335348308086395e-02
-1.731883361935615540e-02
1.169210020452737808e-02
7.829966954886913300e-03
8.107999712228775024e-02
4.354528617113828659e-03
1.902827434241771698e-02
1.089627481997013092e-02
-4.369752854108810425e-02
2.456968836486339569e-02
6.303223222494125366e-02
5.465007387101650238e-03
-8.041813969612121582e-02
6.135057657957077026e-02
-1.328306645154953003e-02
1.061649806797504425e-02
1.418265607208013535e-02
7.060546427965164185e-02
9.605643898248672485e-02
1.838251389563083649e-02
-9.443643689155578613e-02
3.399819880723953247e-02
1.106840185821056366e-02
5.408476293087005615e-02
-3.240092471241950989e-02
3.155127167701721191e-02
-1.716330088675022125e-02
-4.820287972688674927e-02
-6.069758534431457520e-02
5.114673078060150146e-02
-4.057750105857849121e-02
-6.369931250810623169e-02
-2.463713288307189941e-02
-3.026642370969057083e-03
-2.809659577906131744e-02
5.035974085330963135e-02
6.329694390296936035e-02
-1.233256701380014420e-02
7.618860900402069092e-02
-8.854340016841888428e-02
-1.654278859496116638e-02
-1.676225103437900543e-02
3.113552369177341461e-02
1.262572593986988068e-02
-4.405494779348373413e-02
