1.405466645956039429e-01
-8.664669585414230824e-04
4.990994185209274292e-02
-3.547108173370361328e-02
-1.297410205006599426e-02
-5.674855411052703857e-02
-7.992652058601379395e-02
-4.846651107072830200e-02
1.037651766091585159e-02
1.101715024560689926e-02
-1.848779059946537018e-02
-4.394540935754776001e-02
8.720042183995246887e-03
-6.769221276044845581e-02
1.125453319400548935e-02
-5.623491853475570679e-02
2.433466352522373199e-02
8.261602371931076050e-02
-1.648135297000408173e-02
2.088270708918571472e-02
1.387540064752101898e-02
1.387947588227689266e-03
4.078162461519241333e-02
-1.917916536331176758e-02
-3.176021203398704529e-02
-8.700505644083023071e-02
3.979702293872833252e-02
-6.076861545443534851e-02
-1.173932924866676331e-01
-6.205482035875320435e-02
2.267341874539852142e-02
-7.386754266917705536e-03
-4.166087135672569275e-02
-6.969971209764480591e-02
2.932533808052539825e-02
4.750067368149757385e-03
1.998403295874595642e-02
-6.017804518342018127e-02
-7.575973868370056152e-02
-8.290010690689086914e-02
7.556433230638504028e-02
4.327728413045406342e-03
4.202060773968696594e-02
6.830099225044250488e-02
3.013401105999946594e-02
4.676239565014839172e-03
-1.272685378789901733e-01
7.306034117937088013e-02
-3.914349153637886047e-02
-4.741272330284118652e-02
-1.887507438659667969e-01
7.181001454591751099e-02
1.008345410227775574e-01
-8.165107667446136475e-02
-2.695395238697528839e-02
7.161717861890792847e-02
-2.997654490172863007e-02
-1.542773470282554626e-02
1.707212477922439575e-01
8.239076123572885990e-04
7.886395603418350220e-02
3.726936504244804382e-02
-1.217782497406005859e-01
8.597563020884990692e-03
-6.692101061344146729e-02
-7.431095093488693237e-02
-3.926616162061691284e-02
-1.119898185133934021e-01
1.187047082930803299e-02
-4.652828350663185120e-02
-5.921462178230285645e-02
-1.008817031979560852e-01
1.183549538254737854e-01
-7.300045341253280640e-02
-1.267823725938796997e-01
4.750813916325569153e-02
-4.887718334794044495e-02
8.871404081583023071e-02
4.503905307501554489e-03
-2.037330716848373413e-01
3.863342106342315674e-02
7.685738801956176758e-02
1.587412692606449127e-02
6.605996936559677124e-02
-4.781528562307357788e-02
5.143718421459197998e-02
-4.240916296839714050e-02
6.695435196161270142e-02
3.879074379801750183e-02
-5.593935772776603699e-02
-1.645045876502990723e-01
-4.501745104789733887e-02
-5.909083411097526550e-02
-2.309763338416814804e-03
-4.671713709831237793e-02
-5.398064106702804565e-02
-2.452640607953071594e-02
4.593450203537940979e-02
1.061820611357688904e-01
-1.084437519311904907e-01
8.722554147243499756e-02
-2.157985605299472809e-02
3.186164051294326782e-02
-1.492556370794773102e-02
2.043715445324778557e-03
-4.889701306819915771e-02
8.818271011114120483e-02
7.853593677282333374e-02
1.181161999702453613e-01
-1.070787087082862854e-01
-1.066082622855901718e-02
1.586934924125671387e-01
1.148931309580802917e-02
1.050857827067375183e-01
1.396451890468597412e-02
-3.730833902955055237e-02
-3.718326624948531389e-04
6.354833394289016724e-02
5.132688581943511963e-02
-5.754310637712478638e-02
-6.822739541530609131e-02
1.090819165110588074e-01
4.873145662713795900e-04
6.062012910842895508e-02
-5.883105471730232239e-02
-3.371176123619079590e-02
-5.188143253326416016e-02
-6.682343780994415283e-02
-1.182970479130744934e-01
1.319725364446640015e-01
7.439712062478065491e-03
9.627138078212738037e-02
-8.364214748144149780e-02
3.408302739262580872e-02
4.127325862646102905e-02
3.097052499651908875e-02
-8.133308589458465576e-02
4.604975692927837372e-03
9.683761000633239746e-02
5.310112982988357544e-02
3.178744763135910034e-02
1.348641142249107361e-02
9.117472916841506958e-02
-1.294107884168624878e-01
-9.439145028591156006e-02
-3.643593192100524902e-02
1.061834171414375305e-01
4.603264387696981430e-03
2.327285939827561378e-03
2.797794342041015625e-02
-7.356728613376617432e-02
-8.016465604305267334e-02
2.796874754130840302e-02
-7.177990395575761795e-03
-4.551495611667633057e-02
-4.548183828592300415e-02
1.154196187853813171e-01
1.774922758340835571e-02
-4.898241162300109863e-02
5.565034225583076477e-03
-1.069696899503469467e-02
9.794392436742782593e-02
-3.369323909282684326e-02
-1.363916229456663132e-02
-5.187774542719125748e-03
-2.132802829146385193e-02
3.493297100067138672e-02
5.212623253464698792e-02
-3.207732364535331726e-02
-4.035890102386474609e-02
1.129448041319847107e-01
8.475924283266067505e-02
-3.451472520828247070e-02
5.314916372299194336e-02
4.990869387984275818e-02
-3.441504389047622681e-02
-8.066545426845550537e-02
-1.409567892551422119e-02
-6.082424893975257874e-02
8.074626326560974121e-03
-2.808441221714019775e-02
2.188296988606452942e-02
2.088933251798152924e-03
-2.474898658692836761e-02
6.949356198310852051e-02
-3.350331261754035950e-02
5.542240291833877563e-02
4.405399039387702942e-02
-2.905693836510181427e-03
9.058493375778198242e-02
-2.550133503973484039e-02
-1.772880367934703827e-02
-5.427064374089241028e-03
4.936528857797384262e-03
7.908631116151809692e-03
-5.004766862839460373e-03
-1.216123774647712708e-01
4.758666455745697021e-02
7.356372475624084473e-02
4.256236553192138672e-02
1.073130499571561813e-02
-5.961731541901826859e-03
1.566312834620475769e-02
3.398780524730682373e-02
-1.837780326604843140e-02
8.982407860457897186e-03
-5.409352947026491165e-03
3.573040664196014404e-02
3.504029288887977600e-02
6.329829990863800049e-02
-2.167332218959927559e-03
2.695916593074798584e-02
-3.457541810348629951e-03
-4.253004118800163269e-02
3.943150490522384644e-02
7.151296734809875488e-02
5.600183457136154175e-02
-8.643431961536407471e-02
8.789495378732681274e-02
-1.880230731330811977e-03
1.568762771785259247e-02
-1.848495565354824066e-02
4.511658102273941040e-02
8.712048083543777466e-02
2.694214880466461182e-02
-1.070256084203720093e-01
-1.336203422397375107e-03
1.846033032052218914e-03
5.819395929574966431e-02
-7.132617384195327759e-02
6.469654291868209839e-02
-1.711737786536104977e-05
-6.380844861268997192e-02
-5.614107847213745117e-02
5.397258698940277100e-02
-2.666964381933212280e-02
-5.960501730442047119e-02
-5.623063817620277405e-02
-3.379426896572113037e-02
-5.309718102216720581e-02
1.909562386572360992e-02
8.148349821567535400e-02
1.991686411201953888e-03
8.852220326662063599e-02
-7.990298420190811157e-02
-2.062805928289890289e-02
-6.682340800762176514e-02
3.815014660358428955e-02
5.681081674993038177e-03
-7.788013666868209839e-02
