1.880339831113815308e-01
-2.595908194780349731e-02
8.280738443136215210e-02
-6.257582455873489380e-02
-5.664478987455368042e-02
-6.822898238897323608e-02
-9.386108070611953735e-02
-5.093280598521232605e-02
3.300582617521286011e-02
3.242427110671997070e-02
1.032200548797845840e-02
-4.624225199222564697e-02
-1.584002864547073841e-03
-7.755047827959060669e-02
3.118510544300079346e-02
-5.891070887446403503e-02
4.492461308836936951e-02
1.286857128143310547e-01
1.781943440437316895e-02
-5.056635942310094833e-03
8.498091483488678932e-04
1.205388735979795456e-02
6.167335063219070435e-02
1.788412046153098345e-04
-2.647994272410869598e-02
-8.400841057300567627e-02
1.687822304666042328e-02
-5.607189238071441650e-02
-1.207530573010444641e-01
-6.889900565147399902e-02
9.753307327628135681e-03
-1.385560352355241776e-02
-4.192434623837471008e-02
-7.982712984085083008e-02
3.387899696826934814e-02
2.343737706542015076e-02
2.121110819280147552e-02
-3.264523297548294067e-02
-5.900007486343383789e-02
-9.563264995813369751e-02
7.787636667490005493e-02
1.663395389914512634e-02
4.244990274310112000e-02
5.525609105825424194e-02
2.252516895532608032e-02
2.017147466540336609e-02
-1.054503247141838074e-01
5.320610478520393372e-02
-2.349887974560260773e-02
-8.053808473050594330e-03
-1.805424988269805908e-01
5.871118605136871338e-02
7.527287304401397705e-02
-4.719987139105796814e-02
-3.159122541546821594e-02
7.355781644582748413e-02
-1.942024007439613342e-02
1.530936453491449356e-02
1.578352749347686768e-01
-1.830417104065418243e-02
5.994773656129837036e-02
3.347812220454216003e-02
-1.182363703846931458e-01
-4.937324207276105881e-03
-6.055383756756782532e-02
-9.905380755662918091e-02
-4.289104044437408447e-02
-9.477453678846359253e-02
1.224938128143548965e-02
-4.246541485190391541e-02
-6.010460853576660156e-02
-1.119059622287750244e-01
1.195288598537445068e-01
-9.808293730020523071e-02
-8.374104648828506470e-02
6.705438345670700073e-02
-8.057220280170440674e-02
6.923133879899978638e-02
4.509663954377174377e-02
-1.951956748962402344e-01
1.873967237770557404e-02
7.430012524127960205e-02
-6.484273821115493774e-03
4.589680209755897522e-02
-4.153985902667045593e-02
5.783020704984664917e-02
-6.186178699135780334e-02
6.496632844209671021e-02
-9.150784462690353394e-03
-6.067673861980438232e-02
-9.658329933881759644e-02
-4.218429327011108398e-02
-7.296251505613327026e-02
-1.424510776996612549e-02
-4.211524873971939087e-02
-4.728579893708229065e-02
-1.429635006934404373e-02
5.680918693542480469e-02
6.618633866310119629e-02
-7.378503680229187012e-02
5.677963420748710632e-02
5.941004492342472076e-04
9.842197410762310028e-03
1.141882408410310745e-02
1.639971323311328888e-02
-4.463984444737434387e-02
7.363128662109375000e-02
7.184668630361557007e-02
7.974214106798171997e-02
-1.157038435339927673e-01
2.090150490403175354e-02
1.320363134145736694e-01
-1.999860396608710289e-03
7.494795322418212891e-02
2.390713989734649658e-02
-3.558079898357391357e-02
-6.759275682270526886e-03
8.486937731504440308e-02
4.821938648819923401e-02
-3.296391665935516357e-02
-5.381228774785995483e-02
8.869811147451400757e-02
9.151712991297245026e-03
5.712141469120979309e-02
-5.430912971496582031e-02
-1.769749447703361511e-02
-3.045606426894664764e-02
-5.904743447899818420e-02
-1.191195696592330933e-01
1.076250001788139343e-01
1.787055283784866333e-02
9.473428875207901001e-02
-6.769852340221405029e-02
4.958454519510269165e-02
2.961525321006774902e-02
3.588099405169487000e-02
-8.273322880268096924e-02
2.597787603735923767e-02
1.086577922105789185e-01
7.962190546095371246e-03
4.696524143218994141e-02
3.651818260550498962e-02
7.632727921009063721e-02
-1.091075763106346130e-01
-8.098784834146499634e-02
-3.100875578820705414e-02
1.048765853047370911e-01
5.318700335919857025e-03
-2.321211248636245728e-02
3.486869484186172485e-02
-3.404112532734870911e-02
-6.193997710943222046e-02
1.513482350856065750e-02
-1.329918857663869858e-02
-3.771531581878662109e-02
-2.871274948120117188e-02
1.137694492936134338e-01
1.264815777540206909e-02
-5.826714634895324707e-02
-4.756188485771417618e-03
-1.210941118188202381e-03
9.286103397607803345e-02
-1.659653149545192719e-02
-2.116715908050537109e-02
-4.800748080015182495e-03
-5.313289538025856018e-02
4.910595715045928955e-02
3.859895095229148865e-02
7.781678345054388046e-03
-2.772314287722110748e-02
1.057363748550415039e-01
6.529401987791061401e-02
-3.688243776559829712e-02
5.182107537984848022e-02
2.915559709072113037e-02
-1.530671492218971252e-03
-6.563431769609451294e-02
-6.852994672954082489e-03
-7.026816904544830322e-02
-1.844572834670543671e-02
-1.177739351987838745e-02
1.640735007822513580e-02
1.971383579075336456e-02
-3.198913857340812683e-02
5.509546026587486267e-02
-4.222407191991806030e-02
5.968627333641052246e-02
4.794796556234359741e-02
1.080949977040290833e-02
9.582699090242385864e-02
-1.392005663365125656e-02
-2.351989597082138062e-02
-1.374625600874423981e-02
1.955255493521690369e-02
1.321483682841062546e-02
-3.366589173674583435e-02
-1.302254498004913330e-01
5.626479536294937134e-02
6.724403798580169678e-02
1.838725619018077850e-02
1.089966576546430588e-02
6.925376597791910172e-03
2.015276812016963959e-02
1.925198733806610107e-02
1.030364539474248886e-02
5.229922942817211151e-03
9.247733280062675476e-03
4.338748753070831299e-02
3.541004285216331482e-02
7.767562568187713623e-02
3.870730521157383919e-03
3.444665670394897461e-02
2.959342673420906067e-02
-4.909950867295265198e-02
6.324385106563568115e-02
8.179853856563568115e-02
6.562953442335128784e-02
-9.421325474977493286e-02
8.108754456043243408e-02
1.222759950906038284e-02
3.780331462621688843e-02
-6.544962059706449509e-03
4.615453630685806274e-02
6.428743898868560791e-02
5.263046827167272568e-03
-9.976457804441452026e-02
1.197017147205770016e-03
7.790416129864752293e-04
7.568093389272689819e-02
-1.001744791865348816e-01
9.977976977825164795e-02
-1.950553036294877529e-03
-7.394883781671524048e-02
-5.185858532786369324e-02
6.894285231828689575e-02
-5.254530906677246094e-02
-8.592741191387176514e-02
-8.989183604717254639e-02
-7.410486787557601929e-02
-6.922122091054916382e-02
3.944106027483940125e-02
1.322163939476013184e-01
-6.543262861669063568e-03
1.496579498052597046e-01
-1.118481084704399109e-01
-3.899198770523071289e-02
-8.269993215799331665e-02
5.239168554544448853e-02
1.706635020673274994e-02
-1.289076656103134155e-01
