1.108189150691032410e-01
-1.250477600842714310e-02
2.724820747971534729e-02
-2.529266290366649628e-02
-3.175660595297813416e-02
-1.601846702396869659e-02
-7.432393729686737061e-02
-3.413425013422966003e-02
6.085070595145225525e-02
3.087596595287322998e-02
2.047454752027988434e-02
-3.180987760424613953e-02
-1.127740019001066685e-03
-7.225471735000610352e-02
1.209223177284002304e-02
-4.150171205401420593e-02
2.558759972453117371e-02
5.493216216564178467e-02
-1.409799419343471527e-02
-1.485958881676197052e-02
-2.604502439498901367e-02
1.488431449979543686e-02
9.049491025507450104e-03
-2.766536734998226166e-02
-1.744361035525798798e-02
-1.002088263630867004e-01
3.121867962181568146e-02
-5.864493548870086670e-02
-1.015257239341735840e-01
-1.016221866011619568e-01
6.610524654388427734e-02
-3.265497088432312012e-02
-4.603278264403343201e-02
-7.643339037895202637e-02
3.094456717371940613e-02
-1.374878268688917160e-02
2.467661537230014801e-02
-2.667721547186374664e-02
-5.556504428386688232e-02
-3.618060424923896790e-02
6.648910790681838989e-02
-1.728527247905731201e-02
3.923969715833663940e-02
7.502996921539306641e-02
2.250893786549568176e-02
1.773346215486526489e-02
-1.284492015838623047e-01
1.630583964288234711e-02
-2.997489459812641144e-02
-4.523459821939468384e-02
-1.797327101230621338e-01
7.009556889533996582e-02
1.059286370873451233e-01
-1.001451462507247925e-01
-5.097334459424018860e-02
5.764156579971313477e-02
-2.328859269618988037e-02
-6.014486309140920639e-03
1.653826534748077393e-01
-1.802468113601207733e-02
6.761734187602996826e-02
3.451547771692276001e-02
-5.728544667363166809e-02
6.096160504966974258e-03
-6.901482492685317993e-02
-5.992124602198600769e-02
-5.931610241532325745e-02
-1.156782209873199463e-01
-4.665683489292860031e-03
-6.237711757421493530e-02
-1.040820032358169556e-01
-1.008791774511337280e-01
1.494146287441253662e-01
-8.822020888328552246e-02
-1.438083648681640625e-01
5.693590268492698669e-02
-7.923475652933120728e-02
8.413837105035781860e-02
1.346962060779333115e-02
-2.076617777347564697e-01
4.996194317936897278e-02
4.850157350301742554e-02
-5.349835380911827087e-03
7.213579118251800537e-02
-5.997911468148231506e-02
4.803149774670600891e-02
-4.497067257761955261e-02
7.315727323293685913e-02
2.390938997268676758e-02
-3.966409340500831604e-02
-1.767274886369705200e-01
-4.111773893237113953e-02
-6.171035394072532654e-02
-3.348750993609428406e-02
-5.880128964781761169e-02
-5.704303458333015442e-02
-3.379771113395690918e-02
1.689229719340801239e-02
6.648179888725280762e-02
-8.850060403347015381e-02
5.726417899131774902e-02
-1.774702407419681549e-02
1.362223550677299500e-02
-1.509350258857011795e-02
-7.204664871096611023e-03
-7.225516438484191895e-02
7.629420608282089233e-02
9.725230932235717773e-02
1.080884262919425964e-01
-9.408828616142272949e-02
2.189870690926909447e-03
1.405084580183029175e-01
-1.098985876888036728e-02
9.567885845899581909e-02
7.350075058639049530e-03
-4.142399132251739502e-02
-3.104711510241031647e-02
4.329595714807510376e-02
6.144127994775772095e-02
-6.288031488656997681e-02
-4.862206801772117615e-02
1.039263010025024414e-01
4.989102948457002640e-03
3.593061491847038269e-02
-5.386244878172874451e-02
3.925381228327751160e-03
-5.187284946441650391e-02
-1.050707399845123291e-01
-9.677191078662872314e-02
8.816212415695190430e-02
2.756240777671337128e-03
8.388467878103256226e-02
-9.152089804410934448e-02
3.740792348980903625e-02
4.270454496145248413e-02
2.273487299680709839e-02
-8.304989337921142578e-02
1.794401742517948151e-02
9.607104212045669556e-02
3.920670971274375916e-02
3.095646575093269348e-02
5.450754612684249878e-02
5.331023037433624268e-02
-1.410881578922271729e-01
-6.906972080469131470e-02
-4.996256530284881592e-02
7.082652300596237183e-02
1.463939901441335678e-03
-2.336535230278968811e-02
2.259677648544311523e-02
-6.444013863801956177e-02
-5.491094663739204407e-02
1.838352903723716736e-02
-3.453413024544715881e-02
-5.304021015763282776e-02
-4.011579230427742004e-02
9.258472919464111328e-02
9.747727774083614349e-03
-7.166591286659240723e-02
3.679264336824417114e-03
4.917222540825605392e-03
1.066493690013885498e-01
-2.570465952157974243e-02
-3.628784418106079102e-02
-2.634686604142189026e-02
-1.661823596805334091e-03
4.595260694622993469e-02
2.812618203461170197e-02
-5.286308750510215759e-02
-4.415810853242874146e-02
1.456260681152343750e-01
1.281459778547286987e-01
-5.953822284936904907e-02
4.084165766835212708e-02
4.302486404776573181e-02
-2.921198680996894836e-02
-6.816152483224868774e-02
-4.067349247634410858e-03
-2.993259765207767487e-02
-1.613921718671917915e-03
-2.332790940999984741e-02
1.947375573217868805e-02
-4.267889261245727539e-02
-7.511632982641458511e-03
7.108249515295028687e-02
-3.169898316264152527e-02
1.552008651196956635e-02
6.514346599578857422e-02
2.883632853627204895e-02
1.143755614757537842e-01
-1.628959551453590393e-02
-3.638273850083351135e-02
2.174544148147106171e-02
3.218335658311843872e-02
-1.183279138058423996e-02
1.081713382154703140e-02
-1.325667947530746460e-01
4.260861501097679138e-02
6.104570627212524414e-02
5.571366474032402039e-02
-2.096475474536418915e-02
-1.772343926131725311e-02
-2.260342426598072052e-02
2.861839160323143005e-02
-3.905516117811203003e-02
1.386794261634349823e-02
-3.227372188121080399e-03
1.431421190500259399e-02
-9.616014431230723858e-04
8.678939938545227051e-02
-3.207336366176605225e-02
3.219250217080116272e-02
-5.712151061743497849e-03
-5.696681514382362366e-02
5.341123417019844055e-02
8.467017859220504761e-02
2.981116250157356262e-02
-8.708848059177398682e-02
9.570290893316268921e-02
1.502178423106670380e-02
3.901458531618118286e-02
-1.408947631716728210e-02
5.319939926266670227e-02
9.538235515356063843e-02
2.063713967800140381e-02
-1.563872098922729492e-01
6.891410797834396362e-03
2.057603374123573303e-02
8.954284340143203735e-02
-4.424908384680747986e-02
4.974106326699256897e-02
-1.060911105014383793e-03
-5.479663237929344177e-02
-4.421458393335342407e-02
6.493006646633148193e-02
-3.682745993137359619e-02
-5.915310233831405640e-02
-5.759260803461074829e-02
-3.015273436903953552e-02
-4.040082916617393494e-02
1.956107281148433685e-02
1.097836345434188843e-01
-8.431160822510719299e-03
9.200787544250488281e-02
-1.047210320830345154e-01
-2.399564161896705627e-02
-4.929621890187263489e-02
1.156071480363607407e-02
2.964452467858791351e-02
-6.512901186943054199e-02
