9.372396022081375122e-02
-6.649557966738939285e-03
1.871156878769397736e-02
-1.061317790299654007e-02
-2.320284582674503326e-02
-2.938918536528944969e-03
-6.171703338623046875e-02
-3.201016783714294434e-02
5.600837618112564087e-02
1.327743288129568100e-02
1.608667150139808655e-02
-2.495700120925903320e-02
-5.448748706839978695e-04
-7.058429718017578125e-02
8.030446246266365051e-03
-4.693324491381645203e-02
1.903897710144519806e-02
3.980847075581550598e-02
-2.130237966775894165e-02
-2.123337471857666969e-03
-3.200710564851760864e-02
1.169847045093774796e-02
6.986076012253761292e-03
-2.575965784490108490e-02
-1.739279739558696747e-02
-8.860440552234649658e-02
4.383742064237594604e-02
-6.192931532859802246e-02
-9.965848922729492188e-02
-1.095310822129249573e-01
5.740083754062652588e-02
-3.512284532189369202e-02
-2.606889419257640839e-02
-7.050204277038574219e-02
2.415794879198074341e-02
-1.244254037737846375e-02
3.047847375273704529e-02
-2.374364435672760010e-02
-6.104487925767898560e-02
-3.514876589179039001e-02
7.022395730018615723e-02
-1.350819366052746773e-03
4.071286693215370178e-02
7.497572153806686401e-02
1.767570339143276215e-02
1.275396067649126053e-02
-1.280119568109512329e-01
1.649032346904277802e-02
-3.303605690598487854e-02
-4.930321127176284790e-02
-1.790401935577392578e-01
7.361117005348205566e-02
1.059631556272506714e-01
-1.021821424365043640e-01
-4.500732943415641785e-02
5.762065574526786804e-02
-2.304656617343425751e-02
-2.375470288097858429e-02
1.529092937707901001e-01
-1.218495704233646393e-02
7.183986157178878784e-02
3.170980513095855713e-02
-6.069213151931762695e-02
1.810332201421260834e-02
-7.192207872867584229e-02
-5.436641722917556763e-02
-5.576747283339500427e-02
-1.240933090448379517e-01
-1.790214155334979296e-04
-6.290348619222640991e-02
-1.012131199240684509e-01
-1.127314195036888123e-01
1.523417234420776367e-01
-8.392692357301712036e-02
-1.600137501955032349e-01
4.566095396876335144e-02
-7.292313873767852783e-02
8.850493282079696655e-02
1.102972961962223053e-02
-2.187556475400924683e-01
4.324746131896972656e-02
4.126458987593650818e-02
-2.305408939719200134e-03
7.838968187570571899e-02
-5.332360044121742249e-02
5.099917948246002197e-02
-4.192407429218292236e-02
6.330085545778274536e-02
3.295307978987693787e-02
-4.229618608951568604e-02
-1.929560005664825439e-01
-3.416801616549491882e-02
-6.301177293062210083e-02
-4.055252671241760254e-02
-6.524249911308288574e-02
-5.115919560194015503e-02
-3.261138498783111572e-02
1.896436512470245361e-02
7.158986479043960571e-02
-7.689609378576278687e-02
6.013893708586692810e-02
-2.330710552632808685e-02
2.642631344497203827e-02
-1.144138537347316742e-02
-4.297492559999227524e-03
-7.085324078798294067e-02
7.043683528900146484e-02
9.686599671840667725e-02
1.104419529438018799e-01
-8.796437084674835205e-02
-2.448309212923049927e-03
1.418128311634063721e-01
-2.305751899257302284e-03
1.008535400032997131e-01
8.158984594047069550e-03
-4.014700651168823242e-02
-3.592750057578086853e-02
4.009049013257026672e-02
6.440255790948867798e-02
-6.796359270811080933e-02
-6.261660903692245483e-02
1.052471026778221130e-01
2.220122842118144035e-03
3.015599958598613739e-02
-4.596732556819915771e-02
3.433363977819681168e-03
-6.079681962728500366e-02
-9.751265496015548706e-02
-8.827960491180419922e-02
8.630786836147308350e-02
5.343944765627384186e-03
7.814677059650421143e-02
-8.589442819356918335e-02
3.510989248752593994e-02
3.806205093860626221e-02
1.678970083594322205e-02
-7.680180668830871582e-02
2.258944511413574219e-02
1.021044626832008362e-01
3.599897399544715881e-02
2.942177653312683105e-02
5.217594653367996216e-02
5.429721623659133911e-02
-1.471778750419616699e-01
-7.879318296909332275e-02
-5.531629547476768494e-02
6.487721204757690430e-02
3.437250852584838867e-04
-2.017915248870849609e-02
3.503067791461944580e-02
-6.859550625085830688e-02
-5.035588517785072327e-02
1.779335550963878632e-02
-3.949251398444175720e-02
-4.785359278321266174e-02
-4.587692022323608398e-02
8.443831652402877808e-02
2.059647704300004989e-05
-7.562509924173355103e-02
1.050370000302791595e-02
1.074691582471132278e-02
1.227766722440719604e-01
-3.158905357122421265e-02
-3.164535760879516602e-02
-1.234116125851869583e-02
1.130961813032627106e-02
5.518139526247978210e-02
2.702542394399642944e-02
-6.012113019824028015e-02
-4.785726591944694519e-02
1.370623409748077393e-01
1.375451833009719849e-01
-5.625976994633674622e-02
4.191389679908752441e-02
4.859695583581924438e-02
-3.694853186607360840e-02
-7.008350640535354614e-02
-3.853728994727134705e-03
-3.526400029659271240e-02
7.117176573956385255e-05
-2.755909971892833710e-02
2.529191970825195312e-02
-4.526894167065620422e-02
-6.708426866680383682e-03
7.350645959377288818e-02
-3.292797505855560303e-02
2.016717381775379181e-02
6.560423970222473145e-02
3.256082162261009216e-02
1.141817048192024231e-01
-1.602961681783199310e-02
-3.427483141422271729e-02
2.220802009105682373e-02
2.616965770721435547e-02
-1.429318822920322418e-02
9.241249412298202515e-03
-1.372187584638595581e-01
4.642379283905029297e-02
6.213385984301567078e-02
6.715029478073120117e-02
-1.599275134503841400e-02
-1.771447435021400452e-02
-1.829706318676471710e-02
4.086059331893920898e-02
-4.339402168989181519e-02
2.031513676047325134e-02
-1.048629917204380035e-02
1.069761533290147781e-02
-6.732359528541564941e-03
9.416625648736953735e-02
-2.414597943425178528e-02
2.468734420835971832e-02
-1.094502396881580353e-03
-5.416874215006828308e-02
5.242959409952163696e-02
9.189865738153457642e-02
2.853502705693244934e-02
-9.543234854936599731e-02
9.638778865337371826e-02
6.933556403964757919e-03
3.314844146370887756e-02
-1.426916942000389099e-02
6.380282342433929443e-02
9.864582121372222900e-02
3.164646029472351074e-02
-1.603956967592239380e-01
1.055273320525884628e-02
2.916637435555458069e-02
8.727136999368667603e-02
-3.950596228241920471e-02
4.125859588384628296e-02
-4.222515039145946503e-03
-5.976568907499313354e-02
-4.513626545667648315e-02
6.429065763950347900e-02
-3.446883335709571838e-02
-6.091875955462455750e-02
-5.275423824787139893e-02
-2.207628265023231506e-02
-2.910561487078666687e-02
1.861700601875782013e-02
8.619280159473419189e-02
-7.259711157530546188e-03
5.906368419528007507e-02
-8.853521943092346191e-02
-1.745919510722160339e-02
-2.817948535084724426e-02
8.342198096215724945e-03
3.136926516890525818e-02
-5.081951618194580078e-02
