2.085292041301727295e-01
-1.925282529555261135e-03
4.941400140523910522e-02
-6.054024398326873779e-02
-4.215838015079498291e-02
-5.225298926234245300e-02
-1.121798679232597351e-01
-6.371373683214187622e-02
5.060369893908500671e-02
5.259382724761962891e-02
-9.333019144833087921e-03
-6.309752166271209717e-02
-6.432620342820882797e-03
-1.002889797091484070e-01
1.119240652769804001e-02
-5.657211318612098694e-02
2.664636448025703430e-02
9.851115196943283081e-02
2.054820768535137177e-02
-4.385645966976881027e-03
-3.600624576210975647e-02
-3.239833191037178040e-02
3.512460738420486450e-02
-9.090694598853588104e-03
-6.287503987550735474e-02
-1.244734823703765869e-01
3.244149312376976013e-02
-7.070299237966537476e-02
-1.178296059370040894e-01
-9.520819038152694702e-02
6.101378425955772400e-02
-6.480060517787933350e-02
-5.844718590378761292e-02
-6.318075954914093018e-02
3.432404622435569763e-02
-1.796462386846542358e-02
2.342257834970951080e-02
-4.486323148012161255e-02
-5.279299244284629822e-02
-6.703711301088333130e-02
3.721935302019119263e-02
-1.262977812439203262e-02
4.864559322595596313e-02
5.686990544199943542e-02
6.334019452333450317e-02
3.042730316519737244e-02
-1.171558797359466553e-01
4.825168475508689880e-02
-2.862424030900001526e-02
-2.353510074317455292e-02
-1.652043163776397705e-01
5.394659936428070068e-02
1.144661009311676025e-01
-8.578170090913772583e-02
-3.056809678673744202e-02
3.943772241473197937e-02
-3.529251739382743835e-02
1.778632029891014099e-02
1.523705124855041504e-01
2.363953273743391037e-03
5.975596979260444641e-02
3.604086861014366150e-02
-8.624157309532165527e-02
4.798332229256629944e-03
-7.736522704362869263e-02
-5.092524364590644836e-02
-4.682789370417594910e-02
-9.586613625288009644e-02
1.508509367704391479e-02
-3.419366851449012756e-02
-8.737392723560333252e-02
-8.034390956163406372e-02
1.302529424428939819e-01
-6.762077659368515015e-02
-1.196222975850105286e-01
4.449431970715522766e-02
-4.643442481756210327e-02
8.623988926410675049e-02
5.620983429253101349e-03
-1.621629893779754639e-01
4.260498657822608948e-02
7.146225869655609131e-02
3.753776848316192627e-02
5.962916091084480286e-02
-3.903382271528244019e-02
5.541660636663436890e-02
-1.770121790468692780e-02
6.213738769292831421e-02
3.476304560899734497e-02
-4.523144662380218506e-02
-1.458960771560668945e-01
-2.563111670315265656e-02
-5.676151812076568604e-02
-7.875039242208003998e-03
-3.346277028322219849e-02
-5.454077944159507751e-02
-2.646620944142341614e-02
4.996452853083610535e-02
9.578831493854522705e-02
-9.742585569620132446e-02
6.701105833053588867e-02
-1.406291779130697250e-02
2.706216461956501007e-02
-2.586915716528892517e-02
-2.597061730921268463e-02
-4.961723461747169495e-02
5.289361625909805298e-02
8.261021226644515991e-02
1.062646582722663879e-01
-9.562119096517562866e-02
-1.113024540245532990e-02
1.506155431270599365e-01
-3.295634686946868896e-02
8.725100755691528320e-02
4.671129863709211349e-03
-1.047804765403270721e-02
-4.790430422872304916e-03
6.216713786125183105e-02
4.727476835250854492e-02
-6.768172979354858398e-02
-3.507693484425544739e-02
1.125912070274353027e-01
-9.015314280986785889e-03
4.751468077301979065e-02
-3.998702391982078552e-02
4.143254831433296204e-03
-4.918573051691055298e-02
-6.644779443740844727e-02
-1.085170283913612366e-01
1.323967576026916504e-01
4.895297344774007797e-03
8.050918579101562500e-02
-9.226579964160919189e-02
3.701459616422653198e-02
5.161379650235176086e-02
1.315380167216062546e-02
-6.629925221204757690e-02
6.034554913640022278e-03
9.548501670360565186e-02
5.644389241933822632e-02
1.954204635694622993e-03
5.041478201746940613e-02
2.819488011300563812e-02
-1.334857940673828125e-01
-9.141292423009872437e-02
-5.034185945987701416e-02
9.128379076719284058e-02
6.921187043190002441e-03
-1.191478036344051361e-02
1.178128062747418880e-03
-8.012673258781433105e-02
-6.999196112155914307e-02
4.852375015616416931e-03
-1.234486419707536697e-02
-3.886664286255836487e-02
-2.193331904709339142e-02
1.125352233648300171e-01
2.985500171780586243e-02
-5.778071284294128418e-02
-5.082812625914812088e-03
-2.257152518723160028e-04
9.504589438438415527e-02
-2.080860547721385956e-02
-2.628519013524055481e-02
-4.813352972269058228e-02
-2.434390410780906677e-02
3.818468749523162842e-02
5.996444448828697205e-02
-3.603469952940940857e-02
-7.081979513168334961e-02
1.587017178535461426e-01
1.216139197349548340e-01
-5.177874118089675903e-02
6.055630743503570557e-02
4.731239750981330872e-02
-2.304618246853351593e-02
-7.641684263944625854e-02
-4.793003201484680176e-03
-6.502140313386917114e-02
-3.365670330822467804e-03
-9.477762505412101746e-03
1.677374355494976044e-02
-2.418999560177326202e-02
-7.248670794069766998e-03
8.072204887866973877e-02
-1.100154686719179153e-02
3.889383375644683838e-02
5.339394137263298035e-02
1.151521503925323486e-02
1.026410534977912903e-01
-3.126911073923110962e-02
-2.150800451636314392e-02
3.035528026521205902e-02
2.102489210665225983e-02
-1.810274086892604828e-03
1.562124863266944885e-02
-1.010432615876197815e-01
5.682821571826934814e-02
5.419708788394927979e-02
5.627956613898277283e-02
-1.925326324999332428e-02
-3.193883597850799561e-02
-1.525161135941743851e-02
2.302218787372112274e-02
-3.191310912370681763e-02
-2.106144279241561890e-02
1.862838165834546089e-03
3.362458199262619019e-02
1.595566049218177795e-03
8.440417051315307617e-02
-3.877519443631172180e-02
3.275755420327186584e-02
1.217420399188995361e-02
-5.819220468401908875e-02
5.805932357907295227e-02
5.703010410070419312e-02
3.235925734043121338e-02
-6.830340623855590820e-02
5.199711769819259644e-02
-1.285375747829675674e-02
1.768161915242671967e-02
-1.003175694495439529e-02
3.330049663782119751e-02
6.675962358713150024e-02
1.929209381341934204e-02
-1.081492528319358826e-01
3.195817396044731140e-02
2.536664344370365143e-02
6.881836801767349243e-02
-5.548278242349624634e-02
2.354132756590843201e-02
-2.205988392233848572e-02
-5.571353808045387268e-02
-4.601921141147613525e-02
8.139199763536453247e-02
-3.811180219054222107e-02
-8.334404975175857544e-02
-3.659673035144805908e-02
-4.203189164400100708e-02
-4.305045679211616516e-02
2.403043396770954132e-02
1.086570769548416138e-01
-9.206255897879600525e-03
1.070330142974853516e-01
-1.405611038208007812e-01
-1.368756406009197235e-02
-6.999355554580688477e-02
-2.755159977823495865e-03
2.973462827503681183e-02
-6.802750378847122192e-02
