1.651884913444519043e-01
-9.423073381185531616e-03
3.752709552645683289e-02
-5.683190748095512390e-02
-3.882993757724761963e-02
-3.464040160179138184e-02
-1.004338115453720093e-01
-6.644284725189208984e-02
5.826677381992340088e-02
5.768932774662971497e-02
7.807671558111906052e-03
-5.202624201774597168e-02
-1.333169732242822647e-02
-9.817115217447280884e-02
-8.321301429532468319e-04
-5.294558033347129822e-02
2.663537487387657166e-02
9.046629071235656738e-02
5.604095757007598877e-03
-1.590860076248645782e-02
-3.877607360482215881e-02
-2.386831678450107574e-02
2.107230946421623230e-02
-2.371946349740028381e-02
-6.588834524154663086e-02
-1.344461590051651001e-01
4.020468890666961670e-02
-7.217838615179061890e-02
-1.166276708245277405e-01
-1.172109395265579224e-01
8.746539801359176636e-02
-7.440473139286041260e-02
-6.860683858394622803e-02
-6.185646727681159973e-02
3.882757201790809631e-02
-1.273296028375625610e-02
1.285743247717618942e-02
-4.211604595184326172e-02
-3.406874462962150574e-02
-4.984747245907783508e-02
3.468222171068191528e-02
-1.401858031749725342e-02
3.498904034495353699e-02
7.302416861057281494e-02
5.894666537642478943e-02
1.559730526059865952e-02
-1.309750974178314209e-01
4.558884352445602417e-02
-2.480397373437881470e-02
-3.751283884048461914e-02
-1.590624004602432251e-01
6.404677778482437134e-02
1.194578707218170166e-01
-9.738290309906005859e-02
-3.716556355357170105e-02
3.495255112648010254e-02
-3.118157945573329926e-02
1.227338332682847977e-02
1.462497115135192871e-01
-1.753347925841808319e-02
6.279756873846054077e-02
4.562173783779144287e-02
-6.866776198148727417e-02
-3.872516332194209099e-03
-6.793135404586791992e-02
-4.553241282701492310e-02
-5.634225159883499146e-02
-8.854339271783828735e-02
-4.495685454457998276e-03
-4.588741809129714966e-02
-9.604650735855102539e-02
-7.331805676221847534e-02
1.271960735321044922e-01
-7.555169612169265747e-02
-1.285484731197357178e-01
5.059873312711715698e-02
-6.134143471717834473e-02
7.794225215911865234e-02
5.424641072750091553e-03
-1.694554686546325684e-01
4.032165557146072388e-02
6.744911521673202515e-02
3.922359645366668701e-02
6.423023343086242676e-02
-5.326256155967712402e-02
5.088577419519424438e-02
-2.875010669231414795e-02
5.473859980702400208e-02
4.042621701955795288e-02
-4.046899825334548950e-02
-1.629361957311630249e-01
-3.016763366758823395e-02
-5.367180332541465759e-02
-2.405830286443233490e-02
-5.102384090423583984e-02
-6.016985699534416199e-02
-2.614091150462627411e-02
1.599357277154922485e-02
6.133778020739555359e-02
-7.305816560983657837e-02
4.739736393094062805e-02
1.040187547914683819e-03
1.153993885964155197e-02
-3.531733900308609009e-02
-1.772533170878887177e-02
-6.193593889474868774e-02
5.569380894303321838e-02
7.356674969196319580e-02
9.154952317476272583e-02
-9.270256757736206055e-02
-2.573360106907784939e-04
1.289713382720947266e-01
-3.638618811964988708e-02
8.324214816093444824e-02
5.677501205354928970e-03
-1.273087784647941589e-02
-7.279137615114450455e-03
4.167974740266799927e-02
3.962024673819541931e-02
-5.551143735647201538e-02
-1.844679936766624451e-02
1.020617112517356873e-01
-4.349961411207914352e-03
4.581923037767410278e-02
-5.343191698193550110e-02
7.160187698900699615e-03
-4.015822708606719971e-02
-8.356936275959014893e-02
-9.403842687606811523e-02
1.026417687535285950e-01
1.019292231649160385e-02
7.813699543476104736e-02
-8.693977445363998413e-02
3.170016035437583923e-02
3.433648124337196350e-02
3.409862983971834183e-03
-5.203646048903465271e-02
5.391800776124000549e-03
8.387503772974014282e-02
5.136321485042572021e-02
3.155902260914444923e-03
6.115124374628067017e-02
1.316295843571424484e-02
-1.184883639216423035e-01
-7.957820594310760498e-02
-5.460995808243751526e-02
7.980243116617202759e-02
8.478066883981227875e-03
-7.958208443596959114e-04
-1.333678793162107468e-02
-7.220870256423950195e-02
-5.783932656049728394e-02
1.176809705793857574e-02
-6.557011976838111877e-03
-3.352273628115653992e-02
-1.872651278972625732e-02
1.080972179770469666e-01
1.383118145167827606e-02
-5.683084577322006226e-02
6.423516315408051014e-04
4.092126619070768356e-03
9.887698292732238770e-02
-3.118531219661235809e-02
-2.965892106294631958e-02
-4.224805533885955811e-02
-9.201993234455585480e-03
3.604993969202041626e-02
5.344802886247634888e-02
-5.252263322472572327e-02
-7.758092880249023438e-02
1.661997437477111816e-01
1.238450855016708374e-01
-4.520273953676223755e-02
5.014019832015037537e-02
4.389839991927146912e-02
-2.502001449465751648e-02
-8.499967306852340698e-02
-8.432839997112751007e-03
-4.561606049537658691e-02
3.765195142477750778e-03
-9.593101218342781067e-03
7.351077627390623093e-03
-3.883940726518630981e-02
5.143980495631694794e-03
7.464950531721115112e-02
-1.787798665463924408e-02
2.763979509472846985e-02
5.611251294612884521e-02
1.791997998952865601e-02
1.092097982764244080e-01
-2.936943434178829193e-02
-2.381256781518459320e-02
2.978557534515857697e-02
2.788589894771575928e-02
-9.773221798241138458e-03
1.254396699368953705e-02
-1.127445846796035767e-01
4.951930046081542969e-02
6.622541695833206177e-02
5.665847286581993103e-02
-2.284015342593193054e-02
-3.596742823719978333e-02
-2.286854013800621033e-02
2.501124702394008636e-02
-2.907619811594486237e-02
-1.558285113424062729e-02
6.277328357100486755e-03
3.136881813406944275e-02
-4.621404688805341721e-03
9.237263351678848267e-02
-4.195746034383773804e-02
3.107641823589801788e-02
1.401321869343519211e-02
-6.809248775243759155e-02
5.780518054962158203e-02
6.336960941553115845e-02
2.180641703307628632e-02
-7.826096564531326294e-02
6.299349665641784668e-02
5.517495446838438511e-04
3.972537070512771606e-02
-1.956547982990741730e-02
4.811006784439086914e-02
8.139915019273757935e-02
2.702482976019382477e-02
-1.623082160949707031e-01
4.002248495817184448e-02
3.378794714808464050e-02
1.003206744790077209e-01
-6.320318579673767090e-02
2.438348717987537384e-02
-2.931704185903072357e-02
-8.412780612707138062e-02
-3.352107480168342590e-02
8.095669001340866089e-02
-4.395899549126625061e-02
-9.390834718942642212e-02
-6.726503372192382812e-02
-4.067381843924522400e-02
-5.495290458202362061e-02
2.296195365488529205e-02
1.161900833249092102e-01
-2.508336491882801056e-02
9.786389768123626709e-02
-1.503966301679611206e-01
-2.803506515920162201e-02
-7.568490505218505859e-02
-1.056344993412494659e-02
3.316735848784446716e-02
-8.090332150459289551e-02
