2.233493775129318237e-01
-1.547760609537363052e-02
4.678036645054817200e-02
-7.950405776500701904e-02
-7.072831690311431885e-02
-5.894394591450691223e-02
-1.283437311649322510e-01
-6.977456808090209961e-02
9.747433662414550781e-02
8.601253479719161987e-02
4.950025118887424469e-03
-6.294671446084976196e-02
-1.439452823251485825e-02
-1.216393560171127319e-01
2.126420289278030396e-02
-6.820005178451538086e-02
4.469961300492286682e-02
1.184224113821983337e-01
3.947973996400833130e-02
-4.065774753689765930e-02
-6.040072813630104065e-02
-1.874804683029651642e-02
2.500125020742416382e-02
-1.504873298108577728e-02
-8.247949928045272827e-02
-1.461365222930908203e-01
3.153073415160179138e-02
-8.396107703447341919e-02
-1.284872889518737793e-01
-1.109215915203094482e-01
8.696812391281127930e-02
-7.996618747711181641e-02
-6.976002454757690430e-02
-7.427585870027542114e-02
2.362667582929134369e-02
-2.475916966795921326e-02
3.430085256695747375e-02
-2.561970427632331848e-02
-2.871596626937389374e-02
-4.423953592777252197e-02
3.496735543012619019e-02
-3.475295379757881165e-02
3.525821864604949951e-02
7.176065444946289062e-02
7.116965204477310181e-02
3.864051774144172668e-02
-1.141997054219245911e-01
8.218501694500446320e-03
-1.773974671959877014e-02
-2.765541337430477142e-02
-1.600695401430130005e-01
4.985312744975090027e-02
1.244030222296714783e-01
-8.374731242656707764e-02
-4.477772861719131470e-02
3.377866372466087341e-02
-4.023632407188415527e-02
3.283228352665901184e-02
1.460852473974227905e-01
-2.877866104245185852e-02
4.401968792080879211e-02
4.596050456166267395e-02
-5.636729300022125244e-02
-1.006823312491178513e-02
-6.476052105426788330e-02
-6.579566001892089844e-02
-5.200701206922531128e-02
-7.978586852550506592e-02
-1.389854121953248978e-03
-2.835362032055854797e-02
-9.660792350769042969e-02
-7.737438380718231201e-02
1.336575597524642944e-01
-8.511471748352050781e-02
-1.065988987684249878e-01
6.224551796913146973e-02
-7.956384867429733276e-02
4.712341353297233582e-02
1.097781956195831299e-02
-1.441701054573059082e-01
4.696574807167053223e-02
5.821843817830085754e-02
2.153587900102138519e-02
4.668085649609565735e-02
-6.433977186679840088e-02
5.519429221749305725e-02
-1.952034421265125275e-02
5.059175565838813782e-02
1.940135471522808075e-02
-2.363055758178234100e-02
-1.321705877780914307e-01
-1.644227281212806702e-02
-7.085178047418594360e-02
-2.395351789891719818e-02
-4.705712571740150452e-02
-5.805166065692901611e-02
-1.918914355337619781e-02
2.234355919063091278e-02
6.194598600268363953e-02
-8.564295619726181030e-02
3.454144299030303955e-02
1.161948777735233307e-02
2.430709137115627527e-04
-2.070429548621177673e-02
-1.221771445125341415e-02
-4.426096752285957336e-02
4.580151289701461792e-02
9.129495918750762939e-02
6.772444397211074829e-02
-9.520839154720306396e-02
-3.247466869652271271e-03
1.153210327029228210e-01
-5.284081771969795227e-02
6.089908629655838013e-02
6.697101052850484848e-03
1.559739699587225914e-03
-1.384918019175529480e-02
5.516663193702697754e-02
5.169165879487991333e-02
-5.290985107421875000e-02
-2.186622656881809235e-02
9.364213794469833374e-02
7.420402951538562775e-03
5.014661327004432678e-02
-3.950825333595275879e-02
2.446851134300231934e-02
-3.826830908656120300e-02
-8.269675821065902710e-02
-1.014848053455352783e-01
9.228429198265075684e-02
1.962329959496855736e-03
7.050287723541259766e-02
-8.896521478891372681e-02
3.849865868687629700e-02
3.311483934521675110e-02
9.666885249316692352e-03
-6.810509413480758667e-02
3.648490086197853088e-02
9.842406958341598511e-02
4.653447121381759644e-02
1.533896289765834808e-02
6.552720069885253906e-02
7.245468907058238983e-03
-1.247320249676704407e-01
-4.721903428435325623e-02
-5.357537046074867249e-02
8.159878849983215332e-02
8.805694058537483215e-03
-8.035808801651000977e-03
-5.772919859737157822e-03
-6.550277769565582275e-02
-3.706450760364532471e-02
7.488077506422996521e-03
-2.332015894353389740e-02
-4.060772061347961426e-02
-2.237006463110446930e-02
1.102370917797088623e-01
3.430490568280220032e-02
-6.299753487110137939e-02
-8.144504390656948090e-03
-9.648106992244720459e-03
7.827535271644592285e-02
1.021475531160831451e-03
-4.341480135917663574e-02
-5.500981211662292480e-02
-2.338939718902111053e-02
2.780180983245372772e-02
5.464177578687667847e-02
-3.049801476299762726e-02
-5.347647517919540405e-02
1.637289822101593018e-01
1.219352185726165771e-01
-4.220703616738319397e-02
4.882421717047691345e-02
3.552877530455589294e-02
3.711074590682983398e-03
-6.705200672149658203e-02
-2.071853913366794586e-02
-3.277384489774703979e-02
-7.717608474195003510e-03
4.269124008715152740e-03
1.016510091722011566e-02
-2.596983499825000763e-02
-1.199434418231248856e-02
8.675306290388107300e-02
-6.749557331204414368e-03
2.569992467761039734e-02
6.744118779897689819e-02
3.681560605764389038e-02
1.062797307968139648e-01
-3.117421455681324005e-02
-2.138780988752841949e-02
2.006853371858596802e-02
2.576537989079952240e-02
-9.109815582633018494e-03
1.222933828830718994e-02
-9.682733565568923950e-02
5.255343392491340637e-02
5.074316635727882385e-02
4.905902221798896790e-02
-2.174265496432781219e-02
-3.584985807538032532e-02
-3.350497037172317505e-02
5.714044906198978424e-03
-2.801430970430374146e-02
-2.583270706236362457e-02
3.771526506170630455e-03
3.472690284252166748e-02
-6.630059797316789627e-03
9.432017058134078979e-02
-3.617962822318077087e-02
3.609786927700042725e-02
1.739747263491153717e-02
-6.344313174486160278e-02
5.579246580600738525e-02
4.584538936614990234e-02
1.108838990330696106e-02
-6.885287165641784668e-02
4.715260490775108337e-02
-1.774007803760468960e-03
3.068504668772220612e-02
-2.872095210477709770e-03
3.750412166118621826e-02
7.150116562843322754e-02
2.265702234581112862e-03
-1.146016567945480347e-01
4.221331700682640076e-02
1.715896464884281158e-02
8.336644619703292847e-02
-4.567315429449081421e-02
2.561913244426250458e-02
-3.257521241903305054e-02
-5.472166091203689575e-02
-3.903293237090110779e-02
8.270821720361709595e-02
-4.394797980785369873e-02
-8.632682263851165771e-02
-5.060074850916862488e-02
-3.641690313816070557e-02
-4.455540701746940613e-02
4.490012675523757935e-02
1.205424964427947998e-01
-1.888004317879676819e-02
1.281774342060089111e-01
-1.561096906661987305e-01
-2.733595110476016998e-02
-6.932120025157928467e-02
-1.210969872772693634e-03
2.447143569588661194e-02
-8.305940032005310059e-02
