1.431034207344055176e-01
-1.116640586405992508e-02
3.462855145335197449e-02
-4.327988624572753906e-02
-4.162021726369857788e-02
-3.370776027441024780e-02
-8.480289578437805176e-02
-4.138285666704177856e-02
6.338960677385330200e-02
4.185326024889945984e-02
1.773522049188613892e-02
-4.299627617001533508e-02
-4.252082668244838715e-03
-7.588881999254226685e-02
1.303339563310146332e-02
-3.467720374464988708e-02
3.835521265864372253e-02
8.545920252799987793e-02
9.947915095835924149e-04
-2.389082685112953186e-02
-3.120435960590839386e-02
1.063817180693149567e-03
1.311573479324579239e-02
-2.343786321580410004e-02
-3.627365455031394958e-02
-1.155084595084190369e-01
2.774090319871902466e-02
-5.680673569440841675e-02
-9.984135627746582031e-02
-1.017754748463630676e-01
7.276061922311782837e-02
-4.519326239824295044e-02
-6.259831041097640991e-02
-7.035542279481887817e-02
3.567548468708992004e-02
-1.083615794777870178e-02
2.607125230133533478e-02
-2.545576728880405426e-02
-4.451160132884979248e-02
-4.581272229552268982e-02
5.725104361772537231e-02
-2.169978804886341095e-02
3.548173606395721436e-02
7.086843997240066528e-02
4.160659760236740112e-02
2.570153027772903442e-02
-1.312282383441925049e-01
2.377157844603061676e-02
-2.260947227478027344e-02
-4.231708869338035583e-02
-1.738274693489074707e-01
6.292723864316940308e-02
1.063669621944427490e-01
-9.182323515415191650e-02
-4.915042221546173096e-02
4.961057007312774658e-02
-3.411970660090446472e-02
1.039304886944591999e-03
1.575754880905151367e-01
-2.820715866982936859e-02
6.030059978365898132e-02
4.669245705008506775e-02
-6.169297173619270325e-02
-3.706356277689337730e-03
-6.792063266038894653e-02
-6.517627090215682983e-02
-5.557533726096153259e-02
-1.019900143146514893e-01
-4.261512774974107742e-03
-5.199428275227546692e-02
-9.580556303262710571e-02
-9.052480757236480713e-02
1.385170817375183105e-01
-8.426790684461593628e-02
-1.310024708509445190e-01
5.961664021015167236e-02
-8.805876970291137695e-02
7.552166283130645752e-02
1.335937250405550003e-02
-1.850184947252273560e-01
4.106723889708518982e-02
5.198089778423309326e-02
6.464904174208641052e-03
6.029736623167991638e-02
-6.051990389823913574e-02
4.824507981538772583e-02
-3.626402840018272400e-02
6.520336121320724487e-02
2.158209681510925293e-02
-3.872185572981834412e-02
-1.604017913341522217e-01
-2.822526730597019196e-02
-6.190995872020721436e-02
-2.915277145802974701e-02
-5.475871637463569641e-02
-5.189759284257888794e-02
-2.907424420118331909e-02
1.952980645000934601e-02
6.601656973361968994e-02
-8.240925520658493042e-02
4.854432865977287292e-02
-3.347036661580204964e-03
7.095950189977884293e-03
-1.697677373886108398e-02
-9.014082141220569611e-03
-6.969389319419860840e-02
6.865094602108001709e-02
9.592095762491226196e-02
9.988760948181152344e-02
-9.765961766242980957e-02
8.787555270828306675e-04
1.401040405035018921e-01
-2.138420566916465759e-02
8.002799004316329956e-02
1.117817591875791550e-02
-3.040727414190769196e-02
-2.459751628339290619e-02
4.730085656046867371e-02
5.835176259279251099e-02
-6.388540565967559814e-02
-3.959631174802780151e-02
1.055523902177810669e-01
6.836259737610816956e-03
4.106723889708518982e-02
-5.734781548380851746e-02
2.694972557947039604e-03
-5.179087072610855103e-02
-9.755142778158187866e-02
-1.010633409023284912e-01
1.024129912257194519e-01
2.565542468801140785e-03
8.559425920248031616e-02
-9.708899259567260742e-02
3.880550339818000793e-02
4.427234455943107605e-02
2.702703699469566345e-02
-8.031608164310455322e-02
1.774338074028491974e-02
1.008563712239265442e-01
4.398367553949356079e-02
1.765373721718788147e-02
5.927960947155952454e-02
4.422900453209877014e-02
-1.391399353742599487e-01
-6.049426645040512085e-02
-4.977405816316604614e-02
7.368507236242294312e-02
2.779701724648475647e-03
-1.457311026751995087e-02
1.594348065555095673e-02
-6.492424011230468750e-02
-5.186190083622932434e-02
2.348142676055431366e-02
-2.711962722241878510e-02
-5.013466253876686096e-02
-3.256349265575408936e-02
9.927027672529220581e-02
1.276602130383253098e-02
-7.311245799064636230e-02
1.336033223196864128e-03
-2.061175182461738586e-03
1.114359423518180847e-01
-2.331376262009143829e-02
-3.965603560209274292e-02
-3.735958784818649292e-02
-1.267949771136045456e-02
4.236049577593803406e-02
3.738277032971382141e-02
-4.553028568625450134e-02
-5.489787086844444275e-02
1.587171107530593872e-01
1.313277035951614380e-01
-5.376788228750228882e-02
5.366508662700653076e-02
4.163321107625961304e-02
-1.880697160959243774e-02
-6.869951635599136353e-02
-5.054264795035123825e-03
-3.433927893638610840e-02
1.380583853460848331e-03
-1.150194741785526276e-02
1.111694145947694778e-02
-3.060511127114295959e-02
-8.360164240002632141e-03
7.614716887474060059e-02
-2.726893685758113861e-02
1.893135346472263336e-02
6.623640656471252441e-02
2.859324961900711060e-02
1.210453137755393982e-01
-2.012412995100021362e-02
-3.509054332971572876e-02
2.474409528076648712e-02
3.688247501850128174e-02
-1.179630402475595474e-02
9.928613901138305664e-03
-1.308520436286926270e-01
5.655837804079055786e-02
5.804001912474632263e-02
5.808598548173904419e-02
-2.419496141374111176e-02
-2.503423951566219330e-02
-1.918584667146205902e-02
2.110335230827331543e-02
-2.479986287653446198e-02
4.965551197528839111e-03
2.309296745806932449e-03
2.107772976160049438e-02
-4.762874916195869446e-03
9.826243668794631958e-02
-3.076422214508056641e-02
3.032498247921466827e-02
3.683189861476421356e-03
-5.924368649721145630e-02
5.574628338217735291e-02
7.458862662315368652e-02
2.240239642560482025e-02
-9.304453432559967041e-02
8.615057170391082764e-02
8.404041640460491180e-03
4.222968965768814087e-02
-1.436875853687524796e-02
5.154224857687950134e-02
8.452003449201583862e-02
1.718032173812389374e-02
-1.435155272483825684e-01
1.550019532442092896e-02
1.271418761461973190e-02
8.513285219669342041e-02
-4.791889712214469910e-02
4.484707489609718323e-02
-1.281138882040977478e-02
-6.371124088764190674e-02
-4.158909246325492859e-02
7.225915789604187012e-02
-3.818989172577857971e-02
-7.031435519456863403e-02
-6.375636905431747437e-02
-3.986895084381103516e-02
-4.510573670268058777e-02
2.706901542842388153e-02
1.205770671367645264e-01
-1.563065685331821442e-02
1.046683117747306824e-01
-1.248681619763374329e-01
-3.539152070879936218e-02
-6.253924220800399780e-02
1.084888167679309845e-02
2.592830359935760498e-02
-7.647770643234252930e-02
