1.402615904808044434e-01
-1.561441086232662201e-02
4.399532452225685120e-02
-3.614061325788497925e-02
-5.146069452166557312e-02
-2.278338931500911713e-02
-9.378067404031753540e-02
-4.293536022305488586e-02
6.747383624315261841e-02
4.500024020671844482e-02
2.265478856861591339e-02
-3.147595748305320740e-02
-3.733244491741061211e-03
-8.851386606693267822e-02
2.189494483172893524e-02
-5.309470742940902710e-02
2.691952884197235107e-02
7.620842009782791138e-02
7.927893311716616154e-04
-2.214738540351390839e-02
-2.414152771234512329e-02
9.043697267770767212e-03
2.400811016559600830e-02
-2.096874825656414032e-02
-2.239664457738399506e-02
-9.626108407974243164e-02
2.802143804728984833e-02
-5.918121337890625000e-02
-1.093161851167678833e-01
-1.007213145494461060e-01
5.889369547367095947e-02
-3.559859469532966614e-02
-4.452440515160560608e-02
-8.155356347560882568e-02
3.433177247643470764e-02
-9.577757678925991058e-03
1.717017032206058502e-02
-3.377616032958030701e-02
-5.522529035806655884e-02
-4.383948817849159241e-02
6.721080839633941650e-02
-1.104003284126520157e-02
4.094086959958076477e-02
7.708437740802764893e-02
2.497505396604537964e-02
2.217396907508373260e-02
-1.208284869790077209e-01
1.705151982605457306e-02
-2.216592989861965179e-02
-2.992821484804153442e-02
-1.787071228027343750e-01
6.893293559551239014e-02
1.068984419107437134e-01
-9.097697585821151733e-02
-4.841282963752746582e-02
5.827029421925544739e-02
-1.730466634035110474e-02
1.426040381193161011e-02
1.687795668840408325e-01
-2.110743522644042969e-02
6.492891907691955566e-02
3.587030991911888123e-02
-6.717907637357711792e-02
-1.046317745931446552e-03
-6.782373785972595215e-02
-6.737266480922698975e-02
-6.572595238685607910e-02
-1.074828580021858215e-01
-4.068562295287847519e-03
-6.459808349609375000e-02
-1.019493639469146729e-01
-1.043803915381431580e-01
1.438533663749694824e-01
-9.443430602550506592e-02
-1.255938708782196045e-01
6.034181267023086548e-02
-8.155220001935958862e-02
7.715582847595214844e-02
2.395479008555412292e-02
-2.047633826732635498e-01
4.573965072631835938e-02
5.595000460743904114e-02
-5.849516019225120544e-04
6.982269883155822754e-02
-5.901379883289337158e-02
5.448482558131217957e-02
-5.687750503420829773e-02
7.010316848754882812e-02
1.105966512113809586e-02
-4.364966973662376404e-02
-1.464652419090270996e-01
-4.494851455092430115e-02
-6.499890238046646118e-02
-2.759218029677867889e-02
-5.701445415616035461e-02
-5.874880775809288025e-02
-3.536886721849441528e-02
2.617152221500873566e-02
5.466256290674209595e-02
-8.738027513027191162e-02
5.633677169680595398e-02
-1.481902413070201874e-02
1.033409964293241501e-02
-1.122917421162128448e-02
2.200626331614330411e-04
-6.113755330443382263e-02
7.833036035299301147e-02
9.174494445323944092e-02
9.832927584648132324e-02
-1.045007109642028809e-01
1.050687301903963089e-02
1.317509412765502930e-01
-1.582632400095462799e-02
9.317651391029357910e-02
5.498883314430713654e-03
-3.731555491685867310e-02
-2.786050550639629364e-02
5.419819429516792297e-02
5.585594475269317627e-02
-5.206865072250366211e-02
-3.919696435332298279e-02
9.860832989215850830e-02
7.896103896200656891e-03
4.783909767866134644e-02
-5.251550674438476562e-02
5.673983134329319000e-03
-3.841931372880935669e-02
-1.035406813025474548e-01
-1.092993244528770447e-01
8.111204952001571655e-02
1.486294902861118317e-02
9.052188694477081299e-02
-8.542542159557342529e-02
4.565159603953361511e-02
3.641982749104499817e-02
2.297787740826606750e-02
-8.471250534057617188e-02
2.804509364068508148e-02
1.013968065381050110e-01
2.255650237202644348e-02
4.122099652886390686e-02
6.252723187208175659e-02
5.340941622853279114e-02
-1.315516978502273560e-01
-7.719488441944122314e-02
-5.242836847901344299e-02
8.777858316898345947e-02
7.601113058626651764e-03
-2.807548083364963531e-02
2.349611185491085052e-02
-5.003041401505470276e-02
-5.713344365358352661e-02
1.168907806277275085e-02
-2.760515920817852020e-02
-4.664868116378784180e-02
-3.707314282655715942e-02
1.057786345481872559e-01
1.300745084881782532e-02
-6.952808052301406860e-02
1.924823387525975704e-03
7.822416722774505615e-03
8.839713037014007568e-02
-1.731516793370246887e-02
-3.657390177249908447e-02
-2.473843842744827271e-02
-1.727853901684284210e-02
4.349539428949356079e-02
3.112067282199859619e-02
-3.877595067024230957e-02
-4.001387953758239746e-02
1.447380483150482178e-01
1.139772385358810425e-01
-5.058988928794860840e-02
2.846071682870388031e-02
4.100934788584709167e-02
-1.574240624904632568e-02
-7.331978529691696167e-02
-1.128263585269451141e-02
-3.664550185203552246e-02
-1.105577219277620316e-02
-2.086398750543594360e-02
2.392154559493064880e-02
-3.340896964073181152e-02
-1.877956651151180267e-02
6.475512683391571045e-02
-2.853629924356937408e-02
2.671764604747295380e-02
7.076416164636611938e-02
2.878624945878982544e-02
1.075777858495712280e-01
-1.392177585512399673e-02
-2.668332681059837341e-02
1.165380515158176422e-02
3.015425056219100952e-02
-6.151897832751274109e-03
-4.139937518630176783e-04
-1.246327832341194153e-01
3.721947595477104187e-02
6.456164270639419556e-02
3.873455896973609924e-02
-1.889071054756641388e-02
-1.550230756402015686e-02
-2.169986069202423096e-02
2.289631031453609467e-02
-3.625812381505966187e-02
7.239509839564561844e-03
8.754721842706203461e-03
2.143469452857971191e-02
1.392984203994274139e-02
7.999189198017120361e-02
-3.054144978523254395e-02
4.249760881066322327e-02
9.358670562505722046e-03
-6.008508056402206421e-02
5.818438902497291565e-02
8.141585439443588257e-02
3.563582152128219604e-02
-7.694581151008605957e-02
8.714588731527328491e-02
2.068395167589187622e-02
4.260021075606346130e-02
-8.174787275493144989e-03
5.293942615389823914e-02
9.006435424089431763e-02
1.015827525407075882e-02
-1.449627280235290527e-01
1.399464718997478485e-02
2.371070906519889832e-02
9.871692955493927002e-02
-6.312148272991180420e-02
6.568991392850875854e-02
-1.116454484872519970e-03
-5.543347820639610291e-02
-4.504914581775665283e-02
5.832739546895027161e-02
-4.677090421319007874e-02
-6.459517031908035278e-02
-6.213914230465888977e-02
-4.125890135765075684e-02
-5.231346935033798218e-02
2.412642166018486023e-02
1.174372732639312744e-01
-1.567970216274261475e-02
1.192594394087791443e-01
-1.099683046340942383e-01
-2.319871075451374054e-02
-5.707049369812011719e-02
1.543916203081607819e-02
2.568967454135417938e-02
-7.855693250894546509e-02
