7.561826705932617188e-02
-3.133848309516906738e-02
2.775261923670768738e-02
-1.115554571151733398e-02
-4.312874749302864075e-02
1.781878247857093811e-02
-6.621874123811721802e-02
-2.669643051922321320e-02
7.016899436712265015e-02
2.836121991276741028e-02
6.007417663931846619e-02
-2.765136957168579102e-02
-9.463016875088214874e-03
-5.541522800922393799e-02
1.402955967932939529e-02
-2.841662801802158356e-02
1.790596358478069305e-02
5.722407996654510498e-02
-1.102673076093196869e-02
-3.638509288430213928e-02
-2.739579416811466217e-02
4.208426922559738159e-02
-1.649551093578338623e-02
-3.463391214609146118e-02
1.891689375042915344e-02
-9.220042079687118530e-02
1.368134841322898865e-02
-4.536218568682670593e-02
-9.311813861131668091e-02
-1.158173456788063049e-01
6.989948451519012451e-02
-2.652658335864543915e-02
-6.063441932201385498e-02
-6.672968715429306030e-02
3.561185300350189209e-02
-6.021906156092882156e-03
-6.362599087879061699e-04
-2.113895863294601440e-02
-4.572419077157974243e-02
-1.625120826065540314e-02
7.625093311071395874e-02
-5.828391294926404953e-03
2.930480800569057465e-02
7.482274621725082397e-02
-3.540760139003396034e-03
1.643411070108413696e-02
-1.128615736961364746e-01
2.210583910346031189e-02
-2.944909781217575073e-02
-3.105311654508113861e-02
-1.752702593803405762e-01
7.092945277690887451e-02
9.696797281503677368e-02
-1.088449433445930481e-01
-5.107291415333747864e-02
6.149045750498771667e-02
-1.276052184402942657e-02
1.440781075507402420e-02
1.733154058456420898e-01
-1.944489777088165283e-02
6.353183835744857788e-02
3.130227699875831604e-02
-5.107246339321136475e-02
-1.023934409022331238e-02
-5.522422865033149719e-02
-5.942903831601142883e-02
-6.673079729080200195e-02
-1.090320050716400146e-01
-2.375935018062591553e-02
-7.669283449649810791e-02
-1.148877069354057312e-01
-1.018336191773414612e-01
1.457881927490234375e-01
-1.102334707975387573e-01
-1.435634493827819824e-01
4.742376506328582764e-02
-9.061156958341598511e-02
8.906414359807968140e-02
3.493569418787956238e-02
-2.385103851556777954e-01
4.577821865677833557e-02
3.166104853153228760e-02
-2.782056294381618500e-02
9.633490443229675293e-02
-6.449970602989196777e-02
3.419334068894386292e-02
-7.369416952133178711e-02
9.480174630880355835e-02
9.613213129341602325e-03
-3.602278977632522583e-02
-1.435051560401916504e-01
-7.713179290294647217e-02
-6.467538326978683472e-02
-4.369314759969711304e-02
-6.466942280530929565e-02
-5.824758857488632202e-02
-2.887080796062946320e-02
1.133064366877079010e-02
8.149609901010990143e-03
-6.974662095308303833e-02
2.300106547772884369e-02
-2.231708914041519165e-02
-3.494527889415621758e-03
-9.268548339605331421e-03
4.966915585100650787e-03
-6.810890883207321167e-02
8.871451020240783691e-02
7.343234121799468994e-02
8.185341209173202515e-02
-8.150028437376022339e-02
2.029279060661792755e-02
9.667181968688964844e-02
-9.664726443588733673e-03
8.278959244489669800e-02
-1.396841835230588913e-02
-4.109052568674087524e-02
-4.857091605663299561e-02
2.795401029288768768e-02
5.530679970979690552e-02
-2.513190172612667084e-02
-1.076967082917690277e-02
8.335699886083602905e-02
1.074115838855504990e-02
1.170606631785631180e-02
-6.019059568643569946e-02
1.282875146716833115e-02
-2.159439586102962494e-02
-1.040888652205467224e-01
-7.460876554250717163e-02
3.502880781888961792e-02
9.222422726452350616e-03
8.014639467000961304e-02
-7.177069783210754395e-02
2.600493840873241425e-02
3.336075693368911743e-02
7.095345761626958847e-03
-8.123037219047546387e-02
9.880908764898777008e-04
6.050678715109825134e-02
2.139882883056998253e-03
3.502082824707031250e-02
5.940612778067588806e-02
5.454595386981964111e-02
-1.136333495378494263e-01
-5.670635774731636047e-02
-4.248841479420661926e-02
6.175523623824119568e-02
2.054209820926189423e-03
-3.698549792170524597e-02
2.024589478969573975e-02
-2.991024591028690338e-02
-3.752686828374862671e-02
1.072615198791027069e-02
-2.733904309570789337e-02
-5.357994139194488525e-02
-3.298494592308998108e-02
7.841767370700836182e-02
-1.023043692111968994e-02
-5.838993564248085022e-02
1.280168537050485611e-03
3.150682151317596436e-02
8.012018352746963501e-02
-2.292423322796821594e-02
-2.280011773109436035e-02
-2.222429774701595306e-02
1.110177021473646164e-03
5.120582878589630127e-02
-7.285457104444503784e-03
-4.312945902347564697e-02
-3.334781154990196228e-02
1.431302279233932495e-01
1.093735992908477783e-01
-7.180351763963699341e-02
2.966642379760742188e-03
2.386578172445297241e-02
-1.763316616415977478e-02
-5.378647148609161377e-02
1.032121945172548294e-02
-7.548971567302942276e-03
-1.404264755547046661e-02
-4.490367323160171509e-02
4.487403202801942825e-03
-4.565659910440444946e-02
-8.377640508115291595e-03
2.342084422707557678e-02
-5.041461437940597534e-02
6.292684469372034073e-03
4.594232514500617981e-02
1.706812717020511627e-02
1.134614497423171997e-01
-1.366959419101476669e-03
-3.624849021434783936e-02
2.848114818334579468e-02
4.390186443924903870e-02
-2.823999850079417229e-03
-9.785781614482402802e-03
-1.281840354204177856e-01
2.599311619997024536e-02
6.485329568386077881e-02
3.451801091432571411e-02
-2.361212670803070068e-02
-2.964653447270393372e-02
-2.616837993264198303e-02
3.616556152701377869e-02
-4.420790076255798340e-02
1.385517604649066925e-02
5.523912608623504639e-03
2.324196882545948029e-02
6.076634745113551617e-04
8.357807993888854980e-02
-4.144893214106559753e-02
4.950952902436256409e-02
-1.050167810171842575e-02
-6.338416039943695068e-02
6.398700922727584839e-02
1.159153655171394348e-01
5.629807338118553162e-02
-7.567759603261947632e-02
1.099856123328208923e-01
5.231439694762229919e-02
5.772833898663520813e-02
-2.035137452185153961e-02
4.651729017496109009e-02
7.769881933927536011e-02
1.677435822784900665e-02
-1.993639022111892700e-01
-2.159865573048591614e-02
2.037635818123817444e-02
1.339691281318664551e-01
-5.610105395317077637e-02
9.424608945846557617e-02
1.642874069511890411e-02
-6.762186437845230103e-02
-3.301839530467987061e-02
5.987188220024108887e-02
-5.384518206119537354e-02
-5.994421243667602539e-02
-9.031715244054794312e-02
-6.278061866760253906e-02
-5.589758604764938354e-02
2.023115381598472595e-02
1.592426896095275879e-01
-2.391115948557853699e-02
1.326854676008224487e-01
-1.214815080165863037e-01
-3.343742713332176208e-02
-6.276710331439971924e-02
3.740373067557811737e-03
5.135017633438110352e-02
-9.908438473939895630e-02
