1.670675575733184814e-01
-1.242732722312211990e-02
5.785951018333435059e-02
-4.171063378453254700e-02
-4.178564250469207764e-02
-4.362833127379417419e-02
-8.271706849336624146e-02
-4.606643319129943848e-02
3.311386704444885254e-02
1.729765161871910095e-02
6.004325579851865768e-03
-4.098996520042419434e-02
-1.304459525272250175e-03
-7.883752137422561646e-02
1.983213797211647034e-02
-5.830949917435646057e-02
2.886698395013809204e-02
9.409354627132415771e-02
5.541562568396329880e-03
5.611109081655740738e-03
-1.518939435482025146e-02
-9.389538317918777466e-04
4.649888351559638977e-02
-4.917364567518234253e-03
-3.018638677895069122e-02
-8.169296383857727051e-02
2.940791659057140350e-02
-5.710264295339584351e-02
-1.118810102343559265e-01
-8.356563746929168701e-02
2.168444357812404633e-02
-3.084179759025573730e-02
-2.855771780014038086e-02
-7.211294770240783691e-02
3.425492718815803528e-02
1.061201002448797226e-02
2.608473785221576691e-02
-3.274969011545181274e-02
-6.810672581195831299e-02
-7.688394188880920410e-02
6.905071437358856201e-02
1.668113656342029572e-02
4.920998960733413696e-02
5.628171935677528381e-02
2.736821584403514862e-02
1.842784509062767029e-02
-1.134104877710342407e-01
4.799624159932136536e-02
-3.078697063028812408e-02
-1.981591992080211639e-02
-1.841732412576675415e-01
6.188252568244934082e-02
8.934428542852401733e-02
-6.642672419548034668e-02
-2.699329331517219543e-02
6.265116482973098755e-02
-2.261050604283809662e-02
2.266300842165946960e-03
1.577517986297607422e-01
-6.423628889024257660e-03
6.533151119947433472e-02
3.076557256281375885e-02
-1.065919995307922363e-01
7.064397446811199188e-03
-7.047760486602783203e-02
-7.442183792591094971e-02
-4.712007194757461548e-02
-1.103796511888504028e-01
1.285514328628778458e-02
-4.590667039155960083e-02
-7.726579159498214722e-02
-1.112600490450859070e-01
1.363841891288757324e-01
-8.585065603256225586e-02
-1.155053302645683289e-01
5.106067657470703125e-02
-6.755992025136947632e-02
8.541795611381530762e-02
3.002001903951168060e-02
-2.021497339010238647e-01
2.527618780732154846e-02
6.802169233560562134e-02
6.860378198325634003e-03
6.280061602592468262e-02
-3.921163082122802734e-02
5.947526916861534119e-02
-5.136002227663993835e-02
6.759300827980041504e-02
1.132897660136222839e-02
-5.699470266699790955e-02
-1.374550610780715942e-01
-3.766273707151412964e-02
-6.996568292379379272e-02
-2.013523504137992859e-02
-4.743661731481552124e-02
-4.510020464658737183e-02
-2.470672503113746643e-02
5.591545999050140381e-02
8.222634345293045044e-02
-7.310309261083602905e-02
6.877544522285461426e-02
-1.289010979235172272e-02
2.709772810339927673e-02
1.115582781494595110e-04
9.437798289582133293e-04
-5.063962563872337341e-02
6.625881046056747437e-02
7.892211526632308960e-02
9.943787008523941040e-02
-1.041023656725883484e-01
4.175360314548015594e-03
1.432094126939773560e-01
-4.049903713166713715e-03
9.110498428344726562e-02
1.603265292942523956e-02
-3.409693017601966858e-02
-1.648048684000968933e-02
7.299663871526718140e-02
5.160399898886680603e-02
-5.115383490920066833e-02
-5.807707086205482483e-02
1.029710993170738220e-01
-1.906259451061487198e-03
4.723751172423362732e-02
-4.491165652871131897e-02
-1.078155543655157089e-02
-4.625538364052772522e-02
-6.622517853975296021e-02
-1.091259568929672241e-01
1.133313700556755066e-01
1.664419658482074738e-02
8.914548158645629883e-02
-7.248018682003021240e-02
4.490989819169044495e-02
3.592988476157188416e-02
2.651684172451496124e-02
-7.733060419559478760e-02
1.889482699334621429e-02
1.122875735163688660e-01
2.108465693891048431e-02
3.008053824305534363e-02
4.380967840552330017e-02
6.452336162328720093e-02
-1.250219643115997314e-01
-9.389925003051757812e-02
-4.407792165875434875e-02
9.265684336423873901e-02
3.503450891003012657e-03
-2.394359558820724487e-02
3.348226100206375122e-02
-5.489353835582733154e-02
-6.647971272468566895e-02
1.204070914536714554e-02
-2.105546183884143829e-02
-3.718143701553344727e-02
-3.174193575978279114e-02
1.080329269170761108e-01
6.643797736614942551e-03
-6.467055529356002808e-02
1.627944526262581348e-03
8.730716072022914886e-03
1.101437956094741821e-01
-2.190796285867691040e-02
-2.074770256876945496e-02
-6.892366800457239151e-03
-3.023331053555011749e-02
5.761587992310523987e-02
4.305167496204376221e-02
-1.381429098546504974e-02
-4.839986935257911682e-02
1.209173128008842468e-01
9.884126484394073486e-02
-4.504450783133506775e-02
5.164332687854766846e-02
4.164157435297966003e-02
-1.662809215486049652e-02
-7.343265414237976074e-02
-1.596470479853451252e-03
-7.120554149150848389e-02
-1.254505198448896408e-02
-1.618096418678760529e-02
1.949007064104080200e-02
-7.847477681934833527e-03
-2.179372683167457581e-02
6.250392645597457886e-02
-3.669995069503784180e-02
5.200216174125671387e-02
5.390594527125358582e-02
1.333471480756998062e-02
1.003397703170776367e-01
-1.871204003691673279e-02
-2.611247450113296509e-02
4.528110381215810776e-03
1.694041863083839417e-02
3.229442751035094261e-03
-1.886375062167644501e-02
-1.281262636184692383e-01
5.389201641082763672e-02
6.336303800344467163e-02
4.215488210320472717e-02
2.235780470073223114e-03
-7.727245334535837173e-03
9.009998291730880737e-03
3.458870574831962585e-02
-1.463115774095058441e-02
3.934157546609640121e-03
5.160258151590824127e-03
2.960487641394138336e-02
1.569832488894462585e-02
8.534351736307144165e-02
-9.351400658488273621e-03
2.746417745947837830e-02
2.338820509612560272e-02
-5.181453004479408264e-02
6.097610667347908020e-02
8.511972427368164062e-02
5.093876272439956665e-02
-9.181302785873413086e-02
7.922298461198806763e-02
3.886824706569314003e-03
2.830591797828674316e-02
-9.141325950622558594e-03
5.136999487876892090e-02
7.062646001577377319e-02
1.944665238261222839e-02
-1.242714524269104004e-01
1.134313084185123444e-02
1.991914212703704834e-02
8.283773064613342285e-02
-8.512528985738754272e-02
7.395338267087936401e-02
-8.045169524848461151e-03
-7.628290355205535889e-02
-5.512062460184097290e-02
8.172094821929931641e-02
-4.800153151154518127e-02
-9.085028618574142456e-02
-7.177646458148956299e-02
-6.102509051561355591e-02
-5.371866747736930847e-02
3.498713299632072449e-02
1.250383257865905762e-01
-6.555985193699598312e-03
1.233631446957588196e-01
-1.237868443131446838e-01
-2.885351330041885376e-02
-6.874946504831314087e-02
3.342420980334281921e-02
2.717041783034801483e-02
-1.026121303439140320e-01
