2.101708799600601196e-01
-1.103125046938657761e-02
4.594000801444053650e-02
-5.579093471169471741e-02
-7.240304350852966309e-02
-3.457870334386825562e-02
-1.367504447698593140e-01
-6.899169832468032837e-02
1.029829084873199463e-01
7.502121478319168091e-02
1.261953357607126236e-02
-5.426650494337081909e-02
-9.459808468818664551e-03
-1.249358057975769043e-01
2.229230292141437531e-02
-7.557890564203262329e-02
3.166921809315681458e-02
9.979517757892608643e-02
2.442382648587226868e-02
-3.683947399258613586e-02
-5.724566429853439331e-02
-7.274044677615165710e-03
1.667839474976062775e-02
-2.379035390913486481e-02
-5.932035669684410095e-02
-1.418392509222030640e-01
3.963221982121467590e-02
-8.969567716121673584e-02
-1.433158367872238159e-01
-1.329919099807739258e-01
8.841281384229660034e-02
-6.983510404825210571e-02
-5.152469873428344727e-02
-7.828652858734130859e-02
1.764846779406070709e-02
-2.603060938417911530e-02
2.439301088452339172e-02
-3.382863476872444153e-02
-4.287250712513923645e-02
-3.885318338871002197e-02
5.563579499721527100e-02
-1.465856656432151794e-02
3.849942609667778015e-02
8.528558164834976196e-02
4.755524918437004089e-02
3.318767622113227844e-02
-1.141727417707443237e-01
1.193764060735702515e-02
-2.201025001704692841e-02
-3.117373771965503693e-02
-1.707592457532882690e-01
6.478661298751831055e-02
1.335855722427368164e-01
-1.017411053180694580e-01
-5.109228193759918213e-02
4.297228902578353882e-02
-2.899999730288982391e-02
2.011964283883571625e-02
1.596215069293975830e-01
-1.264580618590116501e-02
5.771623179316520691e-02
3.329857438802719116e-02
-6.222749873995780945e-02
-3.880715463310480118e-03
-6.590774655342102051e-02
-5.917395278811454773e-02
-5.732555314898490906e-02
-9.169985353946685791e-02
-2.955313248094171286e-04
-4.855480045080184937e-02
-1.049285978078842163e-01
-9.730304032564163208e-02
1.394293904304504395e-01
-9.522786736488342285e-02
-1.255504786968231201e-01
4.988873377442359924e-02
-6.745116412639617920e-02
6.452061980962753296e-02
1.609671115875244141e-02
-1.814487874507904053e-01
5.414633080363273621e-02
4.801980033516883850e-02
9.755981154739856720e-03
7.261975854635238647e-02
-6.083398312330245972e-02
5.084515362977981567e-02
-3.393923491239547729e-02
5.358840525150299072e-02
2.887864783406257629e-02
-3.005302138626575470e-02
-1.365908384323120117e-01
-3.985206037759780884e-02
-6.567551940679550171e-02
-2.357608079910278320e-02
-5.311001092195510864e-02
-6.174506247043609619e-02
-2.372107654809951782e-02
2.821047417819499969e-02
5.646132305264472961e-02
-9.704710543155670166e-02
3.906158730387687683e-02
-1.083975285291671753e-02
7.387896068394184113e-03
-1.543275453150272369e-02
-4.678333178162574768e-03
-4.468107596039772034e-02
6.269783526659011841e-02
9.038142859935760498e-02
8.199459314346313477e-02
-9.100694954395294189e-02
4.839784000068902969e-03
1.145778223872184753e-01
-3.271641582250595093e-02
8.234077692031860352e-02
-6.633787881582975388e-03
-2.679660217836499214e-03
-2.178832888603210449e-02
4.839757829904556274e-02
5.488004535436630249e-02
-4.487920552492141724e-02
-2.598607912659645081e-02
9.050658345222473145e-02
1.030717510730028152e-02
4.444474726915359497e-02
-4.297587648034095764e-02
2.675338461995124817e-02
-3.121487982571125031e-02
-8.695840835571289062e-02
-9.306944161653518677e-02
7.132291793823242188e-02
1.122645661234855652e-02
6.966806203126907349e-02
-8.764401823282241821e-02
3.815101459622383118e-02
3.187201172113418579e-02
-1.877783564850687981e-03
-7.079417258501052856e-02
3.531848639249801636e-02
8.711014688014984131e-02
3.425844013690948486e-02
3.096496872603893280e-02
6.150049343705177307e-02
2.302130125463008881e-02
-1.315104663372039795e-01
-6.406719982624053955e-02
-5.888163670897483826e-02
8.407408744096755981e-02
1.586369797587394714e-02
-1.957529224455356598e-02
8.942950516939163208e-03
-5.611285567283630371e-02
-4.022116586565971375e-02
6.861838512122631073e-03
-2.102257870137691498e-02
-4.158717393875122070e-02
-3.160308301448822021e-02
9.920903295278549194e-02
1.952181011438369751e-02
-6.277101486921310425e-02
-4.799756221473217010e-03
6.125001236796379089e-03
6.686080992221832275e-02
-7.726267911493778229e-03
-3.326984867453575134e-02
-3.934078291058540344e-02
-7.051594555377960205e-03
3.186854720115661621e-02
3.242961317300796509e-02
-4.259297996759414673e-02
-3.912776708602905273e-02
1.512560993432998657e-01
1.162477210164070129e-01
-5.133626982569694519e-02
2.413552813231945038e-02
3.504610061645507812e-02
-7.793741766363382339e-03
-6.292300671339035034e-02
-1.555200200527906418e-02
-2.578139491379261017e-02
-9.895982220768928528e-03
-1.716088689863681793e-02
2.134160511195659637e-02
-3.489048406481742859e-02
-1.573748886585235596e-02
6.663770228624343872e-02
-1.304177567362785339e-02
2.405228652060031891e-02
6.301143765449523926e-02
2.997827343642711639e-02
1.013746187090873718e-01
-2.248679287731647491e-02
-1.714732497930526733e-02
2.170792594552040100e-02
2.894904650747776031e-02
-8.798845112323760986e-03
1.071285456418991089e-02
-9.686067700386047363e-02
3.757357224822044373e-02
6.074968352913856506e-02
4.515731334686279297e-02
-2.276741527020931244e-02
-3.234178572893142700e-02
-3.617186471819877625e-02
1.742885075509548187e-02
-4.814428463578224182e-02
-1.473117899149656296e-02
-2.404803875833749771e-03
3.156725317239761353e-02
1.237175660207867622e-03
8.486019074916839600e-02
-3.788618743419647217e-02
4.700574651360511780e-02
7.747252471745014191e-03
-6.537224352359771729e-02
5.490138009190559387e-02
6.898498535156250000e-02
2.861550636589527130e-02
-5.817034095525741577e-02
5.840102955698966980e-02
7.614985108375549316e-03
3.455905616283416748e-02
1.774712232872843742e-03
4.338980838656425476e-02
7.711085677146911621e-02
7.437385153025388718e-03
-1.283068656921386719e-01
2.701876312494277954e-02
2.435997687280178070e-02
9.098705649375915527e-02
-4.016692936420440674e-02
3.551644459366798401e-02
-1.547133363783359528e-02
-4.662344977259635925e-02
-3.669583424925804138e-02
5.638478696346282959e-02
-5.021572113037109375e-02
-6.653352826833724976e-02
-4.300729185342788696e-02
-3.097994253039360046e-02
-4.420327022671699524e-02
3.294259309768676758e-02
1.114215403795242310e-01
-2.444490045309066772e-02
1.142565011978149414e-01
-1.300619989633560181e-01
-1.314289402216672897e-02
-5.305291339755058289e-02
-1.121079735457897186e-02
3.478895872831344604e-02
-6.488909572362899780e-02
