1.971257776021957397e-01
-1.987514086067676544e-03
5.309001356363296509e-02
-5.384799093008041382e-02
-5.508261173963546753e-02
-4.396521672606468201e-02
-1.121200546622276306e-01
-5.738531425595283508e-02
5.818496271967887878e-02
4.852809756994247437e-02
-2.505386946722865105e-03
-6.098023802042007446e-02
-9.597423486411571503e-03
-1.013516634702682495e-01
1.609337702393531799e-02
-6.008743494749069214e-02
2.909038215875625610e-02
1.083225756883621216e-01
2.872281335294246674e-02
-1.496946811676025391e-02
-3.030056320130825043e-02
-1.620124094188213348e-02
3.456536680459976196e-02
-9.829991497099399567e-03
-5.089003965258598328e-02
-1.191178932785987854e-01
3.377281501889228821e-02
-7.242850214242935181e-02
-1.275794059038162231e-01
-1.061615273356437683e-01
4.969334974884986877e-02
-5.295616015791893005e-02
-4.906726256012916565e-02
-6.438835710287094116e-02
2.681471779942512512e-02
-7.529339287430047989e-03
2.030024118721485138e-02
-4.802026972174644470e-02
-5.864869058132171631e-02
-6.677117198705673218e-02
5.796493217349052429e-02
9.772163815796375275e-03
4.386597871780395508e-02
6.473448872566223145e-02
5.295943096280097961e-02
3.507627174258232117e-02
-1.114606857299804688e-01
4.895986616611480713e-02
-2.789090760052204132e-02
-2.363234199583530426e-02
-1.739453226327896118e-01
5.934194847941398621e-02
1.147602871060371399e-01
-8.694862574338912964e-02
-2.757060900330543518e-02
4.884992912411689758e-02
-3.532218933105468750e-02
1.600351184606552124e-02
1.638020277023315430e-01
-8.021458983421325684e-03
6.445298343896865845e-02
3.100783191621303558e-02
-9.856294840574264526e-02
-6.519325077533721924e-03
-7.438091188669204712e-02
-6.860301643610000610e-02
-4.757992550730705261e-02
-9.155257046222686768e-02
1.112696900963783264e-02
-4.069426655769348145e-02
-8.552274107933044434e-02
-9.635786712169647217e-02
1.265003830194473267e-01
-8.512999117374420166e-02
-1.227471232414245605e-01
4.401214048266410828e-02
-5.707070603966712952e-02
8.317404240369796753e-02
2.049881964921951294e-02
-1.891080737113952637e-01
3.896091133356094360e-02
5.920116603374481201e-02
2.559270896017551422e-02
6.540616601705551147e-02
-4.712189361453056335e-02
5.083039402961730957e-02
-3.890329971909523010e-02
5.955521017313003540e-02
2.674683928489685059e-02
-4.398662969470024109e-02
-1.237596198916435242e-01
-3.951688483357429504e-02
-6.440038979053497314e-02
-1.404765434563159943e-02
-4.703324660658836365e-02
-5.332288518548011780e-02
-2.145483717322349548e-02
5.537377297878265381e-02
7.504133880138397217e-02
-9.378263354301452637e-02
5.348316952586174011e-02
-1.653609424829483032e-02
2.026086486876010895e-02
-9.009214118123054504e-03
-4.638216458261013031e-03
-3.859931975603103638e-02
6.207006797194480896e-02
7.999854534864425659e-02
9.728848189115524292e-02
-9.934645146131515503e-02
7.882427598815411329e-05
1.387994289398193359e-01
-2.173249050974845886e-02
8.666435629129409790e-02
-1.883961493149399757e-03
-8.771603927016258240e-03
-1.521825417876243591e-02
6.144154444336891174e-02
4.625154286623001099e-02
-4.474374651908874512e-02
-3.249921649694442749e-02
1.032094955444335938e-01
3.552654525265097618e-03
4.615560173988342285e-02
-4.148883745074272156e-02
2.738852985203266144e-03
-3.561457246541976929e-02
-6.276711076498031616e-02
-1.097073182463645935e-01
1.085443273186683655e-01
1.971905492246150970e-02
8.196716755628585815e-02
-9.053708612918853760e-02
4.162210226058959961e-02
4.082023352384567261e-02
8.992001414299011230e-03
-7.562915235757827759e-02
1.973564550280570984e-02
9.267321228981018066e-02
3.031809069216251373e-02
1.521848328411579132e-02
4.721452295780181885e-02
4.596434906125068665e-02
-1.286390274763107300e-01
-8.740623295307159424e-02
-5.218620225787162781e-02
1.025922372937202454e-01
7.840401493012905121e-03
-1.406283397227525711e-02
2.257207967340946198e-02
-5.861720442771911621e-02
-5.904780700802803040e-02
7.245325949043035507e-03
-1.016325317323207855e-02
-4.090921953320503235e-02
-2.715213969349861145e-02
1.133664995431900024e-01
1.478338055312633514e-02
-5.757383629679679871e-02
-3.344727680087089539e-03
9.925193153321743011e-03
8.430310338735580444e-02
-9.144139476120471954e-03
-2.312080934643745422e-02
-2.915110252797603607e-02
-2.448674105107784271e-02
3.900436684489250183e-02
5.448203906416893005e-02
-3.018416464328765869e-02
-5.631848424673080444e-02
1.513869315385818481e-01
1.120504587888717651e-01
-4.772601649165153503e-02
4.354489967226982117e-02
4.427324235439300537e-02
-8.992704562842845917e-03
-7.353769242763519287e-02
-5.645682103931903839e-03
-5.715061351656913757e-02
-9.248390793800354004e-03
-2.258965373039245605e-02
1.524106599390506744e-02
-9.420793503522872925e-03
-2.051167562603950500e-02
6.310973316431045532e-02
-2.332898788154125214e-02
4.929212480783462524e-02
5.287954583764076233e-02
2.043435908854007721e-02
1.049355417490005493e-01
-2.339510433375835419e-02
-1.601197943091392517e-02
2.173243276774883270e-02
2.009949833154678345e-02
2.807454904541373253e-03
-3.163321875035762787e-03
-1.096224486827850342e-01
5.389441177248954773e-02
5.945648998022079468e-02
4.258828610181808472e-02
-1.511889416724443436e-02
-3.541389480233192444e-02
-3.603199031203985214e-03
3.096264414489269257e-02
-3.498243913054466248e-02
-9.111652150750160217e-03
8.985135704278945923e-03
4.241012781858444214e-02
1.887984946370124817e-02
8.567876368761062622e-02
-2.243005670607089996e-02
4.278808832168579102e-02
1.289159711450338364e-02
-6.234503164887428284e-02
5.908884853124618530e-02
7.918941229581832886e-02
5.201400071382522583e-02
-7.563160359859466553e-02
6.371457874774932861e-02
5.475535523146390915e-03
2.661859244108200073e-02
-9.115153923630714417e-03
4.115554317831993103e-02
6.695475429296493530e-02
1.762275956571102142e-02
-1.293354928493499756e-01
2.015645056962966919e-02
1.882612146437168121e-02
8.931696414947509766e-02
-6.886511296033859253e-02
5.491418763995170593e-02
-9.299730882048606873e-03
-6.657309085130691528e-02
-4.987344145774841309e-02
6.686371564865112305e-02
-4.793733358383178711e-02
-7.556784152984619141e-02
-5.406577512621879578e-02
-5.192352831363677979e-02
-5.374217405915260315e-02
2.827813848853111267e-02
1.087878867983818054e-01
-1.733893528580665588e-02
1.201975345611572266e-01
-1.264893412590026855e-01
-1.966467499732971191e-02
-6.560523808002471924e-02
4.595006816089153290e-03
3.497188165783882141e-02
-8.472349494695663452e-02
