9.306684881448745728e-02
-2.083255350589752197e-02
2.839340642094612122e-02
-2.094300650060176849e-02
-3.764913603663444519e-02
-5.183860193938016891e-03
-7.543135434389114380e-02
-3.411629423499107361e-02
6.766307353973388672e-02
3.375199437141418457e-02
3.549422696232795715e-02
-2.079328522086143494e-02
-8.566557662561535835e-04
-6.883895397186279297e-02
1.777367666363716125e-02
-3.968779742717742920e-02
2.659645117819309235e-02
5.352019891142845154e-02
-1.995723508298397064e-02
-2.392394654452800751e-02
-2.169435098767280579e-02
2.278826013207435608e-02
4.738659132272005081e-03
-3.339505940675735474e-02
-7.734225597232580185e-03
-8.871026337146759033e-02
2.842582762241363525e-02
-5.012105405330657959e-02
-9.245276451110839844e-02
-1.016725897789001465e-01
7.205438613891601562e-02
-2.722201868891716003e-02
-5.016418546438217163e-02
-7.978015393018722534e-02
3.580662608146667480e-02
-1.133932918310165405e-02
1.277107745409011841e-02
-2.518836595118045807e-02
-4.939987882971763611e-02
-2.834580652415752411e-02
6.995239853858947754e-02
-2.262111008167266846e-02
3.406680002808570862e-02
8.394824713468551636e-02
1.330407708883285522e-02
1.082518417388200760e-02
-1.312537491321563721e-01
9.995300322771072388e-03
-2.051810361444950104e-02
-4.264774546027183533e-02
-1.759309619665145874e-01
7.475777715444564819e-02
1.065451353788375854e-01
-1.025325283408164978e-01
-5.905902385711669922e-02
6.008260697126388550e-02
-1.398411393165588379e-02
-1.833898248150944710e-03
1.660668849945068359e-01
-2.212041057646274567e-02
6.435818970203399658e-02
4.382254183292388916e-02
-4.992164298892021179e-02
2.970623900182545185e-04
-6.184631213545799255e-02
-6.090729683637619019e-02
-6.719423085451126099e-02
-1.167709305882453918e-01
-1.543767284601926804e-02
-7.487845420837402344e-02
-1.108460426330566406e-01
-1.025737971067428589e-01
1.492809504270553589e-01
-9.365621954202651978e-02
-1.397450715303421021e-01
6.269247829914093018e-02
-9.051337093114852905e-02
7.720920443534851074e-02
1.868635416030883789e-02
-2.151303589344024658e-01
4.762728139758110046e-02
4.506697133183479309e-02
-1.029335428029298782e-02
7.697261869907379150e-02
-6.429199874401092529e-02
4.929453879594802856e-02
-5.609228461980819702e-02
7.151956856250762939e-02
1.325125247240066528e-02
-4.307648167014122009e-02
-1.703751236200332642e-01
-4.472327232360839844e-02
-6.151822581887245178e-02
-3.729560971260070801e-02
-6.312363594770431519e-02
-6.082325428724288940e-02
-3.936546668410301208e-02
7.586895953863859177e-03
4.285501688718795776e-02
-8.334781229496002197e-02
4.950563982129096985e-02
-1.668546348810195923e-02
4.501614719629287720e-03
-1.749050430953502655e-02
2.578707877546548843e-03
-7.859008014202117920e-02
8.671957254409790039e-02
9.647922217845916748e-02
1.005158573389053345e-01
-9.743414074182510376e-02
1.146224699914455414e-02
1.271264851093292236e-01
-9.518439881503582001e-03
9.464507550001144409e-02
7.076697889715433121e-03
-4.631363973021507263e-02
-3.677424788475036621e-02
4.173521324992179871e-02
6.358362734317779541e-02
-5.926303938031196594e-02
-4.148456454277038574e-02
9.809774160385131836e-02
9.785033762454986572e-03
4.020673781633377075e-02
-6.291631609201431274e-02
6.199374794960021973e-03
-4.496635124087333679e-02
-1.175951436161994934e-01
-9.923823177814483643e-02
6.919500976800918579e-02
6.513360422104597092e-03
9.138251841068267822e-02
-8.483760803937911987e-02
3.897677361965179443e-02
3.617027401924133301e-02
2.532647363841533661e-02
-8.381832391023635864e-02
2.148303203284740448e-02
9.444048255681991577e-02
2.822833880782127380e-02
4.167497158050537109e-02
6.373372673988342285e-02
5.548436194658279419e-02
-1.375321447849273682e-01
-6.561985611915588379e-02
-5.120536684989929199e-02
6.959788501262664795e-02
7.607166189700365067e-03
-2.481959015130996704e-02
2.180476486682891846e-02
-5.152665823698043823e-02
-4.997156560420989990e-02
2.154291234910488129e-02
-3.434565290808677673e-02
-5.005635693669319153e-02
-4.347380623221397400e-02
9.404888749122619629e-02
4.548249300569295883e-03
-7.441617548465728760e-02
6.268214434385299683e-03
5.388399120420217514e-03
1.004096865653991699e-01
-2.944505587220191956e-02
-4.024709761142730713e-02
-2.579040639102458954e-02
-1.579588279128074646e-03
4.601236805319786072e-02
1.461944635957479477e-02
-5.227256938815116882e-02
-3.808570280671119690e-02
1.458483934402465820e-01
1.239881217479705811e-01
-5.671858787536621094e-02
2.751601673662662506e-02
4.237276688218116760e-02
-2.465915679931640625e-02
-7.016694545745849609e-02
-9.133447892963886261e-03
-1.888630352914333344e-02
-3.496043151244521141e-03
-2.477262914180755615e-02
2.045188285410404205e-02
-4.801896959543228149e-02
-9.171024896204471588e-03
6.473992764949798584e-02
-3.325928747653961182e-02
9.535311721265316010e-03
7.225470244884490967e-02
2.867447398602962494e-02
1.145476400852203369e-01
-9.095306508243083954e-03
-3.285992518067359924e-02
1.323901303112506866e-02
3.829823061823844910e-02
-1.057853084057569504e-02
4.579846281558275223e-03
-1.323506981134414673e-01
3.324961662292480469e-02
6.711738556623458862e-02
4.564308002591133118e-02
-2.119737491011619568e-02
-1.410743687301874161e-02
-3.242730721831321716e-02
2.367235720157623291e-02
-3.931433334946632385e-02
1.544676627963781357e-02
4.223169293254613876e-03
1.235540397465229034e-02
2.077937591820955276e-03
8.730267733335494995e-02
-3.760852292180061340e-02
3.968130424618721008e-02
-1.793864765204489231e-03
-5.689729005098342896e-02
5.694786831736564636e-02
8.444968611001968384e-02
2.859201654791831970e-02
-8.399068564176559448e-02
1.027655154466629028e-01
2.416571415960788727e-02
5.079508945345878601e-02
-1.373790763318538666e-02
5.745339766144752502e-02
1.005701795220375061e-01
1.226525288075208664e-02
-1.582630425691604614e-01
3.073996165767312050e-03
2.204747125506401062e-02
9.875053912401199341e-02
-4.750607535243034363e-02
6.185285374522209167e-02
3.060401068069040775e-04
-5.146572738885879517e-02
-3.885275125503540039e-02
5.177805945277214050e-02
-3.974589332938194275e-02
-5.447001010179519653e-02
-6.562362611293792725e-02
-3.165343031287193298e-02
-4.448240995407104492e-02
1.742194406688213348e-02
1.175487264990806580e-01
-1.557886600494384766e-02
9.560186415910720825e-02
-9.739659726619720459e-02
-2.644671872258186340e-02
-4.801996424794197083e-02
1.057605538517236710e-02
2.472779713571071625e-02
-6.697806715965270996e-02
