1.497427225112915039e-01
4.248002078384160995e-03
3.801213577389717102e-02
-2.990951575338840485e-02
-3.136346489191055298e-02
-2.849414572119712830e-02
-8.318392187356948853e-02
-4.739563912153244019e-02
2.958670072257518768e-02
1.744794659316539764e-02
-2.876987680792808533e-03
-5.286600068211555481e-02
-2.867399249225854874e-03
-7.205092906951904297e-02
4.132888745516538620e-03
-4.579331353306770325e-02
1.156274229288101196e-02
8.099726587533950806e-02
-4.346743691712617874e-03
4.184638615697622299e-03
-1.303928531706333160e-02
-8.373961783945560455e-03
1.997550390660762787e-02
-2.772800996899604797e-02
-2.680081501603126526e-02
-1.050746664404869080e-01
3.644285351037979126e-02
-5.638030916452407837e-02
-1.198788583278656006e-01
-1.033682525157928467e-01
4.433109983801841736e-02
-3.761178255081176758e-02
-4.767062515020370483e-02
-4.854905232787132263e-02
3.698825091123580933e-02
1.043748692609369755e-03
1.006484497338533401e-02
-5.073589086532592773e-02
-6.767862290143966675e-02
-6.563632935285568237e-02
5.963128060102462769e-02
2.696229144930839539e-02
4.301996901631355286e-02
5.858680233359336853e-02
3.694316372275352478e-02
1.934709958732128143e-02
-1.111964583396911621e-01
7.861902564764022827e-02
-3.897296637296676636e-02
-2.931120619177818298e-02
-1.748923510313034058e-01
6.387884169816970825e-02
1.055045872926712036e-01
-9.918078035116195679e-02
-2.179416269063949585e-02
4.634341970086097717e-02
-2.850848063826560974e-02
-5.688856355845928192e-03
1.737446486949920654e-01
1.142390072345733643e-02
7.258427143096923828e-02
2.224755473434925079e-02
-1.059500277042388916e-01
-2.491547493264079094e-03
-7.513474673032760620e-02
-5.289372429251670837e-02
-3.953203558921813965e-02
-1.040646359324455261e-01
4.311562981456518173e-03
-4.800310358405113220e-02
-8.536883443593978882e-02
-9.572312235832214355e-02
1.231108009815216064e-01
-7.825984805822372437e-02
-1.381354331970214844e-01
3.198654204607009888e-02
-3.699675574898719788e-02
1.067503690719604492e-01
2.115693874657154083e-02
-2.030886560678482056e-01
3.725070506334304810e-02
5.932814627885818481e-02
2.457348443567752838e-02
8.478721976280212402e-02
-3.934236615896224976e-02
3.649908676743507385e-02
-4.169686138629913330e-02
7.054439187049865723e-02
4.191895946860313416e-02
-5.073234066367149353e-02
-1.400572061538696289e-01
-6.074329465627670288e-02
-4.728192090988159180e-02
-1.283671427518129349e-02
-4.995345324277877808e-02
-4.849942028522491455e-02
-2.300233580172061920e-02
6.183168292045593262e-02
8.986233174800872803e-02
-9.792927652597427368e-02
6.455221027135848999e-02
-2.709809131920337677e-02
2.772301249206066132e-02
-1.391515135765075684e-02
-8.181990124285221100e-03
-4.624658077955245972e-02
7.056567817926406860e-02
6.788390874862670898e-02
1.203801333904266357e-01
-8.667853474617004395e-02
3.983070782851427794e-04
1.485550254583358765e-01
1.873440574854612350e-03
1.087657660245895386e-01
-9.235587902367115021e-03
-1.698928512632846832e-02
-1.883617602288722992e-02
4.527047276496887207e-02
4.297613352537155151e-02
-4.333725571632385254e-02
-3.195958212018013000e-02
1.131861433386802673e-01
-4.603619221597909927e-03
3.132038563489913940e-02
-5.411811545491218567e-02
-7.485183421522378922e-03
-3.839590027928352356e-02
-5.563052371144294739e-02
-9.807598590850830078e-02
1.139068827033042908e-01
2.186447009444236755e-02
8.115214109420776367e-02
-9.462695568799972534e-02
3.624927997589111328e-02
4.770974814891815186e-02
-1.796458847820758820e-03
-6.979964673519134521e-02
-7.715343963354825974e-03
7.056593894958496094e-02
3.931076079607009888e-02
3.835277166217565536e-03
3.263106942176818848e-02
6.008254364132881165e-02
-1.238777711987495422e-01
-9.592163562774658203e-02
-4.611274972558021545e-02
9.552782028913497925e-02
7.877280935645103455e-03
-8.880475535988807678e-03
2.238316647708415985e-02
-6.664091348648071289e-02
-7.612933218479156494e-02
1.565997675061225891e-02
3.464843903202563524e-04
-4.223948344588279724e-02
-2.622110024094581604e-02
9.820170700550079346e-02
-5.664933007210493088e-03
-4.587266594171524048e-02
-2.223449992015957832e-03
2.020829916000366211e-02
9.177176654338836670e-02
-3.007074072957038879e-02
-2.668976318091154099e-03
-1.534179132431745529e-02
-1.036404073238372803e-02
5.081824585795402527e-02
4.056750610470771790e-02
-4.076872766017913818e-02
-6.844723969697952271e-02
1.364244222640991211e-01
1.080947443842887878e-01
-6.045123189687728882e-02
4.492753744125366211e-02
4.764151573181152344e-02
-2.466530911624431610e-02
-7.567184418439865112e-02
1.212803088128566742e-02
-5.939681828022003174e-02
2.953421324491500854e-03
-3.784086182713508606e-02
1.271533593535423279e-02
-1.752706244587898254e-02
-8.789248764514923096e-03
3.992338851094245911e-02
-2.768249437212944031e-02
4.718367382884025574e-02
3.172438964247703552e-02
6.991080008447170258e-04
1.028197631239891052e-01
-1.709529943764209747e-02
-2.435793168842792511e-02
3.006096929311752319e-02
2.561945840716362000e-02
-3.189832787029445171e-04
-3.677383996546268463e-03
-1.160528957843780518e-01
5.249950289726257324e-02
6.722243875265121460e-02
5.199877545237541199e-02
-1.073684729635715485e-02
-3.831119090318679810e-02
7.246794179081916809e-03
4.510755091905593872e-02
-4.432560130953788757e-02
-3.202316584065556526e-03
1.421849243342876434e-03
3.586762771010398865e-02
1.563462801277637482e-02
7.889308780431747437e-02
-2.439629286527633667e-02
3.866300731897354126e-02
-6.049772258847951889e-03
-6.271264702081680298e-02
5.973536148667335510e-02
9.286685287952423096e-02
6.907038390636444092e-02
-7.475848495960235596e-02
7.181503623723983765e-02
1.111480314284563065e-02
2.796359546482563019e-02
-1.602254994213581085e-02
3.883760422468185425e-02
6.518228352069854736e-02
3.367172926664352417e-02
-1.529418975114822388e-01
-2.037408412434160709e-04
2.238384261727333069e-02
9.508983790874481201e-02
-7.298870384693145752e-02
6.067304313182830811e-02
-3.326140809804201126e-03
-8.145282417535781860e-02
-5.017036572098731995e-02
6.870151311159133911e-02
-4.782064259052276611e-02
-7.596474140882492065e-02
-5.721571668982505798e-02
-5.704714730381965637e-02
-5.462086573243141174e-02
1.929343305528163910e-02
1.313033998012542725e-01
-1.642936840653419495e-02
1.137517839670181274e-01
-1.381421834230422974e-01
-2.550592087209224701e-02
-7.648345082998275757e-02
-1.828161068260669708e-03
4.912943765521049500e-02
-8.288893848657608032e-02
