2.022985816001892090e-01
2.378901094198226929e-02
6.463813781738281250e-02
-4.317801073193550110e-02
-1.607871800661087036e-02
-1.062558069825172424e-01
-8.032944053411483765e-02
-3.873405978083610535e-02
-6.141233723610639572e-03
-1.284731738269329071e-02
-2.793203294277191162e-02
-4.373637959361076355e-02
2.916247025132179260e-02
-6.367789953947067261e-02
2.821023762226104736e-02
-2.706573158502578735e-02
4.832756519317626953e-02
1.054391339421272278e-01
3.129434771835803986e-04
1.863005012273788452e-02
8.847385644912719727e-03
-2.808446995913982391e-02
6.548298150300979614e-02
-7.148614153265953064e-03
-5.129330977797508240e-02
-8.963441848754882812e-02
2.285042591392993927e-02
-4.643539339303970337e-02
-9.082675725221633911e-02
-2.642886154353618622e-02
6.149779539555311203e-03
-1.139044295996427536e-02
-1.027137041091918945e-02
-7.666001468896865845e-02
2.466695010662078857e-02
1.784385554492473602e-02
6.324998289346694946e-02
-3.356789052486419678e-02
-7.942371070384979248e-02
-1.003251373767852783e-01
6.641139835119247437e-02
-7.211191579699516296e-03
3.830497339367866516e-02
4.372161626815795898e-02
4.926349222660064697e-02
3.051294200122356415e-02
-1.146551519632339478e-01
4.964017868041992188e-02
-2.958725951611995697e-02
-4.217625409364700317e-02
-1.753678023815155029e-01
4.352526739239692688e-02
6.400991231203079224e-02
-2.817977033555507660e-02
-3.309840708971023560e-02
6.143919751048088074e-02
-5.013062059879302979e-02
-3.690403699874877930e-02
1.401328444480895996e-01
-1.169766299426555634e-02
6.300967186689376831e-02
3.145724162459373474e-02
-1.089356243610382080e-01
2.117814123630523682e-02
-6.226671114563941956e-02
-7.596698403358459473e-02
-3.754756972193717957e-02
-9.440366923809051514e-02
3.680783882737159729e-02
-3.382967412471771240e-02
-2.350729145109653473e-02
-9.295738488435745239e-02
1.097329705953598022e-01
-4.837468266487121582e-02
-9.090305864810943604e-02
4.587047919631004333e-02
-6.671382486820220947e-02
7.280022650957107544e-02
-3.804767271503806114e-03
-1.328793466091156006e-01
1.779462583363056183e-02
8.412908017635345459e-02
1.451963093131780624e-02
2.928068302571773529e-02
-3.490872308611869812e-02
5.771798640489578247e-02
-2.308375574648380280e-02
6.900838017463684082e-02
3.680223971605300903e-02
-4.188754409551620483e-02
-1.488628089427947998e-01
-7.949698716402053833e-03
-5.548689886927604675e-02
1.444289926439523697e-02
-2.859673835337162018e-02
-1.190988719463348389e-02
-3.445023670792579651e-02
5.539180338382720947e-02
1.465391963720321655e-01
-8.382309228181838989e-02
1.006357744336128235e-01
-1.362186390906572342e-02
3.792415931820869446e-02
5.493381526321172714e-03
-9.998789988458156586e-03
-4.401624202728271484e-02
5.510417744517326355e-02
8.046994358301162720e-02
1.245133131742477417e-01
-9.768950939178466797e-02
-2.709183096885681152e-02
1.682834476232528687e-01
4.394107032567262650e-03
7.648994028568267822e-02
3.533806279301643372e-02
-5.125619843602180481e-02
7.825474254786968231e-03
7.581240683794021606e-02
4.836463555693626404e-02
-8.238290995359420776e-02
-8.605974912643432617e-02
1.112663000822067261e-01
-1.273676753044128418e-02
6.102062016725540161e-02
-3.384494781494140625e-02
-4.607939347624778748e-02
-7.019986957311630249e-02
-4.878094792366027832e-02
-1.158430725336074829e-01
1.676620692014694214e-01
-1.157413888722658157e-02
8.802071213722229004e-02
-8.258260041475296021e-02
4.602512717247009277e-02
5.376654490828514099e-02
7.182798534631729126e-02
-8.858272433280944824e-02
1.376468967646360397e-02
1.387513279914855957e-01
6.268350034952163696e-02
2.734281867742538452e-02
1.014447025954723358e-02
1.010567173361778259e-01
-1.234843432903289795e-01
-7.235492765903472900e-02
-3.440415859222412109e-02
8.451215177774429321e-02
-1.458541722968220711e-03
-1.338478084653615952e-02
3.743626922369003296e-02
-7.601038366556167603e-02
-8.061365038156509399e-02
4.934830218553543091e-02
-2.444772608578205109e-02
-4.902324825525283813e-02
-3.669535368680953979e-02
1.040703952312469482e-01
2.999863587319850922e-02
-5.800100788474082947e-02
4.125913605093955994e-03
-3.600507974624633789e-02
1.104958206415176392e-01
-1.061483658850193024e-02
-2.101263403892517090e-02
-3.029870800673961639e-03
-3.158128634095191956e-02
3.324754163622856140e-02
6.686868518590927124e-02
-9.584199870005249977e-04
-4.102415964007377625e-02
9.028688073158264160e-02
7.868571579456329346e-02
-2.565418556332588196e-02
8.618410676717758179e-02
5.064734071493148804e-02
-1.867519132792949677e-02
-5.719174817204475403e-02
-6.871813442558050156e-03
-8.543024957180023193e-02
6.099115125834941864e-03
1.474665198475122452e-02
2.025350369513034821e-02
2.155184932053089142e-02
-3.897449374198913574e-02
9.549366682767868042e-02
-3.352664783596992493e-02
5.071794241666793823e-02
5.603507533669471741e-02
-8.496402762830257416e-03
7.356552779674530029e-02
-3.964567929506301880e-02
-3.728618472814559937e-02
-9.223920293152332306e-03
5.079407710582017899e-03
-1.426713075488805771e-02
1.798839424736797810e-03
-1.225003898143768311e-01
6.722746044397354126e-02
5.181161314249038696e-02
5.977484956383705139e-02
1.463187485933303833e-02
1.917649433016777039e-02
4.292201995849609375e-02
2.499037422239780426e-02
1.273099798709154129e-02
2.106185257434844971e-02
-4.546375479549169540e-03
7.757405284792184830e-03
1.782622560858726501e-02
5.542622506618499756e-02
1.897105202078819275e-02
-9.362810291349887848e-03
9.829017333686351776e-03
-2.105426043272018433e-02
1.341712661087512970e-02
4.576307535171508789e-02
8.819718845188617706e-03
-9.541139751672744751e-02
6.751228868961334229e-02
-2.265853993594646454e-02
-2.098423196002840996e-03
-2.974206581711769104e-03
4.801096767187118530e-02
6.510874629020690918e-02
2.792277373373508453e-02
-6.270720064640045166e-02
1.903753355145454407e-02
-1.477692369371652603e-02
2.068562991917133331e-02
-7.234796881675720215e-02
5.635938793420791626e-02
-1.420094817876815796e-02
-7.896639406681060791e-02
-8.060242235660552979e-02
8.680624514818191528e-02
-2.581574954092502594e-02
-9.331674873828887939e-02
-4.950158670544624329e-02
-4.690770804882049561e-02
-5.109078437089920044e-02
4.725118353962898254e-02
1.189947128295898438e-01
8.630443364381790161e-03
1.271961331367492676e-01
-1.255202889442443848e-01
-4.882369562983512878e-02
-8.283402025699615479e-02
8.146650344133377075e-02
-1.018981929519213736e-04
-9.343207627534866333e-02
