1.752592027187347412e-01
1.594939082860946655e-02
2.807284891605377197e-02
-2.984801121056079865e-02
-3.087535873055458069e-02
-2.936160005629062653e-02
-8.554269373416900635e-02
-5.806568637490272522e-02
3.672927245497703552e-02
1.281527150422334671e-02
-2.476507797837257385e-02
-5.822346732020378113e-02
-7.324364036321640015e-03
-9.371510893106460571e-02
-2.679744735360145569e-03
-6.703332811594009399e-02
1.225777529180049896e-02
7.841323316097259521e-02
6.606587674468755722e-03
1.885497942566871643e-02
-4.084287211298942566e-02
-3.317462280392646790e-02
2.585372701287269592e-02
-1.768388599157333374e-02
-6.210948154330253601e-02
-1.105224266648292542e-01
6.327088922262191772e-02
-7.560128718614578247e-02
-1.286961436271667480e-01
-1.210260242223739624e-01
4.335707426071166992e-02
-6.609642505645751953e-02
-2.234493009746074677e-02
-4.003774747252464294e-02
1.971024088561534882e-02
-6.954013835638761520e-03
3.067759610712528229e-02
-4.474957659840583801e-02
-6.707822531461715698e-02
-6.905845552682876587e-02
5.017608031630516052e-02
4.047983512282371521e-02
4.784457758069038391e-02
5.688887834548950195e-02
5.666267871856689453e-02
2.079654484987258911e-02
-1.126947700977325439e-01
7.008791714906692505e-02
-3.961895778775215149e-02
-3.564523160457611084e-02
-1.678851246833801270e-01
6.145077943801879883e-02
1.169637292623519897e-01
-9.518127888441085815e-02
-1.045838836580514908e-02
3.523358330130577087e-02
-4.147143289446830750e-02
-2.729177288711071014e-02
1.422074437141418457e-01
1.553627196699380875e-02
6.974159181118011475e-02
2.378134429454803467e-02
-1.097896620631217957e-01
1.332431659102439880e-02
-8.134683221578598022e-02
-4.314486309885978699e-02
-2.477033063769340515e-02
-1.041362881660461426e-01
1.854435727000236511e-02
-2.877163328230381012e-02
-7.715908437967300415e-02
-1.020915135741233826e-01
1.230503842234611511e-01
-6.312268227338790894e-02
-1.527145057916641235e-01
1.718888990581035614e-02
-2.450963109731674194e-02
9.985735267400741577e-02
9.069672785699367523e-03
-1.860704869031906128e-01
2.541642263531684875e-02
5.044591799378395081e-02
4.501686617732048035e-02
7.764892280101776123e-02
-2.837289124727249146e-02
4.644454270601272583e-02
-1.481684576719999313e-02
3.682823851704597473e-02
5.912329629063606262e-02
-4.938235878944396973e-02
-1.596834510564804077e-01
-2.646705880761146545e-02
-5.232971906661987305e-02
-2.051795274019241333e-02
-5.485533550381660461e-02
-3.803483769297599792e-02
-1.518429256975650787e-02
6.483282893896102905e-02
1.118216738104820251e-01
-8.131152391433715820e-02
6.627269834280014038e-02
-2.256476134061813354e-02
4.684410989284515381e-02
-1.383729279041290283e-02
-1.075503975152969360e-02
-3.639572113752365112e-02
4.394198954105377197e-02
7.581089437007904053e-02
1.159984990954399109e-01
-7.869368791580200195e-02
-1.629022508859634399e-02
1.520971953868865967e-01
-2.904690336436033249e-03
1.053463965654373169e-01
-3.007222898304462433e-03
3.961971960961818695e-03
-1.572538726031780243e-02
4.720427840948104858e-02
4.736742004752159119e-02
-5.898905545473098755e-02
-5.683952197432518005e-02
1.167042404413223267e-01
-7.814059965312480927e-03
3.029835969209671021e-02
-3.334418684244155884e-02
-8.091873605735599995e-04
-5.884185805916786194e-02
-3.571564704179763794e-02
-8.736238628625869751e-02
1.285499483346939087e-01
2.139168232679367065e-02
6.521830707788467407e-02
-9.257631003856658936e-02
3.411601483821868896e-02
4.017312452197074890e-02
-1.216297876089811325e-02
-5.247472971677780151e-02
1.198497414588928223e-02
9.000934660434722900e-02
4.852048307657241821e-02
-1.071987766772508621e-02
3.423969075083732605e-02
3.936308622360229492e-02
-1.395924538373947144e-01
-1.049309521913528442e-01
-5.924088880419731140e-02
8.764481544494628906e-02
9.112825617194175720e-03
5.433838814496994019e-03
3.213970363140106201e-02
-8.657371997833251953e-02
-6.290728598833084106e-02
1.195134967565536499e-02
-7.308412343263626099e-03
-2.995192073285579681e-02
-2.911799587309360504e-02
9.174731373786926270e-02
-8.647577837109565735e-03
-5.554189160466194153e-02
5.630405154079198837e-03
1.839484088122844696e-02
1.199960410594940186e-01
-3.099831752479076385e-02
-3.975904546678066254e-03
-6.283807568252086639e-03
4.411320202052593231e-03
5.897946655750274658e-02
5.889863520860671997e-02
-4.955017194151878357e-02
-8.230594545602798462e-02
1.353551149368286133e-01
1.337962150573730469e-01
-4.792600497603416443e-02
6.268297880887985229e-02
5.857474729418754578e-02
-3.002461232244968414e-02
-8.013963699340820312e-02
4.549636505544185638e-03
-7.271722704172134399e-02
8.288724347949028015e-03
-2.747609280049800873e-02
1.901455782353878021e-02
-1.812214590609073639e-02
-5.275191739201545715e-03
6.454585492610931396e-02
-1.540884003043174744e-02
5.645425617694854736e-02
3.795408830046653748e-02
1.654414646327495575e-02
1.043384894728660583e-01
-2.781226113438606262e-02
-1.567882671952247620e-02
3.285313770174980164e-02
1.158792432397603989e-02
-6.477992516010999680e-03
2.438071882352232933e-03
-1.113379523158073425e-01
6.931772083044052124e-02
6.022188812494277954e-02
7.666174322366714478e-02
-6.680479738861322403e-03
-4.511089995503425598e-02
8.517896756529808044e-03
5.422257632017135620e-02
-4.607527330517768860e-02
-7.064086850732564926e-03
-1.103889849036931992e-02
3.500218689441680908e-02
-2.156173810362815857e-03
1.011748537421226501e-01
-1.167653221637010574e-02
2.154191583395004272e-02
1.049682311713695526e-02
-5.916533246636390686e-02
5.624156072735786438e-02
8.249792456626892090e-02
4.982751980423927307e-02
-8.684848248958587646e-02
4.927406460046768188e-02
-2.157637849450111389e-02
1.212041731923818588e-02
-1.014217082411050797e-02
5.225475877523422241e-02
6.469647586345672607e-02
4.641572386026382446e-02
-1.331208348274230957e-01
2.674266137182712555e-02
3.250068798661231995e-02
7.301610708236694336e-02
-5.353720113635063171e-02
1.708014309406280518e-02
-2.507582493126392365e-02
-8.233612775802612305e-02
-4.854704812169075012e-02
7.695379108190536499e-02
-4.046851396560668945e-02
-8.545055985450744629e-02
-3.592010959982872009e-02
-3.452908247709274292e-02
-3.122230991721153259e-02
2.546452358365058899e-02
7.965158671140670776e-02
-1.388393435627222061e-02
5.299976468086242676e-02
-1.270792782306671143e-01
-1.399582624435424805e-02
-4.254174232482910156e-02
-1.448909565806388855e-02
4.560360684990882874e-02
-5.221238732337951660e-02
