2.135156691074371338e-01
-2.859333297237753868e-03
4.346277192234992981e-02
-4.654461517930030823e-02
-7.597134262323379517e-02
-3.012837469577789307e-02
-1.403108090162277222e-01
-6.868995726108551025e-02
1.100314483046531677e-01
7.192869484424591064e-02
3.721866989508271217e-03
-4.748224467039108276e-02
-8.373563177883625031e-03
-1.369232684373855591e-01
2.339776419103145599e-02
-8.823525905609130859e-02
3.020712360739707947e-02
9.392937272787094116e-02
2.836805209517478943e-02
-3.313569724559783936e-02
-6.603487581014633179e-02
-1.102464925497770309e-02
1.825291104614734650e-02
-1.905525103211402893e-02
-6.584524363279342651e-02
-1.374599933624267578e-01
5.130195617675781250e-02
-9.926410764455795288e-02
-1.498576104640960693e-01
-1.406338363885879517e-01
8.263929933309555054e-02
-7.283087819814682007e-02
-2.885453216731548309e-02
-8.152583241462707520e-02
3.893584478646516800e-03
-3.028442151844501495e-02
3.663033246994018555e-02
-3.410070016980171204e-02
-4.784777760505676270e-02
-3.908841684460639954e-02
6.288859993219375610e-02
-3.131695091724395752e-03
4.031401872634887695e-02
9.213047474622726440e-02
4.760695248842239380e-02
3.483559563755989075e-02
-1.133853793144226074e-01
2.253262093290686607e-03
-2.270740084350109100e-02
-3.687520325183868408e-02
-1.756040602922439575e-01
6.778121739625930786e-02
1.444858759641647339e-01
-9.955360740423202515e-02
-4.975721985101699829e-02
4.429899901151657104e-02
-3.185101225972175598e-02
1.012652460485696793e-02
1.521646082401275635e-01
-1.446101348847150803e-02
6.106203794479370117e-02
2.925105765461921692e-02
-6.612613052129745483e-02
4.954813513904809952e-03
-6.731241941452026367e-02
-5.934834480285644531e-02
-5.548718571662902832e-02
-9.119920432567596436e-02
6.749844644218683243e-03
-4.614292830228805542e-02
-9.925072640180587769e-02
-1.091821193695068359e-01
1.403292864561080933e-01
-9.488032013177871704e-02
-1.321216374635696411e-01
4.136400669813156128e-02
-6.328968703746795654e-02
5.897255986928939819e-02
1.111808605492115021e-02
-1.833016574382781982e-01
5.361663922667503357e-02
4.230818524956703186e-02
1.165725942701101303e-02
7.417207956314086914e-02
-6.006468087434768677e-02
5.614240840077400208e-02
-3.001045621931552887e-02
3.843175247311592102e-02
3.691621869802474976e-02
-2.467178925871849060e-02
-1.426931470632553101e-01
-3.215793520212173462e-02
-6.935402750968933105e-02
-2.450978942215442657e-02
-5.922184884548187256e-02
-5.761228874325752258e-02
-2.232361584901809692e-02
3.025793284177780151e-02
6.475033611059188843e-02
-9.515111893415451050e-02
4.230026528239250183e-02
-1.422555930912494659e-02
1.691435277462005615e-02
-8.048619143664836884e-03
-1.297977578360587358e-04
-3.508830443024635315e-02
5.828433483839035034e-02
9.533427655696868896e-02
8.189070224761962891e-02
-9.076372534036636353e-02
5.021393299102783203e-04
1.143880784511566162e-01
-2.868808992207050323e-02
8.628793060779571533e-02
-9.246978908777236938e-03
4.666024353355169296e-03
-2.126565203070640564e-02
5.004084482789039612e-02
5.725626647472381592e-02
-4.558939486742019653e-02
-4.084931313991546631e-02
8.772249519824981689e-02
1.294027175754308701e-02
4.981216043233871460e-02
-3.206321969628334045e-02
2.945712953805923462e-02
-3.631777688860893250e-02
-8.258306235074996948e-02
-8.930134028196334839e-02
6.728146970272064209e-02
1.524426415562629700e-02
6.286009401082992554e-02
-8.713242411613464355e-02
3.991241008043289185e-02
2.318508923053741455e-02
-5.039208102971315384e-03
-6.996285915374755859e-02
5.407100543379783630e-02
9.913169592618942261e-02
3.160098567605018616e-02
3.939615935087203979e-02
5.971554666757583618e-02
2.516015805304050446e-02
-1.384700536727905273e-01
-6.851893663406372070e-02
-6.941032409667968750e-02
8.678608387708663940e-02
1.858421228826045990e-02
-1.777039095759391785e-02
2.323661372065544128e-02
-5.807765945792198181e-02
-3.268982470035552979e-02
8.296136744320392609e-03
-2.476216852664947510e-02
-3.913494944572448730e-02
-3.798839822411537170e-02
9.696132689714431763e-02
1.824761368334293365e-02
-6.707084923982620239e-02
9.856969700194895267e-05
6.970583926886320114e-03
6.820309162139892578e-02
-3.247334854677319527e-03
-3.395799919962882996e-02
-2.517617866396903992e-02
1.425758935511112213e-03
3.174632042646408081e-02
3.725736588239669800e-02
-4.611166194081306458e-02
-3.089868277311325073e-02
1.412569582462310791e-01
1.186960712075233459e-01
-4.166121408343315125e-02
1.944345422089099884e-02
3.822149336338043213e-02
-7.447251584380865097e-03
-6.303370743989944458e-02
-2.433213219046592712e-02
-2.745850384235382080e-02
-9.213850833475589752e-03
-1.654056459665298462e-02
3.071110695600509644e-02
-3.148636594414710999e-02
-2.375479228794574738e-02
7.284395396709442139e-02
-1.282764691859483719e-02
3.188612312078475952e-02
7.101134955883026123e-02
3.844830021262168884e-02
9.548380225896835327e-02
-2.777211368083953857e-02
-9.425104595720767975e-03
1.729573681950569153e-02
1.900278963148593903e-02
-1.287256926298141479e-02
1.107069943100214005e-02
-9.295635670423507690e-02
3.772073239088058472e-02
6.103695183992385864e-02
4.994172230362892151e-02
-1.897814869880676270e-02
-3.095079772174358368e-02
-3.446494042873382568e-02
2.242262661457061768e-02
-5.434603616595268250e-02
-1.050746906548738480e-02
-9.536301717162132263e-03
3.048817254602909088e-02
1.570529188029468060e-03
8.575259149074554443e-02
-2.586401812732219696e-02
4.275994002819061279e-02
1.473299693316221237e-02
-6.492645293474197388e-02
4.689107090234756470e-02
6.932836025953292847e-02
2.121768705546855927e-02
-5.850054696202278137e-02
5.304477736353874207e-02
7.595527131343260407e-05
2.633522637188434601e-02
1.053863577544689178e-02
5.333444848656654358e-02
8.144240081310272217e-02
1.190384849905967712e-02
-1.217191293835639954e-01
3.779850900173187256e-02
2.766253985464572906e-02
8.528529107570648193e-02
-3.357621654868125916e-02
2.483719401061534882e-02
-1.724702306091785431e-02
-4.487149789929389954e-02
-3.784230723977088928e-02
4.858539626002311707e-02
-5.046860501170158386e-02
-6.425865739583969116e-02
-3.202857077121734619e-02
-1.669060625135898590e-02
-3.776385635137557983e-02
3.748724609613418579e-02
8.117298781871795654e-02
-2.639373950660228729e-02
9.183120727539062500e-02
-1.103934496641159058e-01
-3.667758544906973839e-03
-3.233251348137855530e-02
-1.035683136433362961e-02
3.022705018520355225e-02
-4.978501796722412109e-02
