1.773010790348052979e-01
-1.080179400742053986e-02
4.915362223982810974e-02
-4.764609783887863159e-02
-5.441297590732574463e-02
-4.702128097414970398e-02
-1.033224761486053467e-01
-5.157374963164329529e-02
6.784389913082122803e-02
4.508423432707786560e-02
1.027723308652639389e-02
-4.200120270252227783e-02
-4.912010626867413521e-04
-9.865480661392211914e-02
2.416422963142395020e-02
-6.036787480115890503e-02
3.842767700552940369e-02
9.518171101808547974e-02
8.960817940533161163e-03
-2.057192847132682800e-02
-3.009494021534919739e-02
-1.183348125778138638e-03
3.123002313077449799e-02
-1.872338727116584778e-02
-4.559075459837913513e-02
-1.094345599412918091e-01
3.493756800889968872e-02
-6.833329796791076660e-02
-1.191283687949180603e-01
-9.799148142337799072e-02
5.883343890309333801e-02
-4.351042583584785461e-02
-4.181289300322532654e-02
-8.159352838993072510e-02
2.549680508673191071e-02
-8.705715648829936981e-03
3.313443064689636230e-02
-3.067136555910110474e-02
-5.458003655076026917e-02
-5.632811039686203003e-02
6.654692441225051880e-02
-1.357244048267602921e-02
3.974237665534019470e-02
7.595305144786834717e-02
3.906247392296791077e-02
2.581376954913139343e-02
-1.231649070978164673e-01
1.933845132589340210e-02
-2.336002327501773834e-02
-3.626399859786033630e-02
-1.805799156427383423e-01
6.435904651880264282e-02
1.107719168066978455e-01
-8.138178288936614990e-02
-4.744581133127212524e-02
5.655922368168830872e-02
-3.112518601119518280e-02
1.845401362515985966e-03
1.587880849838256836e-01
-2.319539897143840790e-02
6.053262203931808472e-02
4.080734401941299438e-02
-7.681486010551452637e-02
2.002746565267443657e-03
-6.676262617111206055e-02
-7.373343408107757568e-02
-5.547280609607696533e-02
-1.021848693490028381e-01
4.312775563448667526e-03
-5.248026177287101746e-02
-8.758085221052169800e-02
-1.054189652204513550e-01
1.392699629068374634e-01
-8.861684054136276245e-02
-1.206473484635353088e-01
5.969529598951339722e-02
-8.312809467315673828e-02
6.726815551519393921e-02
1.659297198057174683e-02
-1.891807019710540771e-01
3.953789547085762024e-02
5.764438211917877197e-02
5.156242754310369492e-03
5.998332798480987549e-02
-5.828552693128585815e-02
5.701623484492301941e-02
-4.133842512965202332e-02
5.911121144890785217e-02
1.852001994848251343e-02
-3.989113867282867432e-02
-1.498012393712997437e-01
-2.886813879013061523e-02
-6.918428838253021240e-02
-2.245578728616237640e-02
-5.559582263231277466e-02
-5.059742555022239685e-02
-2.768061868846416473e-02
2.986680902540683746e-02
7.300861179828643799e-02
-8.736870437860488892e-02
5.728467926383018494e-02
-7.632922846823930740e-03
1.338877342641353607e-02
-9.630104526877403259e-03
5.682467599399387836e-04
-5.474238097667694092e-02
7.023402303457260132e-02
9.624196588993072510e-02
9.500165283679962158e-02
-1.042992323637008667e-01
9.769812459126114845e-04
1.348106861114501953e-01
-1.768366061151027679e-02
8.423884212970733643e-02
1.179356779903173447e-02
-2.888609655201435089e-02
-2.015114948153495789e-02
6.146747246384620667e-02
6.035636365413665771e-02
-5.933465808629989624e-02
-5.261812731623649597e-02
9.940623492002487183e-02
7.988007739186286926e-03
5.278040468692779541e-02
-4.747422784566879272e-02
2.344442298635840416e-03
-4.838912561535835266e-02
-8.972537517547607422e-02
-1.082309857010841370e-01
9.754079580307006836e-02
7.374736480414867401e-03
8.711439371109008789e-02
-8.738027513027191162e-02
4.425050318241119385e-02
3.405218571424484253e-02
2.820670977234840393e-02
-8.283850550651550293e-02
3.602269664406776428e-02
1.130218803882598877e-01
3.462468832731246948e-02
3.675044700503349304e-02
5.380433052778244019e-02
5.522845685482025146e-02
-1.372811496257781982e-01
-6.943913549184799194e-02
-5.368256568908691406e-02
8.712850511074066162e-02
8.145389147102832794e-03
-1.783868484199047089e-02
2.556317113339900970e-02
-5.850337445735931396e-02
-5.167258903384208679e-02
2.147486805915832520e-02
-2.896206639707088470e-02
-4.629099369049072266e-02
-3.944090753793716431e-02
1.064637303352355957e-01
1.788140274584293365e-02
-7.094638049602508545e-02
2.594513352960348129e-03
-4.965050145983695984e-03
9.661221504211425781e-02
-1.495374739170074463e-02
-3.660642728209495544e-02
-2.269045263528823853e-02
-1.726938039064407349e-02
4.041402414441108704e-02
4.017022997140884399e-02
-3.228915482759475708e-02
-3.911025449633598328e-02
1.396386623382568359e-01
1.131392121315002441e-01
-4.152680188417434692e-02
4.425497353076934814e-02
4.329929128289222717e-02
-1.167613174766302109e-02
-7.035677134990692139e-02
-1.723308488726615906e-02
-4.279030114412307739e-02
-6.496474146842956543e-03
-1.011222321540117264e-02
2.191975899040699005e-02
-1.990177854895591736e-02
-2.280381694436073303e-02
8.046688139438629150e-02
-2.631466090679168701e-02
3.238859400153160095e-02
6.980992108583450317e-02
2.839641645550727844e-02
1.062966883182525635e-01
-2.289502136409282684e-02
-2.617171220481395721e-02
5.732625722885131836e-03
2.387393079698085785e-02
-7.330497261136770248e-03
5.379674839787185192e-04
-1.229252070188522339e-01
4.837666079401969910e-02
6.215135008096694946e-02
4.730627313256263733e-02
-1.056843809783458710e-02
-1.426253095269203186e-02
-1.349953655153512955e-02
2.070233225822448730e-02
-2.575578354299068451e-02
4.512743558734655380e-03
1.933378982357680798e-03
2.497225441038608551e-02
9.458770044147968292e-03
8.777613192796707153e-02
-1.994919963181018829e-02
3.218666091561317444e-02
1.321934536099433899e-02
-5.479650571942329407e-02
5.013197660446166992e-02
7.073269039392471313e-02
2.524627745151519775e-02
-8.537895232439041138e-02
7.823409885168075562e-02
4.899478517472743988e-03
3.383727744221687317e-02
-4.634112585335969925e-03
5.622236430644989014e-02
8.742845058441162109e-02
1.068973541259765625e-02
-1.203069388866424561e-01
1.984114199876785278e-02
1.298098172992467880e-02
7.881462574005126953e-02
-5.651591345667839050e-02
5.361156910657882690e-02
-1.173406001180410385e-02
-5.809787660837173462e-02
-4.795937240123748779e-02
6.508232653141021729e-02
-4.279123246669769287e-02
-7.196580618619918823e-02
-5.794188380241394043e-02
-3.521307185292243958e-02
-4.760310426354408264e-02
3.563783690333366394e-02
1.091163754463195801e-01
-1.340298354625701904e-02
1.110808402299880981e-01
-1.135923713445663452e-01
-2.735492959618568420e-02
-5.554336681962013245e-02
2.341231517493724823e-02
1.870353892445564270e-02
-7.923699915409088135e-02
