1.174321249127388000e-01
-3.306039841845631599e-03
2.044181153178215027e-02
-3.067879565060138702e-02
-5.068279802799224854e-02
-1.924722641706466675e-02
-7.405191659927368164e-02
-2.537427656352519989e-02
7.326190918684005737e-02
4.288909956812858582e-02
2.199706248939037323e-02
-2.304089441895484924e-02
-3.442591987550258636e-03
-7.791451364755630493e-02
2.237438224256038666e-02
-3.170384094119071960e-02
3.162980824708938599e-02
6.131762266159057617e-02
5.674994550645351410e-03
-3.862671926617622375e-02
-3.508313745260238647e-02
7.676602108404040337e-04
9.371351450681686401e-03
-2.404498681426048279e-02
-2.744639851152896881e-02
-8.701653033494949341e-02
2.457174286246299744e-02
-4.189348593354225159e-02
-8.055645972490310669e-02
-9.235689789056777954e-02
6.374780833721160889e-02
-4.056510701775550842e-02
-4.568285867571830750e-02
-7.213065773248672485e-02
3.686694800853729248e-02
-1.584617234766483307e-02
2.924867905676364899e-02
-2.195092663168907166e-02
-5.017645657062530518e-02
-2.707930840551853180e-02
5.447181314229965210e-02
-2.631576918065547943e-02
3.461925312876701355e-02
7.145009189844131470e-02
4.358920082449913025e-02
3.558293730020523071e-02
-1.213094741106033325e-01
-3.632649779319763184e-03
-1.429765578359365463e-02
-3.514437377452850342e-02
-1.702847778797149658e-01
5.630373582243919373e-02
1.109715998172760010e-01
-8.655780553817749023e-02
-4.866171628236770630e-02
4.478283599019050598e-02
-2.758431807160377502e-02
1.073771249502897263e-02
1.637417823076248169e-01
-3.721088543534278870e-02
5.203237384557723999e-02
4.395505785942077637e-02
-4.234697297215461731e-02
-6.155263632535934448e-03
-7.002457976341247559e-02
-6.441881507635116577e-02
-6.314858049154281616e-02
-1.052565053105354309e-01
-1.134489290416240692e-02
-5.600703135132789612e-02
-1.069837957620620728e-01
-9.628797322511672974e-02
1.462392359972000122e-01
-8.453189581632614136e-02
-1.270194649696350098e-01
6.411984562873840332e-02
-1.008131429553031921e-01
6.641776114702224731e-02
1.498745754361152649e-02
-1.800917088985443115e-01
4.235442355275154114e-02
4.770876839756965637e-02
6.399073172360658646e-03
5.843006819486618042e-02
-6.697666645050048828e-02
5.034057050943374634e-02
-4.641955345869064331e-02
6.488264352083206177e-02
1.004857290536165237e-02
-2.842983230948448181e-02
-1.528331339359283447e-01
-2.546427398920059204e-02
-5.973633006215095520e-02
-3.755683824419975281e-02
-6.525476276874542236e-02
-4.710061848163604736e-02
-4.083159938454627991e-02
2.250459603965282440e-02
6.080997735261917114e-02
-8.673451095819473267e-02
5.340111255645751953e-02
-5.574505310505628586e-03
4.641090054064989090e-03
-1.119715999811887741e-02
-3.606759244576096535e-03
-6.429041177034378052e-02
6.808449327945709229e-02
1.102914065122604370e-01
1.046845987439155579e-01
-9.944030642509460449e-02
1.794653595425188541e-03
1.389851570129394531e-01
-2.739576436579227448e-02
8.992696553468704224e-02
5.026757717132568359e-03
-3.422285243868827820e-02
-3.805417194962501526e-02
4.703592509031295776e-02
5.914948880672454834e-02
-6.664592027664184570e-02
-3.528916835784912109e-02
1.089717671275138855e-01
1.145629398524761200e-02
4.620046168565750122e-02
-4.988724365830421448e-02
1.369371265172958374e-02
-5.236130952835083008e-02
-1.124987155199050903e-01
-1.129476651549339294e-01
8.974026143550872803e-02
1.391074061393737793e-02
8.907541632652282715e-02
-1.050431355834007263e-01
4.918702319264411926e-02
4.276137426495552063e-02
2.794391661882400513e-02
-9.256545454263687134e-02
3.718242049217224121e-02
1.137845069169998169e-01
3.071262314915657043e-02
2.598226070404052734e-02
7.455056160688400269e-02
4.630197957158088684e-02
-1.412013769149780273e-01
-5.533886700868606567e-02
-5.798532068729400635e-02
8.041100203990936279e-02
6.537585984915494919e-03
-2.243567630648612976e-02
2.474669367074966431e-02
-6.001293286681175232e-02
-5.029716715216636658e-02
2.000964991748332977e-02
-3.700463101267814636e-02
-5.199014768004417419e-02
-3.911557793617248535e-02
1.046166196465492249e-01
1.127966586500406265e-02
-8.240684866905212402e-02
3.361757146194577217e-03
-1.854238653322681785e-04
1.019910052418708801e-01
-5.605076905339956284e-03
-4.720655456185340881e-02
-3.701074793934822083e-02
-1.541661377996206284e-02
4.488983005285263062e-02
4.106364771723747253e-02
-4.303506389260292053e-02
-5.661052092909812927e-02
1.670893132686614990e-01
1.468691974878311157e-01
-4.993420466780662537e-02
4.172769188880920410e-02
4.856114462018013000e-02
-2.085992600768804550e-04
-7.182640582323074341e-02
-1.384717226028442383e-02
-2.659872546792030334e-02
-3.097063396126031876e-03
-5.525283981114625931e-03
2.060506120324134827e-02
-3.871351480484008789e-02
-1.920101046562194824e-02
7.774407416582107544e-02
-1.653499156236648560e-02
1.911849342286586761e-02
8.699675649404525757e-02
4.655638709664344788e-02
1.226504892110824585e-01
-1.720105111598968506e-02
-3.455179929733276367e-02
1.849350333213806152e-02
3.901439160108566284e-02
-2.129709161818027496e-02
1.024917885661125183e-02
-1.265697628259658813e-01
4.989646747708320618e-02
5.399857461452484131e-02
5.751190707087516785e-02
-2.726206555962562561e-02
-3.234750777482986450e-02
-2.870170399546623230e-02
1.964924111962318420e-02
-4.354519024491310120e-02
1.005112379789352417e-02
1.386701688170433044e-02
1.027393620461225510e-02
-1.761665917001664639e-03
9.819974750280380249e-02
-3.033828735351562500e-02
3.725450485944747925e-02
7.255098316818475723e-03
-6.255198270082473755e-02
5.686764419078826904e-02
6.942036002874374390e-02
1.220191735774278641e-02
-8.536444604396820068e-02
8.281654119491577148e-02
2.051708288490772247e-02
4.392646253108978271e-02
-2.984142163768410683e-03
5.889063328504562378e-02
8.832328021526336670e-02
7.078922353684902191e-03
-1.387609392404556274e-01
2.241580933332443237e-02
2.071719244122505188e-02
9.568358957767486572e-02
-4.931261017918586731e-02
4.992694780230522156e-02
-1.131865568459033966e-02
-5.025732889771461487e-02
-4.576423764228820801e-02
6.520047783851623535e-02
-3.891676291823387146e-02
-6.064514443278312683e-02
-4.874276369810104370e-02
-3.350000455975532532e-02
-4.166973009705543518e-02
3.046122752130031586e-02
1.203338354825973511e-01
-1.996664889156818390e-02
1.147645264863967896e-01
-1.215179786086082458e-01
-3.244100138545036316e-02
-4.990629851818084717e-02
9.629684500396251678e-03
2.217327430844306946e-02
-6.356942653656005859e-02
