1.625489443540573120e-01
2.823953749611973763e-03
5.994920432567596436e-02
-4.583075642585754395e-02
-2.915937453508377075e-02
-8.333706855773925781e-02
-8.047097176313400269e-02
-4.236998781561851501e-02
1.594201661646366119e-02
1.449505425989627838e-02
-4.826299846172332764e-03
-3.537909686565399170e-02
1.497007720172405243e-02
-7.126830518245697021e-02
2.458384260535240173e-02
-4.045176133513450623e-02
4.328668117523193359e-02
9.960319101810455322e-02
-5.899130832403898239e-03
-2.787265228107571602e-03
8.753514848649501801e-03
-4.046289250254631042e-03
5.285063385963439941e-02
-2.233814261853694916e-02
-4.219780489802360535e-02
-9.209976345300674438e-02
2.713435329496860504e-02
-4.953781515359878540e-02
-1.037502735853195190e-01
-5.029936507344245911e-02
2.539994940161705017e-02
-1.210447028279304504e-02
-3.368460759520530701e-02
-8.199128508567810059e-02
3.156839311122894287e-02
1.469805929809808731e-02
4.196986556053161621e-02
-3.802810981869697571e-02
-6.487508118152618408e-02
-8.552978932857513428e-02
7.168560475111007690e-02
-9.513239376246929169e-03
3.005019575357437134e-02
6.439641863107681274e-02
4.200254753232002258e-02
1.870936527848243713e-02
-1.235679835081100464e-01
4.587898403406143188e-02
-2.810586616396903992e-02
-4.323642328381538391e-02
-1.811543405055999756e-01
5.751089006662368774e-02
8.470147103071212769e-02
-5.354142934083938599e-02
-4.247720167040824890e-02
6.590984761714935303e-02
-3.547069430351257324e-02
-1.886813342571258545e-02
1.624752432107925415e-01
-2.688743546605110168e-02
6.595211476087570190e-02
3.843854367733001709e-02
-9.887577593326568604e-02
3.102786839008331299e-03
-5.942493677139282227e-02
-8.232061564922332764e-02
-4.844604060053825378e-02
-9.459380060434341431e-02
9.493867866694927216e-03
-4.660011455416679382e-02
-4.829134419560432434e-02
-9.855357557535171509e-02
1.167838871479034424e-01
-7.389854639768600464e-02
-1.006537452340126038e-01
6.257933378219604492e-02
-8.074002712965011597e-02
6.718156486749649048e-02
1.228012889623641968e-02
-1.690207123756408691e-01
2.750824391841888428e-02
8.118081837892532349e-02
8.918408304452896118e-03
4.323116689920425415e-02
-5.502055585384368896e-02
5.272876098752021790e-02
-4.447374120354652405e-02
7.030065357685089111e-02
2.743797563016414642e-02
-4.221986606717109680e-02
-1.512891501188278198e-01
-3.075581416487693787e-02
-5.862002074718475342e-02
-3.605900099501013756e-03
-5.019791424274444580e-02
-3.286894038319587708e-02
-3.055937960743904114e-02
3.492318838834762573e-02
1.044175252318382263e-01
-8.810863643884658813e-02
8.049183338880538940e-02
-3.391983918845653534e-03
1.548434700816869736e-02
-4.415373783558607101e-03
5.788207054138183594e-03
-5.119135975837707520e-02
7.400520145893096924e-02
8.068457990884780884e-02
1.092876568436622620e-01
-1.086011826992034912e-01
-5.009336862713098526e-03
1.505648940801620483e-01
-1.958213746547698975e-03
8.792405575513839722e-02
2.507509477436542511e-02
-5.008518323302268982e-02
-6.469194777309894562e-04
6.606996059417724609e-02
4.673604294657707214e-02
-6.120655685663223267e-02
-6.378514319658279419e-02
1.058245152235031128e-01
-8.330770651809871197e-04
6.410739570856094360e-02
-5.326405912637710571e-02
-3.113458678126335144e-02
-5.319578573107719421e-02
-7.345126569271087646e-02
-1.196235939860343933e-01
1.289878636598587036e-01
1.160753308795392513e-03
9.728758782148361206e-02
-8.606251329183578491e-02
4.723858088254928589e-02
3.715525940060615540e-02
5.210598558187484741e-02
-8.806303143501281738e-02
2.279158681631088257e-02
1.201073527336120605e-01
4.744747281074523926e-02
4.081620648503303528e-02
2.469891868531703949e-02
9.073999524116516113e-02
-1.152148023247718811e-01
-6.726931035518646240e-02
-3.764362633228302002e-02
9.705062955617904663e-02
4.897364880889654160e-03
-6.308188661932945251e-03
2.546435967087745667e-02
-6.322612613439559937e-02
-7.253256440162658691e-02
4.374785348773002625e-02
-1.823269203305244446e-02
-5.008814856410026550e-02
-3.854184225201606750e-02
1.116959154605865479e-01
1.947020925581455231e-02
-5.632695555686950684e-02
2.849973505362868309e-03
-2.540647611021995544e-02
9.567923098802566528e-02
-1.461710780858993530e-02
-2.346749976277351379e-02
-4.621590021997690201e-03
-2.909199334681034088e-02
3.341174498200416565e-02
5.623107776045799255e-02
-1.325107365846633911e-02
-3.917232528328895569e-02
1.093951985239982605e-01
7.960339635610580444e-02
-2.647602930665016174e-02
6.323634088039398193e-02
4.836868867278099060e-02
-1.123513560742139816e-02
-7.407696545124053955e-02
-1.570362411439418793e-02
-6.094578653573989868e-02
4.742238204926252365e-03
2.695519709959626198e-03
1.729335077106952667e-02
6.841540802270174026e-03
-3.249098360538482666e-02
8.230823278427124023e-02
-3.531561419367790222e-02
4.755383729934692383e-02
5.899906903505325317e-02
6.384043022990226746e-03
8.675622940063476562e-02
-3.093974664807319641e-02
-3.329440206289291382e-02
-1.545028015971183777e-02
1.329149492084980011e-02
-1.216085720807313919e-02
-6.912146694958209991e-03
-1.323359906673431396e-01
5.419119074940681458e-02
6.811726838350296021e-02
4.277392849326133728e-02
1.128358580172061920e-02
7.722133304923772812e-03
2.478373795747756958e-02
2.096550539135932922e-02
7.029343396425247192e-04
1.862922683358192444e-02
2.908803522586822510e-03
1.742391288280487061e-02
2.773403748869895935e-02
6.236485764384269714e-02
6.844797637313604355e-03
1.316009555011987686e-02
7.541110273450613022e-03
-4.028832539916038513e-02
3.049808181822299957e-02
5.970868840813636780e-02
2.546400576829910278e-02
-9.596744924783706665e-02
8.086521923542022705e-02
3.747965907678008080e-03
2.380928583443164825e-02
-8.837625384330749512e-03
5.583678930997848511e-02
8.535426855087280273e-02
1.963026449084281921e-02
-1.098137795925140381e-01
1.407049037516117096e-02
-5.902322009205818176e-03
6.292446702718734741e-02
-8.551947772502899170e-02
7.505699247121810913e-02
-1.057378947734832764e-02
-8.538708835840225220e-02
-6.581027805805206299e-02
7.436271011829376221e-02
-3.790537267923355103e-02
-8.637072145938873291e-02
-7.447920739650726318e-02
-4.901462793350219727e-02
-6.610990315675735474e-02
4.486969113349914551e-02
1.257836222648620605e-01
-5.090050399303436279e-03
1.362046897411346436e-01
-1.243389621376991272e-01
-5.095952376723289490e-02
-8.506472408771514893e-02
6.557336449623107910e-02
4.177531227469444275e-03
-1.082339733839035034e-01
