1.832518875598907471e-01
2.451666165143251419e-03
4.114621505141258240e-02
-3.879525512456893921e-02
-7.566555589437484741e-02
-2.759503945708274841e-02
-1.267679035663604736e-01
-5.287396907806396484e-02
1.041217371821403503e-01
6.420940905809402466e-02
7.677588611841201782e-03
-3.036634996533393860e-02
-5.645101889967918396e-03
-1.239504888653755188e-01
3.560499846935272217e-02
-7.928825914859771729e-02
2.359218709170818329e-02
7.456036657094955444e-02
1.437250338494777679e-02
-4.005547985434532166e-02
-4.329989850521087646e-02
-4.630431067198514938e-03
2.163132093846797943e-02
-4.135122150182723999e-02
-4.146905243396759033e-02
-1.016985848546028137e-01
4.855288565158843994e-02
-7.524215430021286011e-02
-1.357085406780242920e-01
-1.228695213794708252e-01
6.558957695960998535e-02
-4.848188161849975586e-02
-3.263630345463752747e-02
-7.097583264112472534e-02
2.203240804374217987e-02
-1.962150260806083679e-02
1.793932355940341949e-02
-2.776014804840087891e-02
-6.102421879768371582e-02
-3.326832130551338196e-02
5.925636366009712219e-02
-5.264910403639078140e-03
3.977809846401214600e-02
9.114143252372741699e-02
3.526813536882400513e-02
3.866948559880256653e-02
-1.010033860802650452e-01
5.507769528776407242e-04
-1.172246970236301422e-02
-2.121524140238761902e-02
-1.609895974397659302e-01
6.179476529359817505e-02
1.290940940380096436e-01
-1.008928492665290833e-01
-5.077922716736793518e-02
4.164442792534828186e-02
-1.642188243567943573e-02
1.283041201531887054e-02
1.789049804210662842e-01
-1.026771683245897293e-02
5.039886757731437683e-02
2.585923671722412109e-02
-5.499330908060073853e-02
-1.653279876336455345e-03
-6.729289889335632324e-02
-6.285499036312103271e-02
-6.048760563135147095e-02
-1.106468141078948975e-01
-4.114506766200065613e-03
-6.369131803512573242e-02
-1.097243651747703552e-01
-1.216451004147529602e-01
1.425485759973526001e-01
-9.794983267784118652e-02
-1.241722926497459412e-01
5.137938633561134338e-02
-7.316596060991287231e-02
6.134670600295066833e-02
2.651661075651645660e-02
-1.886570900678634644e-01
4.625588282942771912e-02
4.197372123599052429e-02
1.052215788513422012e-02
8.632572740316390991e-02
-6.109568476676940918e-02
4.349973797798156738e-02
-5.009303987026214600e-02
4.915323108434677124e-02
2.007468976080417633e-02
-3.060003556311130524e-02
-1.282102614641189575e-01
-4.643451794981956482e-02
-5.564162135124206543e-02
-3.144380822777748108e-02
-7.079456746578216553e-02
-4.785551503300666809e-02
-4.078092798590660095e-02
4.673439264297485352e-02
6.368384510278701782e-02
-1.163766235113143921e-01
4.870758578181266785e-02
-1.917236857116222382e-02
6.066283211112022400e-03
-2.129552885890007019e-03
1.440187077969312668e-02
-3.882098942995071411e-02
6.468635797500610352e-02
9.947733581066131592e-02
9.692794084548950195e-02
-8.696579188108444214e-02
6.781541276723146439e-03
1.203172504901885986e-01
-2.054417505860328674e-02
1.063650920987129211e-01
-1.175702176988124847e-02
-1.299694832414388657e-02
-3.979776799678802490e-02
4.115685820579528809e-02
5.663922429084777832e-02
-4.862342029809951782e-02
-2.630257233977317810e-02
9.676872938871383667e-02
1.751333661377429962e-02
4.676968231797218323e-02
-5.027988553047180176e-02
3.430542722344398499e-02
-3.244338184595108032e-02
-9.364458918571472168e-02
-1.078737750649452209e-01
6.230033934116363525e-02
2.588589675724506378e-02
8.154337108135223389e-02
-1.040478348731994629e-01
5.379650369286537170e-02
3.623078763484954834e-02
-1.034202985465526581e-02
-8.871755003929138184e-02
5.368674173951148987e-02
9.263804554939270020e-02
2.190748415887355804e-02
4.685747623443603516e-02
6.605847179889678955e-02
4.587091132998466492e-02
-1.351636648178100586e-01
-6.376298516988754272e-02
-6.084333732724189758e-02
1.011475995182991028e-01
2.488340809941291809e-02
-1.752401143312454224e-02
2.517163939774036407e-02
-4.940029233694076538e-02
-4.479464888572692871e-02
1.112302485853433609e-02
-2.621534466743469238e-02
-4.759415239095687866e-02
-4.564179480075836182e-02
9.931409358978271484e-02
1.410351018421351910e-03
-6.300391256809234619e-02
-7.086086086928844452e-03
5.426594056189060211e-03
5.258244276046752930e-02
8.130154572427272797e-03
-2.576110884547233582e-02
-3.053786791861057281e-02
-1.118313241750001907e-02
4.429981485009193420e-02
2.352564036846160889e-02
-3.466713428497314453e-02
-3.855922445654869080e-02
1.397448331117630005e-01
1.199766099452972412e-01
-5.009226128458976746e-02
1.536590699106454849e-02
4.907660186290740967e-02
7.952307350933551788e-03
-6.530799716711044312e-02
-2.368501387536525726e-02
-1.580648310482501984e-02
-1.431092619895935059e-02
-2.292029559612274170e-02
3.586128726601600647e-02
-3.955640271306037903e-02
-2.702648006379604340e-02
6.379508227109909058e-02
6.821650080382823944e-03
3.193320333957672119e-02
6.850288063287734985e-02
4.288681969046592712e-02
9.762312471866607666e-02
-3.374172141775488853e-03
-2.098119631409645081e-02
5.409172270447015762e-03
4.060762375593185425e-02
-2.255224622786045074e-02
4.825807176530361176e-03
-9.997367113828659058e-02
3.577656298875808716e-02
6.082838401198387146e-02
3.852562606334686279e-02
-1.878692023456096649e-02
-3.162449598312377930e-02
-2.825541235506534576e-02
1.480518095195293427e-02
-6.930215656757354736e-02
-3.681603819131851196e-03
3.727703355252742767e-03
1.675719581544399261e-02
1.909101009368896484e-02
7.230391353368759155e-02
-2.586065232753753662e-02
6.051527336239814758e-02
-2.531056292355060577e-03
-5.845146253705024719e-02
6.071236357092857361e-02
6.963495910167694092e-02
3.896838799118995667e-02
-4.735533893108367920e-02
5.808567255735397339e-02
1.825072430074214935e-02
3.597959131002426147e-02
1.505031064152717590e-02
4.815128818154335022e-02
8.747527748346328735e-02
4.544515162706375122e-03
-1.142575368285179138e-01
1.978364028036594391e-02
2.837505191564559937e-02
9.085696190595626831e-02
-4.732954129576683044e-02
5.938768759369850159e-02
-1.330564357340335846e-02
-3.528125956654548645e-02
-4.531328380107879639e-02
3.746492415666580200e-02
-5.124767124652862549e-02
-5.330123007297515869e-02
-2.532191015779972076e-02
-3.159889206290245056e-02
-3.634180501103401184e-02
3.557895496487617493e-02
1.139085739850997925e-01
-2.126975543797016144e-02
1.281455606222152710e-01
-1.176241263747215271e-01
-1.565458811819553375e-02
-3.849151730537414551e-02
-4.527502227574586868e-03
3.262605890631675720e-02
-5.114411190152168274e-02
