1.283458918333053589e-01
-4.393047187477350235e-03
2.995080500841140747e-02
-3.259845823049545288e-02
-2.710902132093906403e-02
-1.835305616259574890e-02
-7.268032431602478027e-02
-4.840255901217460632e-02
3.509261831641197205e-02
2.106070145964622498e-02
8.773385547101497650e-03
-4.763877019286155701e-02
-9.036979638040065765e-03
-6.624945998191833496e-02
-1.446662470698356628e-03
-3.912394121289253235e-02
1.716776937246322632e-02
7.740076631307601929e-02
-9.172666817903518677e-03
-4.269888158887624741e-04
-2.219575084745883942e-02
-1.013481523841619492e-02
1.225032191723585129e-02
-2.928446605801582336e-02
-3.193907812237739563e-02
-1.043627560138702393e-01
3.919858112931251526e-02
-5.184252187609672546e-02
-1.051876023411750793e-01
-1.095602512359619141e-01
5.913959071040153503e-02
-4.868714883923530579e-02
-6.162448227405548096e-02
-4.568603262305259705e-02
4.370012134313583374e-02
-5.555690731853246689e-04
5.236802622675895691e-03
-4.172642156481742859e-02
-5.272872373461723328e-02
-5.714210495352745056e-02
5.055852234363555908e-02
1.369059644639492035e-02
3.923116996884346008e-02
6.170807778835296631e-02
4.094639047980308533e-02
1.287037506699562073e-02
-1.245512962341308594e-01
7.050731033086776733e-02
-3.130422532558441162e-02
-3.260870650410652161e-02
-1.677420586347579956e-01
6.585785001516342163e-02
1.057522669434547424e-01
-1.023855209350585938e-01
-2.651273272931575775e-02
4.177953675389289856e-02
-2.870346046984195709e-02
-4.871624056249856949e-03
1.611637324094772339e-01
-1.284131198190152645e-03
6.786048412322998047e-02
3.869874402880668640e-02
-9.065665304660797119e-02
-3.494394011795520782e-03
-7.271780818700790405e-02
-4.833548516035079956e-02
-4.317343607544898987e-02
-1.061524525284767151e-01
-5.822699982672929764e-03
-4.877054318785667419e-02
-9.308867156505584717e-02
-8.902602642774581909e-02
1.261301189661026001e-01
-7.662637531757354736e-02
-1.432839334011077881e-01
3.802445903420448303e-02
-5.345924198627471924e-02
1.006048470735549927e-01
1.903470046818256378e-02
-1.988682746887207031e-01
3.065076656639575958e-02
5.698840320110321045e-02
2.849891409277915955e-02
8.085645735263824463e-02
-4.359487071633338928e-02
4.020173102617263794e-02
-3.746071457862854004e-02
6.366278976202011108e-02
3.747340291738510132e-02
-5.335786938667297363e-02
-1.557229906320571899e-01
-4.648020491003990173e-02
-4.891772940754890442e-02
-2.668809331953525543e-02
-5.575494840741157532e-02
-4.990009218454360962e-02
-2.430871315300464630e-02
4.278598725795745850e-02
7.454849779605865479e-02
-8.032412827014923096e-02
5.456786230206489563e-02
-1.348234433680772781e-02
2.042606286704540253e-02
-2.430817484855651855e-02
-8.379462175071239471e-03
-6.138531118631362915e-02
6.716526299715042114e-02
7.267685979604721069e-02
1.108853220939636230e-01
-8.821800351142883301e-02
7.340527954511344433e-04
1.446069926023483276e-01
-8.160481229424476624e-03
1.003294736146926880e-01
-4.258595290593802929e-04
-1.954394020140171051e-02
-2.222320064902305603e-02
3.986296802759170532e-02
4.560238495469093323e-02
-5.311324819922447205e-02
-2.886745706200599670e-02
1.146510317921638489e-01
-3.155463142320513725e-03
3.071255236864089966e-02
-6.168293580412864685e-02
-3.546112449839711189e-03
-4.646126180887222290e-02
-6.963231414556503296e-02
-9.459538012742996216e-02
1.105256751179695129e-01
1.736593246459960938e-02
8.441647142171859741e-02
-9.333993494510650635e-02
3.420203924179077148e-02
4.511359706521034241e-02
4.260334826540201902e-04
-6.131966784596443176e-02
-8.520313538610935211e-03
7.566767185926437378e-02
4.246537759900093079e-02
-3.460104111582040787e-03
4.751301929354667664e-02
4.284106940031051636e-02
-1.260944008827209473e-01
-8.948103338479995728e-02
-4.720284044742584229e-02
8.341174572706222534e-02
7.331126835197210312e-03
-1.775800250470638275e-03
1.212591677904129028e-02
-7.025400549173355103e-02
-6.776814907789230347e-02
1.621252484619617462e-02
-4.744922742247581482e-03
-3.857168555259704590e-02
-2.506529726088047028e-02
9.716849029064178467e-02
-8.979026228189468384e-03
-5.506474897265434265e-02
1.820508739911019802e-03
1.720681972801685333e-02
1.124107912182807922e-01
-3.979920968413352966e-02
-1.201669406145811081e-02
-2.480912394821643829e-02
-7.652331143617630005e-03
5.566535517573356628e-02
3.839470818638801575e-02
-4.815919324755668640e-02
-8.029559254646301270e-02
1.529777050018310547e-01
1.274360567331314087e-01
-5.857837572693824768e-02
5.290213599801063538e-02
4.808546602725982666e-02
-2.841301076114177704e-02
-8.205117285251617432e-02
9.585806168615818024e-03
-5.174557492136955261e-02
6.730644032359123230e-03
-2.980019524693489075e-02
7.516760844737291336e-03
-3.007544018328189850e-02
1.754409400746226311e-03
5.058174580335617065e-02
-2.495661005377769470e-02
3.640602901577949524e-02
3.988239541649818420e-02
9.420747868716716766e-03
1.167390719056129456e-01
-1.517086755484342575e-02
-2.830840274691581726e-02
3.300926089286804199e-02
3.395444899797439575e-02
-4.556637722998857498e-03
-5.644574684993131086e-06
-1.261289119720458984e-01
5.937830358743667603e-02
6.755961477756500244e-02
5.963524803519248962e-02
-1.656194217503070831e-02
-4.042027890682220459e-02
-4.557456821203231812e-03
4.037415608763694763e-02
-3.462130203843116760e-02
-3.886619117110967636e-03
3.634244436398148537e-03
3.152704983949661255e-02
6.592927966266870499e-04
9.661273658275604248e-02
-3.120055980980396271e-02
3.439117223024368286e-02
1.552491448819637299e-03
-6.469395756721496582e-02
6.819072365760803223e-02
8.788120746612548828e-02
5.330887436866760254e-02
-8.826741576194763184e-02
7.694213092327117920e-02
7.359498646110296249e-03
4.001656174659729004e-02
-2.196425013244152069e-02
4.666564241051673889e-02
7.221780717372894287e-02
3.407091647386550903e-02
-1.624382436275482178e-01
7.778208702802658081e-03
2.682070620357990265e-02
9.839639812707901001e-02
-6.648483872413635254e-02
4.830992594361305237e-02
-1.378566864877939224e-02
-8.559247106313705444e-02
-3.858389705419540405e-02
7.510320842266082764e-02
-4.306209459900856018e-02
-8.096988499164581299e-02
-6.726262718439102173e-02
-5.466641113162040710e-02
-4.903683438897132874e-02
1.763349398970603943e-02
1.278922110795974731e-01
-1.831312477588653564e-02
9.490193426609039307e-02
-1.396642178297042847e-01
-3.199185431003570557e-02
-7.172304391860961914e-02
-9.222319349646568298e-03
4.368826001882553101e-02
-7.996350526809692383e-02
