1.857576370239257812e-01
-5.456264596432447433e-03
4.123246669769287109e-02
-5.372815951704978943e-02
-5.038835480809211731e-02
-4.749651253223419189e-02
-1.085011363029479980e-01
-5.835089832544326782e-02
7.195333391427993774e-02
5.421437695622444153e-02
1.228588400408625603e-03
-5.042200535535812378e-02
-5.052390042692422867e-03
-1.045231074094772339e-01
1.633212156593799591e-02
-6.018399447202682495e-02
3.678650408983230591e-02
9.451364725828170776e-02
1.301468070596456528e-02
-2.024473436176776886e-02
-4.081299528479576111e-02
-1.403994951397180557e-02
2.586496993899345398e-02
-2.105112746357917786e-02
-6.165182963013648987e-02
-1.255180090665817261e-01
4.117053002119064331e-02
-7.517092674970626831e-02
-1.216231063008308411e-01
-1.070284396409988403e-01
7.266498357057571411e-02
-5.972044542431831360e-02
-5.254448950290679932e-02
-7.372839003801345825e-02
2.523946948349475861e-02
-1.712662354111671448e-02
3.221888467669487000e-02
-3.354112803936004639e-02
-4.794562235474586487e-02
-5.279109999537467957e-02
5.228985473513603210e-02
-1.895038411021232605e-02
3.905441239476203918e-02
7.596331089735031128e-02
5.488027259707450867e-02
2.782875485718250275e-02
-1.265306174755096436e-01
2.298375032842159271e-02
-2.352291531860828400e-02
-4.059860482811927795e-02
-1.727218031883239746e-01
6.211553141474723816e-02
1.207987442612648010e-01
-9.033048897981643677e-02
-4.472538828849792480e-02
4.593123495578765869e-02
-3.698176890611648560e-02
2.987628802657127380e-03
1.539319008588790894e-01
-2.008930407464504242e-02
5.900396779179573059e-02
4.346201941370964050e-02
-7.091561704874038696e-02
1.125945826061069965e-03
-6.940712779760360718e-02
-6.297721713781356812e-02
-5.161067843437194824e-02
-9.746690839529037476e-02
3.726239316165447235e-03
-4.353800415992736816e-02
-9.077077358961105347e-02
-9.283638000488281250e-02
1.362587660551071167e-01
-8.042450994253158569e-02
-1.273281425237655640e-01
5.497360229492187500e-02
-7.317322492599487305e-02
6.803449243307113647e-02
7.327155675739049911e-03
-1.734569221735000610e-01
4.306546598672866821e-02
5.748063325881958008e-02
2.025088295340538025e-02
5.927753075957298279e-02
-5.770885944366455078e-02
5.462610349059104919e-02
-2.656374312937259674e-02
5.248331278562545776e-02
3.135009482502937317e-02
-3.617757931351661682e-02
-1.589979380369186401e-01
-2.179353684186935425e-02
-6.417740136384963989e-02
-2.254544012248516083e-02
-5.350612103939056396e-02
-5.275536701083183289e-02
-2.636776491999626160e-02
2.710169740021228790e-02
7.931528985500335693e-02
-9.114095568656921387e-02
5.465709045529365540e-02
-4.661612212657928467e-03
1.477082725614309311e-02
-1.946016587316989899e-02
-8.278383873403072357e-03
-5.429027602076530457e-02
6.031024456024169922e-02
9.552868455648422241e-02
9.584037959575653076e-02
-9.800881892442703247e-02
-6.244475021958351135e-03
1.374703049659729004e-01
-2.764384262263774872e-02
8.316966146230697632e-02
9.129067882895469666e-03
-1.615203358232975006e-02
-1.588919572532176971e-02
5.359051749110221863e-02
5.625080317258834839e-02
-6.434725224971771240e-02
-4.446167126297950745e-02
1.041322126984596252e-01
5.077254958450794220e-03
5.050637200474739075e-02
-4.597636684775352478e-02
8.191299624741077423e-03
-5.159796401858329773e-02
-8.574612438678741455e-02
-1.041703596711158752e-01
1.064018160104751587e-01
4.437206778675317764e-03
8.059759438037872314e-02
-9.448380768299102783e-02
3.975212201476097107e-02
3.836195915937423706e-02
1.756962761282920837e-02
-7.406596094369888306e-02
3.022863529622554779e-02
1.053354591131210327e-01
4.937429726123809814e-02
2.040619216859340668e-02
5.537936091423034668e-02
3.634912893176078796e-02
-1.387840062379837036e-01
-6.805822998285293579e-02
-5.553507432341575623e-02
8.417604863643646240e-02
8.792321197688579559e-03
-7.787796203047037125e-03
1.284994836896657944e-02
-7.190813869237899780e-02
-5.117500200867652893e-02
1.843502745032310486e-02
-2.402398362755775452e-02
-4.428549855947494507e-02
-3.440073877573013306e-02
1.061580479145050049e-01
2.082424052059650421e-02
-6.832621991634368896e-02
5.664413329213857651e-04
-6.217277143150568008e-03
9.854765981435775757e-02
-1.566388458013534546e-02
-3.624576330184936523e-02
-3.585524857044219971e-02
-1.214566919952630997e-02
3.670319542288780212e-02
4.955895617604255676e-02
-4.247714579105377197e-02
-5.385162681341171265e-02
1.535542309284210205e-01
1.260829120874404907e-01
-4.333483055233955383e-02
5.166689679026603699e-02
4.617255181074142456e-02
-1.536416728049516678e-02
-7.319626212120056152e-02
-1.644567400217056274e-02
-4.097199067473411560e-02
-1.965030387509614229e-04
-7.388377096503973007e-03
1.812081411480903625e-02
-2.736364491283893585e-02
-1.311308518052101135e-02
8.633723855018615723e-02
-1.577912271022796631e-02
2.927518822252750397e-02
6.716609001159667969e-02
2.987162210047245026e-02
1.085166558623313904e-01
-2.768681570887565613e-02
-2.448076568543910980e-02
1.684256270527839661e-02
2.459530718624591827e-02
-1.103843469172716141e-02
1.175404060631990433e-02
-1.146833226084709167e-01
5.318735912442207336e-02
5.872315913438796997e-02
5.688380077481269836e-02
-1.707696542143821716e-02
-2.624597214162349701e-02
-2.004068717360496521e-02
1.988538168370723724e-02
-3.124822117388248444e-02
-5.442814901471138000e-03
-1.011241343803703785e-03
2.641985565423965454e-02
2.894033386837691069e-04
9.233451634645462036e-02
-2.704470604658126831e-02
3.068959154188632965e-02
9.910965338349342346e-03
-5.776516720652580261e-02
5.063474923372268677e-02
6.114744767546653748e-02
1.924401521682739258e-02
-8.155636489391326904e-02
6.612662971019744873e-02
-4.581167828291654587e-03
2.976631559431552887e-02
-6.885046139359474182e-03
5.054665356874465942e-02
8.472679555416107178e-02
1.571407727897167206e-02
-1.217756345868110657e-01
3.017776086926460266e-02
1.722273416817188263e-02
7.527191191911697388e-02
-4.603507742285728455e-02
3.055747225880622864e-02
-2.179324999451637268e-02
-5.770923197269439697e-02
-4.378735274076461792e-02
6.962940841913223267e-02
-3.834739699959754944e-02
-7.362771034240722656e-02
-4.781453311443328857e-02
-2.911651134490966797e-02
-4.187088087201118469e-02
3.291168808937072754e-02
1.005927696824073792e-01
-1.453415770083665848e-02
9.721138328313827515e-02
-1.243050992488861084e-01
-2.400885149836540222e-02
-5.563225969672203064e-02
6.783374585211277008e-03
2.206844836473464966e-02
-6.730282306671142578e-02
