1.390594989061355591e-01
2.286240691319108009e-03
2.837885171175003052e-02
-3.358849510550498962e-02
-3.000712580978870392e-02
-2.897767722606658936e-02
-8.421131223440170288e-02
-5.098861083388328552e-02
4.821275174617767334e-02
3.099061176180839539e-02
2.296522026881575584e-03
-4.031872749328613281e-02
-3.842104924842715263e-03
-8.565768599510192871e-02
3.113670973107218742e-03
-4.848597198724746704e-02
2.456354349851608276e-02
7.260276377201080322e-02
-7.981632836163043976e-03
-7.184341084212064743e-03
-2.971239015460014343e-02
-1.578054763376712799e-02
1.757720112800598145e-02
-2.871001698076725006e-02
-5.036039277911186218e-02
-1.121396869421005249e-01
4.793447628617286682e-02
-6.386287510395050049e-02
-1.095040738582611084e-01
-1.098447218537330627e-01
6.854113936424255371e-02
-5.424722656607627869e-02
-4.698420688509941101e-02
-6.129692122340202332e-02
3.229150921106338501e-02
-9.876742027699947357e-03
2.352091297507286072e-02
-4.085256904363632202e-02
-5.225087329745292664e-02
-5.247929692268371582e-02
5.296313390135765076e-02
-2.433592453598976135e-03
3.581090644001960754e-02
7.573226839303970337e-02
4.955209046602249146e-02
1.563702523708343506e-02
-1.335708349943161011e-01
4.410238191485404968e-02
-2.826374024152755737e-02
-4.787191748619079590e-02
-1.715182662010192871e-01
6.838227063417434692e-02
1.191419363021850586e-01
-9.849976748228073120e-02
-3.786895796656608582e-02
4.424780234694480896e-02
-3.384747728705406189e-02
-1.379765663295984268e-02
1.541139632463455200e-01
-1.440330129116773605e-02
6.825359165668487549e-02
4.298099875450134277e-02
-7.689892500638961792e-02
3.552978159859776497e-03
-7.131113111972808838e-02
-5.020714923739433289e-02
-5.057654902338981628e-02
-1.032011359930038452e-01
-1.568307285197079182e-03
-5.066045373678207397e-02
-8.913730084896087646e-02
-9.257404506206512451e-02
1.314488947391510010e-01
-7.358115166425704956e-02
-1.448573023080825806e-01
4.433957114815711975e-02
-6.366886198520660400e-02
8.423846215009689331e-02
4.195449408143758774e-03
-1.878896951675415039e-01
3.706857934594154358e-02
5.871472507715225220e-02
3.041012585163116455e-02
7.072402536869049072e-02
-5.300909280776977539e-02
4.893342405557632446e-02
-3.053561784327030182e-02
5.267648398876190186e-02
4.574805125594139099e-02
-4.222714900970458984e-02
-1.776131689548492432e-01
-2.951295301318168640e-02
-5.260849371552467346e-02
-2.596900798380374908e-02
-6.107945740222930908e-02
-4.921422526240348816e-02
-2.974537946283817291e-02
2.544582262635231018e-02
8.130282908678054810e-02
-8.280483633279800415e-02
6.090933457016944885e-02
-1.061987597495317459e-02
2.212367020547389984e-02
-2.512918971478939056e-02
-7.689109537750482559e-03
-6.093453988432884216e-02
6.461863964796066284e-02
8.614662289619445801e-02
1.102439314126968384e-01
-9.261728078126907349e-02
-7.012979127466678619e-03
1.444028615951538086e-01
-1.500642299652099609e-02
9.828432649374008179e-02
5.014717113226652145e-03
-2.194977924227714539e-02
-1.653566956520080566e-02
4.164261370897293091e-02
4.996713250875473022e-02
-6.512546539306640625e-02
-4.293554648756980896e-02
1.106476038694381714e-01
-7.540488149970769882e-04
4.432255774736404419e-02
-5.265816301107406616e-02
-1.239649602212011814e-03
-5.502895265817642212e-02
-8.241179585456848145e-02
-9.720496088266372681e-02
1.094371750950813293e-01
1.134445890784263611e-02
8.195821195840835571e-02
-9.508635848760604858e-02
3.594563901424407959e-02
3.774615377187728882e-02
1.098962686955928802e-02
-6.543979048728942871e-02
1.432884391397237778e-02
9.669432789087295532e-02
5.198987945914268494e-02
1.042256131768226624e-02
5.074993893504142761e-02
4.288767650723457336e-02
-1.346129775047302246e-01
-8.192825317382812500e-02
-5.715141445398330688e-02
8.257588744163513184e-02
8.702197112143039703e-03
1.309644576394930482e-04
1.312073413282632828e-02
-7.719159126281738281e-02
-6.013379245996475220e-02
2.385843545198440552e-02
-1.513134781271219254e-02
-4.103556647896766663e-02
-3.444050624966621399e-02
1.008435338735580444e-01
3.270094748586416245e-03
-6.410606950521469116e-02
7.333553396165370941e-03
2.493186155334115028e-03
1.111526563763618469e-01
-3.147426247596740723e-02
-2.522243745625019073e-02
-2.359229885041713715e-02
1.821382757043465972e-04
4.355014860630035400e-02
4.893819242715835571e-02
-5.522781237959861755e-02
-7.012284547090530396e-02
1.529060751199722290e-01
1.315324306488037109e-01
-4.392785951495170593e-02
5.208831280469894409e-02
5.393157899379730225e-02
-2.746889740228652954e-02
-8.356002718210220337e-02
-8.947833441197872162e-03
-4.526094719767570496e-02
9.350207634270191193e-03
-1.594180986285209656e-02
1.600889675319194794e-02
-3.327342122793197632e-02
-5.352023057639598846e-03
7.614363729953765869e-02
-2.060482278466224670e-02
3.266675025224685669e-02
6.039937213063240051e-02
2.176645584404468536e-02
1.113373860716819763e-01
-2.657908946275711060e-02
-2.548348903656005859e-02
2.260825410485267639e-02
2.531355060636997223e-02
-1.481132861226797104e-02
1.075810380280017853e-02
-1.238622143864631653e-01
5.395007878541946411e-02
6.747636198997497559e-02
6.578592211008071899e-02
-1.535551063716411591e-02
-3.174651786684989929e-02
-1.135734375566244125e-02
3.436297550797462463e-02
-3.626611456274986267e-02
2.072756178677082062e-03
-6.973283016122877598e-04
2.259927615523338318e-02
-7.696026004850864410e-04
9.361555427312850952e-02
-2.584357000887393951e-02
2.646962739527225494e-02
5.210290662944316864e-03
-6.065873429179191589e-02
5.127676576375961304e-02
7.296261191368103027e-02
2.495006844401359558e-02
-8.863293379545211792e-02
7.445843517780303955e-02
-1.505138119682669640e-03
3.352188691496849060e-02
-1.513346936553716660e-02
5.906436964869499207e-02
8.882291615009307861e-02
3.203229606151580811e-02
-1.504890918731689453e-01
2.717437595129013062e-02
2.577207610011100769e-02
8.703462779521942139e-02
-5.456621944904327393e-02
3.051911853253841400e-02
-2.018147148191928864e-02
-7.745150476694107056e-02
-4.139195382595062256e-02
6.849719583988189697e-02
-3.753040358424186707e-02
-7.682786136865615845e-02
-5.533162876963615417e-02
-3.035394661128520966e-02
-4.492695257067680359e-02
2.366455830633640289e-02
9.755896776914596558e-02
-1.946721598505973816e-02
7.646645605564117432e-02
-1.218632981181144714e-01
-2.638597786426544189e-02
-5.487311631441116333e-02
1.586455073265824467e-05
2.760165371000766754e-02
-6.312729418277740479e-02
