1.897967457771301270e-01
8.138781995512545109e-04
3.742442652583122253e-02
-5.041791871190071106e-02
-4.842112958431243896e-02
-4.411602020263671875e-02
-1.060244217514991760e-01
-5.603981018066406250e-02
7.167518138885498047e-02
5.088144913315773010e-02
-8.590355515480041504e-03
-5.148565769195556641e-02
-7.012067828327417374e-03
-1.065361425280570984e-01
1.690928265452384949e-02
-6.502002477645874023e-02
3.117893077433109283e-02
8.522166311740875244e-02
1.844890043139457703e-02
-1.449481490999460220e-02
-4.644329845905303955e-02
-2.150336094200611115e-02
2.793981134891510010e-02
-1.879270002245903015e-02
-6.334313750267028809e-02
-1.173180416226387024e-01
4.543727636337280273e-02
-7.624754309654235840e-02
-1.204565912485122681e-01
-1.064210832118988037e-01
6.201688572764396667e-02
-6.237345933914184570e-02
-4.383144155144691467e-02
-6.682393699884414673e-02
2.316137589514255524e-02
-2.053867094218730927e-02
3.524010628461837769e-02
-3.108502551913261414e-02
-5.430597811937332153e-02
-5.311429128050804138e-02
4.604027792811393738e-02
-1.223006844520568848e-02
4.407156258821487427e-02
6.947018951177597046e-02
5.910490825772285461e-02
3.364258259534835815e-02
-1.180727034807205200e-01
2.093632705509662628e-02
-2.426842041313648224e-02
-3.263056650757789612e-02
-1.673176735639572144e-01
5.699337646365165710e-02
1.213089600205421448e-01
-9.118059277534484863e-02
-3.823236748576164246e-02
4.123903810977935791e-02
-3.631521761417388916e-02
2.287987386807799339e-03
1.539063006639480591e-01
-9.501200169324874878e-03
5.582165718078613281e-02
3.680146485567092896e-02
-7.089196145534515381e-02
6.912805605679750443e-03
-7.579324394464492798e-02
-5.927465856075286865e-02
-4.673212394118309021e-02
-1.050631329417228699e-01
8.740682154893875122e-03
-3.782684728503227234e-02
-9.430390596389770508e-02
-9.858854860067367554e-02
1.401580274105072021e-01
-7.642153650522232056e-02
-1.328807920217514038e-01
4.896823316812515259e-02
-6.363414227962493896e-02
7.146988809108734131e-02
8.782343938946723938e-03
-1.713338941335678101e-01
4.205704107880592346e-02
5.485484749078750610e-02
2.649201080203056335e-02
6.168467178940773010e-02
-5.088803172111511230e-02
5.408788099884986877e-02
-2.010092884302139282e-02
4.938406869769096375e-02
3.289906680583953857e-02
-3.712993860244750977e-02
-1.587394326925277710e-01
-1.784105598926544189e-02
-6.262063980102539062e-02
-2.494109421968460083e-02
-5.353565514087677002e-02
-4.941881448030471802e-02
-2.838395349681377411e-02
4.148323461413383484e-02
9.142456203699111938e-02
-9.757421910762786865e-02
5.896843597292900085e-02
-1.039874274283647537e-02
2.194929309189319611e-02
-1.573181338608264923e-02
-9.796676225960254669e-03
-4.896976798772811890e-02
5.108437314629554749e-02
9.853717684745788574e-02
1.011948138475418091e-01
-9.245662391185760498e-02
-1.127913407981395721e-02
1.445479989051818848e-01
-2.904273569583892822e-02
8.997745066881179810e-02
6.369982380419969559e-03
-1.030674111098051071e-02
-2.078618668019771576e-02
5.413076654076576233e-02
5.756994336843490601e-02
-6.993485987186431885e-02
-4.742826893925666809e-02
1.105369850993156433e-01
1.966173760592937469e-03
4.568726569414138794e-02
-3.898489847779273987e-02
1.491015404462814331e-02
-5.640865117311477661e-02
-7.745232433080673218e-02
-1.066909655928611755e-01
1.134278178215026855e-01
7.135464809834957123e-03
7.729210704565048218e-02
-9.902322292327880859e-02
4.253316298127174377e-02
4.452146962285041809e-02
8.723945356905460358e-03
-7.474783062934875488e-02
3.257983177900314331e-02
1.064504384994506836e-01
5.045943334698677063e-02
1.443930529057979584e-02
5.591593682765960693e-02
3.239358216524124146e-02
-1.448982059955596924e-01
-7.430105656385421753e-02
-5.679286271333694458e-02
8.747743070125579834e-02
9.154796600341796875e-03
-7.252303417772054672e-03
1.707328855991363525e-02
-7.868230342864990234e-02
-5.308048427104949951e-02
1.102563831955194473e-02
-2.772284671664237976e-02
-4.326688125729560852e-02
-3.514919430017471313e-02
1.049585044384002686e-01
1.970066688954830170e-02
-6.839969754219055176e-02
-2.047694288194179535e-03
-3.358481917530298233e-03
1.005048081278800964e-01
-9.333287365734577179e-03
-3.240513056516647339e-02
-3.881291672587394714e-02
-1.238292548805475235e-02
4.318141564726829529e-02
5.428317189216613770e-02
-4.143524169921875000e-02
-6.207047030329704285e-02
1.547075212001800537e-01
1.370339393615722656e-01
-4.794144630432128906e-02
5.699856951832771301e-02
5.211644992232322693e-02
-1.322393119335174561e-02
-7.301821559667587280e-02
-1.442587748169898987e-02
-4.684099182486534119e-02
-2.503053052350878716e-03
-8.810124360024929047e-03
2.312450669705867767e-02
-2.948471345007419586e-02
-1.325822621583938599e-02
8.894785493612289429e-02
-4.975298419594764709e-03
3.529403358697891235e-02
6.571028381586074829e-02
3.516048192977905273e-02
1.088137030601501465e-01
-2.515931613743305206e-02
-2.391985990107059479e-02
2.137689478695392609e-02
2.398776076734066010e-02
-1.308917254209518433e-02
1.390440203249454498e-02
-1.104245483875274658e-01
5.911307409405708313e-02
5.331572517752647400e-02
6.266421079635620117e-02
-1.712697558104991913e-02
-3.255645930767059326e-02
-1.951952092349529266e-02
2.277764678001403809e-02
-4.173467680811882019e-02
-9.358004666864871979e-03
-3.392533399164676666e-03
2.435055375099182129e-02
-2.009468153119087219e-03
9.419875591993331909e-02
-2.653336524963378906e-02
3.257250785827636719e-02
8.431302383542060852e-03
-5.602015554904937744e-02
5.630455166101455688e-02
5.983049795031547546e-02
2.409490197896957397e-02
-7.710335403680801392e-02
5.692032724618911743e-02
-1.108074001967906952e-02
2.058044448494911194e-02
-2.470194129273295403e-03
4.630614817142486572e-02
8.062978088855743408e-02
1.856400072574615479e-02
-1.105546355247497559e-01
3.269483149051666260e-02
2.403067238628864288e-02
6.920716911554336548e-02
-4.258723556995391846e-02
2.375866472721099854e-02
-2.571721002459526062e-02
-5.053885653614997864e-02
-4.760954156517982483e-02
7.228474318981170654e-02
-3.627005964517593384e-02
-7.307190448045730591e-02
-3.101965971291065216e-02
-2.820315957069396973e-02
-2.988822571933269501e-02
3.287119790911674500e-02
9.282461553812026978e-02
-9.347311221063137054e-03
9.069716930389404297e-02
-1.243816837668418884e-01
-1.666807383298873901e-02
-4.535529762506484985e-02
-6.907870993018150330e-04
2.701028995215892792e-02
-5.488535761833190918e-02
