2.158231884241104126e-01
2.066477574408054352e-02
4.176687821745872498e-02
-2.531198970973491669e-02
-6.763626635074615479e-02
-4.343614727258682251e-02
-1.367195546627044678e-01
-6.507676839828491211e-02
9.068447351455688477e-02
4.089694842696189880e-02
-2.001729607582092285e-02
-3.827153891324996948e-02
8.911354467272758484e-03
-1.413636952638626099e-01
2.671405300498008728e-02
-1.015653237700462341e-01
2.489082142710685730e-02
8.104471117258071899e-02
9.060304611921310425e-03
-1.202214229851961136e-02
-5.064729973673820496e-02
-1.444999966770410538e-02
3.198675811290740967e-02
-2.671810053288936615e-02
-6.978918612003326416e-02
-1.233175471425056458e-01
7.258398085832595825e-02
-1.041676178574562073e-01
-1.638517528772354126e-01
-1.333817690610885620e-01
6.028741225600242615e-02
-5.545597895979881287e-02
1.402018126100301743e-02
-8.286724984645843506e-02
-1.153097301721572876e-02
-2.245364896953105927e-02
5.527509748935699463e-02
-4.155551269650459290e-02
-7.211788743734359741e-02
-5.336699634790420532e-02
8.298885077238082886e-02
2.107505314052104950e-02
4.022299498319625854e-02
9.754353761672973633e-02
3.960387036204338074e-02
2.843422815203666687e-02
-1.097176745533943176e-01
9.932580403983592987e-03
-2.986415848135948181e-02
-5.369469150900840759e-02
-1.833446025848388672e-01
7.363252341747283936e-02
1.439734995365142822e-01
-9.237585961818695068e-02
-4.685070365667343140e-02
5.140890926122665405e-02
-3.532941266894340515e-02
-3.381496667861938477e-02
1.486096233129501343e-01
-2.507396275177598000e-03
7.087506353855133057e-02
1.706737652420997620e-02
-8.609693497419357300e-02
1.838933303952217102e-02
-6.814450025558471680e-02
-6.015986949205398560e-02
-4.501925036311149597e-02
-9.669341892004013062e-02
2.045297063887119293e-02
-4.942080006003379822e-02
-7.402861118316650391e-02
-1.303455233573913574e-01
1.307634264230728149e-01
-8.269558101892471313e-02
-1.391358822584152222e-01
2.922238595783710480e-02
-4.599878191947937012e-02
6.070272997021675110e-02
3.463264554738998413e-03
-1.874947100877761841e-01
4.761471971869468689e-02
3.843834996223449707e-02
1.172568649053573608e-02
7.619636505842208862e-02
-5.414853245019912720e-02
5.523863062262535095e-02
-2.639524079859256744e-02
2.231440879404544830e-02
5.735480785369873047e-02
-2.646254375576972961e-02
-1.550894975662231445e-01
-2.884672023355960846e-02
-6.212190538644790649e-02
-1.236209273338317871e-02
-6.665287166833877563e-02
-4.052450507879257202e-02
-2.252075634896755219e-02
4.201588779687881470e-02
1.027768850326538086e-01
-1.044712662696838379e-01
6.748452037572860718e-02
-2.790646068751811981e-02
3.663222119212150574e-02
2.829490695148706436e-03
1.156987715512514114e-02
-2.207201346755027771e-02
6.251902878284454346e-02
9.796421229839324951e-02
1.038690656423568726e-01
-8.656160533428192139e-02
-9.023228660225868225e-03
1.273757070302963257e-01
3.761817933991551399e-03
1.064178049564361572e-01
-7.358621805906295776e-03
-1.233649556525051594e-03
-1.698729209601879120e-02
5.161872506141662598e-02
6.152006611227989197e-02
-5.270260944962501526e-02
-7.727111130952835083e-02
8.988246321678161621e-02
1.235883962363004684e-02
5.684315413236618042e-02
-2.382749877870082855e-02
1.258472912013530731e-02
-4.921163618564605713e-02
-6.573811173439025879e-02
-8.863297104835510254e-02
7.733955979347229004e-02
2.049205452203750610e-02
6.063353270292282104e-02
-8.836899697780609131e-02
4.476656392216682434e-02
1.700644008815288544e-02
1.018780167214572430e-03
-7.327828556299209595e-02
7.008664309978485107e-02
1.125109121203422546e-01
3.664698824286460876e-02
5.160592868924140930e-02
3.485182300209999084e-02
6.070882454514503479e-02
-1.461189836263656616e-01
-7.829719036817550659e-02
-7.502149790525436401e-02
9.344569593667984009e-02
2.295808494091033936e-02
-1.009881962090730667e-02
5.180539190769195557e-02
-6.419844180345535278e-02
-4.043301567435264587e-02
2.818507142364978790e-02
-2.539693750441074371e-02
-3.873562440276145935e-02
-5.454346910119056702e-02
8.769063651561737061e-02
8.390853181481361389e-03
-6.562281399965286255e-02
9.995116852223873138e-03
-7.096418266883119941e-05
6.944043934345245361e-02
-6.087506189942359924e-03
-2.139701507985591888e-02
1.188197452574968338e-02
1.841785199940204620e-02
3.169333189725875854e-02
4.037576541304588318e-02
-4.945320636034011841e-02
-1.708285883069038391e-02
1.015755832195281982e-01
1.040948778390884399e-01
-2.504614926874637604e-02
2.022570930421352386e-02
5.314091593027114868e-02
-1.438194140791893005e-02
-6.395951658487319946e-02
-3.188701719045639038e-02
-3.758130595088005066e-02
5.189660005271434784e-04
-1.996211521327495575e-02
4.705911874771118164e-02
-1.718693971633911133e-02
-3.860448300838470459e-02
7.844410836696624756e-02
-1.423895824700593948e-02
4.538738727569580078e-02
6.939665973186492920e-02
3.382129594683647156e-02
7.792942970991134644e-02
-3.149634599685668945e-02
-4.250726196914911270e-03
-1.835994888097047806e-03
2.832234138622879982e-03
-1.811470277607440948e-02
8.135717362165451050e-03
-9.509873390197753906e-02
3.583898767828941345e-02
6.759783625602722168e-02
5.749697983264923096e-02
1.015279704006388783e-04
-1.636616140604019165e-02
-9.993367828428745270e-03
3.505207598209381104e-02
-6.073999032378196716e-02
9.159165434539318085e-03
-2.103592455387115479e-02
2.077778242528438568e-02
1.603450998663902283e-02
7.169613987207412720e-02
1.095796236768364906e-03
2.917346730828285217e-02
7.513707503676414490e-03
-5.194631591439247131e-02
2.265906147658824921e-02
6.971146166324615479e-02
2.058541774749755859e-02
-6.241866573691368103e-02
5.071263387799263000e-02
-1.338046230375766754e-02
9.655774571001529694e-03
1.946664787828922272e-02
6.951955705881118774e-02
9.164959937334060669e-02
2.252130210399627686e-02
-9.673184901475906372e-02
3.397215530276298523e-02
1.935001276433467865e-02
5.848493054509162903e-02
-2.969815582036972046e-02
2.234722301363945007e-02
-1.236788649111986160e-02
-4.486427828669548035e-02
-5.296341702342033386e-02
2.915115281939506531e-02
-4.490097612142562866e-02
-5.148797482252120972e-02
-1.246724743396043777e-02
6.104651372879743576e-03
-3.190939500927925110e-02
4.111350700259208679e-02
4.399281367659568787e-02
-2.231479808688163757e-02
5.815879255533218384e-02
-7.596562057733535767e-02
1.478874008171260357e-03
-9.547979570925235748e-03
8.135836571455001831e-03
1.992170512676239014e-02
-2.577904611825942993e-02
