1.631896048784255981e-01
-1.018408685922622681e-02
2.930127829313278198e-02
-4.684031754732131958e-02
-4.164151847362518311e-02
-2.688210643827915192e-02
-9.393566101789474487e-02
-5.350393429398536682e-02
6.594051420688629150e-02
4.985157027840614319e-02
7.332709152251482010e-03
-4.876209050416946411e-02
-1.005549076944589615e-02
-9.202945232391357422e-02
6.786971818655729294e-03
-5.353394150733947754e-02
2.457944676280021667e-02
7.838464528322219849e-02
6.647251080721616745e-03
-1.405702065676450729e-02
-4.914342612028121948e-02
-1.540449261665344238e-02
1.221103686839342117e-02
-1.899331249296665192e-02
-5.245567858219146729e-02
-1.181230843067169189e-01
3.583165258169174194e-02
-6.634255498647689819e-02
-1.083241477608680725e-01
-1.106312870979309082e-01
7.584801316261291504e-02
-6.810255348682403564e-02
-6.153264269232749939e-02
-6.298488378524780273e-02
3.560344129800796509e-02
-2.308914437890052795e-02
2.387808635830879211e-02
-3.014795109629631042e-02
-4.394789040088653564e-02
-4.415863752365112305e-02
3.950605168938636780e-02
-1.790960505604743958e-02
4.428998380899429321e-02
6.591741740703582764e-02
5.287903919816017151e-02
2.331637032330036163e-02
-1.250867694616317749e-01
3.011037595570087433e-02
-2.913260459899902344e-02
-3.422638028860092163e-02
-1.702313870191574097e-01
5.940795317292213440e-02
1.210649460554122925e-01
-9.941612184047698975e-02
-3.746226057410240173e-02
3.796922788023948669e-02
-3.122192993760108948e-02
1.450855098664760590e-02
1.526214927434921265e-01
-9.584474377334117889e-03
5.767690390348434448e-02
4.317202419042587280e-02
-6.519091874361038208e-02
3.303037490695714951e-03
-7.395822554826736450e-02
-4.648540914058685303e-02
-5.169759690761566162e-02
-1.035109832882881165e-01
-2.334616146981716156e-03
-3.982328996062278748e-02
-1.040211096405982971e-01
-8.378121256828308105e-02
1.437622755765914917e-01
-7.632213830947875977e-02
-1.360930204391479492e-01
4.687915742397308350e-02
-6.179692596197128296e-02
8.181161433458328247e-02
7.797570899128913879e-03
-1.766404062509536743e-01
4.541115835309028625e-02
5.760882794857025146e-02
2.482024766504764557e-02
6.990122795104980469e-02
-5.099803954362869263e-02
5.256043374538421631e-02
-2.204063534736633301e-02
6.220680847764015198e-02
3.242060914635658264e-02
-3.796869516372680664e-02
-1.676674783229827881e-01
-2.821774035692214966e-02
-6.055808812379837036e-02
-2.687442488968372345e-02
-4.925892874598503113e-02
-5.631964653730392456e-02
-2.667936123907566071e-02
3.015401400625705719e-02
7.665110379457473755e-02
-8.532021939754486084e-02
5.433459952473640442e-02
-7.308149244636297226e-03
2.018163725733757019e-02
-2.878503873944282532e-02
-2.240434847772121429e-02
-6.033831834793090820e-02
5.540672689676284790e-02
8.989642560482025146e-02
9.825044870376586914e-02
-9.043074399232864380e-02
-8.285751566290855408e-03
1.377122998237609863e-01
-3.308484330773353577e-02
8.710763603448867798e-02
1.621754956431686878e-03
-1.267890445888042450e-02
-1.979487016797065735e-02
4.833123087882995605e-02
5.435482412576675415e-02
-6.557690352201461792e-02
-3.355868160724639893e-02
1.100139766931533813e-01
-4.618446808308362961e-03
3.889599442481994629e-02
-4.532788693904876709e-02
1.497216243296861649e-02
-5.329056829214096069e-02
-8.638750761747360229e-02
-9.449254721403121948e-02
1.074410751461982727e-01
4.118936602026224136e-03
7.698377221822738647e-02
-9.088971465826034546e-02
3.351868316531181335e-02
4.365218430757522583e-02
6.895597092807292938e-03
-6.531144678592681885e-02
1.163697149604558945e-02
9.369423240423202515e-02
5.220352485775947571e-02
3.278253832831978798e-03
6.190385296940803528e-02
1.898434385657310486e-02
-1.364804953336715698e-01
-7.518140971660614014e-02
-5.521224066615104675e-02
7.519858330488204956e-02
6.001934874802827835e-03
-1.091444958001375198e-02
1.551648369058966637e-03
-7.976187020540237427e-02
-5.595041438937187195e-02
7.025756407529115677e-03
-2.183925546705722809e-02
-4.062937572598457336e-02
-2.560636587440967560e-02
1.018225923180580139e-01
1.807655394077301025e-02
-6.587890535593032837e-02
-5.895156064070761204e-04
7.220347411930561066e-03
1.065454035997390747e-01
-2.454526536166667938e-02
-3.177954256534576416e-02
-4.471272230148315430e-02
-9.304855018854141235e-03
4.572246596217155457e-02
4.565348476171493530e-02
-4.763329029083251953e-02
-7.076665759086608887e-02
1.641351580619812012e-01
1.378778666257858276e-01
-5.499152466654777527e-02
5.176753178238868713e-02
4.411778226494789124e-02
-2.362389117479324341e-02
-7.627162337303161621e-02
-4.668079316616058350e-03
-4.421564191579818726e-02
-2.135342219844460487e-04
-1.134481281042098999e-02
1.347865071147680283e-02
-4.317563399672508240e-02
3.843187187158036977e-06
7.514519244432449341e-02
-1.548785623162984848e-02
2.459002472460269928e-02
6.033696606755256653e-02
2.392501197755336761e-02
1.119731962680816650e-01
-2.779785729944705963e-02
-2.682226151227951050e-02
3.457788378000259399e-02
2.721161767840385437e-02
-9.158100932836532593e-03
1.560377888381481171e-02
-1.090871766209602356e-01
5.292278528213500977e-02
5.507727339863777161e-02
6.404757499694824219e-02
-2.356977760791778564e-02
-3.880218043923377991e-02
-3.013397380709648132e-02
2.548128180205821991e-02
-3.953082114458084106e-02
-1.649318821728229523e-02
-1.955233048647642136e-03
2.421612665057182312e-02
-1.477878261357545853e-02
9.773024171590805054e-02
-4.352515190839767456e-02
3.097313642501831055e-02
9.859871119260787964e-03
-6.409648805856704712e-02
6.161360815167427063e-02
6.522894650697708130e-02
2.231812849640846252e-02
-7.554490864276885986e-02
6.337561458349227905e-02
-2.924193395301699638e-03
2.791186608374118805e-02
-1.175023242831230164e-02
4.247470572590827942e-02
7.670270651578903198e-02
2.089842595160007477e-02
-1.381764858961105347e-01
2.889112196862697601e-02
3.084188140928745270e-02
8.728601783514022827e-02
-4.469656944274902344e-02
2.194490842521190643e-02
-2.437787503004074097e-02
-5.991445481777191162e-02
-3.703587874770164490e-02
8.597791939973831177e-02
-3.955645859241485596e-02
-8.278410881757736206e-02
-4.680860415101051331e-02
-3.649464622139930725e-02
-3.697754815220832825e-02
2.848521247506141663e-02
1.173103526234626770e-01
-1.441428065299987793e-02
9.791929274797439575e-02
-1.455503404140472412e-01
-1.861351542174816132e-02
-6.129240244626998901e-02
-1.037750206887722015e-02
3.421967104077339172e-02
-6.684290617704391479e-02
