1.598977148532867432e-01
1.428507361561059952e-02
2.932603470981121063e-02
-2.606536075472831726e-02
-2.333276160061359406e-02
-8.800412714481353760e-02
-7.405416667461395264e-02
-2.444756217300891876e-02
5.091024190187454224e-02
1.049098744988441467e-02
-2.887153066694736481e-02
-2.990518510341644287e-02
3.084911778569221497e-02
-9.035789221525192261e-02
2.739679068326950073e-02
-6.068602949380874634e-02
5.249508097767829895e-02
5.701537430286407471e-02
-9.324809536337852478e-03
-9.562955237925052643e-04
-2.195161208510398865e-02
7.812367752194404602e-03
3.489140793681144714e-02
-1.575563102960586548e-02
-6.205663830041885376e-02
-1.015624403953552246e-01
4.689711704850196838e-02
-7.883925735950469971e-02
-1.088402271270751953e-01
-5.070028454065322876e-02
3.921775147318840027e-02
-1.392886135727167130e-02
1.612779684364795685e-02
-1.023439317941665649e-01
-1.907959021627902985e-02
-1.987503468990325928e-02
1.051260009407997131e-01
-1.030118204653263092e-02
-7.093617320060729980e-02
-5.641216412186622620e-02
8.423154801130294800e-02
-3.695720434188842773e-02
3.355445712804794312e-02
7.246044278144836426e-02
3.620034828782081604e-02
2.787789516150951385e-02
-1.201908960938453674e-01
-2.749571576714515686e-02
-4.056225717067718506e-02
-8.702573180198669434e-02
-1.853577494621276855e-01
5.330453440546989441e-02
9.976095706224441528e-02
-5.053508281707763672e-02
-5.902725830674171448e-02
6.908394396305084229e-02
-5.593850091099739075e-02
-7.123598456382751465e-02
1.245066672563552856e-01
-3.353730589151382446e-02
5.977113917469978333e-02
2.480511181056499481e-02
-5.967511236667633057e-02
3.431391716003417969e-02
-6.013350933790206909e-02
-8.195132017135620117e-02
-3.653804212808609009e-02
-9.564157575368881226e-02
3.314857184886932373e-02
-3.461157158017158508e-02
-4.237132146954536438e-02
-1.102269142866134644e-01
1.381953954696655273e-01
-5.988594144582748413e-02
-1.200362071394920349e-01
6.027444452047348022e-02
-8.073788881301879883e-02
3.672679513692855835e-02
-2.536427229642868042e-02
-1.500589698553085327e-01
4.883789643645286560e-02
4.240222647786140442e-02
-1.855429448187351227e-02
2.592685632407665253e-02
-6.320632249116897583e-02
5.813646316528320312e-02
-1.740757725201547146e-03
4.172996804118156433e-02
4.551223665475845337e-02
-7.655805442482233047e-03
-2.044160813093185425e-01
1.272130664438009262e-02
-7.513234764337539673e-02
-7.106703706085681915e-03
-5.467434227466583252e-02
-2.408462762832641602e-02
-2.007376216351985931e-02
6.339050363749265671e-03
1.388325691223144531e-01
-9.583787620067596436e-02
8.352208137512207031e-02
-1.385399885475635529e-02
3.308969736099243164e-02
6.661891005933284760e-03
-7.049181964248418808e-03
-4.577073827385902405e-02
5.679903179407119751e-02
1.221198961138725281e-01
1.096304506063461304e-01
-9.015243500471115112e-02
-3.519102931022644043e-02
1.466549634933471680e-01
4.412959795445203781e-03
7.210726290941238403e-02
3.089464269578456879e-02
-4.639152064919471741e-02
-7.156499661505222321e-03
6.563484668731689453e-02
8.174234628677368164e-02
-9.306380897760391235e-02
-1.311921775341033936e-01
9.037752449512481689e-02
6.583212409168481827e-03
5.935771763324737549e-02
-1.176462322473526001e-02
-1.820025779306888580e-02
-9.164451807737350464e-02
-7.850103825330734253e-02
-9.064941108226776123e-02
1.210876628756523132e-01
-3.038926422595977783e-02
6.625638902187347412e-02
-8.817830681800842285e-02
3.715964034199714661e-02
2.602922916412353516e-02
6.991415470838546753e-02
-9.870088100433349609e-02
7.412297278642654419e-02
1.505047529935836792e-01
7.486994564533233643e-02
5.665684491395950317e-02
9.104430675506591797e-03
9.454531222581863403e-02
-1.601136773824691772e-01
-3.104871883988380432e-02
-5.651261657476425171e-02
5.649614334106445312e-02
-7.313288282603025436e-03
-1.164283137768507004e-02
5.852174013853073120e-02
-8.707497268915176392e-02
-3.614038974046707153e-02
5.980202555656433105e-02
-6.498996168375015259e-02
-6.364882737398147583e-02
-6.505771726369857788e-02
7.952632009983062744e-02
4.287866503000259399e-02
-7.951637357473373413e-02
1.444599404931068420e-02
-4.795635119080543518e-02
1.123408824205398560e-01
-1.804754137992858887e-04
-5.135835334658622742e-02
1.129508204758167267e-02
1.449859049171209335e-02
1.778487302362918854e-02
5.909220874309539795e-02
-4.027819633483886719e-02
6.036866456270217896e-03
7.970079034566879272e-02
9.949517250061035156e-02
-1.578116416931152344e-02
7.142350077629089355e-02
5.468158051371574402e-02
-2.495261467993259430e-02
-4.623651504516601562e-02
-3.755467012524604797e-02
-3.787544742226600647e-02
1.121874712407588959e-02
1.321311760693788528e-02
3.350827097892761230e-02
-9.888011845760047436e-05
-3.989344835281372070e-02
1.340664923191070557e-01
-3.782558441162109375e-02
2.208899147808551788e-02
8.197855949401855469e-02
4.051831737160682678e-02
7.754947245121002197e-02
-5.225223675370216370e-02
-3.737385571002960205e-02
-1.724903285503387451e-02
-1.296126469969749451e-02
-2.340151742100715637e-02
2.343671768903732300e-02
-1.215702295303344727e-01
4.902396351099014282e-02
4.106085002422332764e-02
7.535492628812789917e-02
1.156009826809167862e-02
1.992448419332504272e-02
7.721087429672479630e-03
2.034599334001541138e-02
-1.794199645519256592e-02
3.930740803480148315e-02
-3.469159826636314392e-02
-3.724988782778382301e-03
1.134871505200862885e-03
7.120307534933090210e-02
1.894729025661945343e-02
-1.663568988442420959e-02
-7.831973955035209656e-03
-2.165147848427295685e-02
-1.556794438511133194e-02
4.158603027462959290e-02
-2.875178866088390350e-02
-1.029563546180725098e-01
7.973631471395492554e-02
-2.800454944372177124e-02
-1.370737329125404358e-02
6.950767245143651962e-03
7.171368598937988281e-02
1.114109009504318237e-01
1.919258758425712585e-02
-6.418760865926742554e-02
2.370353601872920990e-02
-2.183398045599460602e-02
4.146359395235776901e-03
-5.993222817778587341e-03
1.198385283350944519e-02
-1.004753634333610535e-02
-3.493264317512512207e-02
-7.268129289150238037e-02
6.356652826070785522e-02
-1.273672189563512802e-02
-4.950969666242599487e-02
-1.705866679549217224e-02
3.134773299098014832e-02
-1.636781916022300720e-02
5.376128852367401123e-02
2.884913980960845947e-02
1.600587926805019379e-02
3.929497674107551575e-02
-4.724540561437606812e-02
-2.177136205136775970e-02
-8.849659934639930725e-03
7.609602063894271851e-02
-1.444701477885246277e-02
-3.522785380482673645e-02
