7.989658415317535400e-02
-2.829935587942600250e-02
2.798861451447010040e-02
-1.611471921205520630e-02
-3.981657326221466064e-02
9.276812896132469177e-03
-6.795706599950790405e-02
-2.911737188696861267e-02
6.750240921974182129e-02
3.180570527911186218e-02
5.224925652146339417e-02
-2.600533515214920044e-02
-6.914926692843437195e-03
-5.939979478716850281e-02
1.381570566445589066e-02
-3.077029623091220856e-02
1.973901316523551941e-02
5.468539893627166748e-02
-1.481599546968936920e-02
-3.175861015915870667e-02
-2.432092837989330292e-02
3.575468435883522034e-02
-8.608708158135414124e-03
-3.395622968673706055e-02
1.068823225796222687e-02
-9.312734752893447876e-02
1.683859713375568390e-02
-4.702416807413101196e-02
-9.317570924758911133e-02
-1.098738387227058411e-01
7.189703732728958130e-02
-2.687325514853000641e-02
-5.963049083948135376e-02
-7.203879207372665405e-02
3.772753849625587463e-02
-8.003117516636848450e-03
2.777404151856899261e-03
-2.343926019966602325e-02
-4.684016108512878418e-02
-1.956163346767425537e-02
7.225250452756881714e-02
-1.345553901046514511e-02
3.131091967225074768e-02
7.683565467596054077e-02
1.953304512426257133e-03
1.461353246122598648e-02
-1.190628036856651306e-01
1.861455850303173065e-02
-2.787292003631591797e-02
-3.471665456891059875e-02
-1.753538697957992554e-01
7.200006395578384399e-02
9.832923859357833862e-02
-1.071005612611770630e-01
-5.314871296286582947e-02
6.082096323370933533e-02
-1.241677254438400269e-02
1.212571933865547180e-02
1.725277751684188843e-01
-2.117018960416316986e-02
6.486648321151733398e-02
3.387995436787605286e-02
-4.898865893483161926e-02
-6.755410693585872650e-03
-5.806245282292366028e-02
-5.906811356544494629e-02
-6.864959746599197388e-02
-1.114113777875900269e-01
-2.114257216453552246e-02
-7.663711160421371460e-02
-1.147061660885810852e-01
-9.939050674438476562e-02
1.477321237325668335e-01
-1.048731133341789246e-01
-1.412396728992462158e-01
5.403983592987060547e-02
-8.998658508062362671e-02
8.685861527919769287e-02
2.902713231742382050e-02
-2.298027426004409790e-01
4.855099320411682129e-02
3.883931413292884827e-02
-2.176426351070404053e-02
8.929933607578277588e-02
-6.513520330190658569e-02
3.892507031559944153e-02
-6.938851624727249146e-02
9.093287587165832520e-02
1.079828757792711258e-02
-3.785482048988342285e-02
-1.540262997150421143e-01
-6.850066781044006348e-02
-6.323203444480895996e-02
-4.131266102194786072e-02
-6.284005194902420044e-02
-6.063682585954666138e-02
-3.312743827700614929e-02
8.295232430100440979e-03
1.987415365874767303e-02
-7.479087263345718384e-02
3.322566300630569458e-02
-2.008804678916931152e-02
-1.476814737543463707e-03
-1.340466178953647614e-02
1.245544524863362312e-03
-7.293522357940673828e-02
8.760955184698104858e-02
8.017217367887496948e-02
8.900385349988937378e-02
-8.726976066827774048e-02
1.759206503629684448e-02
1.079565435647964478e-01
-1.176825165748596191e-02
8.703874796628952026e-02
-6.385696120560169220e-03
-4.544462636113166809e-02
-4.348764196038246155e-02
3.184125199913978577e-02
5.595713108777999878e-02
-3.596233576536178589e-02
-1.835508458316326141e-02
8.854905515909194946e-02
8.956370875239372253e-03
2.096740156412124634e-02
-6.162009015679359436e-02
1.018833275884389877e-02
-2.824638783931732178e-02
-1.110769510269165039e-01
-8.318370580673217773e-02
4.743092134594917297e-02
7.461138535290956497e-03
8.402910828590393066e-02
-7.629954069852828979e-02
2.985061705112457275e-02
3.550434857606887817e-02
1.369804143905639648e-02
-8.208936452865600586e-02
4.761469550430774689e-03
7.019824534654617310e-02
1.193122845143079758e-02
3.662755712866783142e-02
6.110802665352821350e-02
5.319561436772346497e-02
-1.192964613437652588e-01
-6.007396802306175232e-02
-4.407261684536933899e-02
6.412216275930404663e-02
2.058832440525293350e-03
-3.422105312347412109e-02
1.681367494165897369e-02
-3.806411102414131165e-02
-4.423856735229492188e-02
1.268306188285350800e-02
-2.941167168319225311e-02
-5.345568060874938965e-02
-3.446133434772491455e-02
8.477326482534408569e-02
-3.418444888666272163e-03
-6.247098743915557861e-02
1.991112250834703445e-03
2.307154610753059387e-02
8.563882857561111450e-02
-2.500908635556697845e-02
-2.902542054653167725e-02
-2.572609670460224152e-02
-1.062115072272717953e-03
4.878234118223190308e-02
1.736552920192480087e-03
-4.687414690852165222e-02
-3.620808944106101990e-02
1.457208395004272461e-01
1.131102666258811951e-01
-6.810204684734344482e-02
1.145463529974222183e-02
2.891538850963115692e-02
-2.154095657169818878e-02
-5.999762192368507385e-02
4.819660447537899017e-03
-1.191608700901269913e-02
-1.113862823694944382e-02
-3.796180337667465210e-02
9.026985615491867065e-03
-4.847767204046249390e-02
-6.770226173102855682e-03
3.726627305150032043e-02
-4.505150392651557922e-02
6.052162963896989822e-03
5.382548645138740540e-02
2.011466771364212036e-02
1.137895509600639343e-01
-4.338937811553478241e-03
-3.716037049889564514e-02
2.484214305877685547e-02
4.244289547204971313e-02
-5.477322265505790710e-03
-3.519482677802443504e-03
-1.306652277708053589e-01
2.707003802061080933e-02
6.551981717348098755e-02
3.764891251921653748e-02
-2.434574253857135773e-02
-2.383030578494071960e-02
-2.797451987862586975e-02
3.138517588376998901e-02
-4.180493205785751343e-02
1.424235105514526367e-02
5.943674128502607346e-03
1.934346556663513184e-02
1.717966631986200809e-03
8.212441205978393555e-02
-4.223195463418960571e-02
4.610185697674751282e-02
-8.689111098647117615e-03
-6.211607903242111206e-02
6.192608922719955444e-02
1.054369211196899414e-01
4.699035733938217163e-02
-7.747118175029754639e-02
1.082642152905464172e-01
4.461990296840667725e-02
5.596672743558883667e-02
-1.980278268456459045e-02
4.863722249865531921e-02
8.590420335531234741e-02
1.606531068682670593e-02
-1.917315125465393066e-01
-1.269463822245597839e-02
2.205831184983253479e-02
1.250670105218887329e-01
-5.590941384434700012e-02
8.410011976957321167e-02
1.178723853081464767e-02
-6.394019722938537598e-02
-3.565577790141105652e-02
6.051864475011825562e-02
-4.966934397816658020e-02
-5.995976552367210388e-02
-8.443678915500640869e-02
-5.386073514819145203e-02
-5.459774658083915710e-02
1.807428896427154541e-02
1.492380797863006592e-01
-2.002960443496704102e-02
1.254623234272003174e-01
-1.176771894097328186e-01
-3.174844011664390564e-02
-6.247018650174140930e-02
7.244438864290714264e-03
4.379341751337051392e-02
-9.147460013628005981e-02
