9.519933164119720459e-02
8.842615038156509399e-02
8.405668660998344421e-03
1.400646287947893143e-02
2.308358252048492432e-02
-1.403958164155483246e-02
-3.855692222714424133e-03
-3.897446393966674805e-02
-3.758768364787101746e-02
-7.573668658733367920e-02
-9.405935555696487427e-02
-3.708267956972122192e-02
9.641883894801139832e-03
-5.579291284084320068e-02
-1.956835947930812836e-02
-6.788054853677749634e-02
6.746741943061351776e-03
3.152751550078392029e-02
-9.468805976212024689e-03
7.499296963214874268e-02
-4.601161181926727295e-02
-1.004649698734283447e-01
2.746815979480743408e-02
9.531243704259395599e-03
-1.083720102906227112e-01
-4.697640240192413330e-02
1.373151242733001709e-01
-6.460474431514739990e-02
-8.458910137414932251e-02
-1.112486496567726135e-01
-1.842389069497585297e-02
-6.807772070169448853e-02
6.531667709350585938e-02
5.862030200660228729e-03
-2.328786253929138184e-02
1.554950955323874950e-03
6.682589650154113770e-02
-3.304793313145637512e-02
-5.095585435628890991e-02
-8.968422561883926392e-02
4.184950515627861023e-02
1.018053144216537476e-01
1.402142085134983063e-02
5.110861733555793762e-02
5.259913578629493713e-02
-1.444188877940177917e-03
-9.635621309280395508e-02
7.978001236915588379e-02
-2.128380909562110901e-02
-5.675020068883895874e-02
-7.934810221195220947e-02
6.335946917533874512e-02
7.638408988714218140e-02
-3.699165955185890198e-02
3.775577619671821594e-02
1.014588680118322372e-02
-6.315618753433227539e-02
-1.474184244871139526e-01
-1.829651370644569397e-02
1.006794348359107971e-02
6.635881960391998291e-02
1.500003505498170853e-02
-1.169329509139060974e-01
7.138516008853912354e-02
-5.378586798906326294e-02
3.373962361365556717e-03
3.722232580184936523e-02
-6.241067126393318176e-02
5.849290639162063599e-02
-1.509525347501039505e-03
2.274167165160179138e-02
-8.876688033342361450e-02
4.234661906957626343e-02
1.167167350649833679e-02
-1.383044272661209106e-01
-5.116025730967521667e-02
2.486210316419601440e-02
4.801944643259048462e-02
-4.167664051055908203e-02
-8.052994310855865479e-02
-4.212685301899909973e-02
2.958493307232856750e-02
1.006775870919227600e-01
3.683586791157722473e-02
4.304199293255805969e-02
3.539328277111053467e-02
6.328516453504562378e-02
-6.870041787624359131e-02
1.221397593617439270e-01
-3.738053143024444580e-02
-1.695956736803054810e-01
6.944447755813598633e-02
-1.105828024446964264e-02
-2.131355740129947662e-02
-4.282028600573539734e-02
3.117487020790576935e-02
9.492093697190284729e-03
3.736125305294990540e-02
1.536950618028640747e-01
1.567352190613746643e-02
6.067006662487983704e-02
-2.331519499421119690e-02
9.713030606508255005e-02
-9.431412443518638611e-03
1.283453404903411865e-02
-4.180761985480785370e-03
-1.437166519463062286e-02
4.076335206627845764e-02
9.820350259542465210e-02
-3.496698662638664246e-02
-4.770287498831748962e-02
1.104545220732688904e-01
3.750756382942199707e-02
8.222364634275436401e-02
3.219949454069137573e-02
2.141238190233707428e-02
2.314250357449054718e-02
2.202733233571052551e-02
3.024390526115894318e-02
-8.522915840148925781e-02
-1.241496652364730835e-01
7.302448898553848267e-02
-1.231284346431493759e-02
2.518051303923130035e-02
1.153024379163980484e-02
-4.175368323922157288e-02
-1.058230996131896973e-01
5.383496731519699097e-02
-3.007487766444683075e-02
1.396076083183288574e-01
2.091100811958312988e-02
5.261267535388469696e-03
-4.873952269554138184e-02
1.202262565493583679e-02
-1.144487503916025162e-02
-2.291267178952693939e-02
4.655943438410758972e-02
5.309202149510383606e-02
1.005827337503433228e-01
5.982734635472297668e-02
-2.723249234259128571e-02
-2.064456790685653687e-02
1.863465271890163422e-02
-1.364392191171646118e-01
-1.210923939943313599e-01
-5.726791545748710632e-02
4.364917799830436707e-02
5.037767812609672546e-03
7.511866837739944458e-02
7.863568514585494995e-02
-8.568917959928512573e-02
-2.317136339843273163e-02
3.809829056262969971e-02
6.473492248915135860e-04
2.308937907218933105e-02
-4.703430086374282837e-02
3.139676898717880249e-02
-3.670350462198257446e-02
-5.211014673113822937e-02
4.508143290877342224e-02
-2.439192496240139008e-03
1.789524108171463013e-01
-7.178222388029098511e-02
1.190260984003543854e-02
5.992081016302108765e-02
5.769670754671096802e-02
6.288942694664001465e-02
7.803735136985778809e-02
-5.859818309545516968e-02
-7.467078417539596558e-02
5.222939327359199524e-02
1.059740260243415833e-01
2.634854055941104889e-02
9.063803404569625854e-02
7.161976397037506104e-02
-7.023810595273971558e-02
-5.343166366219520569e-02
-7.432846818119287491e-03
-9.674401581287384033e-02
2.613311819732189178e-02
5.768990609794855118e-03
3.097770549356937408e-02
1.677498221397399902e-02
-5.702468566596508026e-03
8.873080462217330933e-02
3.747134935110807419e-03
7.615561038255691528e-02
3.369836509227752686e-02
2.203594520688056946e-02
5.944533646106719971e-02
-4.026688635349273682e-02
2.001708187162876129e-02
9.887971915304660797e-03
-1.622926816344261169e-02
-2.958302758634090424e-02
3.472036216408014297e-03
-9.119176119565963745e-02
1.051439642906188965e-01
4.919663071632385254e-02
1.217981055378913879e-01
4.107178002595901489e-02
8.393917232751846313e-04
5.580449849367141724e-02
7.729459553956985474e-02
-3.524360014125704765e-03
2.426567673683166504e-02
-5.348472669720649719e-02
9.385561570525169373e-03
-3.631424903869628906e-02
1.227957457304000854e-01
8.356991410255432129e-02
-5.975880101323127747e-02
6.210824847221374512e-02
2.894959878176450729e-03
1.392364129424095154e-02
3.897125273942947388e-02
-1.964150927960872650e-02
-1.253648102283477783e-01
-7.331815548241138458e-03
-1.165649592876434326e-01
-2.582619339227676392e-02
6.350887008011341095e-03
8.418522030115127563e-02
6.522525101900100708e-02
1.148158311843872070e-01
-4.491112008690834045e-02
6.095686554908752441e-02
3.845283389091491699e-02
-1.836741529405117035e-02
-2.128467150032520294e-02
-8.720600605010986328e-02
-7.520167529582977295e-02
-9.496008604764938354e-02
-3.917615488171577454e-02
3.954527527093887329e-02
7.686649449169635773e-03
-6.688917428255081177e-02
1.609439589083194733e-02
5.110483616590499878e-02
2.116918936371803284e-02
2.378956414759159088e-02
-1.435304582118988037e-01
1.016718242317438126e-02
-1.911398619413375854e-01
1.171835046261548996e-02
1.146577298641204834e-02
6.164747476577758789e-02
-1.931047439575195312e-02
2.826830022968351841e-04
4.340335726737976074e-02
