1.483351588249206543e-01
-4.909689538180828094e-03
3.889172524213790894e-02
-3.644803538918495178e-02
-3.881160914897918701e-02
-4.190932959318161011e-02
-8.882269263267517090e-02
-4.224927723407745361e-02
5.695382505655288696e-02
3.417589142918586731e-02
9.987100958824157715e-03
-4.331155866384506226e-02
2.497155917808413506e-03
-8.193637430667877197e-02
1.824089512228965759e-02
-4.576839879155158997e-02
3.368712216615676880e-02
7.966881990432739258e-02
-2.789936726912856102e-03
-1.679334603250026703e-02
-2.026482112705707550e-02
7.357179652899503708e-03
1.958736404776573181e-02
-2.959580719470977783e-02
-3.204477205872535706e-02
-1.122216582298278809e-01
3.457516059279441833e-02
-6.424503028392791748e-02
-1.160307154059410095e-01
-9.658163040876388550e-02
6.143737584352493286e-02
-3.216233476996421814e-02
-4.660351201891899109e-02
-7.486322522163391113e-02
2.567282132804393768e-02
-8.190699853003025055e-03
3.099958412349224091e-02
-3.241305798292160034e-02
-5.906215682625770569e-02
-5.253173783421516418e-02
6.937710195779800415e-02
-1.222083996981382370e-02
3.626796975731849670e-02
7.470861077308654785e-02
3.522972762584686279e-02
2.449774742126464844e-02
-1.247455775737762451e-01
2.950424328446388245e-02
-3.074597381055355072e-02
-4.607414454221725464e-02
-1.796037554740905762e-01
6.533545255661010742e-02
1.072849631309509277e-01
-9.333196282386779785e-02
-4.862491413950920105e-02
5.769461020827293396e-02
-3.231583908200263977e-02
-1.321265008300542831e-02
1.697319298982620239e-01
-1.655321568250656128e-02
6.481864303350448608e-02
3.339676558971405029e-02
-7.404053211212158203e-02
1.954555511474609375e-03
-6.794089078903198242e-02
-6.928738951683044434e-02
-5.074131116271018982e-02
-1.071475297212600708e-01
3.330084029585123062e-03
-5.591315031051635742e-02
-8.943881094455718994e-02
-1.038533672690391541e-01
1.386660635471343994e-01
-8.722491562366485596e-02
-1.333562582731246948e-01
5.636676028370857239e-02
-7.632718980312347412e-02
7.852803915739059448e-02
1.356994081288576126e-02
-1.983972191810607910e-01
4.419596493244171143e-02
5.308868363499641418e-02
2.626952249556779861e-03
6.857537478208541870e-02
-5.811399221420288086e-02
4.526894539594650269e-02
-4.128558188676834106e-02
6.873460114002227783e-02
2.980407886207103729e-02
-3.826376795768737793e-02
-1.621653437614440918e-01
-3.867110982537269592e-02
-6.223000958561897278e-02
-2.312924899160861969e-02
-5.722793191671371460e-02
-5.057460069656372070e-02
-2.832843735814094543e-02
2.867230772972106934e-02
7.863517105579376221e-02
-9.918430447578430176e-02
5.675805360078811646e-02
-1.639329083263874054e-02
1.292928867042064667e-02
-1.079528219997882843e-02
-2.088770968839526176e-03
-6.071313098073005676e-02
7.433101534843444824e-02
9.369414299726486206e-02
1.087543219327926636e-01
-9.486636519432067871e-02
-6.611789576709270477e-04
1.416088491678237915e-01
-9.934965521097183228e-03
9.162529557943344116e-02
6.264490541070699692e-03
-3.307561203837394714e-02
-2.388992719352245331e-02
4.958584532141685486e-02
5.928656086325645447e-02
-5.916159227490425110e-02
-4.988398402929306030e-02
1.042650043964385986e-01
7.023789454251527786e-03
4.106847569346427917e-02
-5.353002995252609253e-02
-5.339583149179816246e-04
-4.954683780670166016e-02
-8.646350353956222534e-02
-1.025579795241355896e-01
1.006665602326393127e-01
2.106940140947699547e-03
8.452603220939636230e-02
-9.696932137012481689e-02
3.798804432153701782e-02
4.211755841970443726e-02
2.405770681798458099e-02
-8.658453822135925293e-02
2.285641245543956757e-02
9.628082066774368286e-02
4.245564341545104980e-02
3.041761554777622223e-02
4.274824261665344238e-02
6.442101299762725830e-02
-1.394621282815933228e-01
-6.464350968599319458e-02
-4.849144443869590759e-02
8.108030259609222412e-02
4.441739525645971298e-03
-1.441023871302604675e-02
2.562057971954345703e-02
-6.327854096889495850e-02
-5.481508001685142517e-02
2.838337048888206482e-02
-2.736972272396087646e-02
-5.522587522864341736e-02
-3.964315354824066162e-02
9.720292687416076660e-02
1.163082756102085114e-02
-6.530510634183883667e-02
-8.325023809447884560e-04
-3.856307826936244965e-03
9.640243649482727051e-02
-1.812874712049961090e-02
-2.974371239542961121e-02
-2.460325881838798523e-02
-8.427393622696399689e-03
4.129381477832794189e-02
3.542670607566833496e-02
-4.107962921261787415e-02
-4.109397530555725098e-02
1.394046992063522339e-01
1.148836016654968262e-01
-5.361921340227127075e-02
4.811305180191993713e-02
4.626654833555221558e-02
-1.892243884503841400e-02
-6.599126011133193970e-02
-7.336076349020004272e-03
-3.525367751717567444e-02
-3.437449631746858358e-04
-2.080220356583595276e-02
1.691565848886966705e-02
-2.357321418821811676e-02
-1.503642741590738297e-02
7.447607815265655518e-02
-2.924900874495506287e-02
2.560224011540412903e-02
5.821072682738304138e-02
2.298522554337978363e-02
1.083673983812332153e-01
-2.024191990494728088e-02
-3.417539596557617188e-02
1.274554710835218430e-02
2.978349849581718445e-02
-9.940320625901222229e-03
7.367073092609643936e-03
-1.286700218915939331e-01
4.947589337825775146e-02
6.244817376136779785e-02
5.180578678846359253e-02
-1.351449079811573029e-02
-1.814236305654048920e-02
-7.743336260318756104e-03
2.630810625851154327e-02
-3.485370427370071411e-02
1.105447486042976379e-02
-3.328984370455145836e-03
2.328882738947868347e-02
1.041677594184875488e-02
8.424277603626251221e-02
-2.130478806793689728e-02
3.183750435709953308e-02
-6.566160824149847031e-03
-5.304438993334770203e-02
4.805428534746170044e-02
7.986958324909210205e-02
3.613400831818580627e-02
-8.644422143697738647e-02
8.638545125722885132e-02
1.052399259060621262e-02
3.245799988508224487e-02
-1.146855298429727554e-02
5.054356157779693604e-02
8.884840458631515503e-02
1.952847652137279510e-02
-1.411835253238677979e-01
6.170077249407768250e-03
8.389932103455066681e-03
8.111555129289627075e-02
-5.196086317300796509e-02
5.745266750454902649e-02
-5.427203141152858734e-03
-6.094067171216011047e-02
-5.346151068806648254e-02
6.488522887229919434e-02
-3.995571658015251160e-02
-6.591483950614929199e-02
-5.856796726584434509e-02
-3.576575592160224915e-02
-4.792627692222595215e-02
2.878260612487792969e-02
1.164954677224159241e-01
-1.029584184288978577e-02
1.078383103013038635e-01
-1.151571124792098999e-01
-3.095583617687225342e-02
-5.953336879611015320e-02
2.081970870494842529e-02
2.831921540200710297e-02
-7.739361375570297241e-02
