1.565449088811874390e-01
2.743551693856716156e-02
3.391683846712112427e-02
-2.159937657415866852e-02
-2.816883381456136703e-03
-5.158543214201927185e-02
-5.634704232215881348e-02
-4.737385734915733337e-02
-2.966847829520702362e-02
-2.401657961308956146e-02
-4.766385629773139954e-02
-5.483181402087211609e-02
7.174919359385967255e-03
-5.614903196692466736e-02
-1.075856108218431473e-02
-4.796241596341133118e-02
4.751652013510465622e-04
7.514717429876327515e-02
-2.371591515839099884e-02
5.454751104116439819e-02
1.412707846611738205e-02
-3.527240455150604248e-02
4.167696833610534668e-02
-2.092023380100727081e-02
-4.566347226500511169e-02
-8.002639561891555786e-02
5.444759503006935120e-02
-4.555891454219818115e-02
-1.161813288927078247e-01
-7.528920471668243408e-02
8.099622093141078949e-03
-2.848838083446025848e-02
-1.771037839353084564e-02
-2.282007969915866852e-02
3.657371178269386292e-02
2.115413360297679901e-02
1.928622461855411530e-02
-6.346461176872253418e-02
-8.535807579755783081e-02
-9.918771684169769287e-02
4.818835482001304626e-02
6.469982117414474487e-02
5.037321150302886963e-02
3.294923156499862671e-02
4.539771750569343567e-02
2.087220316752791405e-03
-1.017509698867797852e-01
1.286868155002593994e-01
-4.991772398352622986e-02
-3.367520496249198914e-02
-1.637583076953887939e-01
5.571108311414718628e-02
8.887187391519546509e-02
-7.109254598617553711e-02
9.165244176983833313e-03
3.543399274349212646e-02
-3.422065451741218567e-02
-4.482731223106384277e-02
1.459058225154876709e-01
3.730221465229988098e-02
7.293947786092758179e-02
1.310857478529214859e-02
-1.471131443977355957e-01
9.873061440885066986e-03
-7.930523902177810669e-02
-3.916192054748535156e-02
-7.275221869349479675e-03
-9.884082525968551636e-02
2.883926779031753540e-02
-2.470611780881881714e-02
-4.375090822577476501e-02
-8.852930366992950439e-02
9.266216307878494263e-02
-3.975886479020118713e-02
-1.251336336135864258e-01
1.274346373975276947e-02
6.918849423527717590e-03
1.170435622334480286e-01
6.138235796242952347e-03
-1.685964912176132202e-01
1.250349171459674835e-02
7.464003562927246094e-02
5.528730899095535278e-02
7.085148245096206665e-02
-9.370040148496627808e-03
3.245749697089195251e-02
-1.621357351541519165e-02
4.154040664434432983e-02
6.455190479755401611e-02
-6.192643940448760986e-02
-1.381449103355407715e-01
-4.092634841799736023e-02
-2.758124284446239471e-02
9.421880356967449188e-03
-3.706413507461547852e-02
-2.738132141530513763e-02
-1.461003161966800690e-02
9.043951332569122314e-02
1.483318954706192017e-01
-9.055519104003906250e-02
9.778258204460144043e-02
-2.829672582447528839e-02
5.905177071690559387e-02
-1.570451445877552032e-02
-1.619213446974754333e-02
-3.243673592805862427e-02
5.503332614898681641e-02
5.273250490427017212e-02
1.437858492136001587e-01
-7.831805199384689331e-02
-1.601710915565490723e-02
1.729684621095657349e-01
3.090395033359527588e-02
1.215324550867080688e-01
-1.703388988971710205e-03
-8.166626095771789551e-03
5.943099968135356903e-03
5.239311605691909790e-02
3.328179568052291870e-02
-5.468240380287170410e-02
-6.334070116281509399e-02
1.223563849925994873e-01
-1.880881749093532562e-02
3.699331730604171753e-02
-4.734700545668601990e-02
-3.756044432520866394e-02
-5.579827725887298584e-02
-5.101546645164489746e-03
-9.225386381149291992e-02
1.690234988927841187e-01
2.947560884058475494e-02
7.308883219957351685e-02
-9.323089569807052612e-02
3.350721672177314758e-02
4.608376324176788330e-02
-2.899861894547939301e-03
-4.839140921831130981e-02
-2.236393280327320099e-02
7.595075666904449463e-02
6.235429272055625916e-02
-2.254190854728221893e-02
1.396070001646876335e-03
7.637691497802734375e-02
-1.173886582255363464e-01
-1.213866472244262695e-01
-4.432050138711929321e-02
1.009652838110923767e-01
7.755868602544069290e-03
1.491266861557960510e-02
3.243161737918853760e-02
-8.961701393127441406e-02
-1.014046221971511841e-01
3.005962632596492767e-02
2.009128220379352570e-02
-2.594207040965557098e-02
-2.358831278979778290e-02
9.285795688629150391e-02
-1.893792860209941864e-02
-3.276862576603889465e-02
4.150314722210168839e-03
1.548795867711305618e-02
1.157706156373023987e-01
-5.343318730592727661e-02
1.998057216405868530e-02
1.574048772454261780e-02
-1.007527299225330353e-02
5.834431201219558716e-02
6.428830325603485107e-02
-3.379102423787117004e-02
-8.852601796388626099e-02
9.822676330804824829e-02
9.007927775382995605e-02
-4.257671907544136047e-02
7.622007280588150024e-02
6.343642622232437134e-02
-3.757885470986366272e-02
-8.586950600147247314e-02
1.603800617158412933e-02
-1.022339686751365662e-01
2.328277006745338440e-02
-3.246463462710380554e-02
1.423271000385284424e-02
9.720763191580772400e-03
-5.355912260711193085e-03
4.330194368958473206e-02
-2.197554148733615875e-02
7.614535838365554810e-02
1.070461701601743698e-02
-2.179308608174324036e-02
8.707144111394882202e-02
-2.878194302320480347e-02
-1.877303980290889740e-02
2.272632904350757599e-02
3.885565558448433876e-03
2.932233037427067757e-03
-1.007954403758049011e-02
-1.090377047657966614e-01
6.750121712684631348e-02
6.892214715480804443e-02
7.090008258819580078e-02
1.221414562314748764e-02
-3.431683033704757690e-02
4.591116309165954590e-02
6.104169413447380066e-02
-3.328670188784599304e-02
-6.085786502808332443e-03
-5.527201574295759201e-03
3.912795335054397583e-02
1.940319687128067017e-02
7.553784549236297607e-02
9.693427127785980701e-04
1.219707913696765900e-02
-2.383143873885273933e-03
-5.255683138966560364e-02
4.524518921971321106e-02
7.836874574422836304e-02
7.256042957305908203e-02
-8.233796060085296631e-02
5.028073117136955261e-02
-2.251114137470722198e-02
3.979853820055723190e-03
-1.682635582983493805e-02
4.367097467184066772e-02
5.170100927352905273e-02
5.379590392112731934e-02
-1.095279604196548462e-01
6.053610239177942276e-03
1.857563666999340057e-02
5.441010370850563049e-02
-8.465798944234848022e-02
3.556571900844573975e-02
-1.587940938770771027e-02
-9.970922023057937622e-02
-5.847872048616409302e-02
7.597634941339492798e-02
-3.546334058046340942e-02
-9.030242264270782471e-02
-3.882165253162384033e-02
-4.533078894019126892e-02
-4.922810196876525879e-02
1.590538583695888519e-02
9.743453562259674072e-02
-9.985520504415035248e-03
6.854419410228729248e-02
-1.314195841550827026e-01
-2.526933327317237854e-02
-7.889631390571594238e-02
4.841823596507310867e-03
3.840348869562149048e-02
-6.954784691333770752e-02
