1.620234996080398560e-01
-5.462707020342350006e-03
3.565348312258720398e-02
-3.747949376702308655e-02
-5.086507648229598999e-02
-2.295090071856975555e-02
-1.048163026571273804e-01
-5.284215509891510010e-02
7.650347799062728882e-02
4.981021955609321594e-02
8.246998302638530731e-03
-3.672898933291435242e-02
-4.256624728441238403e-03
-1.027480810880661011e-01
1.588009111583232880e-02
-6.271096318960189819e-02
2.526203170418739319e-02
7.450462877750396729e-02
3.153536468744277954e-03
-1.734923571348190308e-02
-4.188505187630653381e-02
-7.420409005135297775e-03
1.893846876919269562e-02
-2.075399644672870636e-02
-4.453015699982643127e-02
-1.114564612507820129e-01
4.177822172641754150e-02
-7.268194109201431274e-02
-1.190312355756759644e-01
-1.160956174135208130e-01
7.208130508661270142e-02
-5.449049919843673706e-02
-3.945215046405792236e-02
-7.557428628206253052e-02
2.639008685946464539e-02
-1.901609636843204498e-02
2.535413205623626709e-02
-3.555497154593467712e-02
-5.299158021807670593e-02
-4.201766103506088257e-02
5.820716917514801025e-02
-9.307644329965114594e-03
4.330716282129287720e-02
8.075030893087387085e-02
3.904558718204498291e-02
2.352698519825935364e-02
-1.240929141640663147e-01
1.703860051929950714e-02
-2.286740951240062714e-02
-3.640941157937049866e-02
-1.757618933916091919e-01
6.861402839422225952e-02
1.247908398509025574e-01
-9.743185341358184814e-02
-4.634905979037284851e-02
4.783867299556732178e-02
-2.448382228612899780e-02
6.316188722848892212e-03
1.567185670137405396e-01
-1.421983260661363602e-02
6.421142816543579102e-02
3.682119771838188171e-02
-6.570944190025329590e-02
5.668897647410631180e-03
-7.180298119783401489e-02
-5.540430918335914612e-02
-5.917047336697578430e-02
-1.069308593869209290e-01
6.646307883784174919e-04
-5.511753261089324951e-02
-1.023358851671218872e-01
-1.018380597233772278e-01
1.436586230993270874e-01
-8.569855988025665283e-02
-1.363508403301239014e-01
5.036080628633499146e-02
-6.975501030683517456e-02
7.581078261137008667e-02
1.034754514694213867e-02
-1.909595727920532227e-01
4.787987098097801208e-02
5.400929972529411316e-02
1.394415926188230515e-02
7.117313891649246216e-02
-5.646406114101409912e-02
5.629075318574905396e-02
-3.720853850245475769e-02
5.299469083547592163e-02
2.844356186687946320e-02
-3.846386820077896118e-02
-1.603957265615463257e-01
-3.218504041433334351e-02
-6.169795989990234375e-02
-2.707834914326667786e-02
-5.695535242557525635e-02
-5.831846967339515686e-02
-3.295500203967094421e-02
2.763660252094268799e-02
7.070624828338623047e-02
-9.085280448198318481e-02
5.860367789864540100e-02
-1.367863919585943222e-02
1.921343244612216949e-02
-1.657861098647117615e-02
-6.463676225394010544e-03
-5.742878094315528870e-02
6.784985959529876709e-02
9.696268290281295776e-02
1.024417877197265625e-01
-9.775639325380325317e-02
6.011934601701796055e-04
1.374553442001342773e-01
-2.009999006986618042e-02
9.633459150791168213e-02
2.030152594670653343e-03
-2.012687735259532928e-02
-2.296214364469051361e-02
4.983379691839218140e-02
5.704573169350624084e-02
-6.187679618597030640e-02
-4.395306110382080078e-02
1.021005958318710327e-01
5.772490054368972778e-03
4.960972070693969727e-02
-4.682708904147148132e-02
1.305005513131618500e-02
-4.687614366412162781e-02
-9.579809010028839111e-02
-1.012709811329841614e-01
9.066514670848846436e-02
1.458990108221769333e-02
7.970653474330902100e-02
-9.180459380149841309e-02
4.204910248517990112e-02
3.574036061763763428e-02
1.121928170323371887e-02
-7.428535819053649902e-02
3.167213872075080872e-02
1.042874902486801147e-01
3.853735327720642090e-02
2.880079112946987152e-02
6.337771564722061157e-02
3.779993206262588501e-02
-1.416970491409301758e-01
-7.969916611909866333e-02
-6.125624105334281921e-02
8.432084321975708008e-02
1.149147655814886093e-02
-1.862956024706363678e-02
1.975034736096858978e-02
-6.605286896228790283e-02
-5.395963788032531738e-02
1.262651663273572922e-02
-2.559248171746730804e-02
-4.164933413267135620e-02
-3.782249987125396729e-02
1.029937490820884705e-01
1.395960152149200439e-02
-7.195832580327987671e-02
3.670028178021311760e-03
5.730036180466413498e-03
9.483799338340759277e-02
-2.073151431977748871e-02
-3.597282990813255310e-02
-2.860727347433567047e-02
-6.151543930172920227e-03
4.217271879315376282e-02
3.937374055385589600e-02
-5.061151459813117981e-02
-4.985337704420089722e-02
1.501889377832412720e-01
1.294214576482772827e-01
-4.797645285725593567e-02
3.556682169437408447e-02
4.572797939181327820e-02
-2.009316161274909973e-02
-7.482570409774780273e-02
-1.545611117035150528e-02
-3.852625191211700439e-02
-2.791885053738951683e-03
-1.625689119100570679e-02
2.781357243657112122e-02
-3.851114585995674133e-02
-1.397203188389539719e-02
7.508730888366699219e-02
-1.724144443869590759e-02
2.784966677427291870e-02
7.236131280660629272e-02
3.113358467817306519e-02
1.084723323583602905e-01
-2.210816927254199982e-02
-2.147731557488441467e-02
1.987839117646217346e-02
2.716940641403198242e-02
-1.138598844408988953e-02
1.109219435602426529e-02
-1.143256500363349915e-01
4.315168038010597229e-02
6.416203826665878296e-02
5.511423200368881226e-02
-2.061706408858299255e-02
-2.552022226154804230e-02
-2.865670062601566315e-02
2.521714009344577789e-02
-4.514690861105918884e-02
-1.780963735654950142e-03
-6.559433531947433949e-04
2.226066589355468750e-02
8.287228993140161037e-04
8.901095390319824219e-02
-3.259420767426490784e-02
3.761642798781394958e-02
1.033484097570180893e-02
-6.280614435672760010e-02
5.472152680158615112e-02
7.220065593719482422e-02
2.316923439502716064e-02
-7.387086004018783569e-02
7.232663780450820923e-02
3.410677658393979073e-03
3.434774652123451233e-02
-2.752094529569149017e-03
5.573851987719535828e-02
8.911319077014923096e-02
1.716318912804126740e-02
-1.333306878805160522e-01
2.914181537926197052e-02
2.983137033879756927e-02
8.702775090932846069e-02
-4.653633013367652893e-02
3.390185162425041199e-02
-1.378811988979578018e-02
-5.243752524256706238e-02
-4.050787910819053650e-02
5.801438167691230774e-02
-4.223052784800529480e-02
-6.628698110580444336e-02
-4.240843653678894043e-02
-2.459509856998920441e-02
-4.078472778201103210e-02
2.434632368385791779e-02
9.470253437757492065e-02
-1.856488920748233795e-02
9.003876894712448120e-02
-1.098272949457168579e-01
-1.322912517935037613e-02
-4.462790861725807190e-02
-2.548841293901205063e-03
2.510572224855422974e-02
-5.438143387436866760e-02
