1.577078402042388916e-01
2.254140563309192657e-02
4.118940234184265137e-02
-4.683055728673934937e-02
-1.265353336930274963e-02
-6.998362392187118530e-02
-8.851768821477890015e-02
-6.662109494209289551e-02
1.590652205049991608e-02
2.958808653056621552e-02
-1.839604787528514862e-02
-4.526485875248908997e-02
4.628763068467378616e-03
-9.267202764749526978e-02
-1.211932767182588577e-02
-3.877986595034599304e-02
3.886018320918083191e-02
9.626393020153045654e-02
-1.270490884780883789e-02
-5.396508495323359966e-04
-8.770840242505073547e-03
-4.552854597568511963e-02
3.550493344664573669e-02
-2.888879179954528809e-02
-8.899667114019393921e-02
-1.418486684560775757e-01
5.919537693262100220e-02
-7.339916378259658813e-02
-1.141059994697570801e-01
-9.996110945940017700e-02
7.988112419843673706e-02
-6.197751685976982117e-02
-4.254746064543724060e-02
-5.820628255605697632e-02
2.345696836709976196e-02
4.997025709599256516e-03
3.402468189597129822e-02
-5.903223156929016113e-02
-3.971536085009574890e-02
-7.907702028751373291e-02
4.580222815275192261e-02
3.238430945202708244e-04
1.760294288396835327e-02
8.217560499906539917e-02
6.954249739646911621e-02
7.281678263098001480e-03
-1.455395221710205078e-01
7.149525731801986694e-02
-2.740043960511684418e-02
-7.176857441663742065e-02
-1.503677368164062500e-01
6.610548496246337891e-02
1.154472082853317261e-01
-7.534758746623992920e-02
-3.621051087975502014e-02
3.812866657972335815e-02
-5.289413034915924072e-02
-4.496703669428825378e-02
1.189993098378181458e-01
-3.190302103757858276e-02
7.476361840963363647e-02
5.081497505307197571e-02
-8.848553895950317383e-02
6.383095402270555496e-03
-6.166717410087585449e-02
-4.869379103183746338e-02
-4.770931601524353027e-02
-6.732711941003799438e-02
1.222328003495931625e-02
-5.059701576828956604e-02
-4.371297359466552734e-02
-7.340735197067260742e-02
9.286835044622421265e-02
-5.275854840874671936e-02
-1.262150257825851440e-01
4.174457490444183350e-02
-5.810217931866645813e-02
7.089739292860031128e-02
-2.348808944225311279e-02
-1.498581320047378540e-01
2.218645066022872925e-02
7.907033711671829224e-02
6.509482115507125854e-02
4.887417703866958618e-02
-5.012914910912513733e-02
4.892167448997497559e-02
-1.608549058437347412e-02
2.811224944889545441e-02
8.011917769908905029e-02
-3.510049358010292053e-02
-1.872984617948532104e-01
-9.066317230463027954e-03
-3.541782498359680176e-02
-4.746847786009311676e-03
-5.708319321274757385e-02
-3.863487392663955688e-02
-2.431245893239974976e-02
3.180137602612376213e-03
9.311252832412719727e-02
-6.415930390357971191e-02
6.403108686208724976e-02
2.874869154766201973e-03
2.236482128500938416e-02
-3.360202535986900330e-02
-1.034878101199865341e-02
-5.916458740830421448e-02
5.644279718399047852e-02
6.594161689281463623e-02
1.113320365548133850e-01
-9.310179203748703003e-02
-1.318554766476154327e-02
1.454086899757385254e-01
-1.569081656634807587e-02
8.357189595699310303e-02
1.671500690281391144e-02
-2.154884859919548035e-02
2.065508440136909485e-02
3.788825497031211853e-02
3.162001818418502808e-02
-6.911004334688186646e-02
-4.591177403926849365e-02
9.824687987565994263e-02
-5.524981766939163208e-03
6.595664471387863159e-02
-5.349558591842651367e-02
-2.802579663693904877e-02
-5.525073409080505371e-02
-6.319354474544525146e-02
-9.117108583450317383e-02
1.355497390031814575e-01
6.244070362299680710e-03
8.029778301715850830e-02
-9.689942002296447754e-02
2.881926856935024261e-02
2.302050217986106873e-02
2.552421577274799347e-02
-4.503815993666648865e-02
1.217979472130537033e-02
1.016293466091156006e-01
7.485548406839370728e-02
5.484484601765871048e-03
3.059753216803073883e-02
5.003806576132774353e-02
-1.162202656269073486e-01
-8.334384858608245850e-02
-6.261224299669265747e-02
8.643420785665512085e-02
8.182212710380554199e-03
2.765270136296749115e-02
-1.062134397216141224e-03
-8.205401897430419922e-02
-6.170010939240455627e-02
5.472494661808013916e-02
8.645178750157356262e-03
-3.339909389615058899e-02
-2.893197536468505859e-02
1.067299842834472656e-01
7.756624370813369751e-03
-5.140269547700881958e-02
1.565172523260116577e-02
-2.259497344493865967e-02
1.147574186325073242e-01
-4.433811083436012268e-02
-2.280383184552192688e-02
-1.128249149769544601e-02
6.718848831951618195e-03
1.795020699501037598e-02
7.727378606796264648e-02
-6.418357044458389282e-02
-7.708211988210678101e-02
1.427733004093170166e-01
1.035304144024848938e-01
-1.116822194308042526e-02
7.198277860879898071e-02
6.137203797698020935e-02
-3.579983860254287720e-02
-9.293936192989349365e-02
-2.441036142408847809e-02
-6.075485050678253174e-02
2.722098119556903839e-02
3.753494704142212868e-03
7.875912822782993317e-03
-6.317457649856805801e-03
-4.948854446411132812e-03
1.016415283083915710e-01
-2.971415780484676361e-02
4.325282201170921326e-02
5.698478594422340393e-02
5.380282644182443619e-03
9.689781069755554199e-02
-4.874907806515693665e-02
-2.183574624359607697e-02
1.142861042171716690e-02
1.211285963654518127e-02
-2.186558209359645844e-02
1.841678656637668610e-02
-1.270466297864913940e-01
6.135461479425430298e-02
7.890393584966659546e-02
7.250535488128662109e-02
-6.053577177226543427e-03
-2.108286879956722260e-02
1.740006171166896820e-02
3.446799889206886292e-02
-6.329699419438838959e-03
1.153999473899602890e-02
-2.108354121446609497e-03
2.978323772549629211e-02
1.061884034425020218e-02
8.537131547927856445e-02
-7.268396206200122833e-03
3.313505323603749275e-03
1.403742656111717224e-02
-5.646966025233268738e-02
1.958894915878772736e-02
5.491960048675537109e-02
-2.323324792087078094e-03
-1.029406934976577759e-01
6.844045966863632202e-02
-1.904103159904479980e-02
3.019418381154537201e-02
-2.321469411253929138e-02
7.825198769569396973e-02
9.967933595180511475e-02
5.118793249130249023e-02
-1.544819027185440063e-01
5.637015402317047119e-02
1.669338904321193695e-02
7.206675410270690918e-02
-6.963018327951431274e-02
8.163175545632839203e-03
-3.508661687374114990e-02
-1.179974675178527832e-01
-3.894677013158798218e-02
6.038020551204681396e-02
-3.462352603673934937e-02
-9.529373049736022949e-02
-7.149447500705718994e-02
-1.601670496165752411e-02
-6.674114614725112915e-02
2.142480388283729553e-02
6.204826757311820984e-02
-3.306422382593154907e-02
4.498461261391639709e-02
-1.049233675003051758e-01
-3.949109837412834167e-02
-6.556737422943115234e-02
1.899275556206703186e-02
1.080129761248826981e-02
-6.917109340429306030e-02
