1.908737570047378540e-01
-2.746493264567106962e-04
3.763649240136146545e-02
-5.448761582374572754e-02
-5.505087599158287048e-02
-5.765648931264877319e-02
-1.085437610745429993e-01
-5.493065342307090759e-02
7.898630946874618530e-02
5.599543079733848572e-02
-2.550224773585796356e-03
-4.615914076566696167e-02
-2.200247952714562416e-03
-1.096314862370491028e-01
2.465074695646762848e-02
-6.357472389936447144e-02
3.946601226925849915e-02
8.818863332271575928e-02
1.441112253814935684e-02
-2.673561498522758484e-02
-4.256309196352958679e-02
-1.606839708983898163e-02
2.858357131481170654e-02
-2.985831722617149353e-02
-6.650937348604202271e-02
-1.177621781826019287e-01
4.377739876508712769e-02
-7.218489795923233032e-02
-1.183076202869415283e-01
-9.740199893712997437e-02
6.962027400732040405e-02
-5.789708718657493591e-02
-4.744321852922439575e-02
-7.415843755006790161e-02
2.384721115231513977e-02
-1.934558525681495667e-02
3.931780532002449036e-02
-2.377027086913585663e-02
-5.091641843318939209e-02
-4.712470248341560364e-02
4.757270216941833496e-02
-2.964629419147968292e-02
3.698799386620521545e-02
7.600966095924377441e-02
5.949462205171585083e-02
3.348657861351966858e-02
-1.200243160128593445e-01
7.320181932300329208e-03
-1.925629191100597382e-02
-3.944234177470207214e-02
-1.665408015251159668e-01
5.441703274846076965e-02
1.181907504796981812e-01
-8.687400817871093750e-02
-4.807284474372863770e-02
4.137131199240684509e-02
-3.674087673425674438e-02
-4.642746062017977238e-04
1.585011035203933716e-01
-2.190466225147247314e-02
4.907467216253280640e-02
4.298805445432662964e-02
-5.882149189710617065e-02
1.456293393857777119e-03
-6.734325736761093140e-02
-6.481797248125076294e-02
-5.030944570899009705e-02
-1.018516123294830322e-01
1.514689996838569641e-03
-4.223841428756713867e-02
-9.189771860837936401e-02
-9.605087339878082275e-02
1.397558748722076416e-01
-7.798741757869720459e-02
-1.221185773611068726e-01
5.996564403176307678e-02
-7.948190718889236450e-02
5.757653340697288513e-02
8.140686899423599243e-03
-1.589614301919937134e-01
4.187358915805816650e-02
5.487913638353347778e-02
1.961021870374679565e-02
5.705981329083442688e-02
-6.231423467397689819e-02
5.344780534505844116e-02
-2.390738390386104584e-02
5.221219733357429504e-02
2.758240327239036560e-02
-3.064684569835662842e-02
-1.600764840841293335e-01
-1.595942303538322449e-02
-6.321948766708374023e-02
-2.478759549558162689e-02
-5.828117951750755310e-02
-4.529075697064399719e-02
-3.282703086733818054e-02
2.981869131326675415e-02
8.931203186511993408e-02
-1.001923978328704834e-01
5.778075382113456726e-02
-2.490160055458545685e-03
1.096474751830101013e-02
-1.659753359854221344e-02
-4.077423829585313797e-03
-5.120079219341278076e-02
5.489727109670639038e-02
1.044619083404541016e-01
9.695212543010711670e-02
-9.441120177507400513e-02
-1.136280968785285950e-02
1.376725137233734131e-01
-3.155369311571121216e-02
8.559342473745346069e-02
1.063729170709848404e-02
-1.878169365227222443e-02
-2.314143814146518707e-02
5.182937160134315491e-02
6.007252261042594910e-02
-7.155620306730270386e-02
-4.531845822930335999e-02
1.083540469408035278e-01
6.265153177082538605e-03
5.188013240694999695e-02
-4.455455765128135681e-02
1.484239473938941956e-02
-5.651335045695304871e-02
-9.042508155107498169e-02
-1.110025048255920410e-01
1.060598492622375488e-01
8.182284655049443245e-04
8.336249738931655884e-02
-1.020574197173118591e-01
4.599067196249961853e-02
4.152160882949829102e-02
1.975802518427371979e-02
-8.189327269792556763e-02
4.218887910246849060e-02
1.124117746949195862e-01
5.288423597812652588e-02
2.478126622736454010e-02
5.686927959322929382e-02
3.891417756676673889e-02
-1.409999281167984009e-01
-5.484278127551078796e-02
-5.536401644349098206e-02
8.434402197599411011e-02
1.120781805366277695e-02
-5.241833161562681198e-03
1.358302868902683258e-02
-7.482158392667770386e-02
-4.922733083367347717e-02
2.304355055093765259e-02
-3.245314955711364746e-02
-4.923380166292190552e-02
-3.958712890744209290e-02
1.058781817555427551e-01
2.201409637928009033e-02
-6.943293660879135132e-02
-2.978900214657187462e-03
-1.598693616688251495e-02
9.208320826292037964e-02
-2.298882231116294861e-03
-3.681328520178794861e-02
-3.940994665026664734e-02
-1.337143033742904663e-02
3.866020217537879944e-02
4.959994181990623474e-02
-3.587683662772178650e-02
-5.342517048120498657e-02
1.506084501743316650e-01
1.308223903179168701e-01
-4.125781357288360596e-02
5.402532592415809631e-02
5.243882164359092712e-02
-4.433688707649707794e-03
-7.161501795053482056e-02
-2.229110710322856903e-02
-3.352998569607734680e-02
-2.461609838064759970e-04
7.063746124913450330e-06
2.184888906776905060e-02
-3.126977384090423584e-02
-1.712144538760185242e-02
9.568608552217483521e-02
-2.986105857416987419e-03
2.680212818086147308e-02
7.195477187633514404e-02
3.758732974529266357e-02
1.046598032116889954e-01
-2.409992367029190063e-02
-2.881251834332942963e-02
8.248580619692802429e-03
2.775545418262481689e-02
-2.003838494420051575e-02
1.469573751091957092e-02
-1.117577701807022095e-01
5.371260643005371094e-02
5.373998731374740601e-02
5.758609995245933533e-02
-1.422649528831243515e-02
-2.502429485321044922e-02
-2.047710306942462921e-02
1.252837292850017548e-02
-3.727820515632629395e-02
-4.363476298749446869e-03
-5.175098776817321777e-04
1.654720678925514221e-02
1.800039026420563459e-04
8.875423669815063477e-02
-2.368787303566932678e-02
3.033964708447456360e-02
4.409971181303262711e-03
-5.176677182316780090e-02
4.856466501951217651e-02
4.927090927958488464e-02
1.104738656431436539e-02
-7.672506570816040039e-02
5.899607390165328979e-02
-6.060355342924594879e-03
2.588793449103832245e-02
7.252977229654788971e-05
4.938080534338951111e-02
8.783020824193954468e-02
9.675097651779651642e-03
-1.056476980447769165e-01
3.139220923185348511e-02
1.438121590763330460e-02
6.742423027753829956e-02
-4.104568064212799072e-02
3.162233158946037292e-02
-2.791206352412700653e-02
-4.892922192811965942e-02
-5.046742409467697144e-02
7.056452333927154541e-02
-3.565342351794242859e-02
-7.129006087779998779e-02
-3.608570247888565063e-02
-2.574847266077995300e-02
-3.389053046703338623e-02
4.185459017753601074e-02
1.084870919585227966e-01
-1.011569518595933914e-02
1.078838333487510681e-01
-1.313349753618240356e-01
-2.920026704668998718e-02
-5.306804180145263672e-02
1.292187068611383438e-02
1.846364513039588928e-02
-6.151850521564483643e-02
