1.724288612604141235e-01
-1.235672552138566971e-02
4.348101839423179626e-02
-6.253454834222793579e-02
-4.372254759073257446e-02
-4.409021139144897461e-02
-1.035059988498687744e-01
-5.804363638162612915e-02
6.177648529410362244e-02
6.416792422533035278e-02
1.248097606003284454e-02
-4.706654697656631470e-02
-8.845180273056030273e-03
-9.540452063083648682e-02
1.078487467020750046e-02
-4.099795967340469360e-02
3.771243989467620850e-02
9.552950412034988403e-02
1.196288131177425385e-02
-2.428323216736316681e-02
-3.546489775180816650e-02
-2.443053945899009705e-02
2.689305879175662994e-02
-1.594210416078567505e-02
-5.976644530892372131e-02
-1.236928850412368774e-01
2.714148350059986115e-02
-5.998432263731956482e-02
-9.666208922863006592e-02
-9.566383808851242065e-02
8.443330228328704834e-02
-6.687127798795700073e-02
-7.584339380264282227e-02
-7.307980954647064209e-02
4.417180642485618591e-02
-1.783164031803607941e-02
1.711137406527996063e-02
-3.632239252328872681e-02
-3.349597007036209106e-02
-5.122295767068862915e-02
3.442129492759704590e-02
-3.816050663590431213e-02
3.813479095697402954e-02
7.032711803913116455e-02
6.073445454239845276e-02
2.472873404622077942e-02
-1.350819170475006104e-01
2.616728469729423523e-02
-1.565849781036376953e-02
-3.446047753095626831e-02
-1.600422859191894531e-01
5.938220024108886719e-02
1.125568673014640808e-01
-8.570744842290878296e-02
-4.644419252872467041e-02
3.936208412051200867e-02
-3.258348256349563599e-02
2.443966269493103027e-02
1.450623869895935059e-01
-2.869778312742710114e-02
5.572692304849624634e-02
5.600442737340927124e-02
-5.870584025979042053e-02
-3.534392220899462700e-03
-6.757057458162307739e-02
-5.221796408295631409e-02
-6.363549828529357910e-02
-8.765690773725509644e-02
-2.023612614721059799e-03
-4.783956333994865417e-02
-9.473351389169692993e-02
-6.850707530975341797e-02
1.325566321611404419e-01
-7.248277962207794189e-02
-1.132836267352104187e-01
6.148191541433334351e-02
-7.800577580928802490e-02
7.130780816078186035e-02
2.877695718780159950e-03
-1.549808382987976074e-01
4.206090047955513000e-02
7.062039524316787720e-02
3.280697390437126160e-02
5.125094205141067505e-02
-5.508865416049957275e-02
5.841150507330894470e-02
-2.683346532285213470e-02
6.005167961120605469e-02
2.474870719015598297e-02
-3.963810950517654419e-02
-1.576164513826370239e-01
-1.647214032709598541e-02
-5.624958872795104980e-02
-1.894292980432510376e-02
-4.285251721739768982e-02
-5.740825459361076355e-02
-3.437809273600578308e-02
1.318590529263019562e-02
6.424737721681594849e-02
-7.824096083641052246e-02
5.348860844969749451e-02
2.864736597985029221e-03
8.645684458315372467e-03
-3.584791347384452820e-02
-2.192890644073486328e-02
-6.919196993112564087e-02
5.774030089378356934e-02
8.826085925102233887e-02
9.344364702701568604e-02
-1.033452227711677551e-01
-4.685762804001569748e-03
1.375027298927307129e-01
-4.401800408959388733e-02
7.298171520233154297e-02
1.396766491234302521e-02
-2.488710731267929077e-02
-7.229671347886323929e-03
5.307915806770324707e-02
4.718183726072311401e-02
-7.126174867153167725e-02
-2.403114736080169678e-02
1.053178906440734863e-01
-2.521989168599247932e-03
5.547471344470977783e-02
-5.125965550541877747e-02
5.032572895288467407e-03
-4.796496033668518066e-02
-9.901324659585952759e-02
-1.074724569916725159e-01
1.142544746398925781e-01
3.105187788605690002e-04
8.811106532812118530e-02
-9.059170633554458618e-02
3.810270130634307861e-02
4.462743178009986877e-02
2.750433236360549927e-02
-6.670484691858291626e-02
1.266470924019813538e-02
1.038475111126899719e-01
5.426471680402755737e-02
1.006629783660173416e-02
7.122627645730972290e-02
1.948406174778938293e-02
-1.281712949275970459e-01
-7.282628118991851807e-02
-5.301654711365699768e-02
7.968493551015853882e-02
6.245370488613843918e-03
-1.177168916910886765e-02
-1.057389099150896072e-02
-7.207334041595458984e-02
-6.041484326124191284e-02
1.240331400185823441e-02
-1.764813624322414398e-02
-4.147638007998466492e-02
-2.200536057353019714e-02
1.145244985818862915e-01
3.062042593955993652e-02
-6.810029596090316772e-02
5.711240810342133045e-04
-7.987189106643199921e-03
1.006742790341377258e-01
-2.405541390180587769e-02
-4.452613741159439087e-02
-5.615810677409172058e-02
-2.356996387243270874e-02
3.114324994385242462e-02
5.481564253568649292e-02
-4.382961988449096680e-02
-7.015464454889297485e-02
1.751252263784408569e-01
1.284515261650085449e-01
-4.313960671424865723e-02
5.437210947275161743e-02
4.334725812077522278e-02
-2.113843522965908051e-02
-8.073002099990844727e-02
-1.344539690762758255e-02
-4.422760009765625000e-02
-6.507592624984681606e-04
2.289796946570277214e-03
9.823735803365707397e-03
-3.884679079055786133e-02
-1.879991032183170319e-03
8.992059528827667236e-02
-1.550252363085746765e-02
1.896736212074756622e-02
7.282226532697677612e-02
2.374813333153724670e-02
1.109775528311729431e-01
-3.006774745881557465e-02
-2.739102020859718323e-02
2.621215023100376129e-02
3.231852501630783081e-02
-1.009438093751668930e-02
1.970049180090427399e-02
-1.116691008210182190e-01
5.027213320136070251e-02
5.609959363937377930e-02
5.238889530301094055e-02
-3.015338443219661713e-02
-2.511300891637802124e-02
-2.969339303672313690e-02
1.034241449087858200e-02
-1.895223557949066162e-02
-1.211161445826292038e-02
1.281059253960847855e-02
2.418342605233192444e-02
-4.692680668085813522e-03
8.972222357988357544e-02
-4.576824605464935303e-02
3.048291429877281189e-02
1.881276816129684448e-02
-6.064914539456367493e-02
5.608155205845832825e-02
4.971668496727943420e-02
5.706213414669036865e-03
-7.757935672998428345e-02
6.677497178316116333e-02
-1.545698847621679306e-03
3.945190086960792542e-02
-1.618998125195503235e-02
4.583546891808509827e-02
8.333951234817504883e-02
1.249529700726270676e-02
-1.301551014184951782e-01
4.077620804309844971e-02
2.428443543612957001e-02
8.257136493921279907e-02
-5.383640527725219727e-02
2.393320202827453613e-02
-2.473195083439350128e-02
-6.172117218375205994e-02
-3.417069464921951294e-02
7.903967797756195068e-02
-3.663553297519683838e-02
-8.244719356298446655e-02
-5.854129046201705933e-02
-3.804949671030044556e-02
-5.150250717997550964e-02
2.313410677015781403e-02
1.144050061702728271e-01
-1.720008067786693573e-02
1.080289855599403381e-01
-1.393714249134063721e-01
-2.790696546435356140e-02
-7.417383044958114624e-02
3.347646212205290794e-03
1.824936270713806152e-02
-7.606405019760131836e-02
