1.752665936946868896e-01
-9.030605666339397430e-03
4.376874491572380066e-02
-4.609460756182670593e-02
-5.154579505324363708e-02
-3.887701034545898438e-02
-1.073894351720809937e-01
-5.934252217411994934e-02
6.759378314018249512e-02
4.758463799953460693e-02
1.473890338093042374e-02
-4.862540215253829956e-02
-3.921112511307001114e-03
-9.866439551115036011e-02
1.388149522244930267e-02
-5.379754677414894104e-02
3.453234210610389709e-02
9.985306859016418457e-02
6.081770174205303192e-03
-2.412072941660881042e-02
-3.411055728793144226e-02
-8.256288245320320129e-03
1.711805537343025208e-02
-2.631064876914024353e-02
-5.240051820874214172e-02
-1.281746774911880493e-01
3.911539167165756226e-02
-7.156246900558471680e-02
-1.221944689750671387e-01
-1.162700429558753967e-01
8.056556433439254761e-02
-5.734623968601226807e-02
-5.374857783317565918e-02
-7.080511003732681274e-02
2.675451710820198059e-02
-8.773025125265121460e-03
2.358280122280120850e-02
-3.685390204191207886e-02
-4.418038576841354370e-02
-5.241845175623893738e-02
5.962397158145904541e-02
-7.542842533439397812e-03
3.301046416163444519e-02
8.128603547811508179e-02
4.506558179855346680e-02
2.111448533833026886e-02
-1.293319016695022583e-01
3.839841857552528381e-02
-2.563630603253841400e-02
-4.267087206244468689e-02
-1.741186231374740601e-01
6.701247394084930420e-02
1.217189580202102661e-01
-9.346046298742294312e-02
-4.620004072785377502e-02
4.846020787954330444e-02
-3.563730046153068542e-02
-3.471563337370753288e-03
1.538465172052383423e-01
-1.755888201296329498e-02
6.133532151579856873e-02
4.388888925313949585e-02
-7.728112488985061646e-02
-2.605263143777847290e-03
-6.346177309751510620e-02
-6.102138385176658630e-02
-5.383069440722465515e-02
-9.338409453630447388e-02
3.031996020581573248e-04
-5.548584461212158203e-02
-9.090393036603927612e-02
-9.476535767316818237e-02
1.320538371801376343e-01
-8.729571849107742310e-02
-1.283580511808395386e-01
4.992145672440528870e-02
-7.368709146976470947e-02
7.348806411027908325e-02
9.921029210090637207e-03
-1.904709488153457642e-01
3.833342716097831726e-02
5.499002709984779358e-02
1.920074969530105591e-02
7.107719033956527710e-02
-5.622922256588935852e-02
4.967458918690681458e-02
-3.700150921940803528e-02
5.464171990752220154e-02
3.556295856833457947e-02
-3.613013774156570435e-02
-1.554324626922607422e-01
-3.446322306990623474e-02
-6.084178388118743896e-02
-2.063541486859321594e-02
-5.598149821162223816e-02
-5.348275601863861084e-02
-2.549682930111885071e-02
2.296849898993968964e-02
6.039106473326683044e-02
-8.061003684997558594e-02
4.345521330833435059e-02
-9.087509475648403168e-03
1.113849692046642303e-02
-2.013680897653102875e-02
-4.763844422996044159e-03
-5.828238651156425476e-02
6.781433522701263428e-02
8.248010277748107910e-02
9.327192604541778564e-02
-9.340956062078475952e-02
2.850146032869815826e-03
1.235142126679420471e-01
-2.116020396351814270e-02
8.111552894115447998e-02
9.058066643774509430e-04
-1.649363525211811066e-02
-1.501765847206115723e-02
4.902724921703338623e-02
5.394812300801277161e-02
-5.126873403787612915e-02
-3.461037576198577881e-02
9.655633568763732910e-02
4.669035784900188446e-03
4.593224078416824341e-02
-5.286386609077453613e-02
5.099460482597351074e-03
-4.001610726118087769e-02
-8.055142313241958618e-02
-9.319009631872177124e-02
9.248968213796615601e-02
8.393955416977405548e-03
7.940027117729187012e-02
-8.620717376470565796e-02
3.287731111049652100e-02
2.949321642518043518e-02
1.326283067464828491e-02
-6.795773655176162720e-02
2.117405831813812256e-02
9.216108173131942749e-02
3.989167883992195129e-02
2.269676886498928070e-02
5.271812528371810913e-02
4.391174018383026123e-02
-1.308768987655639648e-01
-7.072181999683380127e-02
-5.821554362773895264e-02
8.017586916685104370e-02
1.145397871732711792e-02
-8.243314921855926514e-03
1.233992166817188263e-02
-5.991494283080101013e-02
-4.668607562780380249e-02
2.636153809726238251e-02
-1.462959777563810349e-02
-4.092409089207649231e-02
-3.118132799863815308e-02
1.026021316647529602e-01
8.856144733726978302e-03
-6.190846115350723267e-02
3.317890688776969910e-03
1.612519845366477966e-03
9.482431411743164062e-02
-2.621029503643512726e-02
-2.970262989401817322e-02
-2.696949616074562073e-02
-4.785951226949691772e-03
3.749827295541763306e-02
3.747849538922309875e-02
-4.364284873008728027e-02
-5.160073190927505493e-02
1.498717218637466431e-01
1.128784641623497009e-01
-4.514544084668159485e-02
4.014756903052330017e-02
4.317804425954818726e-02
-1.555964350700378418e-02
-7.148889452219009399e-02
-1.226912997663021088e-02
-3.870077803730964661e-02
3.535428841132670641e-04
-1.589829102158546448e-02
1.086809765547513962e-02
-2.562587149441242218e-02
-1.090452168136835098e-02
7.113940268754959106e-02
-3.114713355898857117e-02
2.857124991714954376e-02
5.937347933650016785e-02
1.775725558400154114e-02
1.077046692371368408e-01
-2.749670296907424927e-02
-2.342636324465274811e-02
1.848696544766426086e-02
2.735990844666957855e-02
-7.362222298979759216e-03
2.774954540655016899e-03
-1.164388060569763184e-01
4.600811749696731567e-02
6.806987524032592773e-02
5.331102386116981506e-02
-1.577940769493579865e-02
-2.835020236670970917e-02
-1.702665351331233978e-02
2.760927192866802216e-02
-3.248659521341323853e-02
-3.708771662786602974e-03
2.310440409928560257e-03
3.289661929011344910e-02
2.057094825431704521e-03
9.418123215436935425e-02
-3.048175759613513947e-02
3.274659067392349243e-02
9.992095641791820526e-03
-6.141448765993118286e-02
4.984093084931373596e-02
7.638268917798995972e-02
2.747033163905143738e-02
-8.136297762393951416e-02
7.530032098293304443e-02
7.919948548078536987e-03
3.879591077566146851e-02
-1.142776943743228912e-02
5.588783696293830872e-02
8.266650140285491943e-02
2.176767401397228241e-02
-1.506497710943222046e-01
2.270937152206897736e-02
1.819697394967079163e-02
9.387546777725219727e-02
-5.745217576622962952e-02
4.669152572751045227e-02
-1.796501688659191132e-02
-7.581352442502975464e-02
-4.161118716001510620e-02
6.772474199533462524e-02
-4.941095411777496338e-02
-8.445907384157180786e-02
-6.869748979806900024e-02
-3.871891647577285767e-02
-5.670400336384773254e-02
3.084858879446983337e-02
1.231907382607460022e-01
-2.748879604041576385e-02
1.068985238671302795e-01
-1.349274963140487671e-01
-2.998443506658077240e-02
-6.644394993782043457e-02
5.604945588856935501e-03
3.118099272251129150e-02
-8.497618883848190308e-02
