1.560921669006347656e-01
-1.058211270719766617e-02
4.053745046257972717e-02
-4.157656431198120117e-02
-4.781346023082733154e-02
-2.946284599602222443e-02
-9.614091366529464722e-02
-5.045749992132186890e-02
6.472302973270416260e-02
4.204021394252777100e-02
1.527215912938117981e-02
-4.269914701581001282e-02
-5.690614227205514908e-03
-8.880136907100677490e-02
1.624863781034946442e-02
-5.189729481935501099e-02
2.961132116615772247e-02
8.616762608289718628e-02
3.638830268755555153e-03
-1.913426630198955536e-02
-3.137640282511711121e-02
-2.181495539844036102e-03
2.025579288601875305e-02
-2.479289099574089050e-02
-3.756962716579437256e-02
-1.093640103936195374e-01
3.513490036129951477e-02
-6.259735673666000366e-02
-1.130943894386291504e-01
-1.076830700039863586e-01
6.496107578277587891e-02
-4.779815673828125000e-02
-5.339948460459709167e-02
-7.002545893192291260e-02
3.397980704903602600e-02
-9.172315709292888641e-03
1.865403912961483002e-02
-3.387401252985000610e-02
-5.198024585843086243e-02
-4.933682829141616821e-02
5.961583927273750305e-02
-8.144424296915531158e-03
3.912391886115074158e-02
7.435999065637588501e-02
3.901772201061248779e-02
2.293484099209308624e-02
-1.245188787579536438e-01
3.162017837166786194e-02
-2.346891723573207855e-02
-3.344422206282615662e-02
-1.756316572427749634e-01
6.650163978338241577e-02
1.120314449071884155e-01
-9.499573707580566406e-02
-4.352992773056030273e-02
5.067525804042816162e-02
-2.745933830738067627e-02
6.212865933775901794e-03
1.641447842121124268e-01
-1.660896465182304382e-02
6.275597214698791504e-02
4.125501587986946106e-02
-7.401356101036071777e-02
-2.501483773812651634e-03
-6.872097402811050415e-02
-6.273786723613739014e-02
-5.599920451641082764e-02
-1.055054366588592529e-01
-3.742748405784368515e-03
-5.444990471005439758e-02
-9.777886420488357544e-02
-9.876026213169097900e-02
1.385528445243835449e-01
-8.774662762880325317e-02
-1.323414444923400879e-01
5.298781394958496094e-02
-7.603303343057632446e-02
7.930793613195419312e-02
1.930501125752925873e-02
-1.954503506422042847e-01
3.989084064960479736e-02
5.493010953068733215e-02
1.146379206329584122e-02
7.100065052509307861e-02
-5.639444664120674133e-02
5.060769990086555481e-02
-4.318969696760177612e-02
6.357094645500183105e-02
2.298999764025211334e-02
-4.392638802528381348e-02
-1.519178599119186401e-01
-3.846832364797592163e-02
-6.228278577327728271e-02
-2.763181179761886597e-02
-5.725693330168724060e-02
-5.379706248641014099e-02
-3.008853644132614136e-02
3.103305399417877197e-02
6.516861170530319214e-02
-8.631483465433120728e-02
5.271169543266296387e-02
-1.046720240265130997e-02
1.259093172848224640e-02
-1.619853824377059937e-02
-1.945435535162687302e-03
-5.911317467689514160e-02
7.061962783336639404e-02
8.910717070102691650e-02
9.875274449586868286e-02
-9.798894822597503662e-02
2.615333767607808113e-03
1.348237991333007812e-01
-1.784548349678516388e-02
9.060123562812805176e-02
4.849501885473728180e-03
-2.529423311352729797e-02
-2.528215944766998291e-02
4.984514787793159485e-02
5.484833568334579468e-02
-5.589024722576141357e-02
-3.676401823759078979e-02
1.046395748853683472e-01
5.686828400939702988e-03
4.288661479949951172e-02
-5.419263988733291626e-02
5.413882434368133545e-03
-4.454812407493591309e-02
-8.984731882810592651e-02
-1.036757156252861023e-01
9.427096694707870483e-02
1.179140806198120117e-02
8.638258278369903564e-02
-9.016659110784530640e-02
4.119745269417762756e-02
3.971827030181884766e-02
1.524752937257289886e-02
-7.665348798036575317e-02
1.980345137417316437e-02
9.661720693111419678e-02
3.480917587876319885e-02
2.355201914906501770e-02
5.791916325688362122e-02
4.564508423209190369e-02
-1.331685930490493774e-01
-7.457132637500762939e-02
-5.177746713161468506e-02
8.486017584800720215e-02
8.918377570807933807e-03
-1.517688855528831482e-02
1.777582801878452301e-02
-6.091143563389778137e-02
-5.563487112522125244e-02
1.584607362747192383e-02
-2.195280231535434723e-02
-4.461459815502166748e-02
-3.414302319288253784e-02
1.030871272087097168e-01
8.076718077063560486e-03
-6.647015362977981567e-02
1.380351255647838116e-03
5.682629533112049103e-03
9.781298786401748657e-02
-2.137743122875690460e-02
-3.000877052545547485e-02
-2.913428097963333130e-02
-1.314414571970701218e-02
4.574991762638092041e-02
3.590346500277519226e-02
-4.046309366822242737e-02
-5.445310100913047791e-02
1.513072997331619263e-01
1.232625842094421387e-01
-5.131478980183601379e-02
4.103858023881912231e-02
4.402056708931922913e-02
-1.647208631038665771e-02
-7.414257526397705078e-02
-7.220411673188209534e-03
-3.919747099280357361e-02
-3.690475830808281898e-03
-1.907265372574329376e-02
1.696686074137687683e-02
-3.076259419322013855e-02
-1.275595370680093765e-02
6.692634522914886475e-02
-2.306924015283584595e-02
2.896438539028167725e-02
6.188752129673957825e-02
2.465353347361087799e-02
1.122523695230484009e-01
-1.704832166433334351e-02
-2.669052593410015106e-02
1.839468069374561310e-02
3.187838569283485413e-02
-7.843125611543655396e-03
2.118255477398633957e-03
-1.227518692612648010e-01
4.903874918818473816e-02
6.391336768865585327e-02
4.998795688152313232e-02
-1.752870716154575348e-02
-2.613846398890018463e-02
-1.746199652552604675e-02
2.595108747482299805e-02
-3.381590917706489563e-02
2.136530383722856641e-04
4.649837035685777664e-03
2.555021457374095917e-02
4.805895034223794937e-03
9.038671851158142090e-02
-2.943011187016963959e-02
3.797962889075279236e-02
7.210484240204095840e-03
-6.019450351595878601e-02
5.984213948249816895e-02
7.800441235303878784e-02
3.535264730453491211e-02
-8.221410214900970459e-02
7.879949361085891724e-02
1.029176544398069382e-02
3.979795053601264954e-02
-1.077586784958839417e-02
5.067274719476699829e-02
8.269960433244705200e-02
1.679399609565734863e-02
-1.412167251110076904e-01
1.539498474448919296e-02
2.073624730110168457e-02
9.210330992937088013e-02
-5.731636658310890198e-02
5.309944227337837219e-02
-1.131521351635456085e-02
-6.389605998992919922e-02
-4.257827252149581909e-02
6.623505800962448120e-02
-4.356630146503448486e-02
-7.178650051355361938e-02
-6.051771715283393860e-02
-4.341090470552444458e-02
-4.747910052537918091e-02
2.745836041867733002e-02
1.199281513690948486e-01
-1.670119538903236389e-02
1.096397638320922852e-01
-1.255350410938262939e-01
-2.781485021114349365e-02
-6.073455512523651123e-02
5.891118664294481277e-03
2.948869578540325165e-02
-7.714833319187164307e-02
