2.519020140171051025e-01
-1.137338858097791672e-02
6.591685861349105835e-02
-6.293464452028274536e-02
-9.587606042623519897e-02
-7.348267734050750732e-02
-1.690926104784011841e-01
-6.028850004076957703e-02
1.278156787157058716e-01
9.686261415481567383e-02
-1.328418962657451630e-03
-5.634831637144088745e-02
8.386377245187759399e-03
-1.400546282529830933e-01
5.573930591344833374e-02
-8.254338055849075317e-02
6.073654815554618835e-02
1.102678626775741577e-01
5.166967585682868958e-02
-5.928529053926467896e-02
-4.803812876343727112e-02
6.519659887999296188e-03
3.716357052326202393e-02
-1.304419524967670441e-02
-6.051946058869361877e-02
-1.352342218160629272e-01
2.704766206443309784e-02
-9.874618798494338989e-02
-1.378344297409057617e-01
-9.163966774940490723e-02
7.476922124624252319e-02
-4.042181745171546936e-02
-2.296371385455131531e-02
-1.210503801703453064e-01
-1.587444730103015900e-02
-3.920200094580650330e-02
5.806498229503631592e-02
-2.271331660449504852e-02
-4.130643233656883240e-02
-4.173640161752700806e-02
7.213742285966873169e-02
-4.899273067712783813e-02
3.136733919382095337e-02
1.000651270151138306e-01
4.592764377593994141e-02
5.302789062261581421e-02
-1.025281772017478943e-01
-5.512463673949241638e-02
-6.510181352496147156e-03
-3.221862763166427612e-02
-1.646297425031661987e-01
5.785151571035385132e-02
1.285426020622253418e-01
-7.450477778911590576e-02
-8.378664404153823853e-02
6.480763852596282959e-02
-3.335003554821014404e-02
5.829561967402696609e-03
1.500924080610275269e-01
-1.919252611696720123e-02
3.944989293813705444e-02
3.136083111166954041e-02
-4.262374714016914368e-02
3.157075727358460426e-03
-5.399282649159431458e-02
-9.361325949430465698e-02
-5.501585826277732849e-02
-7.921133190393447876e-02
2.074388973414897919e-02
-5.490862205624580383e-02
-9.019511193037033081e-02
-1.079344898462295532e-01
1.394182443618774414e-01
-9.831488132476806641e-02
-8.962959051132202148e-02
7.262723892927169800e-02
-8.425354957580566406e-02
1.727517880499362946e-02
8.937547914683818817e-03
-1.526775360107421875e-01
6.817304342985153198e-02
3.253294900059700012e-02
-1.848033443093299866e-02
3.235284239053726196e-02
-6.911431998014450073e-02
6.086879223585128784e-02
-2.020538039505481720e-02
3.373585268855094910e-02
7.070109248161315918e-03
-1.385551504790782928e-02
-1.142164766788482666e-01
-5.143287591636180878e-03
-7.486183196306228638e-02
-5.108294542878866196e-03
-4.149411246180534363e-02
-6.451477110385894775e-02
-3.270494565367698669e-02
2.055822871625423431e-02
5.894391611218452454e-02
-1.233754530549049377e-01
3.565442562103271484e-02
-2.474771067500114441e-02
-4.588628187775611877e-03
9.228280745446681976e-03
9.185443632304668427e-03
-3.949997201561927795e-02
6.396933645009994507e-02
1.224933117628097534e-01
6.905821710824966431e-02
-1.002366319298744202e-01
6.878573447465896606e-03
1.079779788851737976e-01
-3.588331863284111023e-02
5.557160452008247375e-02
1.089296117424964905e-02
-9.341063909232616425e-03
-1.562336739152669907e-02
7.633789628744125366e-02
7.973970472812652588e-02
-5.791445448994636536e-02
-6.277467310428619385e-02
6.996893137693405151e-02
2.501790039241313934e-02
6.778696924448013306e-02
-2.366994135081768036e-02
3.395546227693557739e-02
-3.369245305657386780e-02
-9.632213413715362549e-02
-1.160252317786216736e-01
6.236670166254043579e-02
-8.374420925974845886e-03
6.821386516094207764e-02
-8.323762565851211548e-02
4.833501577377319336e-02
2.807321958243846893e-02
4.130036011338233948e-02
-1.010195687413215637e-01
8.950356394052505493e-02
1.182398274540901184e-01
3.145153820514678955e-02
8.016116917133331299e-02
5.130195245146751404e-02
4.992175847291946411e-02
-1.571439206600189209e-01
-3.706221282482147217e-02
-6.065689772367477417e-02
8.234354853630065918e-02
2.001347392797470093e-02
-3.240491077303886414e-02
3.795713931322097778e-02
-4.020192101597785950e-02
-1.722969673573970795e-02
1.994172111153602600e-02
-5.405106022953987122e-02
-5.512529239058494568e-02
-5.173280462622642517e-02
1.031421795487403870e-01
5.940739437937736511e-02
-7.607042044401168823e-02
-1.054646074771881104e-02
-3.270389884710311890e-02
4.026173427700996399e-02
2.686963230371475220e-02
-6.815464794635772705e-02
-4.428196698427200317e-02
-1.270182896405458450e-02
3.126159426756203175e-04
3.367468714714050293e-02
-2.977198921144008636e-02
2.089771442115306854e-02
1.241755709052085876e-01
9.293683618307113647e-02
-3.783805668354034424e-02
2.161054685711860657e-02
3.381872549653053284e-02
1.136678270995616913e-02
-3.195855394005775452e-02
-4.615535959601402283e-02
-1.366358995437622070e-02
-2.126611769199371338e-02
7.038046023808419704e-04
4.117836058139801025e-02
-1.197928655892610550e-02
-4.570808634161949158e-02
1.045747622847557068e-01
-9.335894137620925903e-03
1.589785888791084290e-02
9.843064099550247192e-02
5.351159721612930298e-02
8.174895495176315308e-02
-2.592060901224613190e-02
-9.459543973207473755e-03
-7.695533335208892822e-03
1.274606212973594666e-02
-6.726138293743133545e-03
1.734908111393451691e-02
-7.563129067420959473e-02
2.337310276925563812e-02
4.547537490725517273e-02
2.374506369233131409e-02
-1.963501609861850739e-02
2.486224519088864326e-03
-4.924096167087554932e-02
-1.435311045497655869e-02
-4.120587185025215149e-02
3.979117609560489655e-03
-4.835464991629123688e-03
2.025422640144824982e-02
1.513397786766290665e-02
6.690045446157455444e-02
-2.677557617425918579e-02
4.590169712901115417e-02
6.116074975579977036e-03
-3.855189681053161621e-02
2.491032518446445465e-02
3.328088298439979553e-02
2.005192684009671211e-03
-4.423184692859649658e-02
5.557549372315406799e-02
-5.871001165360212326e-03
1.389690116047859192e-02
2.514965273439884186e-02
3.856107220053672791e-02
8.928488940000534058e-02
-2.533076703548431396e-02
-3.550365194678306580e-02
2.859655767679214478e-02
-6.192886270582675934e-03
2.991593256592750549e-02
-4.410082474350929260e-03
2.699498273432254791e-02
-6.509404163807630539e-03
2.188339829444885254e-02
-5.088009312748908997e-02
1.043512579053640366e-02
-3.953874483704566956e-02
-2.070985920727252960e-02
-2.319474238902330399e-03
1.084540970623493195e-02
-2.607436291873455048e-02
3.750690445303916931e-02
6.351799517869949341e-02
-1.074508391320705414e-02
1.015602201223373413e-01
-5.581258609890937805e-02
4.939421080052852631e-03
-1.560868788510560989e-02
2.281520329415798187e-02
6.948362104594707489e-03
-3.095857426524162292e-02
