1.787719279527664185e-01
-1.421482302248477936e-03
4.757795482873916626e-02
-4.102967679500579834e-02
-4.542594775557518005e-02
-5.023793131113052368e-02
-9.662134945392608643e-02
-4.581966623663902283e-02
5.611486360430717468e-02
3.349613025784492493e-02
-1.518807373940944672e-03
-4.131537303328514099e-02
3.312478540465235710e-03
-9.494733065366744995e-02
2.383372932672500610e-02
-5.782001465559005737e-02
3.522162511944770813e-02
8.371026813983917236e-02
8.838295005261898041e-03
-7.894337177276611328e-03
-2.927071042358875275e-02
-9.290092624723911285e-03
3.832004964351654053e-02
-1.315565779805183411e-02
-4.355669766664505005e-02
-9.983731061220169067e-02
3.614778444170951843e-02
-6.638994067907333374e-02
-1.118767485022544861e-01
-8.787408471107482910e-02
4.471888020634651184e-02
-4.032874107360839844e-02
-2.845469117164611816e-02
-8.116956800222396851e-02
2.263065800070762634e-02
-1.104435604065656662e-02
4.181872308254241943e-02
-2.902954816818237305e-02
-6.358546763658523560e-02
-6.302880495786666870e-02
6.442818045616149902e-02
-9.535937570035457611e-03
4.510091617703437805e-02
6.780455261468887329e-02
4.088766127824783325e-02
2.991133369505405426e-02
-1.199054270982742310e-01
1.767812110483646393e-02
-2.609598636627197266e-02
-3.472808375954627991e-02
-1.797600537538528442e-01
6.048929318785667419e-02
1.048448979854583740e-01
-7.554645091295242310e-02
-4.363045096397399902e-02
5.678531527519226074e-02
-3.215080872178077698e-02
-6.862438283860683441e-03
1.551264226436614990e-01
-1.426961459219455719e-02
6.227788329124450684e-02
3.396961838006973267e-02
-7.909649610519409180e-02
1.247842889279127121e-02
-7.264574617147445679e-02
-6.924679130315780640e-02
-5.139461159706115723e-02
-1.077830046415328979e-01
1.484814751893281937e-02
-4.784268513321876526e-02
-8.202520012855529785e-02
-1.083092093467712402e-01
1.418946981430053711e-01
-7.914812862873077393e-02
-1.243656948208808899e-01
5.368177592754364014e-02
-7.279095053672790527e-02
7.468304038047790527e-02
1.256637088954448700e-02
-1.826884299516677856e-01
3.921826556324958801e-02
5.944943055510520935e-02
9.336410090327262878e-03
5.753056332468986511e-02
-4.927921667695045471e-02
6.010972335934638977e-02
-3.320922330021858215e-02
5.949753895401954651e-02
2.395271882414817810e-02
-4.222591221332550049e-02
-1.587868928909301758e-01
-2.109992317855358124e-02
-6.630395352840423584e-02
-1.876180060207843781e-02
-5.069784820079803467e-02
-4.433907940983772278e-02
-3.190140053629875183e-02
4.079340770840644836e-02
9.655459225177764893e-02
-9.210455417633056641e-02
7.155379652976989746e-02
-1.584801077842712402e-02
2.527946792542934418e-02
-6.219798233360052109e-03
-6.180243100970983505e-03
-5.401708558201789856e-02
6.240199878811836243e-02
1.004721298813819885e-01
1.082284003496170044e-01
-1.019829362630844116e-01
-7.203951478004455566e-03
1.515269726514816284e-01
-1.531871128827333450e-02
9.085346013307571411e-02
1.496094837784767151e-02
-3.223814070224761963e-02
-1.833667419850826263e-02
6.528782099485397339e-02
6.122390553355216980e-02
-7.160621136426925659e-02
-6.577482074499130249e-02
1.084745377302169800e-01
1.815754920244216919e-03
5.194868147373199463e-02
-3.812979534268379211e-02
-2.776983310468494892e-04
-5.946220457553863525e-02
-8.385930210351943970e-02
-1.120916530489921570e-01
1.169069930911064148e-01
3.690245095640420914e-03
8.665256202220916748e-02
-9.187418967485427856e-02
4.712942987680435181e-02
4.349293187260627747e-02
3.325597196817398071e-02
-8.572831749916076660e-02
3.647602722048759460e-02
1.226267814636230469e-01
4.138925299048423767e-02
3.346873447299003601e-02
4.912620037794113159e-02
5.895112082362174988e-02
-1.451371312141418457e-01
-7.888668030500411987e-02
-5.395278334617614746e-02
8.727138489484786987e-02
5.864590406417846680e-03
-2.085534855723381042e-02
3.287378698587417603e-02
-6.956622749567031860e-02
-5.926970392465591431e-02
1.948355697095394135e-02
-3.441193327307701111e-02
-4.810786247253417969e-02
-4.064354673027992249e-02
1.046462059020996094e-01
2.217726223170757294e-02
-7.341307401657104492e-02
2.427242463454604149e-03
-7.125152274966239929e-03
1.061323881149291992e-01
-1.248487643897533417e-02
-3.491880744695663452e-02
-2.165371179580688477e-02
-1.710018515586853027e-02
4.512284323573112488e-02
4.837241396307945251e-02
-3.234882280230522156e-02
-4.388110339641571045e-02
1.353987902402877808e-01
1.205625981092453003e-01
-4.379859939217567444e-02
5.500195920467376709e-02
4.933264479041099548e-02
-1.820445433259010315e-02
-6.980828940868377686e-02
-1.403744425624608994e-02
-5.516326427459716797e-02
-5.987658631056547165e-03
-6.827009841799736023e-03
2.776847593486309052e-02
-2.025192603468894958e-02
-2.322980761528015137e-02
8.944641798734664917e-02
-2.265915647149085999e-02
3.637718409299850464e-02
7.114537805318832397e-02
2.868120186030864716e-02
1.023609563708305359e-01
-2.520899847149848938e-02
-2.852786146104335785e-02
8.500488474965095520e-03
1.934098638594150543e-02
-1.097689103335142136e-02
7.015919312834739685e-03
-1.231250986456871033e-01
5.455163493752479553e-02
5.570760369300842285e-02
5.559601634740829468e-02
-9.822206571698188782e-03
-9.733440354466438293e-03
-6.901417858898639679e-03
2.405700646340847015e-02
-2.756770327687263489e-02
8.326364681124687195e-03
-2.970251021906733513e-03
1.785155013203620911e-02
6.841090973466634750e-03
8.509870618581771851e-02
-1.529558096081018448e-02
2.498777396976947784e-02
1.276583503931760788e-02
-4.892372712492942810e-02
4.715659096837043762e-02
6.730762124061584473e-02
2.303129993379116058e-02
-8.639420568943023682e-02
7.309949398040771484e-02
-6.754132919013500214e-03
2.108219638466835022e-02
-1.702685025520622730e-03
5.459256097674369812e-02
8.588042110204696655e-02
1.637316867709159851e-02
-1.069164574146270752e-01
2.391600981354713440e-02
1.529891323298215866e-02
6.315040588378906250e-02
-5.193978920578956604e-02
4.299226030707359314e-02
-1.199202425777912140e-02
-5.210047960281372070e-02
-5.517480894923210144e-02
6.956142932176589966e-02
-3.810126706957817078e-02
-7.084918767213821411e-02
-4.200325161218643188e-02
-3.162479400634765625e-02
-3.817411512136459351e-02
3.367757052183151245e-02
9.649103134870529175e-02
-4.022150300443172455e-03
9.950808435678482056e-02
-1.068698540329933167e-01
-2.159741520881652832e-02
-4.729021340608596802e-02
2.777714096009731293e-02
1.909437216818332672e-02
-6.621285527944564819e-02
