1.224948987364768982e-01
-8.881566114723682404e-03
3.322504088282585144e-02
-3.205864503979682922e-02
-3.636794164776802063e-02
-2.438734658062458038e-02
-8.303837478160858154e-02
-4.085341468453407288e-02
6.002041324973106384e-02
3.654118999838829041e-02
2.025915123522281647e-02
-3.202420473098754883e-02
-1.397996558807790279e-03
-7.814776897430419922e-02
1.386150345206260681e-02
-3.928191959857940674e-02
3.115591406822204590e-02
6.859818100929260254e-02
-9.049420244991779327e-03
-2.098933048546314240e-02
-2.375392057001590729e-02
3.689980134367942810e-03
1.448466721922159195e-02
-3.000398539006710052e-02
-2.850575745105743408e-02
-1.039803698658943176e-01
3.346181288361549377e-02
-5.624729022383689880e-02
-9.881348907947540283e-02
-1.008090376853942871e-01
7.120951265096664429e-02
-3.859562054276466370e-02
-5.178788304328918457e-02
-7.561893016099929810e-02
3.402382135391235352e-02
-1.048760861158370972e-02
2.087421901524066925e-02
-3.126943483948707581e-02
-4.925052449107170105e-02
-4.205636307597160339e-02
6.178567185997962952e-02
-1.940368488430976868e-02
3.368641436100006104e-02
8.004659414291381836e-02
3.304928913712501526e-02
1.891030743718147278e-02
-1.329116076231002808e-01
2.076598629355430603e-02
-2.149490453302860260e-02
-4.420457035303115845e-02
-1.724011898040771484e-01
6.971744447946548462e-02
1.086037009954452515e-01
-9.659896045923233032e-02
-5.307987704873085022e-02
5.419560521841049194e-02
-2.623356133699417114e-02
-5.604192148894071579e-03
1.616318970918655396e-01
-2.473596297204494476e-02
6.507065147161483765e-02
4.367861524224281311e-02
-5.891175568103790283e-02
1.645290991291403770e-03
-6.621604412794113159e-02
-6.089598685503005981e-02
-6.226523593068122864e-02
-1.072746589779853821e-01
-6.063989363610744476e-03
-6.514579057693481445e-02
-9.847362339496612549e-02
-9.717701375484466553e-02
1.406214386224746704e-01
-8.539287745952606201e-02
-1.369075328111648560e-01
5.821374058723449707e-02
-8.450229465961456299e-02
7.769858092069625854e-02
1.165224239230155945e-02
-1.968659013509750366e-01
4.335388168692588806e-02
5.339034646749496460e-02
7.615035399794578552e-03
6.879533082246780396e-02
-6.105495989322662354e-02
4.991317540407180786e-02
-4.482096433639526367e-02
6.494929641485214233e-02
2.645732462406158447e-02
-4.059140384197235107e-02
-1.710476577281951904e-01
-3.388589993119239807e-02
-5.808884650468826294e-02
-3.006177209317684174e-02
-6.104348227381706238e-02
-5.422352626919746399e-02
-3.697684407234191895e-02
1.385791972279548645e-02
6.201544031500816345e-02
-8.559143543243408203e-02
5.411062762141227722e-02
-1.252771634608507156e-02
8.851774036884307861e-03
-1.871410943567752838e-02
-2.991307293996214867e-03
-7.221028208732604980e-02
7.483811676502227783e-02
9.441684186458587646e-02
1.057656779885292053e-01
-9.818258136510848999e-02
2.765147015452384949e-03
1.390289664268493652e-01
-1.635300926864147186e-02
9.165952354669570923e-02
9.723316878080368042e-03
-3.900397941470146179e-02
-2.599001117050647736e-02
4.342658072710037231e-02
5.705216899514198303e-02
-6.467020511627197266e-02
-4.149513319134712219e-02
1.044428050518035889e-01
5.967563483864068985e-03
4.440990835428237915e-02
-5.790775269269943237e-02
1.940676826052367687e-03
-4.974637180566787720e-02
-1.045490503311157227e-01
-1.027421653270721436e-01
9.209547936916351318e-02
5.297829862684011459e-03
8.927417546510696411e-02
-9.392711520195007324e-02
4.002632573246955872e-02
4.015673324465751648e-02
2.554420940577983856e-02
-8.084242790937423706e-02
2.119690179824829102e-02
1.002731621265411377e-01
3.986248373985290527e-02
3.039878606796264648e-02
5.900128185749053955e-02
5.187348276376724243e-02
-1.373002082109451294e-01
-6.929801404476165771e-02
-5.270704254508018494e-02
7.699955254793167114e-02
6.465169135481119156e-03
-1.606335490942001343e-02
1.784694194793701172e-02
-6.218405812978744507e-02
-5.456537753343582153e-02
2.464517019689083099e-02
-2.867806702852249146e-02
-5.026928335428237915e-02
-3.858631849288940430e-02
9.965965151786804199e-02
9.178978390991687775e-03
-7.088459283113479614e-02
4.692150279879570007e-03
-1.199826714582741261e-03
1.036484763026237488e-01
-2.511358819901943207e-02
-3.806231543421745300e-02
-2.975802496075630188e-02
-5.588503088802099228e-03
4.167509451508522034e-02
3.371294960379600525e-02
-5.126241222023963928e-02
-5.079531297087669373e-02
1.528925001621246338e-01
1.274982690811157227e-01
-5.122908949851989746e-02
4.247232526540756226e-02
4.661328345537185669e-02
-2.350950799882411957e-02
-7.373105734586715698e-02
-1.040404103696346283e-02
-3.082852810621261597e-02
5.365958204492926598e-04
-1.690284162759780884e-02
1.800920069217681885e-02
-3.861167281866073608e-02
-9.417481720447540283e-03
7.679745554924011230e-02
-2.715099789202213287e-02
1.838953234255313873e-02
7.012633234262466431e-02
2.817438729107379913e-02
1.141274645924568176e-01
-1.726554334163665771e-02
-3.298049792647361755e-02
1.710065081715583801e-02
3.517661616206169128e-02
-1.490794494748115540e-02
1.065744552761316299e-02
-1.315680295228958130e-01
4.549337923526763916e-02
6.485414505004882812e-02
5.345441401004791260e-02
-2.179612591862678528e-02
-1.828529313206672668e-02
-2.049406431615352631e-02
2.401437237858772278e-02
-3.281062841415405273e-02
1.262400299310684204e-02
3.942159935832023621e-03
1.603795029222965240e-02
2.839443273842334747e-03
8.809947222471237183e-02
-3.106090798974037170e-02
3.328427299857139587e-02
1.462600659579038620e-03
-5.700045824050903320e-02
5.263438820838928223e-02
7.662270963191986084e-02
2.317014336585998535e-02
-8.747097849845886230e-02
9.075731039047241211e-02
1.303535699844360352e-02
4.337674379348754883e-02
-1.428549923002719879e-02
5.771276727318763733e-02
9.668962657451629639e-02
1.954015530645847321e-02
-1.525840163230895996e-01
1.653840765357017517e-02
1.971366815268993378e-02
9.077456593513488770e-02
-5.093735083937644958e-02
4.962936043739318848e-02
-8.226272650063037872e-03
-6.248697638511657715e-02
-4.263146221637725830e-02
6.061362847685813904e-02
-3.880089521408081055e-02
-6.495782732963562012e-02
-6.222716346383094788e-02
-3.279804065823554993e-02
-4.669363051652908325e-02
2.156214229762554169e-02
1.113605275750160217e-01
-1.540074963122606277e-02
9.577803313732147217e-02
-1.099680960178375244e-01
-3.006350807845592499e-02
-5.458408221602439880e-02
1.230241917073726654e-02
2.472866699099540710e-02
-6.918860971927642822e-02
