1.651367545127868652e-01
-1.066719461232423782e-02
4.335751757025718689e-02
-4.862291738390922546e-02
-5.649054422974586487e-02
-4.789013415575027466e-02
-1.043078377842903137e-01
-4.390788078308105469e-02
8.378416299819946289e-02
5.632607266306877136e-02
1.264189369976520538e-02
-3.687693923711776733e-02
2.726314123719930649e-04
-9.837912768125534058e-02
2.922667190432548523e-02
-5.225138738751411438e-02
5.019634589552879333e-02
9.125616401433944702e-02
1.238691620528697968e-02
-3.575085103511810303e-02
-3.418752178549766541e-02
5.796016659587621689e-03
2.559138461947441101e-02
-1.977751404047012329e-02
-4.618493095040321350e-02
-1.130924075841903687e-01
3.232183307409286499e-02
-6.891395151615142822e-02
-1.100282892584800720e-01
-9.429426491260528564e-02
6.840764731168746948e-02
-3.979124501347541809e-02
-4.698865860700607300e-02
-9.128674864768981934e-02
1.956618018448352814e-02
-1.680352352559566498e-02
4.041188955307006836e-02
-2.431660331785678864e-02
-4.776246845722198486e-02
-4.638154804706573486e-02
6.886957585811614990e-02
-3.414242714643478394e-02
3.323767334222793579e-02
8.469292521476745605e-02
4.309577122330665588e-02
3.269090875983238220e-02
-1.297905296087265015e-01
-6.527297664433717728e-03
-1.549649704247713089e-02
-4.658680036664009094e-02
-1.786874234676361084e-01
6.458704918622970581e-02
1.162870973348617554e-01
-8.277080953121185303e-02
-6.118450313806533813e-02
6.108885630965232849e-02
-3.431215509772300720e-02
1.649623620323836803e-03
1.582703441381454468e-01
-4.059822857379913330e-02
5.631829798221588135e-02
4.893924295902252197e-02
-5.597394332289695740e-02
-1.165813766419887543e-03
-6.221719086170196533e-02
-8.100998401641845703e-02
-6.068275868892669678e-02
-9.848089516162872314e-02
-3.617151814978569746e-04
-5.316963791847229004e-02
-9.008192270994186401e-02
-1.029465794563293457e-01
1.410479098558425903e-01
-9.115629643201828003e-02
-1.201846227049827576e-01
6.978663057088851929e-02
-1.015545204281806946e-01
5.157072842121124268e-02
1.017814129590988159e-02
-1.796906739473342896e-01
4.673619940876960754e-02
4.974943771958351135e-02
-3.493251046165823936e-03
4.994114115834236145e-02
-7.032405585050582886e-02
5.795584246516227722e-02
-3.730824962258338928e-02
5.477159097790718079e-02
1.418635528534650803e-02
-2.990680746734142303e-02
-1.567765474319458008e-01
-1.725728623569011688e-02
-7.243032008409500122e-02
-2.762822248041629791e-02
-6.006880477070808411e-02
-5.277382954955101013e-02
-3.157987818121910095e-02
1.310393959283828735e-02
6.469978392124176025e-02
-9.255027025938034058e-02
4.988620430231094360e-02
-1.938670407980680466e-03
3.311187960207462311e-03
-6.761020049452781677e-03
5.527233239263296127e-03
-5.981696024537086487e-02
7.177439332008361816e-02
1.102005615830421448e-01
8.896333724260330200e-02
-1.066970005631446838e-01
-6.279730005189776421e-04
1.330323517322540283e-01
-2.458688430488109589e-02
7.540318369865417480e-02
1.691905781626701355e-02
-3.110631555318832397e-02
-2.422267012298107147e-02
5.704021826386451721e-02
6.576861441135406494e-02
-6.479696929454803467e-02
-5.436903983354568481e-02
9.525157511234283447e-02
1.693124696612358093e-02
5.829182267189025879e-02
-4.742690175771713257e-02
6.858803331851959229e-03
-5.165015161037445068e-02
-1.066927462816238403e-01
-1.113885268568992615e-01
8.994775265455245972e-02
-3.983052738476544619e-04
8.679853379726409912e-02
-9.559217095375061035e-02
4.639451205730438232e-02
3.523214161396026611e-02
3.842727094888687134e-02
-9.288807958364486694e-02
5.137983709573745728e-02
1.212837025523185730e-01
3.771882876753807068e-02
4.628777876496315002e-02
5.865955725312232971e-02
5.331595242023468018e-02
-1.446028798818588257e-01
-4.823561385273933411e-02
-5.426247417926788330e-02
8.144227415323257446e-02
7.303142920136451721e-03
-1.708511263132095337e-02
2.773486636579036713e-02
-5.742675811052322388e-02
-3.937837108969688416e-02
2.740886248648166656e-02
-4.014547914266586304e-02
-5.330389365553855896e-02
-4.549580439925193787e-02
1.050820797681808472e-01
2.700527757406234741e-02
-8.065579831600189209e-02
2.293231431394815445e-03
-1.690227352082729340e-02
9.438923001289367676e-02
-4.408831708133220673e-03
-5.169227719306945801e-02
-3.329657018184661865e-02
-1.564195193350315094e-02
2.996213734149932861e-02
4.042647406458854675e-02
-3.735831752419471741e-02
-2.746307104825973511e-02
1.473125219345092773e-01
1.221139803528785706e-01
-3.864829614758491516e-02
4.465858265757560730e-02
4.161315411329269409e-02
-5.691504105925559998e-03
-6.322386115789413452e-02
-2.717159315943717957e-02
-2.399617619812488556e-02
-5.031543318182229996e-03
-3.152533899992704391e-03
2.376923337578773499e-02
-2.184885926544666290e-02
-2.693565003573894501e-02
9.411744773387908936e-02
-2.270374074578285217e-02
2.098886482417583466e-02
8.512937277555465698e-02
4.410121589899063110e-02
1.097277998924255371e-01
-2.243050187826156616e-02
-2.674272842705249786e-02
2.184218959882855415e-03
2.794530428946018219e-02
-1.388339605182409286e-02
1.008261647075414658e-02
-1.235240921378135681e-01
4.709737002849578857e-02
5.632279068231582642e-02
4.660560190677642822e-02
-1.667135953903198242e-02
-9.892393834888935089e-03
-2.418010123074054718e-02
9.071278385818004608e-03
-2.361130900681018829e-02
1.225938647985458374e-02
9.622297366149723530e-04
1.783665455877780914e-02
6.851414684206247330e-03
8.894710987806320190e-02
-1.790493354201316833e-02
3.210910782217979431e-02
8.843376301229000092e-03
-5.044830217957496643e-02
4.265278950333595276e-02
6.037129461765289307e-02
8.315710350871086121e-03
-8.795771002769470215e-02
8.395333588123321533e-02
5.117975641041994095e-03
3.629965335130691528e-02
-2.166548743844032288e-03
5.756941437721252441e-02
9.665958583354949951e-02
2.147156745195388794e-03
-1.097440123558044434e-01
2.270508185029029846e-02
3.840649034827947617e-03
6.916717439889907837e-02
-3.827514499425888062e-02
4.566482454538345337e-02
-1.177379675209522247e-02
-4.056658968329429626e-02
-4.564321041107177734e-02
5.146092176437377930e-02
-3.389770910143852234e-02
-5.339559540152549744e-02
-5.008098483085632324e-02
-2.075749263167381287e-02
-3.982611373066902161e-02
3.639449179172515869e-02
9.029707312583923340e-02
-1.196299679577350616e-02
1.003360748291015625e-01
-9.091221541166305542e-02
-2.662908472120761871e-02
-4.251927509903907776e-02
2.700452134013175964e-02
7.087062112987041473e-03
-6.468389928340911865e-02
