1.198097094893455505e-01
-1.070488709956407547e-02
2.208400331437587738e-02
-2.495099231600761414e-02
-3.974524885416030884e-02
-1.227360032498836517e-02
-7.574261724948883057e-02
-3.950499370694160461e-02
6.790266185998916626e-02
2.607481367886066437e-02
2.561248838901519775e-02
-3.188205882906913757e-02
-4.209693521261215210e-03
-7.353127747774124146e-02
1.417114306241273880e-02
-4.204604774713516235e-02
3.102306276559829712e-02
6.511212140321731567e-02
-9.179911576211452484e-03
-1.860129833221435547e-02
-4.091806709766387939e-02
3.559723962098360062e-03
3.728487063199281693e-03
-3.141880035400390625e-02
-2.874192781746387482e-02
-9.506690502166748047e-02
4.078779742121696472e-02
-5.311281979084014893e-02
-9.350708872079849243e-02
-1.115501970052719116e-01
6.977037340402603149e-02
-4.736122861504554749e-02
-4.883892834186553955e-02
-6.474154442548751831e-02
3.289194777607917786e-02
-1.274265255779027939e-02
2.252731285989284515e-02
-1.816941052675247192e-02
-4.835123568773269653e-02
-3.563147410750389099e-02
6.150176003575325012e-02
-1.378368213772773743e-02
3.634602203965187073e-02
7.615778595209121704e-02
3.302830085158348083e-02
1.758317835628986359e-02
-1.320547908544540405e-01
1.750109158456325531e-02
-2.032556198537349701e-02
-4.233124479651451111e-02
-1.738011837005615234e-01
6.813605129718780518e-02
1.089146956801414490e-01
-1.005218476057052612e-01
-4.847503080964088440e-02
4.869256541132926941e-02
-2.921904250979423523e-02
-1.287071127444505692e-02
1.541104465723037720e-01
-1.924560964107513428e-02
5.851914733648300171e-02
4.985433816909790039e-02
-5.931088328361511230e-02
3.912488464266061783e-03
-6.575583666563034058e-02
-5.632042884826660156e-02
-5.203707516193389893e-02
-1.168456077575683594e-01
-9.624661877751350403e-03
-5.700777098536491394e-02
-1.034388691186904907e-01
-1.026752963662147522e-01
1.457160562276840210e-01
-8.315226435661315918e-02
-1.471532732248306274e-01
4.967899993062019348e-02
-8.754518628120422363e-02
7.854487001895904541e-02
1.672413013875484467e-02
-1.989346891641616821e-01
3.346016258001327515e-02
3.885661065578460693e-02
3.529886482283473015e-03
7.496205717325210571e-02
-5.735720321536064148e-02
5.016297474503517151e-02
-3.673526644706726074e-02
5.788850784301757812e-02
2.252156846225261688e-02
-4.498651251196861267e-02
-1.748567372560501099e-01
-2.542769908905029297e-02
-6.341664493083953857e-02
-4.228431358933448792e-02
-6.646353751420974731e-02
-4.657943174242973328e-02
-3.146830946207046509e-02
2.063304185867309570e-02
6.438829749822616577e-02
-7.489464432001113892e-02
4.869291186332702637e-02
-9.367079474031925201e-03
1.315924897789955139e-02
-1.847490668296813965e-02
-6.665469845756888390e-04
-7.216618955135345459e-02
6.884261965751647949e-02
1.010303497314453125e-01
1.008822917938232422e-01
-9.154494106769561768e-02
-2.183050150051712990e-03
1.350682526826858521e-01
-1.331470441073179245e-02
8.985053747892379761e-02
1.097959466278553009e-02
-3.135112673044204712e-02
-3.857524320483207703e-02
4.202551394701004028e-02
6.639726459980010986e-02
-6.947527825832366943e-02
-4.878301918506622314e-02
1.100977435708045959e-01
7.543072104454040527e-03
3.308717906475067139e-02
-5.663643404841423035e-02
9.178810752928256989e-03
-6.070105358958244324e-02
-9.916523098945617676e-02
-9.398247301578521729e-02
8.875368535518646240e-02
3.124617040157318115e-03
8.460149914026260376e-02
-9.135115891695022583e-02
3.842089325189590454e-02
4.099504277110099792e-02
1.937533356249332428e-02
-7.593938708305358887e-02
2.300494536757469177e-02
1.034575551748275757e-01
3.750070929527282715e-02
1.934142969548702240e-02
6.303724646568298340e-02
4.353845119476318359e-02
-1.465078592300415039e-01
-6.551958620548248291e-02
-5.291544273495674133e-02
6.456287205219268799e-02
8.206924423575401306e-03
-1.312175951898097992e-02
2.635083720088005066e-02
-6.660773605108261108e-02
-4.483398795127868652e-02
2.191599085927009583e-02
-3.518466651439666748e-02
-4.613589495420455933e-02
-4.197690635919570923e-02
8.854477852582931519e-02
-3.298629773780703545e-03
-7.891456782817840576e-02
7.683365140110254288e-03
5.006174556910991669e-03
1.234016418457031250e-01
-2.989066205918788910e-02
-3.383164107799530029e-02
-2.647353336215019226e-02
1.504559651948511600e-03
5.797547101974487305e-02
2.270250022411346436e-02
-4.892410337924957275e-02
-5.743472650647163391e-02
1.525009870529174805e-01
1.469784229993820190e-01
-5.494676530361175537e-02
4.757412150502204895e-02
4.738425090909004211e-02
-2.361351810395717621e-02
-7.078214734792709351e-02
-4.645848181098699570e-03
-2.835853397846221924e-02
1.227413420565426350e-03
-1.841713860630989075e-02
1.634688675403594971e-02
-4.458831250667572021e-02
-6.373281124979257584e-03
7.302573323249816895e-02
-2.281834371387958527e-02
1.542345527559518814e-02
6.747125834226608276e-02
3.244918957352638245e-02
1.228784248232841492e-01
-1.257046591490507126e-02
-3.366742283105850220e-02
2.123664505779743195e-02
3.911174088716506958e-02
-1.607999950647354126e-02
6.820519454777240753e-03
-1.332358717918395996e-01
5.573191121220588684e-02
5.986884608864784241e-02
6.513107568025588989e-02
-1.976311393082141876e-02
-2.546757832169532776e-02
-2.461643144488334656e-02
2.874930575489997864e-02
-3.327079489827156067e-02
1.001273095607757568e-02
-2.071981783956289291e-03
1.277403999119997025e-02
-1.401368156075477600e-02
1.083459034562110901e-01
-2.899315394461154938e-02
2.816349640488624573e-02
6.293663755059242249e-03
-5.509982630610466003e-02
6.254136562347412109e-02
8.049932867288589478e-02
2.234092913568019867e-02
-9.659478813409805298e-02
8.665411174297332764e-02
4.023266024887561798e-03
4.503887519240379333e-02
-1.117824018001556396e-02
6.030735000967979431e-02
8.743789792060852051e-02
2.034344337880611420e-02
-1.427187025547027588e-01
1.063126605004072189e-02
2.058385312557220459e-02
8.528301864862442017e-02
-3.722935914993286133e-02
4.178011044859886169e-02
-1.551542617380619049e-02
-5.844991654157638550e-02
-3.852902352809906006e-02
6.885982304811477661e-02
-3.632489964365959167e-02
-6.568953394889831543e-02
-5.820398405194282532e-02
-3.435532748699188232e-02
-3.091501817107200623e-02
2.791531197726726532e-02
1.156625747680664062e-01
-1.403548661619424820e-02
7.955870032310485840e-02
-1.181761622428894043e-01
-3.187644481658935547e-02
-4.195975512266159058e-02
2.155647845938801765e-03
2.799024619162082672e-02
-5.971923097968101501e-02
