2.089469730854034424e-01
-1.354121696203947067e-02
4.406253620982170105e-02
-7.179962843656539917e-02
-5.248228460550308228e-02
-4.914623498916625977e-02
-1.168710961937904358e-01
-6.562697887420654297e-02
7.590962946414947510e-02
7.391588389873504639e-02
-2.596121339593082666e-05
-6.610750406980514526e-02
-1.290439534932374954e-02
-1.081613376736640930e-01
1.192377973347902298e-02
-6.205642223358154297e-02
3.187758848071098328e-02
9.967342764139175415e-02
2.832535468041896820e-02
-2.068438567221164703e-02
-5.219535529613494873e-02
-2.262193523347377777e-02
2.666761912405490875e-02
-1.247616391628980637e-02
-7.001681625843048096e-02
-1.387846022844314575e-01
2.956524677574634552e-02
-7.836771756410598755e-02
-1.220999881625175476e-01
-1.054340898990631104e-01
7.989818602800369263e-02
-7.528445869684219360e-02
-7.193956524133682251e-02
-6.804744899272918701e-02
3.147064894437789917e-02
-2.613640390336513519e-02
2.547699585556983948e-02
-3.251282498240470886e-02
-3.762070089578628540e-02
-5.080855637788772583e-02
2.977362088859081268e-02
-2.988202124834060669e-02
4.483288899064064026e-02
6.097751855850219727e-02
6.639166921377182007e-02
3.323862329125404358e-02
-1.162494346499443054e-01
2.507783845067024231e-02
-2.640909515321254730e-02
-2.402057126164436340e-02
-1.606321483850479126e-01
5.143450945615768433e-02
1.184499040246009827e-01
-9.124666452407836914e-02
-3.846345096826553345e-02
3.439933061599731445e-02
-3.442845866084098816e-02
3.050958737730979919e-02
1.505408138036727905e-01
-9.219130501151084900e-03
5.214226990938186646e-02
3.812984004616737366e-02
-6.393242627382278442e-02
-2.935780677944421768e-03
-7.339602708816528320e-02
-5.298298597335815430e-02
-5.052680149674415588e-02
-8.959655463695526123e-02
4.926364403218030930e-03
-2.865197323262691498e-02
-1.004413217306137085e-01
-7.285646349191665649e-02
1.371395587921142578e-01
-7.597967982292175293e-02
-1.168245524168014526e-01
5.545229837298393250e-02
-5.806015804409980774e-02
7.106992602348327637e-02
9.805111214518547058e-03
-1.530011594295501709e-01
5.040783807635307312e-02
6.321427226066589355e-02
2.751547843217849731e-02
5.358360707759857178e-02
-5.161435157060623169e-02
5.285013839602470398e-02
-1.555092912167310715e-02
6.211661547422409058e-02
2.562247216701507568e-02
-3.516322001814842224e-02
-1.441455930471420288e-01
-2.444502152502536774e-02
-6.377177685499191284e-02
-1.854940690100193024e-02
-3.745415806770324707e-02
-6.126386672258377075e-02
-2.252386696636676788e-02
3.315490484237670898e-02
7.814501225948333740e-02
-9.357740730047225952e-02
4.956663399934768677e-02
-1.102177659049630165e-03
1.226854231208562851e-02
-2.856908179819583893e-02
-2.635356970131397247e-02
-5.215690657496452332e-02
4.747268185019493103e-02
8.715777099132537842e-02
8.719179034233093262e-02
-9.330917894840240479e-02
-6.600717082619667053e-03
1.345130354166030884e-01
-4.772481694817543030e-02
7.547777146100997925e-02
4.622676409780979156e-03
-5.913168657571077347e-03
-1.055793836712837219e-02
5.623455718159675598e-02
4.975110664963722229e-02
-6.224698200821876526e-02
-2.544414810836315155e-02
1.059924289584159851e-01
-3.893441986292600632e-03
4.377797618508338928e-02
-4.046479240059852600e-02
1.874091476202011108e-02
-4.435059428215026855e-02
-7.921945303678512573e-02
-1.023593321442604065e-01
1.119455099105834961e-01
3.300041134934872389e-04
7.430582493543624878e-02
-9.094469249248504639e-02
3.559393808245658875e-02
4.547805711627006531e-02
6.998089142143726349e-03
-6.454646587371826172e-02
1.444941014051437378e-02
8.995795994997024536e-02
5.572361499071121216e-02
3.244247753173112869e-03
6.053650751709938049e-02
7.927156984806060791e-03
-1.293660402297973633e-01
-6.912135332822799683e-02
-4.910266026854515076e-02
8.203119784593582153e-02
4.951223731040954590e-03
-1.281725056469440460e-02
-9.311285801231861115e-03
-7.772312313318252563e-02
-5.574601143598556519e-02
-1.239447738043963909e-03
-1.998965814709663391e-02
-4.099983349442481995e-02
-1.829347014427185059e-02
1.093504801392555237e-01
3.507411852478981018e-02
-5.977616459131240845e-02
-9.317059069871902466e-03
-1.352888066321611404e-03
8.771433681249618530e-02
-1.164529379457235336e-02
-3.632226586341857910e-02
-5.876912921667098999e-02
-2.307046763598918915e-02
3.524143621325492859e-02
5.660508200526237488e-02
-3.825331106781959534e-02
-6.697986274957656860e-02
1.671799570322036743e-01
1.278134286403656006e-01
-5.489823967218399048e-02
5.650561675429344177e-02
3.937463089823722839e-02
-1.581030339002609253e-02
-7.286762446165084839e-02
-7.477497216314077377e-03
-4.715171456336975098e-02
-5.719899199903011322e-03
-4.454906564205884933e-03
1.123588904738426208e-02
-3.537010028958320618e-02
-1.100766472518444061e-03
8.321938663721084595e-02
-8.266718126833438873e-03
2.615791186690330505e-02
5.687625333666801453e-02
2.561595849692821503e-02
1.071668043732643127e-01
-3.054642118513584137e-02
-2.530031651258468628e-02
3.305277228355407715e-02
2.508911117911338806e-02
-4.528871737420558929e-03
1.835914514958858490e-02
-9.839711338281631470e-02
5.365889146924018860e-02
4.908160120248794556e-02
5.344259738922119141e-02
-2.558253519237041473e-02
-3.640449419617652893e-02
-3.145484626293182373e-02
1.346606947481632233e-02
-3.355529159307479858e-02
-2.766268886625766754e-02
2.117409603670239449e-03
3.185012564063072205e-02
-7.279269862920045853e-03
8.868359774351119995e-02
-4.724569991230964661e-02
3.596293553709983826e-02
1.015305519104003906e-02
-6.316073238849639893e-02
6.093234568834304810e-02
5.184484645724296570e-02
2.350245788693428040e-02
-6.678941100835800171e-02
4.941582679748535156e-02
-6.782520096749067307e-03
2.348614297807216644e-02
-9.477491490542888641e-03
2.920721843838691711e-02
6.941632926464080811e-02
1.158433780074119568e-02
-1.202293634414672852e-01
3.540495038032531738e-02
2.512010745704174042e-02
7.858343422412872314e-02
-4.599347338080406189e-02
1.866405829787254333e-02
-2.656355686485767365e-02
-5.154816433787345886e-02
-4.058644548058509827e-02
8.953280746936798096e-02
-3.964431956410408020e-02
-8.460582792758941650e-02
-4.156304523348808289e-02
-3.963030129671096802e-02
-4.092730209231376648e-02
3.121700137853622437e-02
1.175316870212554932e-01
-9.227465838193893433e-03
1.169313713908195496e-01
-1.550997346639633179e-01
-1.835438609123229980e-02
-7.139074802398681641e-02
-9.250286035239696503e-03
3.279558941721916199e-02
-7.440117001533508301e-02
