1.120480000972747803e-01
-1.975173503160476685e-02
2.853154577314853668e-02
-3.371825441718101501e-02
-4.010175913572311401e-02
-1.473407912999391556e-02
-8.520079404115676880e-02
-4.707483202219009399e-02
6.837324798107147217e-02
4.268765822052955627e-02
2.074960246682167053e-02
-3.187858685851097107e-02
-5.593582522124052048e-03
-7.863089442253112793e-02
1.234906725585460663e-02
-5.456289276480674744e-02
2.918147295713424683e-02
7.115046679973602295e-02
-1.574939675629138947e-02
-1.874288171529769897e-02
-2.411440946161746979e-02
1.441338751465082169e-02
7.154875900596380234e-03
-3.296063095331192017e-02
-3.006975911557674408e-02
-9.843720495700836182e-02
4.214640334248542786e-02
-5.978108942508697510e-02
-1.078180372714996338e-01
-1.083350032567977905e-01
7.397042214870452881e-02
-3.685805201530456543e-02
-6.250669807195663452e-02
-7.171130180358886719e-02
3.518077358603477478e-02
-1.237350422888994217e-02
8.947088383138179779e-03
-3.602752834558486938e-02
-4.639992490410804749e-02
-3.761695325374603271e-02
6.615272909402847290e-02
-1.834245957434177399e-02
3.459008783102035522e-02
8.829443156719207764e-02
2.788851410150527954e-02
5.740032065659761429e-03
-1.376918256282806396e-01
2.821885421872138977e-02
-2.160677127540111542e-02
-4.770179465413093567e-02
-1.793383657932281494e-01
7.802323251962661743e-02
1.202477663755416870e-01
-1.078209429979324341e-01
-4.941358789801597595e-02
5.708332732319831848e-02
-2.133981324732303619e-02
-2.391046873526647687e-04
1.656817346811294556e-01
-2.219392731785774231e-02
6.463451683521270752e-02
5.545196309685707092e-02
-6.858906894922256470e-02
-5.746904760599136353e-03
-6.221149489283561707e-02
-6.460751593112945557e-02
-5.621067062020301819e-02
-1.126219630241394043e-01
-1.776484213769435883e-02
-6.112571805715560913e-02
-1.042262390255928040e-01
-9.821570664644241333e-02
1.384700685739517212e-01
-8.991365879774093628e-02
-1.407884806394577026e-01
6.047870963811874390e-02
-8.386524021625518799e-02
7.232409715652465820e-02
1.448330748826265335e-02
-2.093418389558792114e-01
4.321280866861343384e-02
4.865744709968566895e-02
4.431089852005243301e-03
7.495518773794174194e-02
-6.744679808616638184e-02
4.994223266839981079e-02
-4.646179452538490295e-02
5.529060959815979004e-02
2.013703063130378723e-02
-4.693403467535972595e-02
-1.698574423789978027e-01
-3.900692239403724670e-02
-6.316918134689331055e-02
-3.603353723883628845e-02
-6.665312498807907104e-02
-6.509705632925033569e-02
-3.006420098245143890e-02
1.140115130692720413e-02
5.048945546150207520e-02
-8.791932463645935059e-02
5.013088136911392212e-02
-5.495672579854726791e-03
6.596823222935199738e-03
-2.504757605493068695e-02
7.197095546871423721e-03
-6.966384500265121460e-02
8.727238327264785767e-02
9.683753550052642822e-02
9.472859650850296021e-02
-1.024060770869255066e-01
4.773223772644996643e-03
1.290232539176940918e-01
-9.030188433825969696e-03
9.516254067420959473e-02
7.983665913343429565e-03
-2.906393259763717651e-02
-2.829551324248313904e-02
4.401800036430358887e-02
6.244683638215065002e-02
-5.669600516557693481e-02
-4.221707209944725037e-02
1.011749058961868286e-01
1.463787071406841278e-02
4.927036166191101074e-02
-6.844596564769744873e-02
2.498880028724670410e-03
-4.749957844614982605e-02
-1.074059382081031799e-01
-1.041448041796684265e-01
7.990152388811111450e-02
1.100049261003732681e-02
9.202692657709121704e-02
-8.878827095031738281e-02
3.643533214926719666e-02
3.124091401696205139e-02
1.668542437255382538e-02
-7.598882168531417847e-02
2.250746451318264008e-02
9.278594702482223511e-02
3.848347812891006470e-02
3.171309456229209900e-02
5.773302912712097168e-02
4.961844161152839661e-02
-1.384545266628265381e-01
-6.748017668724060059e-02
-5.069273710250854492e-02
8.061351627111434937e-02
1.129011157900094986e-02
-4.432821646332740784e-03
1.742457598447799683e-02
-6.111720204353332520e-02
-4.984820634126663208e-02
2.202042378485202789e-02
-2.197053655982017517e-02
-4.398391395807266235e-02
-4.483307898044586182e-02
1.031174510717391968e-01
3.868158906698226929e-03
-7.006590068340301514e-02
7.437688764184713364e-03
1.728048082441091537e-03
1.039234846830368042e-01
-3.508671000599861145e-02
-3.539220243692398071e-02
-2.523913793265819550e-02
-4.532580729573965073e-03
4.305296018719673157e-02
2.570448070764541626e-02
-5.318906903266906738e-02
-4.579434916377067566e-02
1.498688161373138428e-01
1.253100186586380005e-01
-4.505739361047744751e-02
3.369932994246482849e-02
4.511143639683723450e-02
-2.406804636120796204e-02
-8.026473224163055420e-02
-1.740636676549911499e-02
-2.063444443047046661e-02
4.395348485559225082e-03
-2.590552903711795807e-02
1.790011860430240631e-02
-3.841783478856086731e-02
-8.752991445362567902e-03
6.706479191780090332e-02
-2.496792003512382507e-02
2.151549421250820160e-02
6.716863065958023071e-02
2.847751043736934662e-02
1.181965768337249756e-01
-1.244271360337734222e-02
-2.134948037564754486e-02
9.206850081682205200e-03
3.237527608871459961e-02
-4.241398535668849945e-03
1.689940458163619041e-03
-1.266915947198867798e-01
4.153544455766677856e-02
7.147771120071411133e-02
4.780029132962226868e-02
-1.490650326013565063e-02
-2.409553900361061096e-02
-2.992690727114677429e-02
2.262777090072631836e-02
-3.420986607670783997e-02
5.001146346330642700e-03
2.333711367100477219e-03
2.553693577647209167e-02
5.763665772974491119e-03
9.512933343648910522e-02
-3.072938881814479828e-02
4.092143476009368896e-02
1.966709969565272331e-03
-5.960732698440551758e-02
5.892369896173477173e-02
7.573799788951873779e-02
3.345341607928276062e-02
-8.803184330463409424e-02
9.439009428024291992e-02
1.260350551456212997e-02
4.951256141066551208e-02
-1.575017347931861877e-02
5.699633434414863586e-02
9.843694418668746948e-02
1.254540774971246719e-02
-1.413152515888214111e-01
6.881731562316417694e-03
1.674578152596950531e-02
9.025287628173828125e-02
-4.591409116983413696e-02
5.020892620086669922e-02
-9.072135202586650848e-03
-5.225708335638046265e-02
-3.185774758458137512e-02
4.691066592931747437e-02
-3.393477573990821838e-02
-5.089367181062698364e-02
-6.311372667551040649e-02
-2.483714371919631958e-02
-4.283303767442703247e-02
1.880586333572864532e-02
9.680472314357757568e-02
-1.717418618500232697e-02
7.728023082017898560e-02
-9.082312881946563721e-02
-2.370466105639934540e-02
-4.746240377426147461e-02
1.140699256211519241e-03
1.515292841941118240e-02
-6.169838085770606995e-02
