1.322447210550308228e-01
-3.303853794932365417e-03
4.088700562715530396e-02
-3.370885550975799561e-02
-3.425071015954017639e-02
-3.713951632380485535e-02
-8.258612453937530518e-02
-4.426958784461021423e-02
4.180929064750671387e-02
3.031904436647891998e-02
1.244838815182447433e-02
-2.867131493985652924e-02
3.123354166746139526e-03
-8.108016848564147949e-02
1.279647555202245712e-02
-4.168771952390670776e-02
3.043737076222896576e-02
7.699234038591384888e-02
-1.401660405099391937e-02
-1.143271196633577347e-02
-1.066424604505300522e-02
-5.783680360764265060e-03
2.811896987259387970e-02
-2.663843892514705658e-02
-3.582159057259559631e-02
-9.825553745031356812e-02
3.611648827791213989e-02
-5.314948782324790955e-02
-1.014705747365951538e-01
-9.153946489095687866e-02
6.197443976998329163e-02
-3.594128042459487915e-02
-4.352673143148422241e-02
-7.512646168470382690e-02
3.737492859363555908e-02
-1.248806715011596680e-03
2.178418636322021484e-02
-4.077012836933135986e-02
-5.436659604310989380e-02
-5.713088810443878174e-02
6.290010362863540649e-02
-9.474345482885837555e-03
3.412389382719993591e-02
7.816986739635467529e-02
3.523255884647369385e-02
1.338003762066364288e-02
-1.342236101627349854e-01
3.723694011569023132e-02
-2.308597043156623840e-02
-4.575394093990325928e-02
-1.745279431343078613e-01
6.997053325176239014e-02
1.064635962247848511e-01
-8.431167155504226685e-02
-4.606572166085243225e-02
5.492944642901420593e-02
-2.650770172476768494e-02
-1.047760061919689178e-02
1.574175357818603516e-01
-2.441111765801906586e-02
6.796626001596450806e-02
4.496189951896667480e-02
-7.549899071455001831e-02
2.739851363003253937e-03
-6.578455120325088501e-02
-6.155389919877052307e-02
-6.094453483819961548e-02
-1.015916764736175537e-01
2.198202419094741344e-04
-6.547940522432327271e-02
-8.368718624114990234e-02
-9.694764763116836548e-02
1.306577473878860474e-01
-7.895079255104064941e-02
-1.255276948213577271e-01
5.694377049803733826e-02
-7.815960049629211426e-02
7.873764634132385254e-02
8.160726167261600494e-03
-1.914500445127487183e-01
3.539513796567916870e-02
6.624953448772430420e-02
1.926758512854576111e-02
6.501220166683197021e-02
-5.535956472158432007e-02
5.342742428183555603e-02
-4.751880094408988953e-02
5.987221375107765198e-02
3.077822737395763397e-02
-4.421183094382286072e-02
-1.676904261112213135e-01
-3.222233802080154419e-02
-5.348810553550720215e-02
-1.956735737621784210e-02
-5.826795846223831177e-02
-4.944651946425437927e-02
-3.684202581644058228e-02
1.866236887872219086e-02
7.231209427118301392e-02
-8.108008652925491333e-02
6.593305617570877075e-02
-1.044377405196428299e-02
1.597474887967109680e-02
-1.988038048148155212e-02
-3.089454257860779762e-03
-6.764821708202362061e-02
7.597050815820693970e-02
8.713470399379730225e-02
1.113883852958679199e-01
-1.036603525280952454e-01
2.615794539451599121e-03
1.428651660680770874e-01
-9.765445254743099213e-03
9.508179128170013428e-02
1.214620471000671387e-02
-4.135212302207946777e-02
-1.357543002814054489e-02
5.069800093770027161e-02
5.093789473176002502e-02
-6.361193209886550903e-02
-4.679458588361740112e-02
1.039849668741226196e-01
2.113627269864082336e-03
5.576358735561370850e-02
-5.819294601678848267e-02
-1.049594022333621979e-02
-4.861059039831161499e-02
-9.596682339906692505e-02
-1.073224768042564392e-01
1.065686941146850586e-01
1.103812176734209061e-02
9.372027218341827393e-02
-9.107476472854614258e-02
4.150516167283058167e-02
3.467877954244613647e-02
3.140961751341819763e-02
-7.680726051330566406e-02
2.066067233681678772e-02
1.077578440308570862e-01
4.099618270993232727e-02
3.094249777495861053e-02
5.296375229954719543e-02
6.221636384725570679e-02
-1.305855065584182739e-01
-8.040446788072586060e-02
-5.558047443628311157e-02
8.682822436094284058e-02
8.315263316035270691e-03
-1.066179294139146805e-02
1.853292249143123627e-02
-6.216717511415481567e-02
-6.447252631187438965e-02
3.191228210926055908e-02
-1.767412573099136353e-02
-4.423449188470840454e-02
-3.751034662127494812e-02
1.076502352952957153e-01
8.214423432946205139e-03
-6.701509654521942139e-02
8.627916686236858368e-03
-4.147443454712629318e-03
1.046555563807487488e-01
-3.156784176826477051e-02
-3.297985717654228210e-02
-1.784835197031497955e-02
-1.115074660629034042e-02
3.979526087641716003e-02
4.308405518531799316e-02
-4.502475634217262268e-02
-5.373320356011390686e-02
1.433925032615661621e-01
1.121913343667984009e-01
-3.862876817584037781e-02
4.548286274075508118e-02
5.091026797890663147e-02
-2.361220680177211761e-02
-8.214167505502700806e-02
-1.522557251155376434e-02
-4.653919860720634460e-02
3.326341742649674416e-03
-1.154059264808893204e-02
1.932047121226787567e-02
-2.681777440011501312e-02
-1.394259557127952576e-02
7.878121733665466309e-02
-3.136270493268966675e-02
3.027471154928207397e-02
6.975547969341278076e-02
1.847016811370849609e-02
1.061586886644363403e-01
-2.391117624938488007e-02
-2.913697995245456696e-02
7.684668060392141342e-03
2.728531695902347565e-02
-1.302586402744054794e-02
4.740138538181781769e-03
-1.314568817615509033e-01
4.461553320288658142e-02
7.103546708822250366e-02
5.193730071187019348e-02
-1.294688135385513306e-02
-1.250363979488611221e-02
-7.053155452013015747e-03
2.717804722487926483e-02
-2.498807385563850403e-02
1.239271834492683411e-02
7.732130587100982666e-03
1.966316625475883484e-02
1.270931307226419449e-02
8.330492675304412842e-02
-2.290782146155834198e-02
2.736841142177581787e-02
1.014796830713748932e-02
-5.617928132414817810e-02
4.578984901309013367e-02
7.323130220174789429e-02
2.170843444764614105e-02
-8.918160200119018555e-02
8.767797052860260010e-02
8.992634713649749756e-03
4.069351032376289368e-02
-1.421314012259244919e-02
6.462479382753372192e-02
9.723828732967376709e-02
2.340372279286384583e-02
-1.479017287492752075e-01
2.358549460768699646e-02
1.964448764920234680e-02
8.864244818687438965e-02
-6.857579946517944336e-02
5.370924994349479675e-02
-1.140135712921619415e-02
-7.633282989263534546e-02
-4.681766778230667114e-02
6.253718584775924683e-02
-4.161799326539039612e-02
-7.691579312086105347e-02
-6.786759942770004272e-02
-3.432194888591766357e-02
-5.881301313638687134e-02
2.347779273986816406e-02
1.098361015319824219e-01
-1.982126757502555847e-02
9.943072497844696045e-02
-1.126256063580513000e-01
-3.324662894010543823e-02
-6.421491503715515137e-02
2.372577600181102753e-02
1.742479950189590454e-02
-7.911734282970428467e-02
