1.310715675354003906e-01
-6.876069121062755585e-03
3.135553374886512756e-02
-3.717911615967750549e-02
-4.503850266337394714e-02
-3.187361359596252441e-02
-8.973135799169540405e-02
-3.657101094722747803e-02
7.193753123283386230e-02
5.321639776229858398e-02
1.560958195477724075e-02
-1.938652805984020233e-02
1.784921041689813137e-03
-9.289095550775527954e-02
2.395188063383102417e-02
-4.317995533347129822e-02
3.703615069389343262e-02
6.172244250774383545e-02
-3.630396444350481033e-03
-2.594833076000213623e-02
-2.927677147090435028e-02
-6.872407160699367523e-03
2.512020431458950043e-02
-1.777924783527851105e-02
-3.986663371324539185e-02
-9.056632965803146362e-02
3.141973540186882019e-02
-5.182227492332458496e-02
-8.314625173807144165e-02
-8.342415839433670044e-02
7.328676432371139526e-02
-4.263968765735626221e-02
-4.180154576897621155e-02
-8.978904783725738525e-02
3.305362910032272339e-02
-2.461772225797176361e-02
3.289413079619407654e-02
-2.804272808134555817e-02
-4.558272287249565125e-02
-3.315577283501625061e-02
5.420055612921714783e-02
-4.605651274323463440e-02
3.774924576282501221e-02
8.150690048933029175e-02
4.054814577102661133e-02
2.319586277008056641e-02
-1.345158219337463379e-01
-1.489348523318767548e-02
-9.784013964235782623e-03
-4.576207697391510010e-02
-1.663180440664291382e-01
6.498924642801284790e-02
1.112889871001243591e-01
-8.275189250707626343e-02
-5.963793396949768066e-02
5.063124746084213257e-02
-2.371942065656185150e-02
5.289736669510602951e-03
1.455592364072799683e-01
-3.868561983108520508e-02
5.591898784041404724e-02
5.454299226403236389e-02
-3.828777745366096497e-02
8.672683499753475189e-03
-6.698194891214370728e-02
-6.072031706571578979e-02
-7.210869342088699341e-02
-1.030740886926651001e-01
2.676715375855565071e-04
-6.553644686937332153e-02
-9.678336977958679199e-02
-9.182570129632949829e-02
1.450233310461044312e-01
-7.387026399374008179e-02
-1.203469559550285339e-01
6.946472823619842529e-02
-9.558223932981491089e-02
5.962134897708892822e-02
-6.487310747615993023e-04
-1.682228147983551025e-01
4.700917378067970276e-02
5.695130676031112671e-02
1.126672234386205673e-02
4.875411465764045715e-02
-6.407024711370468140e-02
6.540166586637496948e-02
-3.725333884358406067e-02
5.352868139743804932e-02
1.483932230621576309e-02
-3.619291260838508606e-02
-1.748222559690475464e-01
-5.420573055744171143e-03
-6.073921918869018555e-02
-2.531416155397891998e-02
-5.418852716684341431e-02
-5.551039427518844604e-02
-4.723869264125823975e-02
6.491828826256096363e-04
6.782008707523345947e-02
-8.735630661249160767e-02
6.749908626079559326e-02
-7.374184206128120422e-03
1.237806491553783417e-02
-2.429784648120403290e-02
-1.111172605305910110e-02
-7.465405017137527466e-02
7.035003602504730225e-02
1.158024072647094727e-01
1.062635481357574463e-01
-1.109422072768211365e-01
-4.169270396232604980e-03
1.445999145507812500e-01
-2.902196533977985382e-02
8.461717516183853149e-02
1.970728859305381775e-02
-4.575131088495254517e-02
-2.219443023204803467e-02
5.544450506567955017e-02
6.484427303075790405e-02
-8.645848929882049561e-02
-5.507797375321388245e-02
1.036025807261466980e-01
6.809433922171592712e-03
6.482238322496414185e-02
-4.726066812872886658e-02
4.697070457041263580e-03
-6.041051074862480164e-02
-1.275678277015686035e-01
-1.163412034511566162e-01
1.000292152166366577e-01
2.228036755695939064e-04
9.410727769136428833e-02
-9.541911631822586060e-02
4.771618172526359558e-02
4.008113592863082886e-02
4.781837388873100281e-02
-8.896438032388687134e-02
4.588409885764122009e-02
1.319893598556518555e-01
4.437984153628349304e-02
4.062581807374954224e-02
7.617169618606567383e-02
4.514116421341896057e-02
-1.504628658294677734e-01
-6.658794730901718140e-02
-6.235802546143531799e-02
7.729058712720870972e-02
6.926775444298982620e-03
-2.286694757640361786e-02
1.954367384314537048e-02
-6.716644763946533203e-02
-5.438001826405525208e-02
2.283455803990364075e-02
-4.272155091166496277e-02
-5.021781101822853088e-02
-4.602960497140884399e-02
1.096896976232528687e-01
3.146633505821228027e-02
-8.761042356491088867e-02
1.017015241086483002e-02
-1.608784683048725128e-02
1.046552434563636780e-01
-1.797882281243801117e-02
-6.112862378358840942e-02
-3.959012404084205627e-02
-1.430979091674089432e-02
3.127009794116020203e-02
4.486321657896041870e-02
-5.248281732201576233e-02
-4.297851398587226868e-02
1.606801003217697144e-01
1.377038955688476562e-01
-3.579401969909667969e-02
4.211923852562904358e-02
5.235139280557632446e-02
-2.057460136711597443e-02
-7.734838873147964478e-02
-3.042622096836566925e-02
-3.074130043387413025e-02
-1.447593327611684799e-03
3.560359124094247818e-03
3.194473683834075928e-02
-4.519086703658103943e-02
-1.727675274014472961e-02
1.069770529866218567e-01
-1.487496867775917053e-02
1.120572630316019058e-02
1.010967716574668884e-01
4.407846555113792419e-02
1.107489317655563354e-01
-2.399129420518875122e-02
-2.820002101361751556e-02
7.693686056882143021e-03
2.955798991024494171e-02
-2.006688341498374939e-02
2.485566586256027222e-02
-1.222127005457878113e-01
3.887728229165077209e-02
5.554883554577827454e-02
5.475029349327087402e-02
-2.867873758077621460e-02
-6.934856995940208435e-03
-3.633996099233627319e-02
8.491608314216136932e-03
-3.060655109584331512e-02
1.266810018569231033e-02
8.881617337465286255e-03
5.026091355830430984e-03
7.469689589925110340e-04
8.659926056861877441e-02
-3.522522002458572388e-02
2.818844839930534363e-02
1.570131070911884308e-02
-5.149444565176963806e-02
4.348284751176834106e-02
4.910492151975631714e-02
-1.210982259362936020e-02
-8.055508881807327271e-02
8.220584690570831299e-02
-2.260813926113769412e-05
3.733205795288085938e-02
-4.861611872911453247e-03
6.447044759988784790e-02
1.083515882492065430e-01
3.644971875473856926e-03
-1.098436862230300903e-01
3.948695957660675049e-02
2.159987017512321472e-02
6.894718855619430542e-02
-3.501909598708152771e-02
2.659468166530132294e-02
-1.288556680083274841e-02
-3.130481764674186707e-02
-4.272948205471038818e-02
5.271604284644126892e-02
-2.757725492119789124e-02
-5.278917029500007629e-02
-3.683843091130256653e-02
-6.249741651117801666e-03
-3.645759075880050659e-02
2.111944369971752167e-02
7.478408515453338623e-02
-1.191324181854724884e-02
7.799372822046279907e-02
-8.329160511493682861e-02
-1.826872304081916809e-02
-3.507495671510696411e-02
1.982558146119117737e-02
-1.857302151620388031e-03
-4.121072217822074890e-02
