1.342279464006423950e-01
1.131925359368324280e-02
3.302698582410812378e-02
-3.537813946604728699e-02
-2.151942439377307892e-02
-3.103373199701309204e-02
-7.730808109045028687e-02
-4.906323179602622986e-02
2.592479065060615540e-02
2.831973508000373840e-02
-9.382555261254310608e-03
-4.192616045475006104e-02
-3.780165454372763634e-03
-7.991293072700500488e-02
-5.918426439166069031e-03
-3.897679224610328674e-02
1.594917476177215576e-02
7.437554746866226196e-02
-7.896346971392631531e-03
3.332932246848940849e-03
-1.252207159996032715e-02
-2.594053559005260468e-02
2.629928477108478546e-02
-2.214621566236019135e-02
-4.754515364766120911e-02
-1.105719730257987976e-01
4.287476465106010437e-02
-5.851501226425170898e-02
-1.072578132152557373e-01
-1.006374359130859375e-01
5.919969826936721802e-02
-4.796433821320533752e-02
-4.740703850984573364e-02
-5.179869756102561951e-02
3.931241109967231750e-02
1.075137188308872283e-04
1.352104917168617249e-02
-5.741781368851661682e-02
-5.679506808519363403e-02
-6.215282529592514038e-02
4.643380269408226013e-02
1.300157140940427780e-02
3.898550942540168762e-02
6.556556373834609985e-02
5.089958384633064270e-02
1.676555536687374115e-02
-1.255588978528976440e-01
6.816244125366210938e-02
-3.010550327599048615e-02
-3.882226720452308655e-02
-1.603507399559020996e-01
6.424660980701446533e-02
1.109471619129180908e-01
-9.164843708276748657e-02
-2.558378316462039948e-02
3.942312672734260559e-02
-3.098022937774658203e-02
-5.204607732594013214e-03
1.513575464487075806e-01
-1.155522931367158890e-02
7.355093210935592651e-02
3.275767713785171509e-02
-8.774397522211074829e-02
1.825112849473953247e-04
-7.696051150560379028e-02
-4.634793847799301147e-02
-5.083988234400749207e-02
-9.498912841081619263e-02
3.545514307916164398e-03
-5.139416083693504333e-02
-8.113373816013336182e-02
-8.283925801515579224e-02
1.163045763969421387e-01
-6.749254465103149414e-02
-1.363931894302368164e-01
4.172160103917121887e-02
-4.965523630380630493e-02
9.575439989566802979e-02
2.045690780505537987e-03
-1.814452707767486572e-01
3.525162488222122192e-02
7.186558842658996582e-02
4.576021432876586914e-02
6.679641455411911011e-02
-4.520912468433380127e-02
4.579343274235725403e-02
-3.551901504397392273e-02
5.288552120327949524e-02
4.908192902803421021e-02
-4.482773318886756897e-02
-1.581994444131851196e-01
-3.684714809060096741e-02
-4.070979729294776917e-02
-1.538745127618312836e-02
-5.382732674479484558e-02
-5.124976485967636108e-02
-3.081258200109004974e-02
3.598328307271003723e-02
8.594109863042831421e-02
-8.491992205381393433e-02
6.883826851844787598e-02
-1.253931317478418350e-02
2.562561072409152985e-02
-2.421368844807147980e-02
-1.282988954335451126e-02
-5.728624761104583740e-02
6.473883986473083496e-02
7.285843789577484131e-02
1.224969029426574707e-01
-9.541547298431396484e-02
-2.560739871114492416e-03
1.570533066987991333e-01
-1.121407840400934219e-02
1.055908128619194031e-01
1.782498671673238277e-03
-2.258183248341083527e-02
-5.564128514379262924e-03
4.088410362601280212e-02
3.478124737739562988e-02
-5.983769521117210388e-02
-3.289502859115600586e-02
1.120074167847633362e-01
-4.762850701808929443e-03
4.936072975397109985e-02
-5.485155433416366577e-02
-1.200802810490131378e-02
-4.533836245536804199e-02
-7.194304466247558594e-02
-1.043565645813941956e-01
1.250636428594589233e-01
2.487604320049285889e-02
8.445362746715545654e-02
-1.017902344465255737e-01
3.819632530212402344e-02
4.104016348719596863e-02
7.231431547552347183e-03
-6.193920597434043884e-02
1.002668519504368305e-03
8.905667066574096680e-02
5.100074037909507751e-02
1.333296677330508828e-04
4.746443405747413635e-02
4.802599921822547913e-02
-1.245374530553817749e-01
-9.965141117572784424e-02
-5.577610805630683899e-02
9.727162867784500122e-02
6.050739437341690063e-03
6.682727253064513206e-04
1.070138532668352127e-02
-7.612597197294235229e-02
-7.697380334138870239e-02
2.150293625891208649e-02
1.001402968540787697e-03
-3.703457117080688477e-02
-2.616694942116737366e-02
1.098328828811645508e-01
1.974020851776003838e-03
-5.541631206870079041e-02
5.546813365072011948e-03
7.692344952374696732e-03
1.055771037936210632e-01
-3.487806767225265503e-02
-1.959987357258796692e-02
-2.194692566990852356e-02
-1.032756082713603973e-02
4.074147343635559082e-02
6.522154808044433594e-02
-5.850619822740554810e-02
-8.246111124753952026e-02
1.554167568683624268e-01
1.233983114361763000e-01
-4.316354915499687195e-02
5.607781186699867249e-02
5.626780167222023010e-02
-2.893815189599990845e-02
-9.186535328626632690e-02
-3.979490138590335846e-03
-6.257754564285278320e-02
1.218938361853361130e-02
-1.917396113276481628e-02
1.626285538077354431e-02
-2.327737212181091309e-02
-4.332147538661956787e-03
6.929899752140045166e-02
-2.198803797364234924e-02
4.447771608829498291e-02
5.256845057010650635e-02
1.318517234176397324e-02
1.105126887559890747e-01
-2.783584780991077423e-02
-2.393404953181743622e-02
2.791471034288406372e-02
2.437897771596908569e-02
-9.727176278829574585e-03
9.740446694195270538e-03
-1.255255192518234253e-01
5.632304400205612183e-02
7.217525690793991089e-02
6.139170750975608826e-02
-1.850865595042705536e-02
-3.612954542040824890e-02
1.904373639263212681e-03
4.017849266529083252e-02
-3.599205985665321350e-02
2.111278474330902100e-03
9.026433341205120087e-03
3.182182088494300842e-02
1.354549732059240341e-02
8.434718102216720581e-02
-2.558493055403232574e-02
3.011881373822689056e-02
5.144494120031595230e-03
-6.681062281131744385e-02
5.237328633666038513e-02
7.758909463882446289e-02
3.748888522386550903e-02
-8.675774186849594116e-02
7.241450995206832886e-02
3.600992960855364799e-03
3.436085954308509827e-02
-1.914749853312969208e-02
5.690520256757736206e-02
8.523448556661605835e-02
3.975614532828330994e-02
-1.633541733026504517e-01
3.224184736609458923e-02
3.208363428711891174e-02
9.583090245723724365e-02
-7.636314630508422852e-02
3.618659451603889465e-02
-1.597916521131992340e-02
-9.306647628545761108e-02
-4.414841160178184509e-02
6.625461578369140625e-02
-4.103161767125129700e-02
-8.166159689426422119e-02
-5.801565572619438171e-02
-3.836671635508537292e-02
-5.960940569639205933e-02
1.147718913853168488e-02
9.348339587450027466e-02
-2.195667289197444916e-02
8.393870294094085693e-02
-1.205471605062484741e-01
-2.624662034213542938e-02
-6.798075139522552490e-02
-2.552408492192625999e-03
3.080917522311210632e-02
-6.951788812875747681e-02
