1.634128093719482422e-01
3.393657738342881203e-03
3.699973225593566895e-02
-3.381266072392463684e-02
-3.845229372382164001e-02
-5.517989024519920349e-02
-8.978155255317687988e-02
-4.338713362812995911e-02
5.514858290553092957e-02
2.520828321576118469e-02
-1.031997264362871647e-03
-3.537574037909507751e-02
1.068800874054431915e-02
-8.994121104478836060e-02
2.272996306419372559e-02
-5.404680967330932617e-02
3.725711628794670105e-02
7.369177788496017456e-02
-8.204452693462371826e-03
-9.370819665491580963e-03
-2.482904121279716492e-02
-4.699858371168375015e-03
2.976993843913078308e-02
-2.739860117435455322e-02
-4.786191508173942566e-02
-1.014782637357711792e-01
4.271949455142021179e-02
-6.344217807054519653e-02
-1.092090159654617310e-01
-8.356417715549468994e-02
5.585125833749771118e-02
-3.550211712718009949e-02
-2.778290212154388428e-02
-8.178882300853729248e-02
2.206332981586456299e-02
-1.143189705908298492e-02
4.678642377257347107e-02
-2.593108639121055603e-02
-6.458280235528945923e-02
-5.488163605332374573e-02
6.748130172491073608e-02
-2.219713479280471802e-02
4.009537398815155029e-02
7.614216208457946777e-02
3.995223715901374817e-02
2.248563617467880249e-02
-1.290259212255477905e-01
1.368476822972297668e-02
-2.682099305093288422e-02
-5.275427177548408508e-02
-1.815697550773620605e-01
6.273443996906280518e-02
1.077013239264488220e-01
-8.092054724693298340e-02
-5.100410804152488708e-02
5.479775369167327881e-02
-3.717067092657089233e-02
-2.567031234502792358e-02
1.566343754529953003e-01
-1.897835917770862579e-02
6.119326129555702209e-02
4.027998447418212891e-02
-7.053484022617340088e-02
1.359626185148954391e-02
-6.696979701519012451e-02
-6.696875393390655518e-02
-5.005893111228942871e-02
-1.117153167724609375e-01
9.197033010423183441e-03
-5.138571560382843018e-02
-7.997942715883255005e-02
-1.066564396023750305e-01
1.402607113122940063e-01
-7.266183942556381226e-02
-1.275963336229324341e-01
5.719409883022308350e-02
-7.987607270479202271e-02
6.751973181962966919e-02
2.244473434984683990e-03
-1.756685525178909302e-01
3.925776854157447815e-02
5.510707944631576538e-02
5.404012277722358704e-03
5.729145929217338562e-02
-5.714802071452140808e-02
5.564534664154052734e-02
-2.788123674690723419e-02
5.750412493944168091e-02
3.168201446533203125e-02
-3.715920448303222656e-02
-1.771600246429443359e-01
-1.722679845988750458e-02
-6.329962611198425293e-02
-1.828501746058464050e-02
-5.636155605316162109e-02
-3.911351040005683899e-02
-3.421865776181221008e-02
2.697975933551788330e-02
1.037510037422180176e-01
-9.544306993484497070e-02
7.506280392408370972e-02
-1.228998508304357529e-02
2.198832295835018158e-02
-1.173243299126625061e-02
-4.873037803918123245e-03
-6.045293435454368591e-02
6.866524368524551392e-02
1.064851954579353333e-01
1.139457002282142639e-01
-9.731292724609375000e-02
-1.340286340564489365e-02
1.490027904510498047e-01
-8.061490952968597412e-03
9.343002736568450928e-02
1.856619492173194885e-02
-3.859518095850944519e-02
-1.982048526406288147e-02
5.773972347378730774e-02
6.623994559049606323e-02
-7.962045818567276001e-02
-7.290485501289367676e-02
1.102715060114860535e-01
3.996716812252998352e-03
5.325639620423316956e-02
-4.515900462865829468e-02
-4.860781598836183548e-03
-6.830476969480514526e-02
-9.147849678993225098e-02
-1.075823754072189331e-01
1.138274520635604858e-01
-3.770426614210009575e-03
8.716396987438201904e-02
-9.627407789230346680e-02
4.409715533256530762e-02
4.042485728859901428e-02
3.907601162791252136e-02
-8.617798984050750732e-02
3.721049055457115173e-02
1.238599792122840881e-01
5.419266596436500549e-02
3.524164855480194092e-02
4.323786497116088867e-02
6.719531863927841187e-02
-1.486718952655792236e-01
-6.469062715768814087e-02
-5.316738784313201904e-02
7.639733701944351196e-02
7.119935937225818634e-03
-1.232201140373945236e-02
3.197422996163368225e-02
-7.448337227106094360e-02
-5.722228810191154480e-02
3.589792177081108093e-02
-3.723357990384101868e-02
-5.186770856380462646e-02
-4.795674234628677368e-02
9.823308140039443970e-02
1.761369034647941589e-02
-7.466458529233932495e-02
5.943066906183958054e-03
-1.685629040002822876e-02
1.103226244449615479e-01
-1.832754537463188171e-02
-3.616068884730339050e-02
-1.769886910915374756e-02
-4.792120773345232010e-03
4.150747507810592651e-02
4.258407279849052429e-02
-3.907933086156845093e-02
-3.911764174699783325e-02
1.281820684671401978e-01
1.215223893523216248e-01
-3.897313028573989868e-02
5.744308605790138245e-02
5.325484275817871094e-02
-2.143807336688041687e-02
-6.976078450679779053e-02
-1.859189942479133606e-02
-4.199574515223503113e-02
4.168259911239147186e-03
-4.448789171874523163e-03
2.687465958297252655e-02
-2.564814314246177673e-02
-2.200724743306636810e-02
9.617201983928680420e-02
-2.143810130655765533e-02
2.575547434389591217e-02
7.306198775768280029e-02
2.691612392663955688e-02
1.022918745875358582e-01
-2.724025771021842957e-02
-3.381805121898651123e-02
2.158313989639282227e-03
2.009647153317928314e-02
-1.802239567041397095e-02
1.169991400092840195e-02
-1.260180026292800903e-01
5.107047781348228455e-02
5.782985687255859375e-02
6.188213825225830078e-02
-5.998261738568544388e-03
-6.396462209522724152e-03
-7.880892604589462280e-03
2.179323881864547729e-02
-2.842932008206844330e-02
1.472040638327598572e-02
-6.618636660277843475e-03
8.481638506054878235e-03
2.587210154160857201e-03
8.371990919113159180e-02
-1.265043020248413086e-02
1.707223244011402130e-02
1.972518162801861763e-03
-4.311841353774070740e-02
3.498679772019386292e-02
5.978056415915489197e-02
9.455434978008270264e-03
-9.026195853948593140e-02
7.829994708299636841e-02
-8.456436917185783386e-03
2.357329986989498138e-02
-2.084183041006326675e-03
6.055707857012748718e-02
9.522618353366851807e-02
1.624413579702377319e-02
-1.049578115344047546e-01
1.890335232019424438e-02
7.445533294230699539e-03
5.514996498823165894e-02
-4.102094471454620361e-02
3.726810961961746216e-02
-1.516379881650209427e-02
-5.115776136517524719e-02
-5.639579892158508301e-02
6.618825346231460571e-02
-3.056400641798973083e-02
-6.526488810777664185e-02
-4.076856002211570740e-02
-1.768459007143974304e-02
-3.451845422387123108e-02
3.744753077626228333e-02
9.787992388010025024e-02
-4.806219134479761124e-03
8.903202414512634277e-02
-1.070873290300369263e-01
-2.933451533317565918e-02
-4.609010368585586548e-02
3.287965431809425354e-02
1.075569353997707367e-02
-5.819880589842796326e-02
