1.234332695603370667e-01
-7.957025431096553802e-03
3.966550901532173157e-02
-3.920483961701393127e-02
-2.973062172532081604e-02
-3.399810194969177246e-02
-8.266636729240417480e-02
-4.730572924017906189e-02
4.265612363815307617e-02
3.886153548955917358e-02
1.746302470564842224e-02
-3.549369052052497864e-02
-1.788324327208101749e-03
-7.717197388410568237e-02
5.984149873256683350e-03
-3.577302396297454834e-02
2.894747629761695862e-02
7.700960338115692139e-02
-1.377456076443195343e-02
-1.720442622900009155e-02
-9.986903518438339233e-03
-2.080866601318120956e-03
2.190434001386165619e-02
-3.158383071422576904e-02
-3.410431742668151855e-02
-1.128559708595275879e-01
3.140497580170631409e-02
-5.608117952942848206e-02
-1.037209779024124146e-01
-9.681844711303710938e-02
7.335060089826583862e-02
-3.912959992885589600e-02
-6.035612151026725769e-02
-7.284110039472579956e-02
4.087596759200096130e-02
-2.239942783489823341e-03
1.206106320023536682e-02
-4.405041411519050598e-02
-4.668657481670379639e-02
-5.123163014650344849e-02
5.705851316452026367e-02
-1.581373997032642365e-02
2.980978041887283325e-02
7.863884419202804565e-02
3.597549721598625183e-02
1.223148778080940247e-02
-1.348298192024230957e-01
4.168935865163803101e-02
-2.500181645154953003e-02
-4.602960124611854553e-02
-1.691615581512451172e-01
7.054973393678665161e-02
1.049341857433319092e-01
-9.311460703611373901e-02
-4.769371822476387024e-02
5.275257676839828491e-02
-2.600806392729282379e-02
-2.095295814797282219e-03
1.620797663927078247e-01
-2.665507048368453979e-02
7.025773078203201294e-02
4.301940649747848511e-02
-6.836911290884017944e-02
-4.283374641090631485e-03
-6.418541818857192993e-02
-5.884728580713272095e-02
-6.432026624679565430e-02
-9.660959243774414062e-02
-6.729730870574712753e-03
-6.679655611515045166e-02
-8.959369361400604248e-02
-8.564486354589462280e-02
1.276694983243942261e-01
-8.234655112028121948e-02
-1.277808099985122681e-01
5.967106297612190247e-02
-7.717303186655044556e-02
8.177179098129272461e-02
9.233298711478710175e-03
-1.922578662633895874e-01
4.177482053637504578e-02
6.685013324022293091e-02
1.901384443044662476e-02
6.598624587059020996e-02
-6.010352075099945068e-02
4.691199958324432373e-02
-4.971542209386825562e-02
6.896977126598358154e-02
3.285489231348037720e-02
-4.233697429299354553e-02
-1.669546365737915039e-01
-4.273772984743118286e-02
-5.081735178828239441e-02
-2.175677008926868439e-02
-5.709235742688179016e-02
-5.669496580958366394e-02
-3.541891276836395264e-02
9.914093650877475739e-03
5.877566710114479065e-02
-8.117295056581497192e-02
5.667160078883171082e-02
-8.433923125267028809e-03
6.916472688317298889e-03
-2.562569454312324524e-02
-6.035362835973501205e-03
-7.122486084699630737e-02
7.763165235519409180e-02
7.921276986598968506e-02
1.058021858334541321e-01
-1.004067584872245789e-01
6.170968990772962570e-03
1.366277486085891724e-01
-1.685195229947566986e-02
9.146408736705780029e-02
9.459496475756168365e-03
-4.113676026463508606e-02
-1.289268769323825836e-02
4.196284711360931396e-02
4.445296525955200195e-02
-5.558098107576370239e-02
-2.959427237510681152e-02
1.008783653378486633e-01
1.537416595965623856e-03
4.930079355835914612e-02
-6.365496665239334106e-02
-8.588543161749839783e-03
-4.041092842817306519e-02
-9.955912828445434570e-02
-1.035060882568359375e-01
9.812838584184646606e-02
9.223453700542449951e-03
9.255313128232955933e-02
-9.110327064990997314e-02
3.681742772459983826e-02
3.684837371110916138e-02
2.523741126060485840e-02
-7.248707860708236694e-02
7.738841231912374496e-03
9.003651142120361328e-02
4.292729869484901428e-02
2.561764419078826904e-02
5.279293283820152283e-02
5.259291082620620728e-02
-1.207523494958877563e-01
-7.615652680397033691e-02
-5.024062842130661011e-02
8.408757299184799194e-02
5.549314897507429123e-03
-8.989729918539524078e-03
3.783885389566421509e-03
-6.016289815306663513e-02
-6.453915685415267944e-02
2.727606892585754395e-02
-1.260875537991523743e-02
-4.620321467518806458e-02
-3.104776702821254730e-02
1.073481664061546326e-01
9.593454189598560333e-03
-5.961262062191963196e-02
4.511144477874040604e-03
-1.666979864239692688e-03
9.636313468217849731e-02
-3.197471052408218384e-02
-3.186773881316184998e-02
-2.772440016269683838e-02
-9.928027167916297913e-03
3.436561673879623413e-02
4.207227006554603577e-02
-5.136080458760261536e-02
-5.794750154018402100e-02
1.523784697055816650e-01
1.099316552281379700e-01
-4.496100172400474548e-02
4.296553507447242737e-02
4.570863023400306702e-02
-2.680736966431140900e-02
-8.204289525747299194e-02
-1.010845694690942764e-02
-3.850115835666656494e-02
3.992673940956592560e-03
-1.605401560664176941e-02
1.162041351199150085e-02
-3.193541243672370911e-02
-6.214856170117855072e-03
7.142635434865951538e-02
-3.241703659296035767e-02
2.394275739789009094e-02
6.153348088264465332e-02
1.556194294244050980e-02
1.085687503218650818e-01
-2.191695198416709900e-02
-3.198504075407981873e-02
1.567632891237735748e-02
3.131749853491783142e-02
-1.104981824755668640e-02
7.666173391044139862e-03
-1.319433301687240601e-01
4.153050482273101807e-02
7.215248048305511475e-02
4.727862030267715454e-02
-1.896115019917488098e-02
-1.804994419217109680e-02
-1.080102194100618362e-02
2.542498335242271423e-02
-2.494147233664989471e-02
1.006221212446689606e-02
9.678127244114875793e-03
2.242208458483219147e-02
1.287604868412017822e-02
7.855533808469772339e-02
-3.148671612143516541e-02
3.264148533344268799e-02
1.768600428476929665e-03
-6.056500226259231567e-02
4.833879694342613220e-02
7.588618248701095581e-02
2.713215909898281097e-02
-8.626876771450042725e-02
9.112777560949325562e-02
1.723664626479148865e-02
4.654321447014808655e-02
-2.178926393389701843e-02
5.673306435346603394e-02
9.664497524499893188e-02
2.520392648875713348e-02
-1.696011275053024292e-01
2.004665881395339966e-02
2.070478349924087524e-02
1.009288355708122253e-01
-7.055619359016418457e-02
5.510812252759933472e-02
-9.113838896155357361e-03
-8.248630166053771973e-02
-4.195698723196983337e-02
6.308677047491073608e-02
-4.230477288365364075e-02
-7.564464211463928223e-02
-7.749786227941513062e-02
-4.025702178478240967e-02
-6.422346085309982300e-02
1.753925159573554993e-02
1.194947212934494019e-01
-2.123606577515602112e-02
1.074526607990264893e-01
-1.204329058527946472e-01
-3.622398525476455688e-02
-7.465390115976333618e-02
1.651686802506446838e-02
2.509082853794097900e-02
-8.653539419174194336e-02
