2.419160604476928711e-01
-5.928675178438425064e-03
3.399796411395072937e-02
-8.195634186267852783e-02
-5.328443273901939392e-02
-3.746376186609268188e-02
-1.226204931735992432e-01
-8.881183713674545288e-02
7.493002712726593018e-02
7.600488513708114624e-02
-2.469783090054988861e-02
-8.574189990758895874e-02
-3.242210671305656433e-02
-1.238697394728660583e-01
-7.115867454558610916e-03
-8.330301195383071899e-02
1.869606785476207733e-02
1.128496974706649780e-01
5.044078081846237183e-02
-2.534122904762625694e-03
-8.442886918783187866e-02
-5.744346231222152710e-02
2.290261909365653992e-02
4.563406400848180056e-04
-1.100068539381027222e-01
-1.517289578914642334e-01
5.248700827360153198e-02
-9.579602628946304321e-02
-1.377445608377456665e-01
-1.365477889776229858e-01
7.770296186208724976e-02
-1.196913644671440125e-01
-6.896809488534927368e-02
-3.119862638413906097e-02
2.530424110591411591e-02
-2.801128104329109192e-02
2.000577561557292938e-02
-3.702683746814727783e-02
-2.583713456988334656e-02
-5.642953515052795410e-02
4.492966982070356607e-04
8.082127198576927185e-03
5.035626515746116638e-02
4.489431157708168030e-02
9.453588724136352539e-02
3.069306723773479462e-02
-1.004792451858520508e-01
5.812796205282211304e-02
-2.978522330522537231e-02
-1.018661540001630783e-02
-1.374378204345703125e-01
4.250818863511085510e-02
1.326406747102737427e-01
-9.324492514133453369e-02
-3.241938073188066483e-03
6.332855205982923508e-03
-4.303774610161781311e-02
3.697885945439338684e-02
1.164387315511703491e-01
1.254555210471153259e-02
4.488357156515121460e-02
3.544824942946434021e-02
-8.513708412647247314e-02
-8.482530829496681690e-04
-7.767388224601745605e-02
-2.834509871900081635e-02
-2.340471558272838593e-02
-7.455003261566162109e-02
9.530371986329555511e-03
8.505932055413722992e-03
-9.325620532035827637e-02
-5.817106738686561584e-02
1.165909320116043091e-01
-5.913481488823890686e-02
-1.222114711999893188e-01
2.308463118970394135e-02
-1.680657640099525452e-02
7.294993847608566284e-02
6.520036142319440842e-03
-1.243586093187332153e-01
3.365660831332206726e-02
5.897531285881996155e-02
6.612951308488845825e-02
5.632831901311874390e-02
-2.853782474994659424e-02
5.042317882180213928e-02
1.425469480454921722e-02
2.704932354390621185e-02
4.652302339673042297e-02
-3.612343966960906982e-02
-1.254198104143142700e-01
-9.615826420485973358e-03
-5.888289213180541992e-02
-2.265241928398609161e-02
-3.234026953577995300e-02
-5.595535784959793091e-02
-6.830381462350487709e-04
5.538241937756538391e-02
8.182805031538009644e-02
-6.844586133956909180e-02
3.391153365373611450e-02
8.626483380794525146e-03
2.919685281813144684e-02
-3.502419218420982361e-02
-3.276757150888442993e-02
-2.469463087618350983e-02
1.068521104753017426e-02
6.173018366098403931e-02
6.483087688684463501e-02
-7.110930979251861572e-02
-1.685276255011558533e-02
1.179656609892845154e-01
-5.763261020183563232e-02
6.680353730916976929e-02
-6.796623580157756805e-03
4.682507365942001343e-02
-1.485607237555086613e-03
4.793659225106239319e-02
3.275871276855468750e-02
-4.786691442131996155e-02
-9.783334098756313324e-03
1.021942570805549622e-01
-1.257252134382724762e-02
2.987437136471271515e-02
-2.311786264181137085e-02
3.252056986093521118e-02
-4.042140766978263855e-02
-2.746876142919063568e-02
-7.570381462574005127e-02
1.174277886748313904e-01
1.560227945446968079e-02
4.400120675563812256e-02
-7.769574970006942749e-02
2.384906634688377380e-02
3.543654456734657288e-02
-4.011852666735649109e-02
-2.198455110192298889e-02
3.187407739460468292e-03
6.829848885536193848e-02
5.835904553532600403e-02
-4.027563706040382385e-02
5.821457877755165100e-02
-4.186669737100601196e-02
-1.139085143804550171e-01
-8.518952131271362305e-02
-5.443901941180229187e-02
7.880847901105880737e-02
1.014614291489124298e-02
1.251731906086206436e-02
-2.330343984067440033e-02
-9.093493968248367310e-02
-4.580913856625556946e-02
-2.289401367306709290e-02
3.064668970182538033e-03
-1.247574854642152786e-02
6.725479615852236748e-04
1.003522127866744995e-01
1.963901333510875702e-02
-4.590760916471481323e-02
-9.909316897392272949e-03
1.824442483484745026e-02
9.488555043935775757e-02
-1.734941266477108002e-02
-1.461249869316816330e-02
-5.873809382319450378e-02
-1.549836248159408569e-02
4.335510730743408203e-02
7.330882549285888672e-02
-3.847725316882133484e-02
-1.019336059689521790e-01
1.680237650871276855e-01
1.373508125543594360e-01
-4.794994369149208069e-02
6.482800096273422241e-02
3.858074918389320374e-02
-1.328535564243793488e-02
-7.721804827451705933e-02
8.838009089231491089e-04
-6.545203179121017456e-02
-5.469337920658290386e-04
-5.483947694301605225e-03
2.659318502992391586e-03
-2.973900735378265381e-02
1.396452262997627258e-02
6.704413145780563354e-02
1.210085675120353699e-02
4.800774902105331421e-02
3.280388936400413513e-02
2.242545038461685181e-02
1.016216352581977844e-01
-3.729313611984252930e-02
-4.414729773998260498e-03
5.344421789050102234e-02
1.322402339428663254e-02
1.236629323102533817e-03
1.313012745231389999e-02
-6.728567928075790405e-02
6.978929787874221802e-02
4.368275403976440430e-02
6.881478428840637207e-02
-2.173608914017677307e-02
-6.977761536836624146e-02
-2.873288467526435852e-02
2.869600430130958557e-02
-3.975811228156089783e-02
-6.119434535503387451e-02
-5.142271053045988083e-03
5.272159352898597717e-02
-2.720396406948566437e-02
1.086665764451026917e-01
-4.450187459588050842e-02
3.029574453830718994e-02
2.962701395153999329e-02
-7.251557707786560059e-02
7.476873695850372314e-02
4.435302317142486572e-02
3.262155130505561829e-02
-5.750855430960655212e-02
4.098861478269100189e-03
-3.239295631647109985e-02
1.020699087530374527e-02
-9.125043638050556183e-03
1.990437135100364685e-02
3.578820079565048218e-02
2.767915837466716766e-02
-1.099598780274391174e-01
5.813615024089813232e-02
4.610652104020118713e-02
7.734858989715576172e-02
-4.300861060619354248e-02
-2.370603382587432861e-02
-5.436502769589424133e-02
-6.916336715221405029e-02
-2.356191538274288177e-02
1.044745594263076782e-01
-4.049206525087356567e-02
-1.087077856063842773e-01
-2.870678342878818512e-02
-4.293783009052276611e-02
-2.471588924527168274e-02
3.331522271037101746e-02
9.129982441663742065e-02
-1.892702467739582062e-02
7.642954587936401367e-02
-1.806487590074539185e-01
-3.622935852035880089e-03
-6.399116665124893188e-02
-5.464497953653335571e-02
4.824813455343246460e-02
-6.147864088416099548e-02
