1.580858528614044189e-01
1.762748928740620613e-03
4.018579423427581787e-02
-4.353364184498786926e-02
-3.026002831757068634e-02
-4.244412854313850403e-02
-8.504787832498550415e-02
-5.326583981513977051e-02
3.266630694270133972e-02
2.958964370191097260e-02
-3.464786801487207413e-03
-5.158241465687751770e-02
-5.419759545475244522e-03
-8.044183999300003052e-02
1.234785304404795170e-03
-4.337219521403312683e-02
2.455364353954792023e-02
9.085841476917266846e-02
-1.106171519495546818e-03
-1.582744182087481022e-03
-1.794990152120590210e-02
-1.898775622248649597e-02
2.606662921607494354e-02
-2.401170507073402405e-02
-4.935266822576522827e-02
-1.163321882486343384e-01
4.014227539300918579e-02
-6.096938624978065491e-02
-1.144657284021377563e-01
-1.014260277152061462e-01
5.794485658407211304e-02
-4.996199533343315125e-02
-5.539949983358383179e-02
-5.400260165333747864e-02
3.770026564598083496e-02
-3.396706888452172279e-04
1.732068508863449097e-02
-4.782858118414878845e-02
-5.490500107407569885e-02
-6.810481101274490356e-02
5.067723244428634644e-02
8.188002742826938629e-03
3.862234205007553101e-02
6.405883282423019409e-02
5.133684352040290833e-02
1.835551671683788300e-02
-1.260925978422164917e-01
6.840625405311584473e-02
-3.248570859432220459e-02
-3.840189054608345032e-02
-1.700004786252975464e-01
6.263786554336547852e-02
1.093546226620674133e-01
-8.967571705579757690e-02
-2.808916196227073669e-02
4.358788952231407166e-02
-3.650734573602676392e-02
-6.473730318248271942e-03
1.578645110130310059e-01
-9.238183498382568359e-03
6.839451193809509277e-02
3.645534813404083252e-02
-9.488464146852493286e-02
-2.044892637059092522e-03
-7.281114906072616577e-02
-5.477083846926689148e-02
-4.391316324472427368e-02
-9.679157286882400513e-02
4.935648757964372635e-03
-4.467022791504859924e-02
-8.002054691314697266e-02
-8.735779672861099243e-02
1.210147887468338013e-01
-7.259996235370635986e-02
-1.313428282737731934e-01
4.288500919938087463e-02
-5.471235141158103943e-02
9.170627593994140625e-02
9.094815701246261597e-03
-1.837964355945587158e-01
3.212078288197517395e-02
6.747668981552124023e-02
3.553067892789840698e-02
6.821190565824508667e-02
-4.459810256958007812e-02
4.402638599276542664e-02
-3.258953988552093506e-02
5.868201702833175659e-02
4.355244711041450500e-02
-4.637609049677848816e-02
-1.545684337615966797e-01
-3.746053203940391541e-02
-4.950832948088645935e-02
-1.563379913568496704e-02
-5.138278752565383911e-02
-4.741309210658073425e-02
-2.398186177015304565e-02
4.142321273684501648e-02
8.624070882797241211e-02
-8.505751937627792358e-02
6.130295619368553162e-02
-1.032495964318513870e-02
2.236880734562873840e-02
-2.240344136953353882e-02
-1.168731879442930222e-02
-5.516290664672851562e-02
6.315524876117706299e-02
7.350685447454452515e-02
1.117070093750953674e-01
-9.340544790029525757e-02
-4.059991799294948578e-03
1.478700488805770874e-01
-1.310348138213157654e-02
9.459519386291503906e-02
2.905277302488684654e-03
-1.828668080270290375e-02
-7.996309548616409302e-03
4.717043414711952209e-02
4.171342775225639343e-02
-5.538566410541534424e-02
-3.509132564067840576e-02
1.107013076543807983e-01
-2.949864836409687996e-03
4.274360463023185730e-02
-5.524683371186256409e-02
-8.904965594410896301e-03
-4.770303517580032349e-02
-6.420582532882690430e-02
-9.967935085296630859e-02
1.240952610969543457e-01
1.481271162629127502e-02
8.317787200212478638e-02
-9.585893154144287109e-02
3.493112698197364807e-02
4.221846908330917358e-02
9.356221184134483337e-03
-6.417748332023620605e-02
5.592057132162153721e-04
8.617708832025527954e-02
5.047155544161796570e-02
1.723989029414951801e-03
4.245616868138313293e-02
4.797238484025001526e-02
-1.245735958218574524e-01
-8.858758211135864258e-02
-5.034722015261650085e-02
9.122726321220397949e-02
6.845674943178892136e-03
6.892997771501541138e-04
9.599248878657817841e-03
-7.325030118227005005e-02
-6.895330548286437988e-02
2.218919992446899414e-02
-2.831104910001158714e-03
-4.028322175145149231e-02
-2.506233192980289459e-02
1.055467203259468079e-01
2.942133927717804909e-03
-5.393210425972938538e-02
1.124085509218275547e-03
5.767086055129766464e-03
1.065827310085296631e-01
-3.258953988552093506e-02
-1.648249104619026184e-02
-2.470947429537773132e-02
-1.324247289448976517e-02
4.405982419848442078e-02
5.423205345869064331e-02
-4.345630854368209839e-02
-7.389736920595169067e-02
1.493578404188156128e-01
1.153540462255477905e-01
-4.711062461137771606e-02
5.919075012207031250e-02
4.973238334059715271e-02
-2.450786717236042023e-02
-8.214715123176574707e-02
-2.872871300496626645e-05
-5.890086665749549866e-02
7.579653058201074600e-03
-1.880592480301856995e-02
8.753429166972637177e-03
-1.757338084280490875e-02
-5.266764201223850250e-03
6.538382917642593384e-02
-2.440984919667243958e-02
4.279879108071327209e-02
4.504631832242012024e-02
9.345377795398235321e-03
1.095809638500213623e-01
-2.694411017000675201e-02
-2.683423645794391632e-02
2.549327909946441650e-02
2.464466355741024017e-02
-6.811817642301321030e-03
2.707232721149921417e-03
-1.227843388915061951e-01
5.966505408287048340e-02
6.705959886312484741e-02
5.911850556731224060e-02
-1.371876336634159088e-02
-3.408833965659141541e-02
3.435507183894515038e-03
3.536112233996391296e-02
-2.859187871217727661e-02
-3.612699219956994057e-03
3.047157777473330498e-03
3.378617018461227417e-02
8.263767696917057037e-03
8.906272798776626587e-02
-2.314892038702964783e-02
2.887985669076442719e-02
4.705643281340599060e-03
-6.197436153888702393e-02
5.509536340832710266e-02
7.745860517024993896e-02
4.258005693554878235e-02
-8.711308240890502930e-02
7.079935818910598755e-02
1.019631628878414631e-03
3.271606191992759705e-02
-1.836870796978473663e-02
4.975583031773567200e-02
7.524313777685165405e-02
3.358088433742523193e-02
-1.502486169338226318e-01
2.047535404562950134e-02
2.026213891804218292e-02
8.844716846942901611e-02
-7.197090983390808105e-02
4.325498268008232117e-02
-1.791094616055488586e-02
-8.884204924106597900e-02
-4.475477710366249084e-02
7.618035376071929932e-02
-4.280078783631324768e-02
-8.704552054405212402e-02
-6.499188393354415894e-02
-4.810191690921783447e-02
-5.674483254551887512e-02
2.260593511164188385e-02
1.164927259087562561e-01
-1.953224651515483856e-02
1.008456051349639893e-01
-1.384395956993103027e-01
-3.210915625095367432e-02
-7.579851150512695312e-02
4.498023074120283127e-03
3.381301835179328918e-02
-8.372964709997177124e-02
