1.484178453683853149e-01
-7.226026151329278946e-03
3.844723105430603027e-02
-4.418483003973960876e-02
-4.159503057599067688e-02
-3.145718574523925781e-02
-9.362233430147171021e-02
-5.347400531172752380e-02
5.463035777211189270e-02
4.294852539896965027e-02
1.134733296930789948e-02
-4.772007837891578674e-02
-7.992415688931941986e-03
-8.383294939994812012e-02
8.287563920021057129e-03
-4.566811770200729370e-02
2.854618988931179047e-02
8.956965804100036621e-02
1.133759273216128349e-03
-1.807835139334201813e-02
-2.438767254352569580e-02
-7.200840860605239868e-03
1.849273778498172760e-02
-3.041528910398483276e-02
-4.218193143606185913e-02
-1.178252249956130981e-01
3.756048530340194702e-02
-6.111979484558105469e-02
-1.134061962366104126e-01
-1.092154085636138916e-01
7.031042873859405518e-02
-4.972565546631813049e-02
-6.488599628210067749e-02
-6.207051128149032593e-02
3.792358189821243286e-02
-6.026686169207096100e-03
1.063587795943021774e-02
-4.229934886097908020e-02
-4.729700088500976562e-02
-5.361932888627052307e-02
5.461509898304939270e-02
-4.401648417115211487e-03
3.434331715106964111e-02
7.526755332946777344e-02
4.635072499513626099e-02
1.914286240935325623e-02
-1.286184191703796387e-01
4.885609075427055359e-02
-2.388316765427589417e-02
-3.736460208892822266e-02
-1.702876985073089600e-01
6.737809628248214722e-02
1.134750768542289734e-01
-1.002146378159523010e-01
-3.983679413795471191e-02
4.644766449928283691e-02
-3.058960661292076111e-02
3.140292130410671234e-03
1.655971705913543701e-01
-1.638620533049106598e-02
6.538440287113189697e-02
4.341040551662445068e-02
-7.966411858797073364e-02
-9.210540913045406342e-03
-6.764567643404006958e-02
-5.891204997897148132e-02
-5.223463475704193115e-02
-9.790985286235809326e-02
-7.628149352967739105e-03
-5.272628739476203918e-02
-9.420273452997207642e-02
-8.800938725471496582e-02
1.274149417877197266e-01
-8.377438783645629883e-02
-1.333401501178741455e-01
5.115687847137451172e-02
-6.887143105268478394e-02
8.335303515195846558e-02
1.668263785541057587e-02
-1.906517595052719116e-01
3.834628313779830933e-02
5.774535983800888062e-02
2.344661019742488861e-02
7.091049104928970337e-02
-5.641910433769226074e-02
4.488821327686309814e-02
-4.073521494865417480e-02
6.056812405586242676e-02
3.144422173500061035e-02
-4.542999342083930969e-02
-1.509945690631866455e-01
-4.175052791833877563e-02
-5.452081561088562012e-02
-2.481584623456001282e-02
-5.779540538787841797e-02
-5.543196573853492737e-02
-2.786852791905403137e-02
2.870874665677547455e-02
6.453705579042434692e-02
-8.698622137308120728e-02
4.975733160972595215e-02
-7.761245127767324448e-03
9.458004496991634369e-03
-2.263685315847396851e-02
-2.278759842738509178e-03
-5.989674106240272522e-02
7.113414257764816284e-02
8.092676103115081787e-02
1.013313531875610352e-01
-9.688953310251235962e-02
3.428858006373047829e-03
1.369230896234512329e-01
-1.771119609475135803e-02
9.204161167144775391e-02
2.959815552458167076e-03
-2.094081230461597443e-02
-1.930870488286018372e-02
4.352577030658721924e-02
4.706086963415145874e-02
-5.156816542148590088e-02
-2.654884755611419678e-02
1.068330481648445129e-01
4.789764992892742157e-03
4.327279329299926758e-02
-6.103594973683357239e-02
6.360837141983211040e-04
-4.096978157758712769e-02
-8.386871218681335449e-02
-1.035310849547386169e-01
9.993621706962585449e-02
1.408172585070133209e-02
8.727006614208221436e-02
-9.496700018644332886e-02
3.869025036692619324e-02
4.040488973259925842e-02
1.017496641725301743e-02
-6.964838504791259766e-02
9.515983983874320984e-03
8.473066985607147217e-02
4.148739576339721680e-02
1.346728950738906860e-02
5.335398390889167786e-02
4.268653690814971924e-02
-1.264193207025527954e-01
-7.653030008077621460e-02
-5.003928765654563904e-02
8.794794976711273193e-02
1.015624683350324631e-02
-4.438529722392559052e-03
9.259960614144802094e-03
-6.384526938199996948e-02
-6.019674614071846008e-02
1.984786428511142731e-02
-9.829744696617126465e-03
-4.333207756280899048e-02
-2.892226725816726685e-02
1.053291931748390198e-01
4.099941812455654144e-03
-5.919301137328147888e-02
5.506291054189205170e-04
5.297272000461816788e-03
9.653656184673309326e-02
-2.692779153585433960e-02
-2.499466203153133392e-02
-3.141162544488906860e-02
-1.155989430844783783e-02
4.182127118110656738e-02
4.203569889068603516e-02
-4.627763852477073669e-02
-6.497608125209808350e-02
1.570500433444976807e-01
1.208870783448219299e-01
-4.992838203907012939e-02
4.519915208220481873e-02
4.629321768879890442e-02
-1.911184936761856079e-02
-8.018265664577484131e-02
-4.342535976320505142e-03
-3.957936912775039673e-02
3.367322264239192009e-03
-2.180586382746696472e-02
1.034323126077651978e-02
-2.848846837878227234e-02
-6.452817004173994064e-03
6.250307708978652954e-02
-2.237964421510696411e-02
3.092575818300247192e-02
5.405355989933013916e-02
1.893099583685398102e-02
1.134763956069946289e-01
-1.853011362254619598e-02
-2.504083141684532166e-02
2.222749032080173492e-02
3.347272798418998718e-02
-7.091152481734752655e-03
3.178199287503957748e-03
-1.229491159319877625e-01
5.195613577961921692e-02
6.780076026916503906e-02
4.962251335382461548e-02
-1.911063492298126221e-02
-3.287685289978981018e-02
-1.218806114047765732e-02
2.748387679457664490e-02
-3.202002495527267456e-02
-1.391783589497208595e-03
7.481871638447046280e-03
3.083002381026744843e-02
8.303168229758739471e-03
8.994458615779876709e-02
-3.062934428453445435e-02
3.878941759467124939e-02
3.510404145345091820e-03
-6.362653523683547974e-02
6.000474095344543457e-02
7.701163738965988159e-02
4.098229110240936279e-02
-8.387672156095504761e-02
7.687699049711227417e-02
1.050406042486429214e-02
4.374600201845169067e-02
-1.706395484507083893e-02
4.847186803817749023e-02
8.154679089784622192e-02
2.218413725495338440e-02
-1.534708440303802490e-01
1.591093093156814575e-02
1.971769705414772034e-02
9.663461893796920776e-02
-6.321638822555541992e-02
5.016383528709411621e-02
-1.394136156886816025e-02
-7.569992542266845703e-02
-3.986766189336776733e-02
6.436487287282943726e-02
-4.329895600676536560e-02
-7.345709949731826782e-02
-6.729114800691604614e-02
-4.613276198506355286e-02
-5.445896834135055542e-02
2.233711071312427521e-02
1.214708387851715088e-01
-2.115401439368724823e-02
1.058415919542312622e-01
-1.312782168388366699e-01
-3.241391107439994812e-02
-7.075724750757217407e-02
-3.421977744437754154e-04
3.241949155926704407e-02
-8.051523566246032715e-02
