1.603285968303680420e-01
-6.376738194376230240e-03
4.448873549699783325e-02
-3.150600939989089966e-02
-4.573514685034751892e-02
-5.228665843605995178e-02
-9.352417290210723877e-02
-3.517322614789009094e-02
6.613348424434661865e-02
2.956237643957138062e-02
6.982784718275070190e-03
-2.509042248129844666e-02
1.441820338368415833e-02
-9.099335223436355591e-02
3.461398929357528687e-02
-6.002329662442207336e-02
4.493446648120880127e-02
7.305433601140975952e-02
-9.358904208056628704e-04
-1.493494398891925812e-02
-2.562996931374073029e-02
1.123178750276565552e-02
3.229387104511260986e-02
-1.193041540682315826e-02
-3.582726046442985535e-02
-8.581491559743881226e-02
3.241403773427009583e-02
-6.502255797386169434e-02
-1.031268313527107239e-01
-7.382217794656753540e-02
4.558939859271049500e-02
-2.256007865071296692e-02
-1.226551830768585205e-02
-1.007854789495468140e-01
1.047253236174583435e-02
-1.370958797633647919e-02
5.818070098757743835e-02
-1.897260360419750214e-02
-6.425225734710693359e-02
-5.183669552206993103e-02
8.036363869905471802e-02
-2.827304601669311523e-02
4.105933010578155518e-02
7.985963672399520874e-02
2.533339150249958038e-02
2.408029884099960327e-02
-1.245309114456176758e-01
-1.215619966387748718e-02
-2.429480478167533875e-02
-4.968860745429992676e-02
-1.889438629150390625e-01
6.442999094724655151e-02
1.061962619423866272e-01
-6.735599786043167114e-02
-5.935823172330856323e-02
7.014797627925872803e-02
-3.093023411929607391e-02
-1.801217719912528992e-02
1.485807895660400391e-01
-2.584596350789070129e-02
5.785053223371505737e-02
4.045350849628448486e-02
-6.603008508682250977e-02
1.975511200726032257e-02
-6.290011852979660034e-02
-8.054715394973754883e-02
-5.677899345755577087e-02
-1.114482283592224121e-01
1.440361607819795609e-02
-5.760562792420387268e-02
-7.815217971801757812e-02
-1.171248704195022583e-01
1.510395258665084839e-01
-8.382809162139892578e-02
-1.188662722706794739e-01
6.374065577983856201e-02
-9.296289086341857910e-02
5.497666820883750916e-02
3.854438196867704391e-03
-1.881903856992721558e-01
4.394264891743659973e-02
5.253206938505172729e-02
-1.415597647428512573e-02
5.142514035105705261e-02
-6.083601340651512146e-02
6.660040467977523804e-02
-3.554378449916839600e-02
5.774651095271110535e-02
1.521126832813024521e-02
-3.196192532777786255e-02
-1.734414696693420410e-01
-1.200939714908599854e-02
-7.616680860519409180e-02
-1.977920345962047577e-02
-5.370634421706199646e-02
-4.615323618054389954e-02
-3.504675626754760742e-02
2.097741700708866119e-02
8.924349397420883179e-02
-9.138805419206619263e-02
7.196231931447982788e-02
-1.682937331497669220e-02
2.132748998701572418e-02
4.335931735113263130e-04
1.460454892367124557e-03
-5.971985310316085815e-02
7.409539073705673218e-02
1.156172379851341248e-01
1.017052158713340759e-01
-1.063371971249580383e-01
-8.294615894556045532e-03
1.417226642370223999e-01
-8.293516002595424652e-03
8.279515802860260010e-02
2.283343672752380371e-02
-4.521888494491577148e-02
-2.057461626827716827e-02
7.248818874359130859e-02
7.660159468650817871e-02
-7.832229882478713989e-02
-8.797150850296020508e-02
9.507928043603897095e-02
8.576781488955020905e-03
6.135432794690132141e-02
-3.595887869596481323e-02
-2.332262927666306496e-03
-6.534599512815475464e-02
-1.020992472767829895e-01
-1.094484329223632812e-01
1.003007441759109497e-01
-7.813881151378154755e-03
8.711560815572738647e-02
-8.292042464017868042e-02
4.474365711212158203e-02
3.007363528013229370e-02
5.425843223929405212e-02
-9.824729710817337036e-02
5.683732032775878906e-02
1.420701593160629272e-01
3.917134180665016174e-02
6.020116433501243591e-02
4.541343823075294495e-02
7.745850831270217896e-02
-1.543899774551391602e-01
-6.024296209216117859e-02
-5.683835223317146301e-02
7.564505189657211304e-02
3.952066414058208466e-03
-2.830567210912704468e-02
4.629037901759147644e-02
-6.244711205363273621e-02
-4.425071924924850464e-02
3.424413874745368958e-02
-5.176153406500816345e-02
-5.420340225100517273e-02
-5.685039237141609192e-02
1.015859469771385193e-01
3.038787096738815308e-02
-8.382432162761688232e-02
9.144931100308895111e-03
-2.072387933731079102e-02
1.056334152817726135e-01
-8.881211280822753906e-03
-5.062611773610115051e-02
-1.157432794570922852e-02
-1.086070947349071503e-02
3.629536181688308716e-02
3.680495172739028931e-02
-3.001402691006660461e-02
-1.149682328104972839e-02
1.179163157939910889e-01
1.108423098921775818e-01
-3.451932966709136963e-02
4.608767107129096985e-02
4.671605676412582397e-02
-1.605174504220485687e-02
-5.933292582631111145e-02
-3.049646131694316864e-02
-3.988300636410713196e-02
-7.624712307006120682e-03
-4.184115969110280275e-04
3.430142626166343689e-02
-1.889317296445369720e-02
-3.400150686502456665e-02
1.033062264323234558e-01
-3.446891158819198608e-02
2.586239576339721680e-02
8.947868645191192627e-02
3.420884534716606140e-02
9.667521715164184570e-02
-2.916957065463066101e-02
-2.959771454334259033e-02
-9.604981169104576111e-03
1.269453763961791992e-02
-1.255359593778848648e-02
7.406500633805990219e-03
-1.244735494256019592e-01
4.051105678081512451e-02
5.650467798113822937e-02
5.194740742444992065e-02
-1.819064142182469368e-03
8.268661797046661377e-03
-1.614486053586006165e-02
1.791255362331867218e-02
-2.253038436174392700e-02
2.077947370707988739e-02
-8.233549073338508606e-03
9.475121274590492249e-03
5.390810780227184296e-03
8.278154581785202026e-02
-8.847305551171302795e-03
1.793432421982288361e-02
1.302974112331867218e-02
-3.970107808709144592e-02
3.047752566635608673e-02
6.171048805117607117e-02
2.025829162448644638e-03
-9.019889682531356812e-02
8.989658206701278687e-02
-4.488098435103893280e-03
1.925292983651161194e-02
3.997459076344966888e-03
6.577779352664947510e-02
1.018645539879798889e-01
5.226810462772846222e-03
-8.762791007757186890e-02
1.975277811288833618e-02
3.877291455864906311e-03
5.059546232223510742e-02
-3.587570041418075562e-02
4.650491848587989807e-02
-5.900959949940443039e-03
-3.308125212788581848e-02
-5.638917535543441772e-02
5.713399499654769897e-02
-3.159297257661819458e-02
-5.679843202233314514e-02
-4.028633609414100647e-02
-9.062651544809341431e-03
-3.349671512842178345e-02
4.079331457614898682e-02
8.109553158283233643e-02
-6.656891782768070698e-04
8.764176070690155029e-02
-7.285606116056442261e-02
-1.763977482914924622e-02
-2.955076098442077637e-02
4.836812987923622131e-02
-2.209174999734386802e-04
-5.941216647624969482e-02
