1.661249995231628418e-01
-1.136622671037912369e-02
4.965048283338546753e-02
-4.733745381236076355e-02
-4.009975865483283997e-02
-4.463210329413414001e-02
-9.007007628679275513e-02
-5.008293315768241882e-02
4.768816009163856506e-02
3.382349386811256409e-02
5.535445641726255417e-03
-4.465685412287712097e-02
-2.931511029601097107e-03
-8.538445830345153809e-02
1.712354458868503571e-02
-5.431869626045227051e-02
3.239527344703674316e-02
9.091918915510177612e-02
5.474288947880268097e-03
-5.255005788058042526e-03
-2.346436865627765656e-02
-4.998525604605674744e-03
3.572490066289901733e-02
-1.279126014560461044e-02
-4.071023687720298767e-02
-1.020443961024284363e-01
3.198979794979095459e-02
-6.328869611024856567e-02
-1.120750755071640015e-01
-9.021673351526260376e-02
4.615086689591407776e-02
-4.137857258319854736e-02
-4.516746476292610168e-02
-7.401449978351593018e-02
3.336189687252044678e-02
-2.153494162485003471e-03
2.699928358197212219e-02
-3.342181816697120667e-02
-5.803502351045608521e-02
-6.505678594112396240e-02
6.050588190555572510e-02
-5.150900222361087799e-03
4.441721737384796143e-02
6.460431963205337524e-02
3.868765011429786682e-02
2.103532291948795319e-02
-1.233823075890541077e-01
3.730710595846176147e-02
-2.797485701739788055e-02
-3.036979213356971741e-02
-1.797339022159576416e-01
6.273069977760314941e-02
1.014403700828552246e-01
-7.901338487863540649e-02
-3.683574870228767395e-02
5.651035159826278687e-02
-2.827276848256587982e-02
4.081889521330595016e-03
1.581130325794219971e-01
-1.373137813061475754e-02
6.383505463600158691e-02
3.840827941894531250e-02
-8.750761300325393677e-02
5.551334470510482788e-03
-7.025797665119171143e-02
-6.930758804082870483e-02
-5.180155858397483826e-02
-1.069356948137283325e-01
6.853869650512933731e-03
-4.703285545110702515e-02
-8.556215465068817139e-02
-9.988565742969512939e-02
1.388653814792633057e-01
-8.337914943695068359e-02
-1.232118681073188782e-01
5.617572367191314697e-02
-7.225853204727172852e-02
8.053699880838394165e-02
1.796380430459976196e-02
-1.909808218479156494e-01
3.587117418646812439e-02
6.578920781612396240e-02
1.173035334795713425e-02
6.038779765367507935e-02
-4.898386448621749878e-02
5.759821459650993347e-02
-4.069881886243820190e-02
6.624497473239898682e-02
2.013544738292694092e-02
-4.866326227784156799e-02
-1.539008319377899170e-01
-3.179429471492767334e-02
-6.693206727504730225e-02
-2.236746810376644135e-02
-4.876245930790901184e-02
-5.114508047699928284e-02
-2.760379947721958160e-02
3.866031765937805176e-02
8.026006072759628296e-02
-8.251923322677612305e-02
6.369713693857192993e-02
-9.243797510862350464e-03
2.021069824695587158e-02
-1.212720200419425964e-02
-5.888479761779308319e-03
-5.781446769833564758e-02
6.611002236604690552e-02
8.724722266197204590e-02
1.003376543521881104e-01
-1.034300029277801514e-01
-5.904030986130237579e-04
1.446485817432403564e-01
-1.674853451550006866e-02
8.808407187461853027e-02
1.486370153725147247e-02
-3.119990974664688110e-02
-1.608863286674022675e-02
6.341385841369628906e-02
5.440768972039222717e-02
-6.039442494511604309e-02
-5.073976889252662659e-02
1.058118119835853577e-01
-3.502042964100837708e-04
4.849812760949134827e-02
-4.789099842309951782e-02
-4.499711096286773682e-03
-5.009375885128974915e-02
-8.021406829357147217e-02
-1.090216115117073059e-01
1.125611662864685059e-01
7.624485529959201813e-03
8.791041374206542969e-02
-8.349899947643280029e-02
4.166959226131439209e-02
4.028752818703651428e-02
2.521494776010513306e-02
-7.720185071229934692e-02
1.881828717887401581e-02
1.086343079805374146e-01
3.771374747157096863e-02
2.564598061144351959e-02
4.991410672664642334e-02
5.268704518675804138e-02
-1.318617761135101318e-01
-8.271952718496322632e-02
-4.677065089344978333e-02
8.742696046829223633e-02
3.625720739364624023e-03
-1.739327050745487213e-02
2.054360322654247284e-02
-6.478355824947357178e-02
-6.232446059584617615e-02
1.412662677466869354e-02
-2.325326576828956604e-02
-4.308720678091049194e-02
-3.268769755959510803e-02
1.087577268481254578e-01
1.626868546009063721e-02
-6.639063358306884766e-02
9.301941026933491230e-04
9.352359484182670712e-05
1.073843017220497131e-01
-2.154255472123622894e-02
-2.938788384199142456e-02
-2.442195266485214233e-02
-2.284932695329189301e-02
4.690969362854957581e-02
4.611251130700111389e-02
-2.999002486467361450e-02
-5.271076783537864685e-02
1.397340148687362671e-01
1.132195368409156799e-01
-4.668830335140228271e-02
5.404440686106681824e-02
4.390027001500129700e-02
-1.972870528697967529e-02
-7.410372793674468994e-02
-7.228689733892679214e-03
-5.657411739230155945e-02
-5.693192593753337860e-03
-1.249636802822351456e-02
1.781552657485008240e-02
-1.986382529139518738e-02
-1.527905557304620743e-02
7.548574358224868774e-02
-2.892463095486164093e-02
3.880485892295837402e-02
6.029887124896049500e-02
1.971490308642387390e-02
1.062817722558975220e-01
-2.297586575150489807e-02
-2.815025113523006439e-02
1.195307914167642593e-02
2.167229540646076202e-02
-2.826737007126212120e-03
-1.867007697001099586e-03
-1.256937384605407715e-01
5.334755778312683105e-02
6.148721650242805481e-02
4.916545376181602478e-02
-8.425219915807247162e-03
-1.477161236107349396e-02
-5.979954265058040619e-03
2.704508043825626373e-02
-2.094664052128791809e-02
1.017264323309063911e-03
2.589206211268901825e-03
2.730144374072551727e-02
8.142366074025630951e-03
8.721697330474853516e-02
-2.081756293773651123e-02
2.825544029474258423e-02
1.465231832116842270e-02
-5.425563827157020569e-02
5.733265727758407593e-02
7.370612770318984985e-02
3.630802407860755920e-02
-8.934767544269561768e-02
7.805835455656051636e-02
1.932042883709073067e-03
3.057949431240558624e-02
-1.148878969252109528e-02
4.956313967704772949e-02
8.014681935310363770e-02
1.847569271922111511e-02
-1.277364641427993774e-01
1.867239549756050110e-02
1.891437917947769165e-02
8.009454607963562012e-02
-6.743523478507995605e-02
5.479246377944946289e-02
-1.256758440285921097e-02
-6.764546781778335571e-02
-4.986141249537467957e-02
7.821417599916458130e-02
-4.103477671742439270e-02
-8.260752260684967041e-02
-6.358862668275833130e-02
-4.710569232702255249e-02
-4.905900731682777405e-02
3.056196309626102448e-02
1.156973764300346375e-01
-7.534401025623083115e-03
1.114509925246238708e-01
-1.232729926705360413e-01
-2.781823277473449707e-02
-6.555534154176712036e-02
2.282484807074069977e-02
2.421933226287364960e-02
-8.805289119482040405e-02
