1.614669114351272583e-01
-1.031934842467308044e-02
4.421976208686828613e-02
-4.481222108006477356e-02
-4.754213243722915649e-02
-4.113977774977684021e-02
-1.022445112466812134e-01
-4.734474793076515198e-02
6.774658709764480591e-02
5.170381814241409302e-02
1.331444084644317627e-02
-3.743401542305946350e-02
6.060844752937555313e-04
-9.501369297504425049e-02
2.204205468297004700e-02
-5.110809579491615295e-02
3.576834499835968018e-02
8.200094103813171387e-02
4.580430220812559128e-03
-2.385957166552543640e-02
-2.735686488449573517e-02
-1.484288834035396576e-03
2.654796093702316284e-02
-1.933516561985015869e-02
-4.067372903227806091e-02
-1.100423485040664673e-01
2.784703858196735382e-02
-6.454572081565856934e-02
-1.075759828090667725e-01
-9.217299520969390869e-02
6.902489811182022095e-02
-4.274020344018936157e-02
-4.678402468562126160e-02
-8.747250586748123169e-02
2.951991930603981018e-02
-1.571888849139213562e-02
3.004499524831771851e-02
-3.354964777827262878e-02
-5.067247524857521057e-02
-4.643000662326812744e-02
5.935053154826164246e-02
-2.870763465762138367e-02
3.835109621286392212e-02
7.859861850738525391e-02
3.913497179746627808e-02
2.522530406713485718e-02
-1.271791458129882812e-01
9.802301414310932159e-03
-2.145272120833396912e-02
-3.932515159249305725e-02
-1.762297451496124268e-01
6.521212309598922729e-02
1.121761128306388855e-01
-8.576979488134384155e-02
-5.410111322999000549e-02
5.569746345281600952e-02
-2.691985480487346649e-02
8.381387218832969666e-03
1.602809429168701172e-01
-2.408524788916110992e-02
6.088101118803024292e-02
4.208651185035705566e-02
-6.114215031266212463e-02
3.457207698374986649e-03
-6.691490858793258667e-02
-6.657868623733520508e-02
-6.462345272302627563e-02
-1.015474572777748108e-01
2.896310295909643173e-03
-5.997641757130622864e-02
-9.531170129776000977e-02
-9.529580175876617432e-02
1.435119807720184326e-01
-8.552535623311996460e-02
-1.211551874876022339e-01
6.336540728807449341e-02
-8.254424482583999634e-02
6.813692301511764526e-02
8.430559188127517700e-03
-1.838824301958084106e-01
4.944872856140136719e-02
6.158280745148658752e-02
7.065260782837867737e-03
5.852044001221656799e-02
-6.125971302390098572e-02
5.810558423399925232e-02
-4.086805507540702820e-02
6.565514206886291504e-02
2.024267427623271942e-02
-3.589160367846488953e-02
-1.607249677181243896e-01
-2.810479141771793365e-02
-6.433156877756118774e-02
-2.005905285477638245e-02
-5.088317021727561951e-02
-5.823384225368499756e-02
-3.706493601202964783e-02
1.801124401390552521e-02
6.810121983289718628e-02
-9.207228571176528931e-02
6.001970916986465454e-02
-1.219512708485126495e-02
1.131527312099933624e-02
-1.691704988479614258e-02
-8.668843656778335571e-03
-6.382617354393005371e-02
7.197842746973037720e-02
9.841583669185638428e-02
1.002739667892456055e-01
-1.045856326818466187e-01
7.318289717659354210e-04
1.374089270830154419e-01
-2.532225102186203003e-02
8.453011512756347656e-02
1.171557512134313583e-02
-3.548647835850715637e-02
-1.807069033384323120e-02
5.756565555930137634e-02
5.902704223990440369e-02
-6.560824811458587646e-02
-4.544175043702125549e-02
9.946216642856597900e-02
4.220808390527963638e-03
5.491025373339653015e-02
-4.801594838500022888e-02
4.364834632724523544e-03
-4.627190902829170227e-02
-1.045541614294052124e-01
-1.104316711425781250e-01
9.702982008457183838e-02
2.582956105470657349e-03
8.817408233880996704e-02
-8.913848549127578735e-02
4.230502620339393616e-02
3.837311640381813049e-02
3.330633416771888733e-02
-8.479381352663040161e-02
3.092524595558643341e-02
1.114666089415550232e-01
4.054806753993034363e-02
3.819375857710838318e-02
5.969572439789772034e-02
4.957088455557823181e-02
-1.384000182151794434e-01
-6.948388367891311646e-02
-5.522711202502250671e-02
8.333247900009155273e-02
6.259820424020290375e-03
-2.304415777325630188e-02
1.585108973085880280e-02
-6.128551810979843140e-02
-5.555745214223861694e-02
1.995102502405643463e-02
-3.158312663435935974e-02
-4.929193109273910522e-02
-3.834263980388641357e-02
1.098301559686660767e-01
2.750432677567005157e-02
-7.140520215034484863e-02
1.864313497208058834e-03
-7.727186661213636398e-03
9.130465984344482422e-02
-1.506467070430517197e-02
-4.529840871691703796e-02
-3.486024960875511169e-02
-1.584086939692497253e-02
3.251298144459724426e-02
4.204297065734863281e-02
-4.135479405522346497e-02
-4.061564430594444275e-02
1.504152268171310425e-01
1.170865297317504883e-01
-4.571252688765525818e-02
4.066914319992065430e-02
4.387089982628822327e-02
-1.715832017362117767e-02
-7.088122516870498657e-02
-1.940920948982238770e-02
-3.811798989772796631e-02
-6.335722748190164566e-03
-8.119610138237476349e-03
2.289478480815887451e-02
-3.189964592456817627e-02
-1.809482648968696594e-02
8.633559197187423706e-02
-2.497782558202743530e-02
2.240103483200073242e-02
7.828590273857116699e-02
2.821349166333675385e-02
1.052057817578315735e-01
-2.521165646612644196e-02
-2.819417603313922882e-02
1.137268170714378357e-02
2.566979080438613892e-02
-1.055119372904300690e-02
1.213350333273410797e-02
-1.187782511115074158e-01
3.900345042347908020e-02
6.123261526226997375e-02
4.692473262548446655e-02
-1.956791803240776062e-02
-1.271493639796972275e-02
-2.530887536704540253e-02
1.636074297130107880e-02
-3.093087486922740936e-02
4.073794465512037277e-03
5.225836299359798431e-03
1.908818073570728302e-02
6.864110007882118225e-03
8.100558072328567505e-02
-3.283652663230895996e-02
3.376192599534988403e-02
8.974788710474967957e-03
-5.555545166134834290e-02
4.675314575433731079e-02
6.392151117324829102e-02
1.517664920538663864e-02
-7.711429893970489502e-02
8.170885592699050903e-02
7.915636524558067322e-03
3.361528366804122925e-02
-7.663393393158912659e-03
5.261254310607910156e-02
9.429491311311721802e-02
9.518950246274471283e-03
-1.279515326023101807e-01
2.590058557689189911e-02
1.821012981235980988e-02
8.212094753980636597e-02
-5.193179100751876831e-02
4.615090042352676392e-02
-1.008727774024009705e-02
-5.003356188535690308e-02
-4.742198809981346130e-02
6.319005042314529419e-02
-3.979646041989326477e-02
-6.815811246633529663e-02
-5.266391485929489136e-02
-2.820459567010402679e-02
-4.882960394024848938e-02
2.765053324401378632e-02
1.091045662760734558e-01
-1.337349880486726761e-02
1.118095219135284424e-01
-1.124749854207038879e-01
-2.259876206517219543e-02
-5.824358761310577393e-02
2.019105851650238037e-02
1.754937134683132172e-02
-7.219672948122024536e-02
