1.636324077844619751e-01
-3.813418326899409294e-03
4.223017022013664246e-02
-4.105237871408462524e-02
-4.533709213137626648e-02
-4.365046694874763489e-02
-9.571515023708343506e-02
-4.715324938297271729e-02
5.955854058265686035e-02
3.909348696470260620e-02
6.544442847371101379e-03
-3.981261327862739563e-02
1.007276354357600212e-03
-9.319505840539932251e-02
1.952084526419639587e-02
-5.301074311137199402e-02
3.347379714250564575e-02
8.356042951345443726e-02
2.603067550808191299e-03
-1.642950251698493958e-02
-2.680615894496440887e-02
-4.916511941701173782e-03
2.869602106511592865e-02
-2.265424467623233795e-02
-4.296155273914337158e-02
-1.080369353294372559e-01
3.645262122154235840e-02
-6.470638513565063477e-02
-1.135605648159980774e-01
-9.619000554084777832e-02
5.925154313445091248e-02
-4.236096888780593872e-02
-4.072861745953559875e-02
-7.787051796913146973e-02
2.788714319467544556e-02
-9.969525970518589020e-03
3.238556906580924988e-02
-3.360185772180557251e-02
-5.767213925719261169e-02
-5.449520051479339600e-02
6.310972571372985840e-02
-1.316512189805507660e-02
3.923422098159790039e-02
7.468423247337341309e-02
4.114723205566406250e-02
2.567769028246402740e-02
-1.248597651720046997e-01
2.276007831096649170e-02
-2.537938766181468964e-02
-4.046571627259254456e-02
-1.780976504087448120e-01
6.431716680526733398e-02
1.103124469518661499e-01
-8.549048751592636108e-02
-4.633848369121551514e-02
5.397336184978485107e-02
-3.149114549160003662e-02
-3.973411861807107925e-03
1.608437150716781616e-01
-2.057070471346378326e-02
6.321630626916885376e-02
3.825062140822410583e-02
-7.321008294820785522e-02
3.674887353554368019e-03
-6.945146620273590088e-02
-6.688054651021957397e-02
-5.578200146555900574e-02
-1.042804569005966187e-01
4.733961541205644608e-03
-5.401631444692611694e-02
-8.790823072195053101e-02
-1.020791605114936829e-01
1.386249959468841553e-01
-8.274132013320922852e-02
-1.272969096899032593e-01
5.633154138922691345e-02
-7.752068340778350830e-02
7.395943999290466309e-02
1.185443531721830368e-02
-1.872562021017074585e-01
4.138524830341339111e-02
5.868474394083023071e-02
1.089164707809686661e-02
6.219682469964027405e-02
-5.686864256858825684e-02
5.391778796911239624e-02
-3.911089897155761719e-02
6.155904009938240051e-02
2.683733031153678894e-02
-3.925145789980888367e-02
-1.597814410924911499e-01
-2.958195470273494720e-02
-6.270310282707214355e-02
-2.147646807134151459e-02
-5.603260546922683716e-02
-4.872664064168930054e-02
-3.181490302085876465e-02
2.939966320991516113e-02
8.068475872278213501e-02
-9.123636782169342041e-02
6.299342215061187744e-02
-1.197931356728076935e-02
1.683695241808891296e-02
-1.285704877227544785e-02
-3.955699969083070755e-03
-5.753423646092414856e-02
6.896844506263732910e-02
9.582164883613586426e-02
1.054291725158691406e-01
-1.006994619965553284e-01
-2.579922322183847427e-03
1.422359645366668701e-01
-1.615110598504543304e-02
9.073495864868164062e-02
1.018128171563148499e-02
-3.171419724822044373e-02
-1.988446153700351715e-02
5.537607893347740173e-02
5.739350616931915283e-02
-6.418695300817489624e-02
-5.161178112030029297e-02
1.049422621726989746e-01
4.648727364838123322e-03
5.015691369771957397e-02
-4.771419987082481384e-02
3.372427308931946754e-04
-5.198609828948974609e-02
-9.056480228900909424e-02
-1.080147251486778259e-01
1.048432812094688416e-01
6.858068984001874924e-03
8.696420490741729736e-02
-9.323684871196746826e-02
4.343518242239952087e-02
3.947963938117027283e-02
2.708496898412704468e-02
-8.288083225488662720e-02
3.014285117387771606e-02
1.101343706250190735e-01
4.113189131021499634e-02
3.062606044113636017e-02
5.223181471228599548e-02
5.608401820063591003e-02
-1.385325640439987183e-01
-7.275450974702835083e-02
-5.422195792198181152e-02
8.644466847181320190e-02
7.124433759599924088e-03
-1.573627069592475891e-02
2.376920543611049652e-02
-6.536705046892166138e-02
-5.754797160625457764e-02
2.314389310777187347e-02
-2.761221490800380707e-02
-4.840172082185745239e-02
-3.904899954795837402e-02
1.048238873481750488e-01
1.613572053611278534e-02
-6.966413557529449463e-02
3.065193071961402893e-03
-4.309679381549358368e-03
9.946759790182113647e-02
-1.661864109337329865e-02
-3.454233705997467041e-02
-2.425153926014900208e-02
-1.291292347013950348e-02
4.061467200517654419e-02
4.405257105827331543e-02
-3.959169238805770874e-02
-4.702868312597274780e-02
1.433646380901336670e-01
1.193653345108032227e-01
-4.427739232778549194e-02
4.744712635874748230e-02
4.788524284958839417e-02
-1.694983430206775665e-02
-7.292418181896209717e-02
-1.399991940706968307e-02
-4.400487616658210754e-02
-2.263635862618684769e-03
-1.119736954569816589e-02
2.204962074756622314e-02
-2.518617920577526093e-02
-1.905047707259654999e-02
8.168392628431320190e-02
-2.386248670518398285e-02
3.043640591204166412e-02
6.894492357969284058e-02
2.716025710105895996e-02
1.065566986799240112e-01
-2.381688728928565979e-02
-2.913709916174411774e-02
1.071638055145740509e-02
2.479088865220546722e-02
-1.194239594042301178e-02
6.575661245733499527e-03
-1.245566233992576599e-01
4.910473525524139404e-02
6.168483570218086243e-02
5.317341908812522888e-02
-1.352827809751033783e-02
-1.687365584075450897e-02
-1.153647061437368393e-02
2.408951520919799805e-02
-3.112353384494781494e-02
7.087055128067731857e-03
1.398841035552322865e-03
2.030076459050178528e-02
8.305903524160385132e-03
8.523546904325485229e-02
-2.150416560471057892e-02
3.002029284834861755e-02
6.916193291544914246e-03
-5.447555333375930786e-02
4.786931350827217102e-02
7.077702879905700684e-02
2.400959283113479614e-02
-8.488380163908004761e-02
7.814249396324157715e-02
3.965953364968299866e-03
3.150840103626251221e-02
-6.810920778661966324e-03
5.594402179121971130e-02
8.957895636558532715e-02
1.698390394449234009e-02
-1.287364065647125244e-01
2.116928249597549438e-02
1.571512594819068909e-02
7.899843901395797729e-02
-5.523619055747985840e-02
4.820917174220085144e-02
-1.174786873161792755e-02
-6.047470495104789734e-02
-5.039826035499572754e-02
6.608408689498901367e-02
-4.027333483099937439e-02
-7.074119150638580322e-02
-5.306689441204071045e-02
-3.291295468807220459e-02
-4.661302641034126282e-02
3.135411813855171204e-02
1.071686446666717529e-01
-1.256815157830715179e-02
1.053639873862266541e-01
-1.158892661333084106e-01
-2.752072364091873169e-02
-5.561842396855354309e-02
2.061431482434272766e-02
2.139762789011001587e-02
-7.242749631404876709e-02
