1.525319665670394897e-01
-4.970707464963197708e-03
3.853344172239303589e-02
-4.005059599876403809e-02
-4.586992040276527405e-02
-3.034124895930290222e-02
-9.626394510269165039e-02
-4.961468651890754700e-02
6.207873299717903137e-02
4.301892966032028198e-02
1.265406701713800430e-02
-4.059552773833274841e-02
-6.303803995251655579e-03
-8.980183303356170654e-02
1.468755211681127548e-02
-5.052076280117034912e-02
2.557048574090003967e-02
8.284906297922134399e-02
-9.855622192844748497e-04
-2.182801626622676849e-02
-2.534451335668563843e-02
-5.307035986334085464e-03
1.709037832915782928e-02
-3.397195786237716675e-02
-3.758348152041435242e-02
-1.089543327689170837e-01
3.842842578887939453e-02
-6.099160388112068176e-02
-1.161224246025085449e-01
-1.097754836082458496e-01
6.745348870754241943e-02
-4.620254039764404297e-02
-5.743899941444396973e-02
-6.136848032474517822e-02
3.719973191618919373e-02
-6.944634485989809036e-03
1.149179972708225250e-02
-3.760651126503944397e-02
-5.483226105570793152e-02
-4.889244213700294495e-02
5.546934902667999268e-02
-4.809251986443996429e-03
3.732280433177947998e-02
7.710912078619003296e-02
3.938149660825729370e-02
2.345088310539722443e-02
-1.214050352573394775e-01
4.059080034494400024e-02
-2.315141819417476654e-02
-3.345831111073493958e-02
-1.688057631254196167e-01
6.460699439048767090e-02
1.151819974184036255e-01
-9.890491515398025513e-02
-4.140573740005493164e-02
4.599521681666374207e-02
-2.626670524477958679e-02
4.484471864998340607e-03
1.706907153129577637e-01
-1.337255164980888367e-02
6.031415238976478577e-02
3.880568221211433411e-02
-7.308672368526458740e-02
-5.516433622688055038e-03
-6.849235296249389648e-02
-5.925781652331352234e-02
-5.551071092486381531e-02
-1.064127162098884583e-01
-5.461783614009618759e-03
-5.932472646236419678e-02
-9.885520488023757935e-02
-9.942729771137237549e-02
1.344607919454574585e-01
-8.715686202049255371e-02
-1.325301080942153931e-01
5.138097703456878662e-02
-7.247644662857055664e-02
8.179672807455062866e-02
1.751297898590564728e-02
-1.962381899356842041e-01
3.833387047052383423e-02
5.678678676486015320e-02
2.008367143571376801e-02
7.939487695693969727e-02
-5.539882928133010864e-02
4.237499460577964783e-02
-4.565304145216941833e-02
6.296481937170028687e-02
2.896763570606708527e-02
-4.146177694201469421e-02
-1.493898779153823853e-01
-4.533622413873672485e-02
-5.344333499670028687e-02
-2.685154229402542114e-02
-6.110518798232078552e-02
-5.103015527129173279e-02
-3.310882300138473511e-02
3.519136831164360046e-02
6.428496539592742920e-02
-9.532716125249862671e-02
5.127225071191787720e-02
-1.283198781311511993e-02
1.044378802180290222e-02
-1.845104619860649109e-02
-6.927920039743185043e-04
-5.730510130524635315e-02
7.085926085710525513e-02
8.453983813524246216e-02
1.038040295243263245e-01
-9.194577485322952271e-02
2.604339970275759697e-03
1.331142038106918335e-01
-1.691712811589241028e-02
9.666205197572708130e-02
-2.976867835968732834e-03
-2.314171008765697479e-02
-2.513241022825241089e-02
4.214375093579292297e-02
5.068612098693847656e-02
-5.291043221950531006e-02
-2.589107304811477661e-02
1.038609296083450317e-01
6.080843508243560791e-03
4.102667048573493958e-02
-6.002033874392509460e-02
7.974412292242050171e-03
-4.007748141884803772e-02
-8.541062474250793457e-02
-1.024110317230224609e-01
9.383822232484817505e-02
1.637646928429603577e-02
8.755050599575042725e-02
-9.759534895420074463e-02
3.959263488650321960e-02
4.091021046042442322e-02
4.963100422173738480e-03
-7.695489376783370972e-02
1.532819774001836777e-02
8.568348735570907593e-02
3.685433417558670044e-02
1.968678459525108337e-02
5.639002099633216858e-02
4.929117113351821899e-02
-1.285394430160522461e-01
-7.373811304569244385e-02
-5.216403678059577942e-02
9.073072671890258789e-02
1.209772191941738129e-02
-8.968496695160865784e-03
1.207786798477172852e-02
-6.061994656920433044e-02
-5.805516615509986877e-02
1.930143311619758606e-02
-1.425096392631530762e-02
-4.601645469665527344e-02
-3.424102440476417542e-02
1.032583713531494141e-01
2.605428162496536970e-04
-5.927065759897232056e-02
-1.343926298432052135e-03
6.749979685992002487e-03
8.798904716968536377e-02
-1.982142962515354156e-02
-2.313320711255073547e-02
-3.222803026437759399e-02
-1.285654399544000626e-02
4.506449773907661438e-02
3.471897915005683899e-02
-4.090671241283416748e-02
-6.041660904884338379e-02
1.529303640127182007e-01
1.198709085583686829e-01
-5.230860784649848938e-02
3.883430734276771545e-02
4.799886420369148254e-02
-1.280744187533855438e-02
-7.514256983995437622e-02
-8.134637959301471710e-03
-3.456167504191398621e-02
-2.174279885366559029e-03
-2.314457483589649200e-02
1.505117770284414291e-02
-3.144396468997001648e-02
-1.065513771027326584e-02
6.207652762532234192e-02
-1.679803244769573212e-02
3.095383755862712860e-02
5.519822239875793457e-02
2.100884541869163513e-02
1.110566109418869019e-01
-1.471383683383464813e-02
-2.858848311007022858e-02
1.851350255310535431e-02
3.679896146059036255e-02
-1.160402130335569382e-02
2.300799358636140823e-03
-1.196908578276634216e-01
4.735778272151947021e-02
6.641522794961929321e-02
4.942635446786880493e-02
-1.839635893702507019e-02
-3.398798033595085144e-02
-1.418994273990392685e-02
2.652255445718765259e-02
-4.337967932224273682e-02
-2.120422432199120522e-03
6.770835723727941513e-03
2.642100304365158081e-02
1.057278830558061600e-02
8.578034490346908569e-02
-3.111145645380020142e-02
4.439369589090347290e-02
-1.258348580449819565e-03
-6.113077700138092041e-02
6.103597953915596008e-02
7.902445644140243530e-02
4.198320955038070679e-02
-7.439336925745010376e-02
7.685309648513793945e-02
1.558239199221134186e-02
4.100257530808448792e-02
-1.058407127857208252e-02
4.946708306670188904e-02
8.353514224290847778e-02
2.002454176545143127e-02
-1.454822570085525513e-01
1.309353858232498169e-02
2.203814685344696045e-02
9.731132537126541138e-02
-6.224653497338294983e-02
5.854044854640960693e-02
-1.328964158892631531e-02
-6.800579279661178589e-02
-4.216039553284645081e-02
6.182048842310905457e-02
-4.564879462122917175e-02
-7.227874547243118286e-02
-5.806139111518859863e-02
-4.593474790453910828e-02
-5.119447782635688782e-02
2.544597908854484558e-02
1.273829936981201172e-01
-2.102777548134326935e-02
1.166119053959846497e-01
-1.311578154563903809e-01
-2.928861789405345917e-02
-6.478810310363769531e-02
1.361422822810709476e-03
3.346184641122817993e-02
-7.717199623584747314e-02
