1.550015509128570557e-01
-3.658431116491556168e-03
3.439572826027870178e-02
-4.387146607041358948e-02
-4.054409265518188477e-02
-2.096324041485786438e-02
-9.104992449283599854e-02
-5.091267079114913940e-02
5.053433775901794434e-02
4.564738646149635315e-02
1.128420000895857811e-03
-5.152998864650726318e-02
-1.083586737513542175e-02
-8.408559113740921021e-02
3.512106370180845261e-03
-4.747067764401435852e-02
1.392570603638887405e-02
7.903808355331420898e-02
6.667871959507465363e-03
-6.315944250673055649e-03
-2.843697927892208099e-02
-1.584692113101482391e-02
1.909228973090648651e-02
-1.758239045739173889e-02
-3.768700361251831055e-02
-1.103552728891372681e-01
3.219155967235565186e-02
-5.983451008796691895e-02
-1.120734140276908875e-01
-1.079560965299606323e-01
6.321915984153747559e-02
-5.315288156270980835e-02
-6.040029600262641907e-02
-5.265651643276214600e-02
4.181484505534172058e-02
-1.041028369218111038e-02
5.553848575800657272e-03
-4.826145991683006287e-02
-5.419405922293663025e-02
-5.123085156083106995e-02
4.314285516738891602e-02
5.913735367357730865e-03
4.791149497032165527e-02
6.012583896517753601e-02
4.669439047574996948e-02
2.423541992902755737e-02
-1.146096438169479370e-01
5.602946877479553223e-02
-2.853399887681007385e-02
-2.064787782728672028e-02
-1.643371880054473877e-01
5.945757776498794556e-02
1.131377890706062317e-01
-9.991678595542907715e-02
-2.666806988418102264e-02
3.775927796959877014e-02
-2.315549738705158234e-02
2.026863954961299896e-02
1.627392768859863281e-01
1.157841761596500874e-03
6.347630918025970459e-02
2.958280034363269806e-02
-8.245303481817245483e-02
-5.787269212305545807e-03
-7.858104258775711060e-02
-4.742665216326713562e-02
-4.860117658972740173e-02
-1.017652153968811035e-01
1.051451254170387983e-04
-4.527961090207099915e-02
-1.032492592930793762e-01
-8.250180631875991821e-02
1.300773620605468750e-01
-7.816243916749954224e-02
-1.316038966178894043e-01
4.514795541763305664e-02
-4.798841848969459534e-02
9.759601950645446777e-02
1.617915742099285126e-02
-1.860267370939254761e-01
4.335434734821319580e-02
6.216396763920783997e-02
3.131004795432090759e-02
7.244749367237091064e-02
-4.447426274418830872e-02
4.569366201758384705e-02
-3.632998093962669373e-02
6.226390600204467773e-02
2.754898928105831146e-02
-4.739720001816749573e-02
-1.368152946233749390e-01
-4.550548642873764038e-02
-4.953064769506454468e-02
-2.045300789177417755e-02
-4.578127339482307434e-02
-6.165542453527450562e-02
-2.854445762932300568e-02
4.930716380476951599e-02
7.510893046855926514e-02
-9.474561363458633423e-02
5.881454423069953918e-02
-1.586521975696086884e-02
2.019699849188327789e-02
-2.275731973350048065e-02
-1.722718589007854462e-02
-5.583367869257926941e-02
6.416503340005874634e-02
7.990305870771408081e-02
1.122548282146453857e-01
-9.366529434919357300e-02
3.656583372503519058e-03
1.497002094984054565e-01
-2.069115638732910156e-02
1.019115224480628967e-01
-5.286423955112695694e-03
-1.291997544467449188e-02
-1.765263825654983521e-02
4.814912006258964539e-02
4.304961487650871277e-02
-5.353713035583496094e-02
-2.151308953762054443e-02
1.119738072156906128e-01
-1.904867938719689846e-03
4.007891938090324402e-02
-5.385819450020790100e-02
7.051059976220130920e-03
-3.770416975021362305e-02
-7.461416721343994141e-02
-1.058648154139518738e-01
1.117764562368392944e-01
2.403460815548896790e-02
8.166696131229400635e-02
-9.880252182483673096e-02
3.924499452114105225e-02
4.739757627248764038e-02
-1.841207151301205158e-03
-6.618812680244445801e-02
4.840647743549197912e-04
7.946576923131942749e-02
4.101663827896118164e-02
-1.045825658366084099e-03
5.767844989895820618e-02
3.218641132116317749e-02
-1.300830990076065063e-01
-9.534464031457901001e-02
-5.121390148997306824e-02
9.309910982847213745e-02
7.637553382664918900e-03
-1.398644223809242249e-02
8.297497406601905823e-03
-7.000220566987991333e-02
-7.204608619213104248e-02
2.817767905071377754e-03
-5.352682899683713913e-03
-3.829596564173698425e-02
-2.187539823353290558e-02
1.089876815676689148e-01
7.625813130289316177e-03
-5.772473290562629700e-02
-3.982824273407459259e-03
1.788659580051898956e-02
9.534407407045364380e-02
-2.731667272746562958e-02
-2.213545702397823334e-02
-3.906792402267456055e-02
-1.957069337368011475e-02
4.867795109748840332e-02
5.037118867039680481e-02
-4.869479686021804810e-02
-7.673409581184387207e-02
1.632749736309051514e-01
1.295061111450195312e-01
-6.071388348937034607e-02
4.730498045682907104e-02
4.701069369912147522e-02
-2.177591621875762939e-02
-8.257034420967102051e-02
3.392381593585014343e-03
-5.551009625196456909e-02
-1.043526935973204672e-04
-2.655619196593761444e-02
1.586774550378322601e-02
-3.291633352637290955e-02
-1.169627532362937927e-03
5.608252063393592834e-02
-1.638169772922992706e-02
3.769296407699584961e-02
4.888483881950378418e-02
1.657116785645484924e-02
1.153369545936584473e-01
-1.911338046193122864e-02
-2.300396561622619629e-02
3.690155595541000366e-02
3.174659982323646545e-02
6.112111441325396299e-05
6.886609829962253571e-03
-1.123689040541648865e-01
5.209436640143394470e-02
6.292547285556793213e-02
5.218502134084701538e-02
-2.619168907403945923e-02
-4.449352249503135681e-02
-1.748498529195785522e-02
3.310891240835189819e-02
-4.722082987427711487e-02
-1.368447858840227127e-02
1.046195998787879944e-02
3.617146983742713928e-02
6.714915391057729721e-03
8.967181295156478882e-02
-4.266755655407905579e-02
4.462625086307525635e-02
3.990405704826116562e-03
-7.114594429731369019e-02
7.042246311902999878e-02
7.956708222627639771e-02
5.221405252814292908e-02
-7.214054465293884277e-02
6.631658226251602173e-02
8.783385157585144043e-03
3.619901835918426514e-02
-1.366994250565767288e-02
3.903884440660476685e-02
7.000845670700073242e-02
2.340541966259479523e-02
-1.485662311315536499e-01
1.964649744331836700e-02
3.380248323082923889e-02
9.835197031497955322e-02
-6.618347018957138062e-02
4.063956066966056824e-02
-1.142563205212354660e-02
-6.646757572889328003e-02
-4.111679643392562866e-02
7.050056010484695435e-02
-4.504977911710739136e-02
-7.412313669919967651e-02
-4.849220439791679382e-02
-4.740198701620101929e-02
-5.124707892537117004e-02
1.176302973181009293e-02
1.176331341266632080e-01
-1.733158715069293976e-02
1.061782985925674438e-01
-1.346991360187530518e-01
-1.655166782438755035e-02
-7.000109553337097168e-02
-1.772359944880008698e-02
4.141379147768020630e-02
-6.902743130922317505e-02
