1.408323198556900024e-01
-8.841704577207565308e-03
4.075125977396965027e-02
-4.589917510747909546e-02
-3.702834621071815491e-02
-3.722750023007392883e-02
-8.751307427883148193e-02
-4.397900402545928955e-02
5.314922332763671875e-02
4.683016985654830933e-02
1.529267430305480957e-02
-4.235976561903953552e-02
-3.663272131234407425e-03
-7.976689189672470093e-02
9.688931517302989960e-03
-3.283018991351127625e-02
3.391054272651672363e-02
8.382450789213180542e-02
7.283556624315679073e-04
-2.381246723234653473e-02
-2.034721896052360535e-02
-2.394908107817173004e-03
2.144212089478969574e-02
-2.323780022561550140e-02
-3.625263646245002747e-02
-1.195276007056236267e-01
2.440164797008037567e-02
-5.871483683586120605e-02
-1.030673086643218994e-01
-9.625157713890075684e-02
7.173413038253784180e-02
-4.259023070335388184e-02
-6.337552517652511597e-02
-7.489313930273056030e-02
3.853130340576171875e-02
-7.994742132723331451e-03
2.052419260144233704e-02
-3.800452500581741333e-02
-4.594076424837112427e-02
-4.970812797546386719e-02
5.460727587342262268e-02
-2.156432904303073883e-02
3.304801881313323975e-02
7.207009941339492798e-02
4.282275214791297913e-02
2.530114911496639252e-02
-1.294620484113693237e-01
3.001822158694267273e-02
-2.438543736934661865e-02
-4.083948954939842224e-02
-1.708236038684844971e-01
6.423635780811309814e-02
1.051816418766975403e-01
-8.894188702106475830e-02
-4.828783497214317322e-02
5.169203877449035645e-02
-3.069664165377616882e-02
9.350348263978958130e-03
1.623999178409576416e-01
-3.040821477770805359e-02
6.635423749685287476e-02
4.059258848428726196e-02
-6.183743476867675781e-02
-6.475208792835474014e-03
-6.829721480607986450e-02
-6.374353170394897461e-02
-6.361388415098190308e-02
-9.551181644201278687e-02
-3.866225248202681541e-03
-5.676210299134254456e-02
-9.269174933433532715e-02
-8.458862453699111938e-02
1.324407607316970825e-01
-8.388220518827438354e-02
-1.259140074253082275e-01
6.157080456614494324e-02
-8.262380212545394897e-02
7.837187498807907104e-02
1.051584724336862564e-02
-1.840276569128036499e-01
4.617556184530258179e-02
6.398853659629821777e-02
1.332447398453950882e-02
5.755527690052986145e-02
-6.177411600947380066e-02
4.773496836423873901e-02
-4.442412033677101135e-02
7.217585295438766479e-02
2.665372006595134735e-02
-3.652076050639152527e-02
-1.572748422622680664e-01
-3.812950104475021362e-02
-5.615787953138351440e-02
-2.271010167896747589e-02
-5.245306715369224548e-02
-5.632188171148300171e-02
-3.359458968043327332e-02
1.504715904593467712e-02
6.212209537625312805e-02
-8.452630043029785156e-02
5.378426983952522278e-02
-5.608237348496913910e-03
5.679079331457614899e-03
-1.903905346989631653e-02
-1.007964927703142166e-02
-6.664973497390747070e-02
7.123444229364395142e-02
8.561168611049652100e-02
1.023258790373802185e-01
-1.002398580312728882e-01
3.685128409415483475e-03
1.393750160932540894e-01
-2.466443181037902832e-02
8.412648737430572510e-02
8.498940616846084595e-03
-3.554663062095642090e-02
-1.575581915676593781e-02
4.512283951044082642e-02
4.670654982328414917e-02
-5.692901834845542908e-02
-2.902521751821041107e-02
1.020096838474273682e-01
3.682508366182446480e-03
4.607186838984489441e-02
-5.626884475350379944e-02
-2.605213550850749016e-03
-4.158205911517143250e-02
-9.914690256118774414e-02
-1.058949306607246399e-01
1.027365848422050476e-01
6.750172004103660583e-03
8.822435140609741211e-02
-9.561374783515930176e-02
3.947313874959945679e-02
4.380737617611885071e-02
2.743226103484630585e-02
-7.918576151132583618e-02
1.180328801274299622e-02
9.512393921613693237e-02
4.319939389824867249e-02
2.134189009666442871e-02
5.707223713397979736e-02
4.636992886662483215e-02
-1.257864981889724731e-01
-6.796889007091522217e-02
-4.946960508823394775e-02
8.406638354063034058e-02
2.019110601395368576e-03
-1.583936624228954315e-02
6.059044972062110901e-03
-6.254589557647705078e-02
-6.068007647991180420e-02
2.109826728701591492e-02
-1.916186697781085968e-02
-5.022083967924118042e-02
-2.823011390864849091e-02
1.072171255946159363e-01
1.859419420361518860e-02
-6.441991776227951050e-02
5.528564215637743473e-04
-2.266813535243272781e-03
9.598056972026824951e-02
-2.026057429611682892e-02
-3.752527758479118347e-02
-3.762205317616462708e-02
-1.633830927312374115e-02
3.307739645242691040e-02
4.721414297819137573e-02
-4.738034680485725403e-02
-5.671508237719535828e-02
1.599336266517639160e-01
1.184024363756179810e-01
-4.961662739515304565e-02
4.765914380550384521e-02
4.190022870898246765e-02
-2.002138458192348480e-02
-7.434355467557907104e-02
-6.983946077525615692e-03
-3.937218710780143738e-02
3.333428758196532726e-04
-1.123780477792024612e-02
1.147917285561561584e-02
-2.891795709729194641e-02
-9.857356548309326172e-03
7.446045428514480591e-02
-2.908172458410263062e-02
2.258141711354255676e-02
6.562374532222747803e-02
2.363225445151329041e-02
1.136572510004043579e-01
-2.372694201767444611e-02
-3.351848945021629333e-02
2.274000085890293121e-02
3.307447209954261780e-02
-1.143055502325296402e-02
1.064827106893062592e-02
-1.294183880090713501e-01
4.847497493028640747e-02
6.340130418539047241e-02
5.028117820620536804e-02
-2.420773729681968689e-02
-2.232782170176506042e-02
-1.426780596375465393e-02
2.145494334399700165e-02
-2.549623697996139526e-02
6.102693732827901840e-03
8.647954091429710388e-03
2.352111041545867920e-02
7.652850355952978134e-03
8.229228109121322632e-02
-3.222712129354476929e-02
3.386674076318740845e-02
1.447174116037786007e-03
-6.163927540183067322e-02
4.955091327428817749e-02
7.397958636283874512e-02
2.468051947653293610e-02
-8.594141155481338501e-02
8.647695928812026978e-02
1.587586849927902222e-02
4.207685589790344238e-02
-1.739447377622127533e-02
5.007793754339218140e-02
8.897980302572250366e-02
2.062441222369670868e-02
-1.591092199087142944e-01
2.130485512316226959e-02
1.672910526394844055e-02
9.532711654901504517e-02
-6.280076503753662109e-02
5.126249790191650391e-02
-8.565399795770645142e-03
-7.292242348194122314e-02
-4.377542808651924133e-02
6.920923292636871338e-02
-4.075095430016517639e-02
-7.331696152687072754e-02
-6.916055828332901001e-02
-4.287458956241607666e-02
-5.838583037257194519e-02
2.154568210244178772e-02
1.198800280690193176e-01
-1.754671335220336914e-02
1.176255792379379272e-01
-1.256405413150787354e-01
-3.475784137845039368e-02
-7.327249646186828613e-02
1.498227845877408981e-02
2.619379386305809021e-02
-8.520398288965225220e-02
