1.228430792689323425e-01
1.049123145639896393e-02
2.420075237751007080e-02
-3.131518885493278503e-02
-9.488570503890514374e-03
-2.354545891284942627e-02
-7.011631876230239868e-02
-5.442120134830474854e-02
2.026705257594585419e-02
2.142300084233283997e-02
-1.151135377585887909e-02
-4.098770022392272949e-02
-3.482038388028740883e-03
-6.994445621967315674e-02
-1.648551411926746368e-02
-3.809674456715583801e-02
1.478275656700134277e-02
6.671731173992156982e-02
-2.187994308769702911e-02
1.600893028080463409e-02
-1.776175945997238159e-02
-3.114907257258892059e-02
1.675743050873279572e-02
-2.196455560624599457e-02
-5.301927775144577026e-02
-1.102534011006355286e-01
4.989282786846160889e-02
-5.838881060481071472e-02
-1.006350219249725342e-01
-1.056332290172576904e-01
7.018548250198364258e-02
-5.448135361075401306e-02
-5.216960236430168152e-02
-4.316299781203269958e-02
4.027448967099189758e-02
-1.426436938345432281e-03
1.012001931667327881e-02
-5.542561039328575134e-02
-4.957704618573188782e-02
-6.113862618803977966e-02
3.956081345677375793e-02
1.233643759042024612e-02
3.994791954755783081e-02
6.675136089324951172e-02
5.054274573922157288e-02
3.147589741274714470e-03
-1.357657015323638916e-01
7.841387391090393066e-02
-2.915062569081783295e-02
-4.534719511866569519e-02
-1.565076112747192383e-01
6.702642142772674561e-02
1.155468598008155823e-01
-9.642413258552551270e-02
-2.458122186362743378e-02
3.371912986040115356e-02
-3.034083172678947449e-02
-1.648874208331108093e-02
1.355009973049163818e-01
-2.329939045011997223e-03
7.246890664100646973e-02
4.242590814828872681e-02
-8.887133002281188965e-02
6.176853086799383163e-03
-7.506061345338821411e-02
-3.316231071949005127e-02
-4.254992306232452393e-02
-9.915964305400848389e-02
1.316607696935534477e-03
-4.739808663725852966e-02
-8.107647299766540527e-02
-7.521323114633560181e-02
1.131503507494926453e-01
-5.804328620433807373e-02
-1.440952718257904053e-01
3.664940223097801208e-02
-4.307932406663894653e-02
9.894672036170959473e-02
-8.238993585109710693e-03
-1.744312494993209839e-01
3.038446605205535889e-02
7.135217636823654175e-02
5.254982039332389832e-02
6.876024603843688965e-02
-4.015723988413810730e-02
4.744006693363189697e-02
-2.055037394165992737e-02
3.996954113245010376e-02
5.612877011299133301e-02
-5.088940262794494629e-02
-1.758015006780624390e-01
-2.668809518218040466e-02
-3.576594963669776917e-02
-1.836434192955493927e-02
-5.076586082577705383e-02
-5.458413437008857727e-02
-2.875490672886371613e-02
2.974094823002815247e-02
9.193230420351028442e-02
-7.709269225597381592e-02
7.024876028299331665e-02
-7.289198692888021469e-03
2.974996902048587799e-02
-3.475993126630783081e-02
-1.850429736077785492e-02
-6.893067806959152222e-02
6.409504264593124390e-02
7.409942895174026489e-02
1.253156810998916626e-01
-9.151997417211532593e-02
-6.564543116837739944e-03
1.626326888799667358e-01
-8.250801824033260345e-03
1.077544614672660828e-01
6.370584480464458466e-03
-1.685206964612007141e-02
7.792978431098163128e-05
3.767169639468193054e-02
3.822103142738342285e-02
-7.171893864870071411e-02
-3.771188482642173767e-02
1.150559782981872559e-01
-6.890942808240652084e-03
5.014686286449432373e-02
-6.282704323530197144e-02
-1.309017091989517212e-02
-5.491192638874053955e-02
-6.976905465126037598e-02
-9.500121325254440308e-02
1.340051591396331787e-01
2.095594070851802826e-02
8.142248541116714478e-02
-1.012962758541107178e-01
3.121189959347248077e-02
3.891031444072723389e-02
3.798544872552156448e-03
-4.647446423768997192e-02
-9.423114359378814697e-03
8.823089301586151123e-02
6.608761101961135864e-02
-1.232142560184001923e-02
4.690762609243392944e-02
3.666462004184722900e-02
-1.304088234901428223e-01
-1.035945639014244080e-01
-5.549323186278343201e-02
8.368320763111114502e-02
8.161128498613834381e-03
9.857079014182090759e-03
4.177540075033903122e-03
-8.808346837759017944e-02
-7.726444303989410400e-02
2.639095485210418701e-02
5.511407740414142609e-03
-2.987951040267944336e-02
-2.655812166631221771e-02
1.042672544717788696e-01
-3.731093835085630417e-03
-5.813551694154739380e-02
9.542969986796379089e-03
5.538143217563629150e-03
1.265534460544586182e-01
-5.543160811066627502e-02
-1.844179257750511169e-02
-2.360602281987667084e-02
-1.842986908741295338e-03
4.619995504617691040e-02
6.101633608341217041e-02
-6.854372471570968628e-02
-9.230671077966690063e-02
1.550871431827545166e-01
1.340970247983932495e-01
-4.337924346327781677e-02
6.660934537649154663e-02
5.752551928162574768e-02
-4.276032000780105591e-02
-9.585870057344436646e-02
-3.161532804369926453e-03
-6.416335701942443848e-02
2.275402285158634186e-02
-1.754975318908691406e-02
1.447745319455862045e-02
-3.063826635479927063e-02
9.345956146717071533e-03
7.307564467191696167e-02
-1.984205842018127441e-02
3.986586630344390869e-02
4.868068173527717590e-02
5.340946372598409653e-03
1.159839406609535217e-01
-2.975514344871044159e-02
-2.285804785788059235e-02
3.348461911082267761e-02
2.642831578850746155e-02
-8.956588804721832275e-03
1.496117468923330307e-02
-1.245353519916534424e-01
6.141212210059165955e-02
7.577089965343475342e-02
7.308312505483627319e-02
-1.734894700348377228e-02
-3.864970058202743530e-02
-5.210956092923879623e-03
4.184900596737861633e-02
-3.116862848401069641e-02
-3.695458872243762016e-03
1.469464390538632870e-03
3.201315179467201233e-02
-2.839798806235194206e-03
9.757704287767410278e-02
-3.151941671967506409e-02
2.172215469181537628e-02
7.393565960228443146e-03
-6.727617979049682617e-02
5.519246682524681091e-02
7.177744805812835693e-02
2.980123646557331085e-02
-9.332425892353057861e-02
7.187628746032714844e-02
-1.220146566629409790e-02
3.690147027373313904e-02
-2.170863561332225800e-02
6.089635565876960754e-02
8.474871516227722168e-02
4.528477787971496582e-02
-1.533326506614685059e-01
3.575807809829711914e-02
3.602155297994613647e-02
8.323469758033752441e-02
-6.398101896047592163e-02
1.166301034390926361e-02
-2.500615827739238739e-02
-9.282734990119934082e-02
-3.243943676352500916e-02
6.480603665113449097e-02
-3.304566815495491028e-02
-8.130765706300735474e-02
-5.306576937437057495e-02
-2.709726616740226746e-02
-4.998359829187393188e-02
4.084016662091016769e-03
8.001629263162612915e-02
-2.197941765189170837e-02
4.599930718541145325e-02
-1.096565127372741699e-01
-2.101781964302062988e-02
-6.098937988281250000e-02
-1.675968989729881287e-02
2.583998814225196838e-02
-5.134850740432739258e-02
