1.104870811104774475e-01
-6.797274574637413025e-03
2.458494529128074646e-02
2.117954660207033157e-03
-3.230521082878112793e-02
1.152196549810469151e-03
-5.837273225188255310e-02
-2.901400253176689148e-02
4.615002498030662537e-02
-1.372396666556596756e-02
2.748766727745532990e-02
-3.922145813703536987e-02
-2.428272273391485214e-04
-5.645816400647163391e-02
1.017418876290321350e-02
-3.893770650029182434e-02
1.697066985070705414e-02
6.518831849098205566e-02
-8.435973897576332092e-03
-6.134608760476112366e-03
-3.502318635582923889e-02
2.104334533214569092e-02
-9.206832386553287506e-03
-2.810775861144065857e-02
-1.376303553115576506e-04
-8.998674899339675903e-02
3.785752505064010620e-02
-5.464345589280128479e-02
-1.057839617133140564e-01
-1.180677637457847595e-01
3.990470618009567261e-02
-3.146011754870414734e-02
-2.562293037772178650e-02
-5.063255131244659424e-02
1.586399041116237640e-02
1.427710056304931641e-03
2.915743552148342133e-02
-2.130058407783508301e-02
-6.930205225944519043e-02
-4.533356055617332458e-02
8.686743676662445068e-02
3.386719897389411926e-02
3.584489971399307251e-02
6.477145850658416748e-02
9.708506055176258087e-03
2.077598497271537781e-02
-1.107014939188957214e-01
4.940186813473701477e-02
-4.346247389912605286e-02
-4.077069833874702454e-02
-1.894991844892501831e-01
6.780313700437545776e-02
1.012193411588668823e-01
-9.853512048721313477e-02
-3.028410859405994415e-02
6.141933426260948181e-02
-3.650829941034317017e-02
-3.219719976186752319e-02
1.601733416318893433e-01
2.332189469598233700e-04
7.064950466156005859e-02
2.352708391845226288e-02
-9.186987578868865967e-02
8.784771896898746490e-03
-6.540833413600921631e-02
-5.924469977617263794e-02
-3.942891210317611694e-02
-1.173762381076812744e-01
-1.031320774927735329e-03
-5.751331150531768799e-02
-8.559046685695648193e-02
-1.234030053019523621e-01
1.413313299417495728e-01
-9.479393064975738525e-02
-1.663543283939361572e-01
1.942002773284912109e-02
-6.935402005910873413e-02
1.030585616827011108e-01
2.557438053190708160e-02
-2.416867762804031372e-01
2.722485363483428955e-02
2.723368629813194275e-02
-1.365145575255155563e-02
1.009459942579269409e-01
-4.581580683588981628e-02
3.595559671521186829e-02
-4.895160719752311707e-02
7.593633234500885010e-02
4.062844812870025635e-02
-3.939118981361389160e-02
-1.615740209817886353e-01
-6.047174334526062012e-02
-6.655783951282501221e-02
-3.769764676690101624e-02
-6.907977163791656494e-02
-3.205152601003646851e-02
-1.711110025644302368e-02
4.558322951197624207e-02
6.512668728828430176e-02
-6.807406991720199585e-02
4.082699120044708252e-02
-3.273220360279083252e-02
2.860013954341411591e-02
3.439862979575991631e-03
6.850123405456542969e-03
-4.927610233426094055e-02
7.318959385156631470e-02
7.498730719089508057e-02
1.030705869197845459e-01
-7.257860898971557617e-02
-3.577952273190021515e-03
1.219701468944549561e-01
1.239478588104248047e-02
9.441889077425003052e-02
-1.461526099592447281e-02
-2.431846968829631805e-02
-4.382701218128204346e-02
3.645887598395347595e-02
6.237683072686195374e-02
-3.877384215593338013e-02
-5.080058425664901733e-02
1.001924425363540649e-01
4.032458178699016571e-03
5.755488760769367218e-03
-4.177938774228096008e-02
-9.903411846607923508e-04
-5.037809908390045166e-02
-5.809923261404037476e-02
-6.693547964096069336e-02
7.655365020036697388e-02
9.143835864961147308e-03
6.962610036134719849e-02
-7.767812162637710571e-02
2.459942549467086792e-02
3.621147945523262024e-02
3.180771134793758392e-03
-7.800818979740142822e-02
5.160147324204444885e-03
8.006743341684341431e-02
1.702312938868999481e-02
1.800952851772308350e-02
3.348048403859138489e-02
7.672143727540969849e-02
-1.327319145202636719e-01
-7.413066178560256958e-02
-4.971719160676002502e-02
6.365882605314254761e-02
2.038541017100214958e-03
-2.189430221915245056e-02
5.306250602006912231e-02
-5.486835539340972900e-02
-3.979351744055747986e-02
2.387775480747222900e-02
-2.752117440104484558e-02
-5.148965492844581604e-02
-4.026135057210922241e-02
6.877351552248001099e-02
-2.427354454994201660e-02
-5.985147133469581604e-02
9.552874602377414703e-03
3.155073523521423340e-02
1.141296997666358948e-01
-2.661993913352489471e-02
-2.206962322816252708e-03
7.908304221928119659e-03
1.604545861482620239e-02
6.618753075599670410e-02
9.163957089185714722e-03
-3.998542204499244690e-02
-4.591445252299308777e-02
1.214241757988929749e-01
1.209746673703193665e-01
-6.425110995769500732e-02
2.988334186375141144e-02
3.950034826993942261e-02
-2.371983602643013000e-02
-5.264234915375709534e-02
1.753316074609756470e-02
-3.906301781535148621e-02
-1.813816023059189320e-03
-4.537796601653099060e-02
8.090426214039325714e-03
-2.105785161256790161e-02
-1.895290799438953400e-02
3.326861932873725891e-02
-5.258046463131904602e-02
3.333530202507972717e-02
3.313460946083068848e-02
1.007611118257045746e-02
1.107505559921264648e-01
-1.417448278516530991e-02
-3.364168852567672729e-02
3.012254275381565094e-02
2.679925970733165741e-02
-5.807320121675729752e-03
-1.593553088605403900e-02
-1.339512467384338379e-01
5.571065098047256470e-02
6.336404383182525635e-02
6.587675958871841431e-02
-3.372972132638096809e-03
-3.624700009822845459e-02
8.405867964029312134e-03
6.144692376255989075e-02
-4.303930327296257019e-02
2.080623805522918701e-02
-1.475279219448566437e-02
2.676533348858356476e-02
-7.599722594022750854e-03
1.019121930003166199e-01
-9.172959253191947937e-03
2.711600996553897858e-02
-6.539482623338699341e-03
-5.437632650136947632e-02
5.304907262325286865e-02
1.248925477266311646e-01
6.199086457490921021e-02
-9.635402262210845947e-02
9.643340855836868286e-02
2.193912677466869354e-02
3.055044449865818024e-02
-1.302986405789852142e-02
5.887735262513160706e-02
6.584475189447402954e-02
4.157636314630508423e-02
-1.736515015363693237e-01
-2.029609493911266327e-02
1.360097806900739670e-02
1.033309176564216614e-01
-4.891544207930564880e-02
7.645502686500549316e-02
7.047255523502826691e-03
-8.636094629764556885e-02
-4.721921682357788086e-02
7.191722840070724487e-02
-5.019285157322883606e-02
-7.376163452863693237e-02
-7.274586707353591919e-02
-5.835127457976341248e-02
-3.904054313898086548e-02
3.429900109767913818e-02
1.331736743450164795e-01
-1.736316643655300140e-02
9.255832433700561523e-02
-1.185460761189460754e-01
-3.265563026070594788e-02
-4.304417222738265991e-02
1.080645341426134109e-02
5.614446103572845459e-02
-8.661055564880371094e-02
