1.208944171667098999e-01
-1.298551913350820541e-02
3.593231365084648132e-02
-2.999530360102653503e-02
-3.851222246885299683e-02
-2.742017060518264771e-02
-8.083562552928924561e-02
-3.550234436988830566e-02
5.966480076313018799e-02
3.363103792071342468e-02
2.845349349081516266e-02
-2.788555994629859924e-02
3.520730417221784592e-03
-7.161741703748703003e-02
1.993336342275142670e-02
-3.077016770839691162e-02
3.631880506873130798e-02
7.054167985916137695e-02
-1.234576292335987091e-02
-2.497399225831031799e-02
-1.929856464266777039e-02
1.073403935879468918e-02
1.437578629702329636e-02
-3.020263463258743286e-02
-1.891539804637432098e-02
-9.909205138683319092e-02
2.496721781790256500e-02
-4.878968745470046997e-02
-9.043572843074798584e-02
-9.134635329246520996e-02
7.059668749570846558e-02
-3.047130629420280457e-02
-5.311486870050430298e-02
-8.220855146646499634e-02
3.658404201269149780e-02
-9.517411701381206512e-03
2.274002134799957275e-02
-2.617354691028594971e-02
-5.038932710886001587e-02
-4.038644954562187195e-02
6.701485067605972290e-02
-2.924370206892490387e-02
3.294489905238151550e-02
7.911045104265213013e-02
2.611639909446239471e-02
2.000518888235092163e-02
-1.339984983205795288e-01
1.265297457575798035e-02
-1.954869739711284637e-02
-4.570582881569862366e-02
-1.767900139093399048e-01
6.878456473350524902e-02
1.014013960957527161e-01
-9.025312215089797974e-02
-5.964482948184013367e-02
5.919304117560386658e-02
-2.523183077573776245e-02
-4.578229971230030060e-03
1.631555408239364624e-01
-2.919775061309337616e-02
6.280310451984405518e-02
4.692756757140159607e-02
-5.395722016692161560e-02
4.218607864459045231e-05
-6.242365390062332153e-02
-6.460306048393249512e-02
-6.565206497907638550e-02
-1.085166037082672119e-01
-7.149378303438425064e-03
-6.948309391736984253e-02
-9.690662473440170288e-02
-9.679120779037475586e-02
1.427306830883026123e-01
-8.630595356225967407e-02
-1.300002187490463257e-01
6.295986473560333252e-02
-9.507854282855987549e-02
7.522455602884292603e-02
1.256892830133438110e-02
-1.956074684858322144e-01
4.326152056455612183e-02
5.277399346232414246e-02
-3.540805075317621231e-03
6.581798195838928223e-02
-6.322269886732101440e-02
5.135025456547737122e-02
-4.905558750033378601e-02
7.262039929628372192e-02
1.797063462436199188e-02
-4.026696085929870605e-02
-1.687256544828414917e-01
-3.419493511319160461e-02
-6.008273735642433167e-02
-2.772790007293224335e-02
-5.784738436341285706e-02
-5.153923854231834412e-02
-4.034312441945075989e-02
9.393109008669853210e-03
5.903480574488639832e-02
-8.361300081014633179e-02
5.581917241215705872e-02
-1.221011579036712646e-02
6.197183858603239059e-03
-1.650119945406913757e-02
-2.570866141468286514e-03
-7.654634863138198853e-02
8.050692826509475708e-02
9.819883108139038086e-02
1.054558902978897095e-01
-9.997935593128204346e-02
3.097010310739278793e-03
1.360055655241012573e-01
-1.382974907755851746e-02
8.601935952901840210e-02
1.263584196567535400e-02
-4.822583496570587158e-02
-2.802684158086776733e-02
4.610335081815719604e-02
6.076701357960700989e-02
-6.653800606727600098e-02
-4.451331868767738342e-02
1.019972413778305054e-01
7.698500063270330429e-03
4.515516757965087891e-02
-5.926588550209999084e-02
-1.864900463260710239e-03
-5.092378705739974976e-02
-1.125518605113029480e-01
-1.040343642234802246e-01
9.152676165103912354e-02
-2.552397199906408787e-04
9.369347244501113892e-02
-9.135393053293228149e-02
4.098865762352943420e-02
4.330257326364517212e-02
3.933534771203994751e-02
-8.821022510528564453e-02
2.133440785109996796e-02
1.059794500470161438e-01
3.760060295462608337e-02
3.653626888990402222e-02
6.036011874675750732e-02
6.044458225369453430e-02
-1.379666179418563843e-01
-6.154524907469749451e-02
-5.046583712100982666e-02
7.173888385295867920e-02
5.602007266134023666e-03
-2.317867241799831390e-02
2.050941810011863708e-02
-5.750072374939918518e-02
-5.473599582910537720e-02
2.983141131699085236e-02
-3.362431749701499939e-02
-5.414229258894920349e-02
-4.061130434274673462e-02
9.787785261869430542e-02
1.257109083235263824e-02
-7.506427168846130371e-02
5.363510921597480774e-03
-4.847540520131587982e-03
1.042337715625762939e-01
-2.441123872995376587e-02
-4.215110465884208679e-02
-2.977904863655567169e-02
-8.756365627050399780e-03
4.111621901392936707e-02
2.670472115278244019e-02
-4.491711035370826721e-02
-4.174213483929634094e-02
1.488071233034133911e-01
1.224273443222045898e-01
-5.145304650068283081e-02
4.045643657445907593e-02
4.330068454146385193e-02
-2.209799923002719879e-02
-6.803973019123077393e-02
-9.594168514013290405e-03
-2.790675498545169830e-02
-1.095584477297961712e-03
-1.319293119013309479e-02
1.739108189940452576e-02
-3.747110441327095032e-02
-1.383568160235881805e-02
7.655560970306396484e-02
-3.233931213617324829e-02
1.100959349423646927e-02
7.408268749713897705e-02
2.527084760367870331e-02
1.129355803132057190e-01
-1.615243963897228241e-02
-3.669134527444839478e-02
1.318540703505277634e-02
3.780197724699974060e-02
-1.469115167856216431e-02
9.260557591915130615e-03
-1.339670866727828979e-01
4.241146147251129150e-02
6.253671646118164062e-02
5.074800178408622742e-02
-2.167484536767005920e-02
-9.904773905873298645e-03
-2.096555009484291077e-02
1.937192678451538086e-02
-2.628615126013755798e-02
1.719631627202033997e-02
5.141158588230609894e-03
1.110266614705324173e-02
2.069520996883511543e-03
8.581340312957763672e-02
-3.087916411459445953e-02
3.115969896316528320e-02
3.398029948584735394e-04
-5.256902426481246948e-02
4.816369339823722839e-02
7.576120644807815552e-02
1.726072281599044800e-02
-8.827170729637145996e-02
9.771543741226196289e-02
1.611936278641223907e-02
4.544007033109664917e-02
-1.294112578034400940e-02
5.752117186784744263e-02
9.605057537555694580e-02
1.386170554906129837e-02
-1.447189897298812866e-01
9.854644536972045898e-03
1.204335596412420273e-02
8.596979081630706787e-02
-4.896471276879310608e-02
5.785689502954483032e-02
-3.639225848019123077e-03
-5.720118060708045959e-02
-4.446035996079444885e-02
6.001721322536468506e-02
-3.788440674543380737e-02
-6.143784895539283752e-02
-6.490787863731384277e-02
-3.504696115851402283e-02
-4.830961301922798157e-02
2.341167069971561432e-02
1.228062659502029419e-01
-1.391692552715539932e-02
1.069933548569679260e-01
-1.087218970060348511e-01
-3.508990257978439331e-02
-5.848741158843040466e-02
2.372280322015285492e-02
1.939941011369228363e-02
-7.362059503793716431e-02
