1.019048616290092468e-01
-8.522291667759418488e-03
2.498621866106987000e-02
-3.403312340378761292e-02
-4.230416193604469299e-02
-2.378957159817218781e-02
-8.502470701932907104e-02
-3.662509098649024963e-02
7.522704452276229858e-02
5.457620695233345032e-02
2.236836776137351990e-02
-2.472549863159656525e-02
-4.627062473446130753e-03
-8.323038369417190552e-02
1.983045600354671478e-02
-3.916881605982780457e-02
3.433096781373023987e-02
5.609404668211936951e-02
-5.954891443252563477e-03
-3.714151680469512939e-02
-2.409011125564575195e-02
7.635900750756263733e-03
1.353001222014427185e-02
-4.047631844878196716e-02
-2.846255898475646973e-02
-1.017184704542160034e-01
3.362697362899780273e-02
-5.362887680530548096e-02
-9.321666508913040161e-02
-9.505130350589752197e-02
7.666201144456863403e-02
-3.587613627314567566e-02
-6.107797473669052124e-02
-8.206514269113540649e-02
3.738744929432868958e-02
-2.124697715044021606e-02
1.877635531127452850e-02
-2.992499433457851410e-02
-4.367836937308311462e-02
-2.617231756448745728e-02
5.771185830235481262e-02
-4.158845543861389160e-02
2.642801217734813690e-02
8.798372000455856323e-02
4.223612695932388306e-02
2.246099524199962616e-02
-1.340688914060592651e-01
-1.912294537760317326e-03
-1.148602459579706192e-02
-4.889066889882087708e-02
-1.675059944391250610e-01
7.019405066967010498e-02
1.128641664981842041e-01
-1.062861531972885132e-01
-6.115672737360000610e-02
5.172244086861610413e-02
-2.183834463357925415e-02
6.442384794354438782e-03
1.762662976980209351e-01
-3.961230441927909851e-02
6.378181278705596924e-02
4.853022471070289612e-02
-3.901457414031028748e-02
-7.414977066218852997e-03
-6.206776946783065796e-02
-6.291329115629196167e-02
-6.853364408016204834e-02
-1.042603850364685059e-01
-2.021331898868083954e-02
-6.409724056720733643e-02
-1.061769723892211914e-01
-8.881148695945739746e-02
1.398271173238754272e-01
-8.640525490045547485e-02
-1.336676031351089478e-01
6.988578289747238159e-02
-9.398190677165985107e-02
6.326366961002349854e-02
1.393289025872945786e-02
-1.817363351583480835e-01
5.365689471364021301e-02
5.138059332966804504e-02
4.919511731714010239e-03
6.131888553500175476e-02
-7.688004523515701294e-02
5.032753199338912964e-02
-4.914114251732826233e-02
6.741170585155487061e-02
1.890410482883453369e-02
-3.536364063620567322e-02
-1.716496944427490234e-01
-3.229606524109840393e-02
-5.707157030701637268e-02
-3.567285835742950439e-02
-6.698603183031082153e-02
-6.040338426828384399e-02
-4.419345408678054810e-02
4.484341479837894440e-04
5.487198382616043091e-02
-9.619250893592834473e-02
5.405760928988456726e-02
-4.363817162811756134e-03
-3.633142448961734772e-03
-1.997217535972595215e-02
3.767249640077352524e-03
-7.060419768095016479e-02
7.649295032024383545e-02
1.049110740423202515e-01
1.007064878940582275e-01
-1.036987751722335815e-01
3.343141172081232071e-03
1.369835883378982544e-01
-2.594460919499397278e-02
9.520558267831802368e-02
1.237849052995443344e-02
-4.184523597359657288e-02
-3.476596996188163757e-02
3.495878353714942932e-02
5.346670001745223999e-02
-6.393655389547348022e-02
-2.783580310642719269e-02
1.071349978446960449e-01
1.275170221924781799e-02
5.173666030168533325e-02
-6.203248351812362671e-02
8.790252730250358582e-03
-4.593252763152122498e-02
-1.289394944906234741e-01
-1.171362400054931641e-01
7.767647504806518555e-02
2.860890701413154602e-03
9.402973204851150513e-02
-1.042270287871360779e-01
4.925918206572532654e-02
4.502198472619056702e-02
3.017074801027774811e-02
-8.972116559743881226e-02
3.444949164986610413e-02
1.011229977011680603e-01
4.127878323197364807e-02
4.025815054774284363e-02
6.649235635995864868e-02
4.271135106682777405e-02
-1.347217112779617310e-01
-5.197343975305557251e-02
-5.098129808902740479e-02
7.969534397125244141e-02
8.822180330753326416e-03
-1.284849736839532852e-02
9.734460152685642242e-03
-6.155516207218170166e-02
-5.419087409973144531e-02
2.294307202100753784e-02
-3.491253033280372620e-02
-5.785203725099563599e-02
-4.320522025227546692e-02
1.043626442551612854e-01
1.924022473394870758e-02
-7.423143833875656128e-02
1.054557855241000652e-03
-1.194763462990522385e-02
8.481191843748092651e-02
-1.047411561012268066e-02
-4.468320682644844055e-02
-4.183068126440048218e-02
-8.756312541663646698e-03
3.223467618227005005e-02
3.498924151062965393e-02
-5.496427044272422791e-02
-4.732263833284378052e-02
1.625021994113922119e-01
1.328777223825454712e-01
-4.614023491740226746e-02
3.216956555843353271e-02
4.783887043595314026e-02
-1.379530411213636398e-02
-7.801441848278045654e-02
-1.923945546150207520e-02
-8.656819351017475128e-03
3.064062213525176048e-03
-1.263606362044811249e-02
2.246235311031341553e-02
-5.006329715251922607e-02
-1.148636266589164734e-02
8.151865005493164062e-02
-9.679039008915424347e-03
9.180468507111072540e-03
8.358987420797348022e-02
4.364582523703575134e-02
1.110815778374671936e-01
-9.617852978408336639e-03
-2.876026928424835205e-02
9.167962707579135895e-03
4.196391254663467407e-02
-2.421203814446926117e-02
2.082534134387969971e-02
-1.259258538484573364e-01
3.725634142756462097e-02
6.058775261044502258e-02
4.235791042447090149e-02
-2.769288420677185059e-02
-1.498568989336490631e-02
-3.116911090910434723e-02
8.898126892745494843e-03
-3.732590004801750183e-02
1.565971039235591888e-02
8.160452358424663544e-03
7.623033132404088974e-03
9.601529687643051147e-03
7.725864648818969727e-02
-3.188186138868331909e-02
4.112384840846061707e-02
-4.841164685785770416e-03
-5.581288039684295654e-02
5.090287700295448303e-02
5.873332545161247253e-02
1.306487154215574265e-02
-7.821545749902725220e-02
8.687792718410491943e-02
1.814886927604675293e-02
4.930392652750015259e-02
-1.225808355957269669e-02
5.101222172379493713e-02
1.049113944172859192e-01
6.794341374188661575e-03
-1.459593623876571655e-01
1.904048584401607513e-02
1.803262904286384583e-02
8.985930681228637695e-02
-4.078407585620880127e-02
4.573549702763557434e-02
-7.072882261127233505e-03
-4.169510304927825928e-02
-4.136725142598152161e-02
4.327202588319778442e-02
-3.044558875262737274e-02
-4.104077070951461792e-02
-5.177378281950950623e-02
-2.345737814903259277e-02
-4.059259220957756042e-02
2.091204375028610229e-02
1.000436022877693176e-01
-1.332601998001337051e-02
9.814014285802841187e-02
-9.765028953552246094e-02
-3.071106411516666412e-02
-5.188775435090065002e-02
1.140543166548013687e-02
1.279096119105815887e-02
-5.264808982610702515e-02
