1.370811462402343750e-01
-1.243075076490640640e-02
3.852339461445808411e-02
-5.252002179622650146e-02
-3.133068233728408813e-02
-2.123198285698890686e-02
-8.999618887901306152e-02
-5.797082558274269104e-02
4.158476367592811584e-02
5.468913912773132324e-02
1.149735040962696075e-02
-4.967354610562324524e-02
-1.414359733462333679e-02
-7.316899299621582031e-02
-5.690722260624170303e-03
-3.577975183725357056e-02
1.927548088133335114e-02
8.954989910125732422e-02
-8.031246252357959747e-04
-1.132767926901578903e-02
-1.810714974999427795e-02
-1.506338082253932953e-02
1.426428835839033127e-02
-2.003346197307109833e-02
-4.077924042940139771e-02
-1.192585676908493042e-01
2.541313692927360535e-02
-5.475920811295509338e-02
-1.028950288891792297e-01
-1.043007895350456238e-01
7.884607464075088501e-02
-5.377985909581184387e-02
-8.697997033596038818e-02
-5.169562622904777527e-02
5.288572609424591064e-02
-4.930027294903993607e-03
-1.058596652001142502e-02
-5.641873180866241455e-02
-3.811898082494735718e-02
-5.299096927046775818e-02
3.508774191141128540e-02
-6.109283305704593658e-03
3.890919312834739685e-02
6.678312271833419800e-02
4.997272044420242310e-02
1.231131423264741898e-02
-1.275140494108200073e-01
7.049293816089630127e-02
-2.259179204702377319e-02
-2.510551363229751587e-02
-1.580456644296646118e-01
6.364049017429351807e-02
1.149386987090110779e-01
-1.009545549750328064e-01
-3.063995763659477234e-02
3.738094866275787354e-02
-2.023367024958133698e-02
3.116608411073684692e-02
1.596268415451049805e-01
-9.330244734883308411e-03
6.479217857122421265e-02
4.568878188729286194e-02
-8.046362549066543579e-02
-1.608291640877723694e-02
-6.972449272871017456e-02
-4.438001662492752075e-02
-5.476168543100357056e-02
-9.139113873243331909e-02
-1.323951780796051025e-02
-4.948531091213226318e-02
-1.011834442615509033e-01
-6.339813023805618286e-02
1.184565946459770203e-01
-7.844673097133636475e-02
-1.248253509402275085e-01
5.238763242959976196e-02
-5.610803887248039246e-02
9.288321435451507568e-02
1.082275714725255966e-02
-1.793123334646224976e-01
4.234204813838005066e-02
7.491696625947952271e-02
3.919643908739089966e-02
6.916063278913497925e-02
-5.092139542102813721e-02
4.494046419858932495e-02
-3.948228806257247925e-02
6.317920237779617310e-02
2.819927409291267395e-02
-4.962020739912986755e-02
-1.378299146890640259e-01
-4.875516891479492188e-02
-4.362501204013824463e-02
-1.919773966073989868e-02
-4.314963147044181824e-02
-7.127065956592559814e-02
-2.914982475340366364e-02
2.872455306351184845e-02
5.208444595336914062e-02
-8.504088222980499268e-02
4.939007014036178589e-02
-2.240112749859690666e-03
7.186487317085266113e-03
-3.630803525447845459e-02
-1.592294499278068542e-02
-6.675821542739868164e-02
7.270161062479019165e-02
6.723913550376892090e-02
1.020922064781188965e-01
-9.942221641540527344e-02
9.184387512505054474e-03
1.406703591346740723e-01
-2.762927487492561340e-02
9.350052475929260254e-02
-2.298491308465600014e-03
-1.371630840003490448e-02
-5.531527567654848099e-03
4.162922874093055725e-02
3.284007683396339417e-02
-4.787454754114151001e-02
-7.565871928818523884e-04
1.044369339942932129e-01
-1.477703335694968700e-03
4.818659648299217224e-02
-7.067356258630752563e-02
4.078057536389678717e-04
-2.790356241166591644e-02
-8.288972824811935425e-02
-1.047664359211921692e-01
1.087236255407333374e-01
2.303335815668106079e-02
8.779937028884887695e-02
-9.365663677453994751e-02
3.250929713249206543e-02
4.240075126290321350e-02
5.210897070355713367e-04
-5.574404075741767883e-02
-1.644811779260635376e-02
6.857230514287948608e-02
4.734725877642631531e-02
-5.036114715039730072e-03
6.135657802224159241e-02
2.354070544242858887e-02
-1.128720492124557495e-01
-9.001204371452331543e-02
-4.601980000734329224e-02
9.240539371967315674e-02
9.336804971098899841e-03
-4.359100945293903351e-03
-1.528623979538679123e-02
-6.630187481641769409e-02
-7.418107986450195312e-02
9.110334329307079315e-03
9.499471634626388550e-03
-3.441179543733596802e-02
-1.518872845917940140e-02
1.166584044694900513e-01
8.323460817337036133e-03
-5.155757814645767212e-02
-3.903481410816311836e-03
1.259888894855976105e-02
9.135332703590393066e-02
-3.862078115344047546e-02
-2.435969375073909760e-02
-4.938583076000213623e-02
-2.481702715158462524e-02
3.748739883303642273e-02
5.069748684763908386e-02
-5.074834451079368591e-02
-8.311240375041961670e-02
1.727089136838912964e-01
1.182524934411048889e-01
-5.440469831228256226e-02
4.564108327031135559e-02
4.103295877575874329e-02
-2.390873432159423828e-02
-8.902604132890701294e-02
4.865281807724386454e-04
-4.840361326932907104e-02
6.425607018172740936e-03
-2.162723615765571594e-02
4.305109381675720215e-03
-3.281849622726440430e-02
7.450167555361986160e-03
5.108652636408805847e-02
-1.974803023040294647e-02
3.229106217622756958e-02
4.671207442879676819e-02
4.463563673198223114e-03
1.167092397809028625e-01
-2.116582915186882019e-02
-2.029699645936489105e-02
3.532526269555091858e-02
3.743227571249008179e-02
2.735368208959698677e-03
6.199216470122337341e-03
-1.124685853719711304e-01
4.708741977810859680e-02
7.278294116258621216e-02
4.370034486055374146e-02
-2.742703258991241455e-02
-4.403256997466087341e-02
-2.188500203192234039e-02
2.573210000991821289e-02
-3.132040798664093018e-02
-1.973253861069679260e-02
1.742500066757202148e-02
4.286706447601318359e-02
6.734850816428661346e-03
8.781973272562026978e-02
-5.182299390435218811e-02
4.669972881674766541e-02
6.631730124354362488e-03
-7.507830858230590820e-02
7.157848775386810303e-02
7.241221517324447632e-02
4.711283743381500244e-02
-7.273277640342712402e-02
7.294815778732299805e-02
1.413575932383537292e-02
5.026933550834655762e-02
-2.399678900837898254e-02
3.779126331210136414e-02
7.253428548574447632e-02
2.239101752638816833e-02
-1.606831401586532593e-01
2.339532412588596344e-02
3.256014361977577209e-02
1.092032343149185181e-01
-7.709738612174987793e-02
4.224466532468795776e-02
-1.632011868059635162e-02
-8.156610280275344849e-02
-2.749348618090152740e-02
6.616692990064620972e-02
-4.361026734113693237e-02
-7.961522042751312256e-02
-7.011417299509048462e-02
-5.363409593701362610e-02
-6.609190255403518677e-02
5.561542697250843048e-03
1.259350627660751343e-01
-2.660702727735042572e-02
1.100023984909057617e-01
-1.370521634817123413e-01
-2.408517710864543915e-02
-8.978123217821121216e-02
-2.094677649438381195e-02
3.271048143506050110e-02
-8.364158868789672852e-02
