1.504614949226379395e-01
-7.962837815284729004e-03
4.198137298226356506e-02
-4.269542917609214783e-02
-3.593647852540016174e-02
-3.961592540144920349e-02
-8.801750093698501587e-02
-4.594162851572036743e-02
4.710798710584640503e-02
3.766573220491409302e-02
6.119485944509506226e-03
-4.564181342720985413e-02
-1.954268664121627808e-03
-7.986781746149063110e-02
1.205157861113548279e-02
-4.471231624484062195e-02
2.867563441395759583e-02
8.281065523624420166e-02
-2.361315069720149040e-03
-9.274070151150226593e-03
-1.652948372066020966e-02
-1.697197440080344677e-03
2.572822198271751404e-02
-2.202765643596649170e-02
-3.514953702688217163e-02
-1.097735688090324402e-01
3.146947920322418213e-02
-6.068405508995056152e-02
-1.117219179868698120e-01
-9.381357580423355103e-02
5.914769694209098816e-02
-3.674949705600738525e-02
-5.497189983725547791e-02
-7.030112296342849731e-02
3.541178256273269653e-02
-7.435783743858337402e-03
2.092150598764419556e-02
-4.055752605199813843e-02
-5.688159540295600891e-02
-5.876218527555465698e-02
5.977717414498329163e-02
-9.468309581279754639e-03
4.126747325062751770e-02
6.851514428853988647e-02
3.893302008509635925e-02
2.081144414842128754e-02
-1.258623152971267700e-01
4.232896491885185242e-02
-2.992472052574157715e-02
-3.846222907304763794e-02
-1.770648807287216187e-01
6.492637842893600464e-02
1.065889000892639160e-01
-9.111592173576354980e-02
-4.101555049419403076e-02
5.404987931251525879e-02
-2.913802862167358398e-02
4.262498405296355486e-04
1.657055318355560303e-01
-1.305963471531867981e-02
6.691945344209671021e-02
3.568201139569282532e-02
-8.052217215299606323e-02
-5.993445520289242268e-04
-7.203485071659088135e-02
-6.373183429241180420e-02
-5.228878185153007507e-02
-1.049310490489006042e-01
3.723671194165945053e-03
-5.205397680401802063e-02
-9.077075868844985962e-02
-9.394893795251846313e-02
1.342164874076843262e-01
-8.149433135986328125e-02
-1.286829710006713867e-01
5.670460313558578491e-02
-6.781334429979324341e-02
8.547767996788024902e-02
1.332341041415929794e-02
-1.937099248170852661e-01
4.348707944154739380e-02
6.225270777940750122e-02
1.391434296965599060e-02
6.448611617088317871e-02
-5.218445137143135071e-02
4.858497530221939087e-02
-3.991018980741500854e-02
6.811220198869705200e-02
2.647645212709903717e-02
-4.529607668519020081e-02
-1.561308950185775757e-01
-3.867722675204277039e-02
-5.861970409750938416e-02
-1.842483319342136383e-02
-4.964984953403472900e-02
-5.561452358961105347e-02
-2.867947146296501160e-02
3.331658989191055298e-02
7.848813384771347046e-02
-9.549573808908462524e-02
6.231907382607460022e-02
-1.390963792800903320e-02
1.654347591102123260e-02
-1.807603798806667328e-02
-9.759966284036636353e-03
-6.212987005710601807e-02
7.326730340719223022e-02
8.729703724384307861e-02
1.098561882972717285e-01
-9.984360635280609131e-02
7.324853213503956795e-04
1.470530629158020020e-01
-1.323734782636165619e-02
9.308047592639923096e-02
7.122851442545652390e-03
-3.099829703569412231e-02
-1.582910679280757904e-02
5.367652699351310730e-02
5.273985490202903748e-02
-5.946573987603187561e-02
-4.381627961993217468e-02
1.074994131922721863e-01
2.377418568357825279e-03
4.550420492887496948e-02
-5.527496710419654846e-02
-3.991750068962574005e-03
-4.748129844665527344e-02
-8.467857539653778076e-02
-1.078093573451042175e-01
1.120644584298133850e-01
8.239898830652236938e-03
8.851671218872070312e-02
-9.475082159042358398e-02
3.902482986450195312e-02
4.457576572895050049e-02
2.252659201622009277e-02
-7.884564995765686035e-02
1.214917004108428955e-02
9.362455457448959351e-02
4.443414136767387390e-02
2.047974802553653717e-02
4.749152436852455139e-02
5.480832606554031372e-02
-1.345882564783096313e-01
-7.943398505449295044e-02
-4.823984950780868530e-02
8.776353299617767334e-02
4.301480948925018311e-03
-1.347014494240283966e-02
1.670980267226696014e-02
-6.694328784942626953e-02
-6.557932496070861816e-02
1.996697857975959778e-02
-1.850383356213569641e-02
-4.769003391265869141e-02
-3.237102180719375610e-02
1.062097176909446716e-01
1.522626262158155441e-02
-6.310176849365234375e-02
-4.305412294343113899e-04
8.036302169784903526e-04
1.004432514309883118e-01
-2.608772367238998413e-02
-2.974988520145416260e-02
-3.023767657577991486e-02
-1.653010025620460510e-02
4.140880331397056580e-02
4.434818029403686523e-02
-4.221009463071823120e-02
-5.345790460705757141e-02
1.475623548030853271e-01
1.148360669612884521e-01
-5.191107466816902161e-02
5.150662362575531006e-02
4.642653092741966248e-02
-2.377870492637157440e-02
-7.549287378787994385e-02
-5.337590351700782776e-03
-4.798761382699012756e-02
-6.030513759469613433e-05
-1.954329386353492737e-02
1.588513702154159546e-02
-2.393078058958053589e-02
-1.054151915013790131e-02
7.169203460216522217e-02
-2.736095711588859558e-02
3.137681260704994202e-02
5.706650763750076294e-02
1.802351512014865875e-02
1.105045378208160400e-01
-2.224005386233329773e-02
-2.991772070527076721e-02
1.879948005080223083e-02
2.751871012151241302e-02
-3.832094138488173485e-03
5.828994326293468475e-03
-1.260211020708084106e-01
5.075459554791450500e-02
6.322627514600753784e-02
5.040262639522552490e-02
-1.662450470030307770e-02
-2.185747027397155762e-02
-9.387954138219356537e-03
2.623710595071315765e-02
-3.138394281268119812e-02
2.076219068840146065e-03
2.933927346020936966e-03
2.828807383775711060e-02
1.169371511787176132e-02
8.443680405616760254e-02
-2.890819497406482697e-02
3.445405885577201843e-02
6.559466710314154625e-04
-5.808987841010093689e-02
5.418691039085388184e-02
7.666579633951187134e-02
3.940660133957862854e-02
-8.455727249383926392e-02
8.209072798490524292e-02
7.701378315687179565e-03
3.390141203999519348e-02
-1.514644734561443329e-02
4.691128805279731750e-02
8.504136651754379272e-02
2.052947878837585449e-02
-1.402428895235061646e-01
1.220844779163599014e-02
1.533120498061180115e-02
8.314691483974456787e-02
-6.149522587656974792e-02
5.155466124415397644e-02
-7.704246789216995239e-03
-6.405882537364959717e-02
-4.846666380763053894e-02
6.855087727308273315e-02
-4.000054672360420227e-02
-7.066131383180618286e-02
-5.917545408010482788e-02
-4.052659124135971069e-02
-5.212652683258056641e-02
2.103331126272678375e-02
1.133792325854301453e-01
-1.154652796685695648e-02
1.071922928094863892e-01
-1.189490407705307007e-01
-2.631057798862457275e-02
-6.693722307682037354e-02
1.346887834370136261e-02
2.660042792558670044e-02
-7.825596630573272705e-02
