1.557490974664688110e-01
-5.666295997798442841e-03
3.879829496145248413e-02
-3.304595127701759338e-02
-4.939028993248939514e-02
-3.423887118697166443e-02
-9.647046029567718506e-02
-4.677787795662879944e-02
6.527727097272872925e-02
3.711296245455741882e-02
6.236856803297996521e-03
-3.868005797266960144e-02
1.405535032972693443e-03
-9.906329959630966187e-02
2.064717933535575867e-02
-6.541223078966140747e-02
2.374168671667575836e-02
7.262249290943145752e-02
-1.781659433618187904e-03
-1.461868453770875931e-02
-2.639140374958515167e-02
4.400700796395540237e-03
2.652246132493019104e-02
-2.761188894510269165e-02
-3.525641560554504395e-02
-1.050305366516113281e-01
4.122714698314666748e-02
-7.112457603216171265e-02
-1.260782331228256226e-01
-1.034846976399421692e-01
5.707264691591262817e-02
-3.875989839434623718e-02
-2.909427508711814880e-02
-8.029504865407943726e-02
2.147703617811203003e-02
-1.178975030779838562e-02
3.085841424763202667e-02
-3.620440140366554260e-02
-6.427476555109024048e-02
-4.692368954420089722e-02
7.127343863248825073e-02
-3.443054389208555222e-03
4.100747406482696533e-02
7.909262925386428833e-02
2.960515394806861877e-02
2.254625968635082245e-02
-1.175424382090568542e-01
1.916991919279098511e-02
-3.195313736796379089e-02
-4.036463797092437744e-02
-1.834957301616668701e-01
6.834462285041809082e-02
1.125676184892654419e-01
-9.390417486429214478e-02
-4.478031396865844727e-02
5.707657337188720703e-02
-2.565560303628444672e-02
-7.655399851500988007e-03
1.683575510978698730e-01
-1.234040316194295883e-02
6.704381108283996582e-02
2.684906497597694397e-02
-7.516883313655853271e-02
4.953997675329446793e-03
-6.975676864385604858e-02
-6.696053594350814819e-02
-5.589138343930244446e-02
-1.082698106765747070e-01
3.645332064479589462e-03
-6.001346185803413391e-02
-9.494781494140625000e-02
-1.096856296062469482e-01
1.437079310417175293e-01
-8.942569047212600708e-02
-1.341276466846466064e-01
5.340179800987243652e-02
-6.765697151422500610e-02
7.776522636413574219e-02
1.654297672212123871e-02
-2.040747851133346558e-01
4.774356260895729065e-02
5.112701281905174255e-02
3.454155288636684418e-03
7.176104187965393066e-02
-5.834158882498741150e-02
5.159037187695503235e-02
-4.696978628635406494e-02
6.398044526576995850e-02
2.725604735314846039e-02
-3.791071474552154541e-02
-1.593450307846069336e-01
-4.319646582007408142e-02
-6.507408618927001953e-02
-2.277855388820171356e-02
-6.095556169748306274e-02
-5.304688215255737305e-02
-3.096496872603893280e-02
3.182916343212127686e-02
7.647737115621566772e-02
-9.554608911275863647e-02
6.275333464145660400e-02
-2.198825217783451080e-02
1.955011859536170959e-02
-9.629794396460056305e-03
3.234890173189342022e-04
-5.178740993142127991e-02
7.343736290931701660e-02
9.368168562650680542e-02
1.054669991135597229e-01
-9.685362130403518677e-02
9.958362206816673279e-04
1.347123831510543823e-01
-8.767352439463138580e-03
9.929472953081130981e-02
2.671187045052647591e-03
-3.202641755342483521e-02
-2.655038423836231232e-02
5.307298898696899414e-02
5.936811119318008423e-02
-5.414066091179847717e-02
-5.402708053588867188e-02
1.004643887281417847e-01
5.134181119501590729e-03
4.544367268681526184e-02
-4.311298951506614685e-02
4.114852286875247955e-03
-4.580688849091529846e-02
-9.013888984918594360e-02
-1.040723994374275208e-01
8.689296245574951172e-02
1.200817245990037918e-02
8.332371711730957031e-02
-8.719072490930557251e-02
4.317114129662513733e-02
3.355391696095466614e-02
1.845359243452548981e-02
-8.328463882207870483e-02
3.513825684785842896e-02
1.010930687189102173e-01
3.235804662108421326e-02
3.958510980010032654e-02
4.759256541728973389e-02
6.124177575111389160e-02
-1.379544883966445923e-01
-7.745813578367233276e-02
-5.706135928630828857e-02
8.703764528036117554e-02
7.803938351571559906e-03
-2.015459164977073669e-02
3.072183392941951752e-02
-5.966662615537643433e-02
-5.565727129578590393e-02
1.855758205056190491e-02
-2.903898060321807861e-02
-4.780024290084838867e-02
-4.211860522627830505e-02
1.010280027985572815e-01
1.177210547029972076e-02
-6.484100967645645142e-02
3.424375317990779877e-03
4.514034837484359741e-03
8.828216791152954102e-02
-1.460213307291269302e-02
-3.006013855338096619e-02
-1.248261239379644394e-02
-3.364643547683954239e-03
4.172496125102043152e-02
3.763964027166366577e-02
-4.442208260297775269e-02
-3.766557574272155762e-02
1.317951679229736328e-01
1.122210919857025146e-01
-4.649611935019493103e-02
3.282436355948448181e-02
4.841919243335723877e-02
-1.866427622735500336e-02
-7.276789098978042603e-02
-1.381449680775403976e-02
-4.021175950765609741e-02
-5.668032914400100708e-03
-2.336473017930984497e-02
2.711058780550956726e-02
-2.968941256403923035e-02
-2.105763368308544159e-02
7.175076752901077271e-02
-2.843972295522689819e-02
3.144226595759391785e-02
6.435841321945190430e-02
2.857163548469543457e-02
9.999812394380569458e-02
-2.079481817781925201e-02
-2.573583647608757019e-02
8.846629410982131958e-03
1.812565885484218597e-02
-7.641895208507776260e-03
1.588343293406069279e-03
-1.209054291248321533e-01
3.748399391770362854e-02
6.413829326629638672e-02
4.749545827507972717e-02
-1.070262212306261063e-02
-1.800880581140518188e-02
-1.261485554277896881e-02
3.080632537603378296e-02
-4.607367515563964844e-02
1.050897035747766495e-02
-6.639662315137684345e-04
2.016824856400489807e-02
1.507445331662893295e-02
7.730347663164138794e-02
-2.225696295499801636e-02
3.488796576857566833e-02
4.921751678921282291e-04
-5.652455240488052368e-02
4.572284966707229614e-02
8.013352006673812866e-02
3.516206517815589905e-02
-7.735726237297058105e-02
7.992863655090332031e-02
1.167353615164756775e-02
2.942517586052417755e-02
-5.474688485264778137e-03
5.580638349056243896e-02
9.376212209463119507e-02
1.794571615755558014e-02
-1.423500180244445801e-01
1.421007234603166580e-02
2.040047198534011841e-02
8.883850276470184326e-02
-5.574969574809074402e-02
5.625282227993011475e-02
-3.851307323202490807e-03
-5.807221308350563049e-02
-5.409313365817070007e-02
5.960726737976074219e-02
-4.487967863678932190e-02
-6.508095562458038330e-02
-5.100054293870925903e-02
-2.775303646922111511e-02
-4.636362195014953613e-02
2.934389561414718628e-02
1.051079854369163513e-01
-1.192493736743927002e-02
1.038812249898910522e-01
-1.088564470410346985e-01
-2.060334943234920502e-02
-4.882972687482833862e-02
1.846373267471790314e-02
3.000186569988727570e-02
-6.930360943078994751e-02
