1.270553469657897949e-01
3.433380043134093285e-04
2.582152374088764191e-02
-2.406995929777622223e-02
-2.640994079411029816e-02
-2.429458126425743103e-02
-7.253401726484298706e-02
-3.951411694288253784e-02
5.052071809768676758e-02
1.765654981136322021e-02
3.608012804761528969e-03
-3.802132979035377502e-02
8.768964471528306603e-05
-7.642213255167007446e-02
6.928583607077598572e-03
-4.640493914484977722e-02
2.610290236771106720e-02
6.206753477454185486e-02
-1.037375442683696747e-02
-2.484435448423027992e-03
-3.053387999534606934e-02
-5.435056518763303757e-04
1.461508776992559433e-02
-2.629991248250007629e-02
-3.511571139097213745e-02
-1.061182394623756409e-01
4.540571197867393494e-02
-6.590498983860015869e-02
-1.091520637273788452e-01
-1.079963743686676025e-01
5.893153697252273560e-02
-4.158320277929306030e-02
-3.328378498554229736e-02
-6.579684466123580933e-02
2.368207275867462158e-02
-8.323766291141510010e-03
3.542681410908699036e-02
-2.856880798935890198e-02
-6.040064245462417603e-02
-4.919328540563583374e-02
6.417629122734069824e-02
1.851329347118735313e-03
3.920518606901168823e-02
7.059268653392791748e-02
3.435092046856880188e-02
1.859467476606369019e-02
-1.282196044921875000e-01
3.095868229866027832e-02
-3.340380266308784485e-02
-4.976813867688179016e-02
-1.766861379146575928e-01
6.845641881227493286e-02
1.080599203705787659e-01
-9.621753543615341187e-02
-4.084165766835212708e-02
5.206710472702980042e-02
-3.378553688526153564e-02
-2.640128880739212036e-02
1.539870649576187134e-01
-1.328052487224340439e-02
7.096765190362930298e-02
3.118306025862693787e-02
-7.328865677118301392e-02
1.141166593879461288e-02
-7.339239120483398438e-02
-5.740761756896972656e-02
-4.830862209200859070e-02
-1.126969307661056519e-01
4.322601947933435440e-03
-5.193288624286651611e-02
-9.033518284559249878e-02
-1.062976196408271790e-01
1.415222138166427612e-01
-7.857181876897811890e-02
-1.520968526601791382e-01
4.555353522300720215e-02
-6.821571290493011475e-02
8.636066317558288574e-02
9.043917059898376465e-03
-2.000795155763626099e-01
3.954683989286422729e-02
4.744660481810569763e-02
8.960551582276821136e-03
7.099463790655136108e-02
-5.206986144185066223e-02
4.726322367787361145e-02
-3.281983360648155212e-02
5.864844098687171936e-02
4.044869169592857361e-02
-4.051368683576583862e-02
-1.812115013599395752e-01
-3.020706400275230408e-02
-5.991094186902046204e-02
-3.217047080397605896e-02
-6.241006776690483093e-02
-4.580521211028099060e-02
-2.733273431658744812e-02
2.839667350053787231e-02
8.699496090412139893e-02
-8.265463262796401978e-02
6.049646809697151184e-02
-1.673477515578269958e-02
2.455254457890987396e-02
-1.154189091175794601e-02
-5.881926976144313812e-03
-6.431876868009567261e-02
6.437814980745315552e-02
9.265995770692825317e-02
1.133494973182678223e-01
-8.892283588647842407e-02
-6.776805967092514038e-03
1.485815793275833130e-01
-4.927893169224262238e-03
9.796114265918731689e-02
8.406252600252628326e-03
-2.983378060162067413e-02
-2.640154212713241577e-02
4.297248274087905884e-02
5.900510773062705994e-02
-6.759246438741683960e-02
-5.999539420008659363e-02
1.100273057818412781e-01
2.128213178366422653e-03
3.414969146251678467e-02
-4.756594821810722351e-02
-2.326888265088200569e-03
-6.131330132484436035e-02
-8.207610249519348145e-02
-9.226084500551223755e-02
1.056733205914497375e-01
6.196437403559684753e-03
7.721829414367675781e-02
-9.552501142024993896e-02
3.711063414812088013e-02
4.037850722670555115e-02
1.603836193680763245e-02
-7.558321207761764526e-02
2.028306387364864349e-02
1.012901291251182556e-01
4.650288447737693787e-02
1.891161315143108368e-02
4.537569731473922729e-02
5.478790402412414551e-02
-1.449118703603744507e-01
-7.612106204032897949e-02
-5.433134734630584717e-02
7.267484068870544434e-02
1.919612055644392967e-03
-1.121520251035690308e-02
3.197046369314193726e-02
-7.457860559225082397e-02
-5.454771965742111206e-02
2.446298487484455109e-02
-3.047057613730430603e-02
-4.796587675809860229e-02
-3.948253765702247620e-02
8.932549506425857544e-02
1.432802178896963596e-03
-7.060316950082778931e-02
6.463740952312946320e-03
4.602643661201000214e-03
1.201766282320022583e-01
-2.835156768560409546e-02
-2.815144509077072144e-02
-1.477781031280755997e-02
4.862938076257705688e-03
5.062038078904151917e-02
4.022591933608055115e-02
-5.523461103439331055e-02
-5.594525113701820374e-02
1.390252262353897095e-01
1.338786780834197998e-01
-5.365542694926261902e-02
5.513350665569305420e-02
5.031465739011764526e-02
-3.129428252577781677e-02
-7.144346088171005249e-02
-1.773933880031108856e-03
-4.271348938345909119e-02
5.829379893839359283e-03
-2.194779179990291595e-02
1.922204717993736267e-02
-3.174300491809844971e-02
-7.891718298196792603e-03
7.610403746366500854e-02
-2.875470370054244995e-02
2.848945558071136475e-02
5.863479152321815491e-02
2.793627232313156128e-02
1.146198958158493042e-01
-2.137175388634204865e-02
-3.410545364022254944e-02
2.332621254026889801e-02
2.598227933049201965e-02
-1.491671428084373474e-02
9.471225552260875702e-03
-1.345867812633514404e-01
5.821142718195915222e-02
6.126638874411582947e-02
6.907005608081817627e-02
-1.426694914698600769e-02
-2.324814908206462860e-02
-7.009773515164852142e-03
3.895599022507667542e-02
-3.688389062881469727e-02
1.479910593479871750e-02
-8.919446729123592377e-03
1.748652942478656769e-02
-3.260583616793155670e-03
9.562701731920242310e-02
-1.823753491044044495e-02
2.234646491706371307e-02
-1.150996773503720760e-03
-5.529795587062835693e-02
4.949726536870002747e-02
8.534374833106994629e-02
2.983912825584411621e-02
-9.802788496017456055e-02
8.504675328731536865e-02
-1.372670521959662437e-04
2.948083728551864624e-02
-1.316822972148656845e-02
5.955501273274421692e-02
9.009131044149398804e-02
3.438512608408927917e-02
-1.531560868024826050e-01
1.523402519524097443e-02
2.151729352772235870e-02
8.060782402753829956e-02
-4.562095180153846741e-02
3.759424760937690735e-02
-1.069032121449708939e-02
-7.095018774271011353e-02
-4.893762990832328796e-02
7.026376575231552124e-02
-3.594050183892250061e-02
-7.057427614927291870e-02
-5.352912470698356628e-02
-2.857320010662078857e-02
-3.542592376470565796e-02
2.499542944133281708e-02
9.402950853109359741e-02
-9.362806566059589386e-03
7.106739282608032227e-02
-1.077860370278358459e-01
-2.662074752151966095e-02
-4.263729974627494812e-02
9.219904430210590363e-03
3.233235701918601990e-02
-6.021947413682937622e-02
