1.548248231410980225e-01
1.235058717429637909e-02
4.985360801219940186e-02
-4.136797040700912476e-02
-1.659774966537952423e-02
-6.726231426000595093e-02
-8.235005289316177368e-02
-5.175882950425148010e-02
1.066895388066768646e-02
1.474692299962043762e-02
2.672324422746896744e-03
-3.715657442808151245e-02
1.028956845402717590e-02
-7.299193739891052246e-02
5.715573206543922424e-03
-3.068165853619575500e-02
3.703295812010765076e-02
9.425719082355499268e-02
-1.088377367705106735e-02
-2.870631171390414238e-03
1.756340061547234654e-04
-2.797513455152511597e-02
3.927832096815109253e-02
-2.287313342094421387e-02
-5.727119371294975281e-02
-1.062673032283782959e-01
3.243148326873779297e-02
-4.849805682897567749e-02
-9.093964844942092896e-02
-6.972245872020721436e-02
5.560520663857460022e-02
-3.924221917986869812e-02
-4.271879419684410095e-02
-6.822139769792556763e-02
3.716909885406494141e-02
1.139344181865453720e-02
2.907649613916873932e-02
-4.756101593375205994e-02
-5.297929048538208008e-02
-7.511883974075317383e-02
5.357202142477035522e-02
-1.187345292419195175e-02
2.702168002724647522e-02
6.818622350692749023e-02
5.282167345285415649e-02
1.175780128687620163e-02
-1.357859075069427490e-01
6.158083677291870117e-02
-2.550388686358928680e-02
-5.069806054234504700e-02
-1.649898141622543335e-01
5.921546742320060730e-02
9.674955159425735474e-02
-6.376785039901733398e-02
-3.884425014257431030e-02
4.955777898430824280e-02
-4.034212231636047363e-02
-2.028611116111278534e-02
1.425169259309768677e-01
-2.521853148937225342e-02
6.661207973957061768e-02
5.051748082041740417e-02
-8.932118862867355347e-02
4.028514958918094635e-03
-6.026071682572364807e-02
-5.678157135844230652e-02
-5.639889836311340332e-02
-8.639210462570190430e-02
7.744306232780218124e-03
-5.594488605856895447e-02
-5.421839654445648193e-02
-8.035909384489059448e-02
1.116666719317436218e-01
-6.092937663197517395e-02
-1.128692030906677246e-01
4.799815639853477478e-02
-7.454262673854827881e-02
7.652133703231811523e-02
-5.825542844831943512e-03
-1.634750068187713623e-01
2.275868691504001617e-02
8.323728293180465698e-02
3.915807232260704041e-02
5.498776584863662720e-02
-5.100950226187705994e-02
5.343590304255485535e-02
-3.564673289656639099e-02
6.389780342578887939e-02
4.681549221277236938e-02
-4.212689399719238281e-02
-1.706643253564834595e-01
-2.303938381373882294e-02
-4.784327000379562378e-02
-3.260604804381728172e-03
-4.892094805836677551e-02
-3.530898690223693848e-02
-3.650978580117225647e-02
2.203574590384960175e-02
9.279643744230270386e-02
-7.169509679079055786e-02
7.498145103454589844e-02
-5.702410358935594559e-03
1.866993494331836700e-02
-2.612564899027347565e-02
-8.891368284821510315e-03
-6.276627629995346069e-02
6.976109743118286133e-02
7.187622040510177612e-02
1.137214004993438721e-01
-1.009414941072463989e-01
-1.040954608470201492e-02
1.481589525938034058e-01
-1.493383292108774185e-02
8.555044233798980713e-02
1.939179003238677979e-02
-4.391718283295631409e-02
5.526810884475708008e-03
5.453452467918395996e-02
3.926131129264831543e-02
-7.157211750745773315e-02
-4.526498913764953613e-02
1.067299991846084595e-01
-9.514931589365005493e-03
6.247729808092117310e-02
-5.633901059627532959e-02
-2.900759875774383545e-02
-5.392603948712348938e-02
-7.771648466587066650e-02
-1.058551669120788574e-01
1.326919943094253540e-01
2.186432713642716408e-03
9.745560586452484131e-02
-8.614496141672134399e-02
3.602008149027824402e-02
3.404168039560317993e-02
4.420838505029678345e-02
-6.773178279399871826e-02
3.926225006580352783e-03
1.143083721399307251e-01
5.790223553776741028e-02
1.761927269399166107e-02
3.548634052276611328e-02
6.858970969915390015e-02
-1.138281524181365967e-01
-8.146243542432785034e-02
-4.992860555648803711e-02
8.881884068250656128e-02
5.186901893466711044e-03
2.092880429700016975e-03
5.928660742938518524e-03
-7.027922570705413818e-02
-7.153916358947753906e-02
4.737114906311035156e-02
-6.628235336393117905e-03
-4.067096114158630371e-02
-3.259678184986114502e-02
1.134639158844947815e-01
1.171134784817695618e-02
-5.497923493385314941e-02
1.075871195644140244e-02
-1.936791650950908661e-02
1.079072430729866028e-01
-3.169227018952369690e-02
-2.482610754668712616e-02
-1.587480306625366211e-02
-1.601674780249595642e-02
3.144102916121482849e-02
6.034830212593078613e-02
-3.264004737138748169e-02
-6.529183685779571533e-02
1.379259377717971802e-01
9.938251227140426636e-02
-2.519429847598075867e-02
6.343413889408111572e-02
5.514695867896080017e-02
-2.458460815250873566e-02
-8.660820871591567993e-02
-1.683741062879562378e-02
-6.338062882423400879e-02
1.059177517890930176e-02
3.958595450967550278e-03
8.919046260416507721e-03
-9.441465139389038086e-03
-1.630516722798347473e-02
8.888950943946838379e-02
-3.666236996650695801e-02
3.979816660284996033e-02
6.033768877387046814e-02
-3.101889509707689285e-03
9.549508988857269287e-02
-3.762293979525566101e-02
-3.263542428612709045e-02
3.346686251461505890e-03
1.784498058259487152e-02
-1.652985997498035431e-02
5.676990374922752380e-03
-1.304951757192611694e-01
5.256864801049232483e-02
7.307398319244384766e-02
5.705724284052848816e-02
-4.462758952286094427e-04
-1.027463469654321671e-02
1.405129954218864441e-02
3.035308606922626495e-02
-3.077866276726126671e-03
1.015764009207487106e-02
1.080773677676916122e-02
1.949453540146350861e-02
1.142107881605625153e-02
7.568140327930450439e-02
-1.331926975399255753e-02
9.532827883958816528e-03
1.459255255758762360e-02
-4.949562996625900269e-02
3.177561238408088684e-02
6.082110852003097534e-02
7.496419828385114670e-03
-9.738734364509582520e-02
8.120229095220565796e-02
-1.785087399184703827e-03
3.055103123188018799e-02
-1.985603198409080505e-02
6.602719426155090332e-02
8.884989470243453979e-02
3.231536597013473511e-02
-1.402525752782821655e-01
3.369714692234992981e-02
1.121823955327272415e-02
7.907439768314361572e-02
-8.365879207849502563e-02
5.129118263721466064e-02
-2.078830450773239136e-02
-1.052067205309867859e-01
-5.214215442538261414e-02
8.050230145454406738e-02
-3.836753591895103455e-02
-9.931951761245727539e-02
-7.973415404558181763e-02
-4.531605541706085205e-02
-7.001774758100509644e-02
3.335453569889068604e-02
1.219280883669853210e-01
-2.024804241955280304e-02
1.130284294486045837e-01
-1.352901458740234375e-01
-4.805228114128112793e-02
-8.621574193239212036e-02
4.093913733959197998e-02
1.028034370392560959e-02
-9.964761883020401001e-02
