1.771817505359649658e-01
1.986439153552055359e-02
2.840419299900531769e-02
-2.979644574224948883e-02
-3.294741734862327576e-02
-1.007592752575874329e-01
-7.840473204851150513e-02
-2.490356564521789551e-02
5.177718773484230042e-02
1.468227338045835495e-02
-3.797951340675354004e-02
-2.547193504869937897e-02
3.531758114695549011e-02
-1.006483063101768494e-01
3.612242639064788818e-02
-6.654943525791168213e-02
5.291551724076271057e-02
5.420545861124992371e-02
-6.704725325107574463e-03
-2.082669176161289215e-03
-2.089725248515605927e-02
-1.988928299397230148e-03
4.678206890821456909e-02
-1.584980078041553497e-02
-7.060659676790237427e-02
-8.881249278783798218e-02
4.696324467658996582e-02
-7.306907325983047485e-02
-1.045115664601325989e-01
-3.565568476915359497e-02
3.459132835268974304e-02
-1.451404765248298645e-02
2.829503454267978668e-02
-1.052016690373420715e-01
-1.944044232368469238e-02
-2.222752943634986877e-02
1.110415756702423096e-01
-8.368727751076221466e-03
-7.308590412139892578e-02
-5.272279679775238037e-02
7.632625102996826172e-02
-4.545342922210693359e-02
3.546030074357986450e-02
6.875232607126235962e-02
4.215570539236068726e-02
3.081791102886199951e-02
-1.096375361084938049e-01
-4.296163842082023621e-02
-3.321745619177818298e-02
-8.120366185903549194e-02
-1.751012504100799561e-01
4.474543035030364990e-02
9.419418126344680786e-02
-3.745849803090095520e-02
-5.829729512333869934e-02
6.208558380603790283e-02
-5.377535894513130188e-02
-7.006356120109558105e-02
1.180635392665863037e-01
-3.318229690194129944e-02
4.866602644324302673e-02
2.439738996326923370e-02
-5.212859809398651123e-02
3.503516316413879395e-02
-5.800750851631164551e-02
-8.032893389463424683e-02
-3.426248207688331604e-02
-9.172213077545166016e-02
3.759689629077911377e-02
-3.296923637390136719e-02
-3.815918415784835815e-02
-1.065779849886894226e-01
1.329544037580490112e-01
-4.907737672328948975e-02
-9.953645616769790649e-02
6.420831382274627686e-02
-7.897724956274032593e-02
2.446166798472404480e-02
-2.788285911083221436e-02
-1.220137849450111389e-01
4.557992145419120789e-02
4.361237213015556335e-02
-1.284182164818048477e-02
1.367597933858633041e-02
-6.097390875220298767e-02
6.202978640794754028e-02
1.730192103423178196e-03
3.327112644910812378e-02
3.627436980605125427e-02
-4.490052815526723862e-03
-1.919779181480407715e-01
2.674435265362262726e-02
-7.089145481586456299e-02
-2.920458791777491570e-04
-5.023976415395736694e-02
-1.806815154850482941e-02
-2.656903676688671112e-02
9.917384944856166840e-03
1.507383733987808228e-01
-9.980385750532150269e-02
9.403501451015472412e-02
-1.235651224851608276e-02
3.416360169649124146e-02
7.615528535097837448e-03
-8.122462779283523560e-03
-3.983135148882865906e-02
4.959436878561973572e-02
1.302452534437179565e-01
1.116367429494857788e-01
-9.106483310461044312e-02
-3.821894526481628418e-02
1.470714807510375977e-01
2.045699395239353180e-03
7.205358147621154785e-02
3.637420758605003357e-02
-4.721385240554809570e-02
-5.873831920325756073e-03
7.290992885828018188e-02
8.216198533773422241e-02
-1.009037718176841736e-01
-1.364891529083251953e-01
9.007963538169860840e-02
5.937078036367893219e-03
6.893255561590194702e-02
-5.262793041765689850e-03
-1.518510468304157257e-02
-9.462139010429382324e-02
-8.194015175104141235e-02
-1.006220281124114990e-01
1.269201338291168213e-01
-2.925826050341129303e-02
6.841774284839630127e-02
-8.961103856563568115e-02
4.510892555117607117e-02
2.471465617418289185e-02
7.911009341478347778e-02
-1.014401391148567200e-01
8.914414793252944946e-02
1.634991765022277832e-01
7.438313961029052734e-02
5.993088334798812866e-02
1.224604249000549316e-02
9.368558973073959351e-02
-1.608302593231201172e-01
-2.861077152192592621e-02
-6.040027365088462830e-02
5.856547877192497253e-02
-3.409037832170724869e-03
-1.202614791691303253e-02
6.081309914588928223e-02
-8.698700368404388428e-02
-3.970105946063995361e-02
6.238922104239463806e-02
-6.900512427091598511e-02
-6.040383130311965942e-02
-6.689001619815826416e-02
8.332987129688262939e-02
4.856609925627708435e-02
-8.244574069976806641e-02
1.384496316313743591e-02
-5.690384656190872192e-02
1.064716055989265442e-01
8.788352832198143005e-03
-5.749459564685821533e-02
1.166803296655416489e-02
7.932424545288085938e-03
1.675689592957496643e-02
6.452084332704544067e-02
-3.258738666772842407e-02
8.389463648200035095e-03
7.340040057897567749e-02
9.755989909172058105e-02
-6.984517443925142288e-03
7.297632098197937012e-02
6.014539673924446106e-02
-1.595761813223361969e-02
-4.792783409357070923e-02
-4.656351730227470398e-02
-4.245745763182640076e-02
9.948677383363246918e-03
2.621869184076786041e-02
4.175704717636108398e-02
-1.480635721236467361e-03
-4.511531069874763489e-02
1.453372985124588013e-01
-2.548196353018283844e-02
2.187847904860973358e-02
9.294737875461578369e-02
4.496647790074348450e-02
6.902554631233215332e-02
-5.282849818468093872e-02
-3.551741689443588257e-02
-2.834089100360870361e-02
-1.650416851043701172e-02
-2.720990777015686035e-02
2.536101453006267548e-02
-1.117997393012046814e-01
4.365763068199157715e-02
3.480597212910652161e-02
7.261763513088226318e-02
1.323302183300256729e-02
2.556109614670276642e-02
5.685521289706230164e-03
1.187145989388227463e-02
-1.944380626082420349e-02
3.741883113980293274e-02
-2.762965299189090729e-02
-1.181085035204887390e-02
4.187834449112415314e-03
6.579806655645370483e-02
2.016733959317207336e-02
-1.953155547380447388e-02
-2.247301163151860237e-03
-1.533277332782745361e-02
-2.157179638743400574e-02
2.142260596156120300e-02
-4.317596182227134705e-02
-9.313821792602539062e-02
6.497163325548171997e-02
-3.616481274366378784e-02
-1.865508966147899628e-02
1.637269742786884308e-02
7.209462672472000122e-02
1.110098958015441895e-01
7.991774939000606537e-03
-3.260461986064910889e-02
3.361542150378227234e-02
-2.162086218595504761e-02
-1.028852723538875580e-02
-4.317130427807569504e-03
4.861745052039623260e-03
-1.648996397852897644e-02
-1.951829344034194946e-02
-7.956627011299133301e-02
6.083270534873008728e-02
-1.004981156438589096e-02
-4.587581381201744080e-02
1.822923193685710430e-03
4.146276041865348816e-02
-1.196283102035522461e-02
5.822538956999778748e-02
2.537318691611289978e-02
1.834967546164989471e-02
4.315047338604927063e-02
-4.764213413000106812e-02
-2.064044587314128876e-02
-5.157439503818750381e-03
8.298319578170776367e-02
-2.346671745181083679e-02
-2.357516437768936157e-02
