5.972732976078987122e-02
6.698663532733917236e-02
-2.934757806360721588e-02
3.895418718457221985e-02
2.529964596033096313e-02
1.224085921421647072e-03
1.241021906025707722e-03
-3.056939691305160522e-02
-3.210447728633880615e-03
-6.597287207841873169e-02
-8.575701713562011719e-02
1.008938718587160110e-02
3.399180248379707336e-03
-7.505972683429718018e-02
-1.731976121664047241e-02
-6.754910200834274292e-02
8.856896311044692993e-03
-1.178273651748895645e-02
-1.165323704481124878e-02
7.052205502986907959e-02
-6.208455190062522888e-02
-7.747370004653930664e-02
1.885730959475040436e-02
2.257502265274524689e-02
-1.066871806979179382e-01
-8.254229091107845306e-03
1.198717579245567322e-01
-6.607897579669952393e-02
-5.842908844351768494e-02
-7.059673964977264404e-02
-6.072817370295524597e-03
-5.485761165618896484e-02
1.053075641393661499e-01
4.838877357542514801e-03
-5.564227700233459473e-02
-7.651501800864934921e-03
9.982325881719589233e-02
-3.166733309626579285e-03
-5.852397158741950989e-02
-4.437340795993804932e-02
2.905070781707763672e-02
7.723565399646759033e-02
3.283294662833213806e-02
3.877864778041839600e-02
4.264576360583305359e-02
-1.010326109826564789e-02
-7.706419378519058228e-02
2.377056283876299858e-03
-8.859882131218910217e-03
-7.798056304454803467e-02
-7.709037512540817261e-02
3.657869622111320496e-02
8.558734506368637085e-02
-2.158169634640216827e-02
1.591395400464534760e-02
5.194970872253179550e-03
-5.347879603505134583e-02
-1.481972187757492065e-01
-4.115026816725730896e-02
1.705484464764595032e-04
2.828623540699481964e-02
3.078942745923995972e-02
-6.740884482860565186e-02
8.022056519985198975e-02
-5.415679141879081726e-02
1.701777218841016293e-03
2.255294658243656158e-02
-6.365000456571578979e-02
5.859220772981643677e-02
1.080352626740932465e-02
1.618123427033424377e-02
-1.060745418071746826e-01
4.500650241971015930e-02
1.381600275635719299e-02
-1.272569745779037476e-01
-3.562343120574951172e-02
-5.491049960255622864e-04
1.369394920766353607e-02
-4.716927930712699890e-02
-7.116168737411499023e-02
-3.424999862909317017e-02
-3.378403140231966972e-03
7.415833324193954468e-02
8.967630565166473389e-03
5.239712540060281754e-03
6.106205657124519348e-02
7.039620727300643921e-02
-1.044018045067787170e-01
8.934319019317626953e-02
-2.865830250084400177e-02
-1.827427148818969727e-01
9.788477420806884766e-02
-4.065519198775291443e-02
-3.190169110894203186e-02
-6.931173801422119141e-02
3.223250433802604675e-02
6.070466712117195129e-03
2.096040919423103333e-02
1.260112673044204712e-01
1.805635541677474976e-02
6.091926991939544678e-02
-8.127095177769660950e-03
8.486817777156829834e-02
3.522671991959214211e-03
2.109162136912345886e-02
2.844646107405424118e-03
-2.474971674382686615e-02
7.361737638711929321e-02
7.502597570419311523e-02
-2.212330140173435211e-02
-5.871836468577384949e-02
1.076283827424049377e-01
3.999494761228561401e-02
5.948989093303680420e-02
3.885420411825180054e-02
2.457193657755851746e-02
-6.776181515306234360e-03
2.120940946042537689e-02
6.077818945050239563e-02
-9.410084784030914307e-02
-1.602967679500579834e-01
6.914589554071426392e-02
-1.324230222962796688e-03
4.360118508338928223e-02
3.104242123663425446e-02
-2.172143943607807159e-02
-1.144613325595855713e-01
2.364863827824592590e-02
-9.359547868371009827e-03
9.624953567981719971e-02
5.702120251953601837e-03
2.477217931300401688e-03
-3.553440049290657043e-02
2.644183486700057983e-02
-2.684506587684154510e-02
-1.898715971037745476e-03
1.804559677839279175e-02
8.952987194061279297e-02
1.441202014684677124e-01
5.405123159289360046e-02
-1.397028751671314240e-02
6.212195847183465958e-03
2.629541046917438507e-02
-1.332996934652328491e-01
-7.244733721017837524e-02
-8.581992983818054199e-02
6.387771572917699814e-03
1.174017041921615601e-02
6.092171370983123779e-02
8.321063220500946045e-02
-1.010275408625602722e-01
4.613762721419334412e-03
4.619161412119865417e-02
-4.167097061872482300e-02
2.041863091289997101e-02
-4.882052540779113770e-02
7.613200228661298752e-03
-3.613240644335746765e-02
-7.221437245607376099e-02
5.044221878051757812e-02
-2.485878020524978638e-02
1.827847063541412354e-01
-3.767761960625648499e-02
-1.059702876955270767e-02
7.041604816913604736e-02
7.800392061471939087e-02
6.265736371278762817e-02
6.205374002456665039e-02
-5.653097480535507202e-02
-5.282206833362579346e-02
2.073642238974571228e-02
1.281596124172210693e-01
4.418822377920150757e-02
8.012840896844863892e-02
8.620449900627136230e-02
-4.127269983291625977e-02
-5.845590308308601379e-02
-4.866293817758560181e-02
-6.207594275474548340e-02
4.313879087567329407e-02
1.218995265662670135e-02
5.577465891838073730e-02
1.824806560762226582e-03
-1.532133016735315323e-02
1.161546558141708374e-01
-3.045279067009687424e-03
6.542188674211502075e-02
6.660333275794982910e-02
5.041405558586120605e-02
4.809518158435821533e-02
-3.855922445654869080e-02
2.285073511302471161e-02
-1.426046807318925858e-02
-5.324700474739074707e-02
-3.532015159726142883e-02
8.222117088735103607e-03
-7.682415097951889038e-02
8.210141956806182861e-02
3.114165365695953369e-02
1.230764836072921753e-01
2.849079295992851257e-02
-8.336847648024559021e-03
3.484546765685081482e-02
7.074280828237533569e-02
-1.501104980707168579e-02
3.438591212034225464e-02
-4.651862010359764099e-02
-9.382510557770729065e-03
-4.421722888946533203e-02
1.220353618264198303e-01
6.637743115425109863e-02
-6.106002256274223328e-02
5.049348622560501099e-02
8.461729623377323151e-03
-1.742140017449855804e-02
1.883128471672534943e-02
-4.770788177847862244e-02
-1.220355257391929626e-01
-5.592180415987968445e-03
-1.050755605101585388e-01
-4.221196472644805908e-02
6.908358074724674225e-03
1.071331202983856201e-01
7.800485938787460327e-02
7.337985187768936157e-02
1.827767863869667053e-02
8.367905020713806152e-02
3.776688501238822937e-02
-5.847841128706932068e-02
3.649646043777465820e-02
-1.143610924482345581e-01
-6.793880462646484375e-02
-5.096215009689331055e-02
-3.034797497093677521e-02
1.408697292208671570e-02
1.577843911945819855e-02
-3.631323575973510742e-02
4.262435436248779297e-02
8.543066680431365967e-02
6.328596174716949463e-02
2.391595207154750824e-02
-1.691200882196426392e-01
1.724729314446449280e-03
-2.344288676977157593e-01
8.111722022294998169e-02
3.017819859087467194e-02
1.215694770216941833e-01
-3.824760671705007553e-03
-1.929112523794174194e-02
9.086376428604125977e-02
