1.884225010871887207e-01
-6.714993622153997421e-03
5.309278145432472229e-02
-4.249729588627815247e-02
-7.214834541082382202e-02
-3.892486542463302612e-02
-1.235364302992820740e-01
-5.728624761104583740e-02
9.053157269954681396e-02
5.609751120209693909e-02
1.369462721049785614e-02
-3.516691923141479492e-02
-1.183794229291379452e-03
-1.197393238544464111e-01
3.317723423242568970e-02
-7.645847648382186890e-02
3.474800288677215576e-02
9.320524334907531738e-02
1.496719848364591599e-02
-3.204865008592605591e-02
-3.844178467988967896e-02
2.084496431052684784e-03
3.274075314402580261e-02
-2.468323521316051483e-02
-4.472884908318519592e-02
-1.120945587754249573e-01
4.348509758710861206e-02
-8.059923350811004639e-02
-1.375303417444229126e-01
-1.173179894685745239e-01
6.193779036402702332e-02
-4.590458795428276062e-02
-2.590815536677837372e-02
-8.765947818756103516e-02
1.585272513329982758e-02
-1.177847292274236679e-02
3.090333007276058197e-02
-3.141709789633750916e-02
-5.663079395890235901e-02
-4.875810444355010986e-02
7.553183287382125854e-02
-3.032632404938340187e-03
3.666445985436439514e-02
8.985899388790130615e-02
3.249981254339218140e-02
3.034359775483608246e-02
-1.144376322627067566e-01
4.731745459139347076e-03
-1.813152246177196503e-02
-3.266280889511108398e-02
-1.779684126377105713e-01
6.953078508377075195e-02
1.211422234773635864e-01
-8.768024295568466187e-02
-5.409804731607437134e-02
5.716927722096443176e-02
-2.312161214649677277e-02
3.234972478821873665e-03
1.636105328798294067e-01
-2.281716838479042053e-02
6.191338598728179932e-02
3.152487054467201233e-02
-7.047744840383529663e-02
1.327310455963015556e-03
-6.396108120679855347e-02
-7.489082962274551392e-02
-6.177458912134170532e-02
-9.995880722999572754e-02
2.897133119404315948e-03
-6.091534346342086792e-02
-9.184908866882324219e-02
-1.202657967805862427e-01
1.393371224403381348e-01
-9.953956305980682373e-02
-1.211169883608818054e-01
5.631203576922416687e-02
-8.199451118707656860e-02
5.949341878294944763e-02
2.478898502886295319e-02
-1.966648250818252563e-01
4.359620809555053711e-02
4.934323951601982117e-02
-7.007330423220992088e-04
6.940771639347076416e-02
-6.198666989803314209e-02
5.594568327069282532e-02
-5.211186408996582031e-02
5.119108036160469055e-02
2.025695331394672394e-02
-3.572826832532882690e-02
-1.364986002445220947e-01
-3.851897642016410828e-02
-6.845121085643768311e-02
-2.598354406654834747e-02
-6.402907520532608032e-02
-5.103853717446327209e-02
-3.033475950360298157e-02
3.102568350732326508e-02
6.005529686808586121e-02
-9.314539283514022827e-02
5.036190524697303772e-02
-1.351767498999834061e-02
9.973679669201374054e-03
-6.180312484502792358e-04
1.382225099951028824e-02
-4.415477439761161804e-02
7.151854783296585083e-02
9.546590596437454224e-02
8.826765418052673340e-02
-1.007535830140113831e-01
1.032563671469688416e-02
1.200681254267692566e-01
-1.543584838509559631e-02
9.078970551490783691e-02
2.825250849127769470e-03
-2.304697781801223755e-02
-2.696815505623817444e-02
5.573621392250061035e-02
5.806489661335945129e-02
-4.641725867986679077e-02
-4.683887213468551636e-02
8.980403840541839600e-02
1.531215850263834000e-02
5.436337739229202271e-02
-4.408421739935874939e-02
1.470747031271457672e-02
-3.547219932079315186e-02
-9.228284657001495361e-02
-1.053433492779731750e-01
6.810338050127029419e-02
1.771204359829425812e-02
8.143774420022964478e-02
-8.574804663658142090e-02
4.952488094568252563e-02
2.572072111070156097e-02
1.435649767518043518e-02
-8.439719676971435547e-02
5.481208115816116333e-02
1.082517206668853760e-01
1.836401410400867462e-02
5.499168112874031067e-02
5.816615745425224304e-02
5.436836928129196167e-02
-1.330625116825103760e-01
-6.819464266300201416e-02
-5.977427959442138672e-02
9.367917478084564209e-02
1.689787209033966064e-02
-2.261726185679435730e-02
3.322668001055717468e-02
-4.392930865287780762e-02
-4.203331097960472107e-02
1.751114614307880402e-02
-2.912442944943904877e-02
-4.449667409062385559e-02
-4.407230392098426819e-02
1.012785062193870544e-01
1.181596610695123672e-02
-6.987152248620986938e-02
1.180831692181527615e-03
1.304325764067471027e-03
7.145963609218597412e-02
-4.090582951903343201e-03
-3.309727087616920471e-02
-1.493296120315790176e-02
-1.101547945290803909e-02
3.756339102983474731e-02
2.967344224452972412e-02
-3.357297182083129883e-02
-2.432390488684177399e-02
1.299248486757278442e-01
1.053255796432495117e-01
-3.870641812682151794e-02
2.117764204740524292e-02
4.187844693660736084e-02
-2.609896706417202950e-03
-6.601404398679733276e-02
-2.385021373629570007e-02
-3.003003634512424469e-02
-1.263804547488689423e-02
-1.602590642869472504e-02
3.227805718779563904e-02
-2.359205298125743866e-02
-3.170974552631378174e-02
7.128941267728805542e-02
-1.997736468911170959e-02
3.402568399906158447e-02
7.395847141742706299e-02
3.686053305864334106e-02
9.667887538671493530e-02
-1.603590324521064758e-02
-1.856597326695919037e-02
-2.224743831902742386e-03
2.530872449278831482e-02
-1.252816244959831238e-02
-1.826685038395226002e-03
-1.143340021371841431e-01
3.661925718188285828e-02
6.627518683671951294e-02
3.698131814599037170e-02
-1.044107042253017426e-02
-1.230383664369583130e-02
-1.900336705148220062e-02
1.949410513043403625e-02
-4.075692221522331238e-02
7.327444385737180710e-03
9.555434808135032654e-04
2.270167134702205658e-02
1.924019493162631989e-02
7.772506028413772583e-02
-1.516845729202032089e-02
4.302818328142166138e-02
1.335150655359029770e-02
-5.630041286349296570e-02
4.887048155069351196e-02
7.553571462631225586e-02
3.004302829504013062e-02
-7.093293219804763794e-02
7.134551554918289185e-02
1.276957709342241287e-02
3.688728809356689453e-02
6.611278746277093887e-03
6.004897877573966980e-02
9.000435471534729004e-02
6.688268855214118958e-03
-1.229664236307144165e-01
2.257096581161022186e-02
1.908618211746215820e-02
8.768983185291290283e-02
-5.518892034888267517e-02
6.072404608130455017e-02
-7.740396074950695038e-03
-5.049782246351242065e-02
-4.815215989947319031e-02
4.396126046776771545e-02
-5.159565061330795288e-02
-6.233023479580879211e-02
-5.071190372109413147e-02
-3.139674291014671326e-02
-4.880061000585556030e-02
3.785122558474540710e-02
1.003262773156166077e-01
-2.196405269205570221e-02
1.153700724244117737e-01
-1.033654659986495972e-01
-2.074091508984565735e-02
-4.213099926710128784e-02
1.753873750567436218e-02
2.282695099711418152e-02
-7.024834305047988892e-02
