1.710871160030364990e-01
3.645215183496475220e-02
1.926431618630886078e-02
-1.269915420562028885e-02
-1.099750772118568420e-02
-5.043067783117294312e-02
-6.520130485296249390e-02
-4.714963585138320923e-02
2.033197693526744843e-02
-2.291427180171012878e-02
-4.783316329121589661e-02
-4.994270578026771545e-02
9.615047834813594818e-03
-8.446806669235229492e-02
1.121708191931247711e-03
-6.264049559831619263e-02
2.323056384921073914e-02
6.162343919277191162e-02
-2.626709407195448875e-03
3.824191913008689880e-02
-4.117734357714653015e-02
-4.135280847549438477e-02
3.360438719391822815e-02
-1.447309087961912155e-02
-7.193738222122192383e-02
-9.413487464189529419e-02
7.794290781021118164e-02
-7.575194537639617920e-02
-1.143740266561508179e-01
-9.656310826539993286e-02
2.284256368875503540e-02
-5.381705984473228455e-02
1.610651984810829163e-02
-4.100152850151062012e-02
-4.375304095447063446e-03
-6.243831478059291840e-03
6.816327571868896484e-02
-3.007024154067039490e-02
-7.797108590602874756e-02
-7.878623902797698975e-02
5.862853303551673889e-02
3.857715800404548645e-02
4.414281249046325684e-02
5.158531293272972107e-02
5.770331993699073792e-02
2.170761674642562866e-02
-1.126355379819869995e-01
5.222956836223602295e-02
-3.981257602572441101e-02
-5.636303499341011047e-02
-1.609315425157546997e-01
5.575669556856155396e-02
1.034158840775489807e-01
-7.411500811576843262e-02
-1.391265634447336197e-02
3.885429725050926208e-02
-5.761455744504928589e-02
-7.950607687234878540e-02
1.083872392773628235e-01
1.386761665344238281e-02
6.642536818981170654e-02
2.269292809069156647e-02
-1.060666292905807495e-01
3.856699913740158081e-02
-7.897844910621643066e-02
-4.533769190311431885e-02
-8.916978724300861359e-03
-1.083817780017852783e-01
3.856526687741279602e-02
-1.960989646613597870e-02
-4.373978823423385620e-02
-1.141625046730041504e-01
1.160414218902587891e-01
-3.969231992959976196e-02
-1.574920415878295898e-01
8.756225928664207458e-03
-2.630962990224361420e-02
8.540651202201843262e-02
-1.221417542546987534e-02
-1.605836153030395508e-01
1.320811361074447632e-02
3.976038843393325806e-02
4.079371318221092224e-02
5.839552730321884155e-02
-1.984641328454017639e-02
5.127982422709465027e-02
1.248599495738744736e-02
1.410039700567722321e-02
7.550070434808731079e-02
-4.346011579036712646e-02
-1.886835396289825439e-01
1.316107809543609619e-02
-5.165342986583709717e-02
-1.702542416751384735e-02
-5.674234777688980103e-02
-1.236992143094539642e-02
-1.346079818904399872e-02
6.142485514283180237e-02
1.554325520992279053e-01
-7.573822885751724243e-02
8.259519189596176147e-02
-2.610803954303264618e-02
6.416221708059310913e-02
-2.716225571930408478e-03
-7.966162636876106262e-03
-3.497227281332015991e-02
2.991840988397598267e-02
9.139732271432876587e-02
1.256346553564071655e-01
-6.983994692564010620e-02
-3.855120763182640076e-02
1.679850369691848755e-01
1.418980769813060760e-02
9.869717806577682495e-02
1.699641160666942596e-02
-3.406255738809704781e-03
-1.251037139445543289e-02
5.149826779961585999e-02
6.096903607249259949e-02
-9.028729051351547241e-02
-1.083869189023971558e-01
1.197843551635742188e-01
-8.575689047574996948e-03
3.201966732740402222e-02
-1.548252906650304794e-02
-1.469514239579439163e-02
-9.422073513269424438e-02
-2.189034596085548401e-02
-7.943173497915267944e-02
1.538830995559692383e-01
1.367350807413458824e-03
5.593466386198997498e-02
-9.555654227733612061e-02
3.372034803032875061e-02
4.030372202396392822e-02
1.174528244882822037e-02
-5.604826658964157104e-02
3.298490867018699646e-02
1.216250956058502197e-01
6.863657385110855103e-02
-7.018194999545812607e-03
1.299712341278791428e-02
6.065070256590843201e-02
-1.597291082143783569e-01
-9.275422245264053345e-02
-6.150157377123832703e-02
6.871244311332702637e-02
4.032978788018226624e-03
1.516382861882448196e-02
6.069554761052131653e-02
-1.043949052691459656e-01
-5.251501128077507019e-02
3.529533371329307556e-02
-2.990610338747501373e-02
-3.385446593165397644e-02
-4.731891676783561707e-02
7.201448827981948853e-02
-5.629251711070537567e-03
-6.790328025817871094e-02
1.665280200541019440e-02
-6.993430666625499725e-03
1.511199027299880981e-01
-3.071312047541141510e-02
-8.035478182137012482e-03
1.396770961582660675e-02
2.051686123013496399e-02
5.908456817269325256e-02
6.520699709653854370e-02
-5.111176893115043640e-02
-6.933637708425521851e-02
1.032085940241813660e-01
1.409682333469390869e-01
-3.271570801734924316e-02
9.035472571849822998e-02
7.113135606050491333e-02
-3.825852274894714355e-02
-6.757669895887374878e-02
-4.523226059973239899e-03
-7.911584526300430298e-02
2.044410817325115204e-02
-1.145634800195693970e-02
3.058595582842826843e-02
-3.391789970919489861e-03
-1.389930583536624908e-02
1.005883812904357910e-01
-1.309122145175933838e-02
5.601738393306732178e-02
4.660913720726966858e-02
2.413870953023433685e-02
9.573953598737716675e-02
-3.564785793423652649e-02
-2.241436019539833069e-02
1.884001307189464569e-02
-1.249978202395141125e-03
-1.981025002896785736e-02
1.344433240592479706e-02
-1.187294200062751770e-01
8.600529283285140991e-02
4.980627447366714478e-02
1.018099263310432434e-01
7.574264425784349442e-03
-2.395141683518886566e-02
2.717967145144939423e-02
5.614754185080528259e-02
-3.094401396811008453e-02
1.657883636653423309e-02
-3.239206597208976746e-02
1.702705770730972290e-02
-1.336449105292558670e-02
1.058240011334419250e-01
1.848535798490047455e-02
-1.035734172910451889e-02
7.996559143066406250e-03
-3.386203572154045105e-02
3.026312962174415588e-02
6.570561975240707397e-02
1.906372793018817902e-02
-1.075996831059455872e-01
4.714500159025192261e-02
-5.399587750434875488e-02
-1.144076045602560043e-02
-2.398089738562703133e-03
6.857775151729583740e-02
7.283052802085876465e-02
5.536809936165809631e-02
-7.932079583406448364e-02
3.170446306467056274e-02
1.529001630842685699e-02
1.580638065934181213e-02
-2.082528546452522278e-02
-1.370276045054197311e-02
-3.106552921235561371e-02
-6.853466480970382690e-02
-5.934057012200355530e-02
7.037530839443206787e-02
-1.885398477315902710e-02
-7.266194373369216919e-02
-6.799757480621337891e-03
-3.092796541750431061e-04
-1.941319205798208714e-04
3.271047770977020264e-02
2.175270393490791321e-02
3.833168651908636093e-03
-1.239577122032642365e-02
-7.766767591238021851e-02
-1.110270153731107712e-02
-1.240443554706871510e-03
1.085935719311237335e-02
2.468872629106044769e-02
-1.341632567346096039e-02
