1.815104335546493530e-01
-1.205609273165464401e-02
4.711966216564178467e-02
-4.098562151193618774e-02
-7.169227302074432373e-02
-2.222846448421478271e-02
-1.193481907248497009e-01
-5.978753417730331421e-02
8.737496286630630493e-02
5.182678252458572388e-02
2.078657411038875580e-02
-4.080532863736152649e-02
-7.669099140912294388e-03
-1.086902469396591187e-01
2.675721980631351471e-02
-7.091601938009262085e-02
2.560179121792316437e-02
9.509023278951644897e-02
1.125437580049037933e-02
-2.910298667848110199e-02
-4.087072238326072693e-02
-8.289717952720820904e-04
2.221002429723739624e-02
-2.936546504497528076e-02
-3.849474340677261353e-02
-1.081966161727905273e-01
4.087507724761962891e-02
-6.919986009597778320e-02
-1.301651448011398315e-01
-1.249780654907226562e-01
6.649788469076156616e-02
-5.377050489187240601e-02
-4.349254444241523743e-02
-7.197637856006622314e-02
3.058147057890892029e-02
-1.027504820376634598e-02
1.135681290179491043e-02
-3.389415517449378967e-02
-5.361461266875267029e-02
-4.343972355127334595e-02
6.574904173612594604e-02
3.106991061940789223e-03
4.046043753623962402e-02
8.258445560932159424e-02
3.268110752105712891e-02
2.546524442732334137e-02
-1.140528246760368347e-01
2.380819804966449738e-02
-1.683705300092697144e-02
-2.208580076694488525e-02
-1.748445183038711548e-01
6.967674195766448975e-02
1.195405200123786926e-01
-9.863295406103134155e-02
-4.621945694088935852e-02
4.833757877349853516e-02
-1.910105533897876740e-02
1.489176508039236069e-02
1.688505411148071289e-01
-1.180537324398756027e-02
5.909291282296180725e-02
3.742044419050216675e-02
-7.478038966655731201e-02
-7.893533445894718170e-03
-6.575426459312438965e-02
-6.302762031555175781e-02
-5.955614522099494934e-02
-1.039685755968093872e-01
-7.601152639836072922e-03
-5.911164358258247375e-02
-1.040402725338935852e-01
-1.100273504853248596e-01
1.379188299179077148e-01
-9.665228426456451416e-02
-1.273479014635086060e-01
4.821581020951271057e-02
-7.457222789525985718e-02
7.341535389423370361e-02
3.232175111770629883e-02
-1.992892175912857056e-01
3.839429467916488647e-02
4.620635136961936951e-02
5.570040084421634674e-03
8.022601157426834106e-02
-5.776661261916160583e-02
5.030353367328643799e-02
-5.155843868851661682e-02
5.564013868570327759e-02
1.528377830982208252e-02
-4.531859979033470154e-02
-1.259986907243728638e-01
-4.814970865845680237e-02
-6.343228369951248169e-02
-2.904012240469455719e-02
-6.244924664497375488e-02
-5.254349112510681152e-02
-3.116623871028423309e-02
3.939797729253768921e-02
5.222997814416885376e-02
-8.800210058689117432e-02
4.614397510886192322e-02
-1.284346822649240494e-02
9.942534379661083221e-03
-1.093138195574283600e-02
1.056427508592605591e-02
-4.669659584760665894e-02
7.323421537876129150e-02
8.745291829109191895e-02
8.856812864542007446e-02
-9.702347218990325928e-02
1.072151586413383484e-02
1.182529330253601074e-01
-1.420171093195676804e-02
9.433238953351974487e-02
-3.934894688427448273e-03
-1.621390692889690399e-02
-3.377252444624900818e-02
4.974246397614479065e-02
5.573958531022071838e-02
-4.331195726990699768e-02
-3.037388809025287628e-02
9.728149324655532837e-02
1.189552526921033859e-02
4.356737062335014343e-02
-5.257211625576019287e-02
1.642424426972866058e-02
-3.232918679714202881e-02
-8.907680213451385498e-02
-1.025104522705078125e-01
6.728025525808334351e-02
2.450323477387428284e-02
8.438726514577865601e-02
-8.359931409358978271e-02
4.812257364392280579e-02
3.204255178570747375e-02
2.644768916070461273e-03
-7.499655336141586304e-02
3.304039314389228821e-02
9.281832724809646606e-02
1.666184328496456146e-02
3.543628752231597900e-02
6.534674018621444702e-02
4.319677501916885376e-02
-1.280941069126129150e-01
-7.581812888383865356e-02
-5.658807605504989624e-02
9.157757461071014404e-02
1.941374130547046661e-02
-2.099749632179737091e-02
2.501005493104457855e-02
-4.548517614603042603e-02
-4.967799782752990723e-02
9.456025436520576477e-03
-2.053445577621459961e-02
-3.876259922981262207e-02
-3.693576157093048096e-02
9.995599836111068726e-02
-1.416124432580545545e-04
-6.470107287168502808e-02
6.427015177905559540e-04
1.522735692560672760e-02
7.559538632631301880e-02
-1.449149381369352341e-02
-2.568742260336875916e-02
-2.122835442423820496e-02
-1.191850565373897552e-02
4.770896956324577332e-02
2.189541421830654144e-02
-3.448266535997390747e-02
-4.401834309101104736e-02
1.421821862459182739e-01
1.159056052565574646e-01
-4.849565401673316956e-02
1.840132847428321838e-02
4.138157889246940613e-02
-5.724223796278238297e-03
-7.196911424398422241e-02
-1.088854763656854630e-02
-3.160003945231437683e-02
-1.068764925003051758e-02
-2.558743208646774292e-02
2.502683177590370178e-02
-3.284539654850959778e-02
-2.212974615395069122e-02
5.173756927251815796e-02
-1.556306052953004837e-02
3.165909647941589355e-02
6.319452077150344849e-02
2.846064232289791107e-02
1.053890734910964966e-01
-8.547323755919933319e-03
-1.725516095757484436e-02
1.183384470641613007e-02
3.397005423903465271e-02
-6.583782844245433807e-03
-7.200437132269144058e-03
-1.113589480519294739e-01
3.965348750352859497e-02
6.763531267642974854e-02
3.799017891287803650e-02
-1.648553460836410522e-02
-2.787599712610244751e-02
-2.452548779547214508e-02
2.382998727262020111e-02
-4.520260915160179138e-02
-3.212665906175971031e-03
8.658813312649726868e-03
2.525642327964305878e-02
1.131337415426969528e-02
8.476770669221878052e-02
-2.971052005887031555e-02
5.079295113682746887e-02
1.173248980194330215e-02
-6.336170434951782227e-02
6.441944092512130737e-02
8.074415475130081177e-02
4.302085563540458679e-02
-6.714548170566558838e-02
6.939468532800674438e-02
1.685260422527790070e-02
4.489411041140556335e-02
-2.658177618286572397e-05
5.109197646379470825e-02
7.789726555347442627e-02
6.714445073157548904e-03
-1.303169876337051392e-01
1.323122251778841019e-02
2.456482872366905212e-02
9.960328042507171631e-02
-5.796974897384643555e-02
6.289073824882507324e-02
-8.671872317790985107e-03
-5.552586540579795837e-02
-3.978871554136276245e-02
5.044133216142654419e-02
-5.297906324267387390e-02
-6.539683043956756592e-02
-5.443874746561050415e-02
-4.561403393745422363e-02
-4.731924459338188171e-02
3.206912800669670105e-02
1.252612173557281494e-01
-2.484389580786228180e-02
1.229107081890106201e-01
-1.271130293607711792e-01
-2.317263931035995483e-02
-5.433499813079833984e-02
-2.805490279570221901e-03
3.290118277072906494e-02
-7.310061901807785034e-02
