1.432099342346191406e-01
-1.474619936197996140e-02
3.778170794248580933e-02
-3.789914771914482117e-02
-4.537743330001831055e-02
-2.544473856687545776e-02
-9.426306188106536865e-02
-4.670739918947219849e-02
6.909598410129547119e-02
4.138855636119842529e-02
2.851463109254837036e-02
-4.099371284246444702e-02
-3.871815046295523643e-03
-8.064159750938415527e-02
1.711116358637809753e-02
-4.306995496153831482e-02
3.417837619781494141e-02
8.508472889661788940e-02
-1.560274104122072458e-04
-2.717638760805130005e-02
-3.092796914279460907e-02
7.867563515901565552e-03
8.735803887248039246e-03
-2.774146012961864471e-02
-2.929934486746788025e-02
-1.112830862402915955e-01
2.868879958987236023e-02
-5.887312814593315125e-02
-1.054857596755027771e-01
-1.070019155740737915e-01
7.522444427013397217e-02
-4.314250499010086060e-02
-6.116338819265365601e-02
-7.273527234792709351e-02
3.295805677771568298e-02
-1.057731546461582184e-02
1.663265749812126160e-02
-2.990813739597797394e-02
-4.718069732189178467e-02
-4.090172797441482544e-02
6.438664346933364868e-02
-1.958552375435829163e-02
3.497815132141113281e-02
7.854054868221282959e-02
3.265437111258506775e-02
2.135415002703666687e-02
-1.291649043560028076e-01
2.700612694025039673e-02
-2.287914976477622986e-02
-3.960996493697166443e-02
-1.766735762357711792e-01
6.796257197856903076e-02
1.110128089785575867e-01
-9.812963008880615234e-02
-5.117428675293922424e-02
5.362842231988906860e-02
-2.890266478061676025e-02
5.877415649592876434e-03
1.636235266923904419e-01
-2.112555690109729767e-02
6.072650849819183350e-02
4.646711051464080811e-02
-6.587340682744979858e-02
-3.882042830809950829e-03
-6.296858936548233032e-02
-6.332588195800781250e-02
-5.882115662097930908e-02
-1.055884510278701782e-01
-7.965642958879470825e-03
-6.088628247380256653e-02
-1.003245934844017029e-01
-9.526907652616500854e-02
1.412402987480163574e-01
-9.122538566589355469e-02
-1.335883140563964844e-01
5.493815243244171143e-02
-8.662726730108261108e-02
7.733339071273803711e-02
1.638226211071014404e-02
-2.009818553924560547e-01
4.246830940246582031e-02
4.968323931097984314e-02
1.273263711482286453e-03
7.449338585138320923e-02
-6.173821166157722473e-02
4.834813997149467468e-02
-4.535826295614242554e-02
7.036790996789932251e-02
2.031312882900238037e-02
-4.050093889236450195e-02
-1.564986258745193481e-01
-4.032550007104873657e-02
-6.396680325269699097e-02
-2.975006960332393646e-02
-5.667624995112419128e-02
-5.551733449101448059e-02
-3.027166612446308136e-02
2.051512338221073151e-02
5.322457104921340942e-02
-8.528584241867065430e-02
4.456307739019393921e-02
-1.149675250053405762e-02
5.613556131720542908e-03
-1.847609318792819977e-02
-2.200629562139511108e-03
-6.676702946424484253e-02
7.743853330612182617e-02
9.104647487401962280e-02
9.496954828500747681e-02
-9.652133285999298096e-02
3.617578884586691856e-03
1.279125064611434937e-01
-1.904302090406417847e-02
8.290052413940429688e-02
4.702880512923002243e-03
-3.098738938570022583e-02
-2.857945486903190613e-02
4.685088247060775757e-02
5.991541966795921326e-02
-5.586758255958557129e-02
-3.348968923091888428e-02
9.976733475923538208e-02
8.078966289758682251e-03
3.892162069678306580e-02
-5.907722190022468567e-02
5.695106461644172668e-03
-4.327762499451637268e-02
-9.865886718034744263e-02
-9.757594019174575806e-02
8.478336781263351440e-02
3.409192198887467384e-03
8.736328035593032837e-02
-8.817844092845916748e-02
3.486407175660133362e-02
3.911465406417846680e-02
2.124198712408542633e-02
-7.971873134374618530e-02
1.524106413125991821e-02
9.343203157186508179e-02
3.441355004906654358e-02
2.633011899888515472e-02
5.749213322997093201e-02
4.900224506855010986e-02
-1.340780854225158691e-01
-6.378816068172454834e-02
-4.896560311317443848e-02
7.580073922872543335e-02
6.705971434712409973e-03
-1.892064139246940613e-02
1.596356369554996490e-02
-5.594976991415023804e-02
-4.760671779513359070e-02
2.095127850770950317e-02
-2.592641673982143402e-02
-4.952994361519813538e-02
-3.762452304363250732e-02
9.911700338125228882e-02
8.214832283556461334e-03
-6.810165196657180786e-02
2.414470072835683823e-03
3.267566207796335220e-03
9.732531756162643433e-02
-2.343180403113365173e-02
-3.384288400411605835e-02
-3.417186811566352844e-02
-1.037812605500221252e-02
4.294731467962265015e-02
2.441175468266010284e-02
-4.092043638229370117e-02
-4.566125199198722839e-02
1.545274257659912109e-01
1.230070143938064575e-01
-5.543489009141921997e-02
3.672603517770767212e-02
3.907916694879531860e-02
-1.801436766982078552e-02
-6.734443455934524536e-02
-7.335885427892208099e-03
-2.715436369180679321e-02
-4.241911228746175766e-03
-2.084120176732540131e-02
1.177570875734090805e-02
-3.444861993193626404e-02
-1.105224993079900742e-02
6.609947979450225830e-02
-3.031293489038944244e-02
1.782520301640033722e-02
6.246348470449447632e-02
2.113152295351028442e-02
1.160063967108726501e-01
-1.579319685697555542e-02
-3.106570988893508911e-02
1.891152933239936829e-02
3.743164986371994019e-02
-7.575932890176773071e-03
4.894282203167676926e-03
-1.255617737770080566e-01
4.414144530892372131e-02
6.397033482789993286e-02
4.841131344437599182e-02
-2.047898992896080017e-02
-2.451130747795104980e-02
-2.366627380251884460e-02
2.379998192191123962e-02
-3.045551478862762451e-02
3.387296106666326523e-03
4.297361243516206741e-03
2.553246729075908661e-02
4.305041220504790545e-04
9.310849756002426147e-02
-3.438991308212280273e-02
3.822932019829750061e-02
2.838199259713292122e-03
-5.860056728124618530e-02
5.805720761418342590e-02
8.178639411926269531e-02
3.147412091493606567e-02
-8.470431715250015259e-02
9.035670757293701172e-02
1.673574559390544891e-02
4.579895734786987305e-02
-1.417240407317876816e-02
5.095290020108222961e-02
8.488593250513076782e-02
1.333888340741395950e-02
-1.469506621360778809e-01
6.735233124345541000e-03
1.456806249916553497e-02
9.439276903867721558e-02
-4.948559403419494629e-02
5.817526951432228088e-02
-6.259781774133443832e-03
-5.997249484062194824e-02
-3.907604143023490906e-02
6.509187072515487671e-02
-4.156671464443206787e-02
-6.663821637630462646e-02
-6.833142787218093872e-02
-4.310487583279609680e-02
-4.880991578102111816e-02
2.653796784579753876e-02
1.295981556177139282e-01
-1.758177019655704498e-02
1.126846224069595337e-01
-1.229468658566474915e-01
-3.052893094718456268e-02
-6.212205067276954651e-02
8.651789277791976929e-03
2.827947400510311127e-02
-8.141134679317474365e-02
