1.711498349905014038e-01
-1.687983796000480652e-02
4.189519584178924561e-02
-5.201560631394386292e-02
-5.428555980324745178e-02
-3.695886954665184021e-02
-1.061341837048530579e-01
-5.268051102757453918e-02
7.730261981487274170e-02
5.831632763147354126e-02
1.673348620533943176e-02
-4.855898395180702209e-02
-6.795572582632303238e-03
-9.457707405090332031e-02
2.036755718290805817e-02
-5.365200340747833252e-02
3.477004542946815491e-02
9.127464890480041504e-02
1.143288612365722656e-02
-2.847851626574993134e-02
-3.813698515295982361e-02
7.810587412677705288e-04
1.789127476513385773e-02
-2.426428161561489105e-02
-4.300824925303459167e-02
-1.197268143296241760e-01
2.872866205871105194e-02
-6.674656271934509277e-02
-1.151810735464096069e-01
-1.044525727629661560e-01
7.457129657268524170e-02
-5.173822864890098572e-02
-6.368618458509445190e-02
-7.654941082000732422e-02
3.202658146619796753e-02
-1.789576560258865356e-02
2.265134453773498535e-02
-2.923651225864887238e-02
-4.505189880728721619e-02
-4.417260736227035522e-02
5.402956530451774597e-02
-2.586594782769680023e-02
3.875410929322242737e-02
7.480585575103759766e-02
4.466775804758071899e-02
2.790576405823230743e-02
-1.231426149606704712e-01
1.780753768980503082e-02
-2.242441661655902863e-02
-3.228057920932769775e-02
-1.741542965173721313e-01
6.244856119155883789e-02
1.153652817010879517e-01
-9.575244784355163574e-02
-5.048590525984764099e-02
4.946441575884819031e-02
-2.868965454399585724e-02
1.657584309577941895e-02
1.657845377922058105e-01
-1.876764744520187378e-02
5.599989369511604309e-02
4.276683181524276733e-02
-6.259276717901229858e-02
-4.833888728171586990e-03
-6.732969731092453003e-02
-6.474225968122482300e-02
-5.659775435924530029e-02
-1.019981428980827332e-01
-4.764333833009004593e-03
-5.016795918345451355e-02
-1.033051982522010803e-01
-9.189569205045700073e-02
1.431212276220321655e-01
-8.951395750045776367e-02
-1.253685504198074341e-01
6.013522669672966003e-02
-7.975839823484420776e-02
7.041197270154953003e-02
1.721703074872493744e-02
-1.842103600502014160e-01
4.807048663496971130e-02
5.453722923994064331e-02
6.546119693666696548e-03
6.450963020324707031e-02
-6.092071533203125000e-02
5.046105384826660156e-02
-3.642600774765014648e-02
6.653408706188201904e-02
1.796607673168182373e-02
-3.722586482763290405e-02
-1.494195908308029175e-01
-3.468587622046470642e-02
-6.587006896734237671e-02
-2.613456733524799347e-02
-5.232600867748260498e-02
-5.898727849125862122e-02
-2.913608029484748840e-02
2.519421465694904327e-02
6.250861287117004395e-02
-9.425224363803863525e-02
4.745551943778991699e-02
-7.271048612892627716e-03
5.953937303274869919e-03
-1.911935396492481232e-02
-7.241833489388227463e-03
-5.985237658023834229e-02
6.824990361928939819e-02
9.457154572010040283e-02
9.172793477773666382e-02
-9.815594553947448730e-02
1.770409638993442059e-03
1.301417946815490723e-01
-2.913353964686393738e-02
8.178628981113433838e-02
4.968682769685983658e-03
-2.185017243027687073e-02
-2.398433350026607513e-02
5.202938243746757507e-02
5.841758102178573608e-02
-5.742118135094642639e-02
-3.307008370757102966e-02
1.018491387367248535e-01
6.742130033671855927e-03
4.335128888487815857e-02
-5.209516733884811401e-02
1.365873869508504868e-02
-4.357666149735450745e-02
-9.508458524942398071e-02
-1.044924780726432800e-01
9.191045165061950684e-02
3.451016498729586601e-03
8.343907445669174194e-02
-9.082340449094772339e-02
3.929740935564041138e-02
4.165314882993698120e-02
1.744747348129749298e-02
-7.988718152046203613e-02
2.310464903712272644e-02
9.519436210393905640e-02
4.031846672296524048e-02
2.494568563997745514e-02
6.078513711690902710e-02
3.665438294410705566e-02
-1.350777745246887207e-01
-6.245307996869087219e-02
-4.973093420267105103e-02
8.092457801103591919e-02
8.286550641059875488e-03
-1.789400912821292877e-02
9.193504229187965393e-03
-6.274434179067611694e-02
-5.087320506572723389e-02
1.273988373577594757e-02
-2.753947675228118896e-02
-4.853491485118865967e-02
-3.237952664494514465e-02
1.041909009218215942e-01
2.077075093984603882e-02
-6.680221110582351685e-02
-3.833192167803645134e-03
-5.509372567757964134e-04
8.898114413022994995e-02
-1.410680357366800308e-02
-3.790356218814849854e-02
-4.294234141707420349e-02
-1.671934686601161957e-02
3.906632214784622192e-02
3.586926311254501343e-02
-3.818114101886749268e-02
-4.841848462820053101e-02
1.568572372198104858e-01
1.228905245661735535e-01
-5.467459931969642639e-02
4.169106110930442810e-02
3.950303792953491211e-02
-1.228541601449251175e-02
-6.814297288656234741e-02
-1.009614951908588409e-02
-3.182941302657127380e-02
-6.455230992287397385e-03
-1.381233707070350647e-02
1.529662404209375381e-02
-3.397793695330619812e-02
-1.123568881303071976e-02
7.309012115001678467e-02
-1.836803182959556580e-02
2.085117436945438385e-02
6.482139229774475098e-02
2.805504575371742249e-02
1.115235835313796997e-01
-1.987052895128726959e-02
-2.834576368331909180e-02
1.994100213050842285e-02
3.285387903451919556e-02
-7.441913243383169174e-03
8.319645188748836517e-03
-1.145777404308319092e-01
4.635605961084365845e-02
5.849019810557365417e-02
4.734654352068901062e-02
-2.177510596811771393e-02
-2.647999674081802368e-02
-2.837383374571800232e-02
1.556401792913675308e-02
-3.433303907513618469e-02
-6.875374820083379745e-03
3.214645432308316231e-03
2.547893673181533813e-02
7.714802632108330727e-05
8.884111046791076660e-02
-3.791004419326782227e-02
4.031543061137199402e-02
4.138906951993703842e-03
-5.974538251757621765e-02
5.915248766541481018e-02
6.764875352382659912e-02
2.862071804702281952e-02
-7.456895709037780762e-02
7.371959090232849121e-02
9.631395339965820312e-03
3.715808317065238953e-02
-8.838808164000511169e-03
4.203106462955474854e-02
8.168013393878936768e-02
7.818111218512058258e-03
-1.299032121896743774e-01
1.683052629232406616e-02
1.652090996503829956e-02
8.707186579704284668e-02
-4.763936623930931091e-02
4.699886962771415710e-02
-1.364957913756370544e-02
-5.049009993672370911e-02
-4.161231592297554016e-02
6.990033388137817383e-02
-4.181224107742309570e-02
-6.933593750000000000e-02
-5.471896007657051086e-02
-3.943216055631637573e-02
-4.460772126913070679e-02
3.081745840609073639e-02
1.260188668966293335e-01
-1.365065388381481171e-02
1.200949326157569885e-01
-1.331566423177719116e-01
-2.581109665334224701e-02
-6.393474340438842773e-02
4.687178414314985275e-03
2.791817486286163330e-02
-7.719768583774566650e-02
