1.451774239540100098e-01
3.062198683619499207e-02
6.945475935935974121e-03
-5.032450892031192780e-03
-1.505338586866855621e-02
-4.868937656283378601e-02
-5.442602932453155518e-02
-3.455330431461334229e-02
3.183868154883384705e-02
-2.283721975982189178e-02
-4.074706137180328369e-02
-2.655053883790969849e-02
1.717528887093067169e-02
-8.320657163858413696e-02
1.132175140082836151e-02
-6.587564200162887573e-02
2.885710634291172028e-02
4.439384490251541138e-02
-1.925522647798061371e-02
3.253190219402313232e-02
-3.949865326285362244e-02
-3.053839504718780518e-02
3.039464727044105530e-02
-1.829410903155803680e-02
-7.246664911508560181e-02
-6.861840933561325073e-02
8.068529516458511353e-02
-6.447412073612213135e-02
-9.634649008512496948e-02
-8.113186806440353394e-02
2.418803423643112183e-02
-4.321019351482391357e-02
2.947754412889480591e-02
-5.530740693211555481e-02
-3.622292773798108101e-03
-1.071454677730798721e-02
8.004403859376907349e-02
-1.633208058774471283e-02
-7.585822045803070068e-02
-6.066961959004402161e-02
6.244582682847976685e-02
1.488213799893856049e-02
4.075415804982185364e-02
6.284829229116439819e-02
4.999373108148574829e-02
1.430430263280868530e-02
-1.199424639344215393e-01
1.704791747033596039e-02
-3.177791833877563477e-02
-6.749554723501205444e-02
-1.657171994447708130e-01
5.496023967862129211e-02
1.059556528925895691e-01
-6.385201215744018555e-02
-2.661358937621116638e-02
4.282137379050254822e-02
-5.259665101766586304e-02
-8.477379381656646729e-02
1.030605882406234741e-01
-2.148622879758477211e-03
5.632637441158294678e-02
3.548000380396842957e-02
-8.367566019296646118e-02
4.150277003645896912e-02
-7.241714000701904297e-02
-4.951051995158195496e-02
-1.676346361637115479e-02
-1.150784939527511597e-01
2.901209890842437744e-02
-2.632990665733814240e-02
-4.694795981049537659e-02
-1.189486533403396606e-01
1.246174424886703491e-01
-3.765768185257911682e-02
-1.467746943235397339e-01
2.243660576641559601e-02
-5.047129467129707336e-02
6.223456189036369324e-02
-1.889703050255775452e-02
-1.512762606143951416e-01
1.260392833501100540e-02
3.555303066968917847e-02
2.896878868341445923e-02
4.910590872168540955e-02
-3.436467796564102173e-02
6.021749973297119141e-02
1.198210660368204117e-02
6.692370399832725525e-03
6.143996864557266235e-02
-3.393547609448432922e-02
-2.051287889480590820e-01
2.667572163045406342e-02
-5.905941501259803772e-02
-2.269638516008853912e-02
-6.526721268892288208e-02
-8.812205865979194641e-03
-2.186341024935245514e-02
4.097287356853485107e-02
1.517908126115798950e-01
-6.989002227783203125e-02
9.128935635089874268e-02
-1.713088899850845337e-02
5.937936156988143921e-02
-3.716186387464404106e-03
-2.571567660197615623e-03
-4.322580248117446899e-02
3.837001696228981018e-02
1.129542887210845947e-01
1.219322904944419861e-01
-7.551744580268859863e-02
-4.115561023354530334e-02
1.604796946048736572e-01
1.591009087860584259e-02
9.833312034606933594e-02
2.681053243577480316e-02
-1.794615574181079865e-02
-1.869679428637027740e-02
5.638464167714118958e-02
7.301525771617889404e-02
-1.031801030039787292e-01
-1.262751221656799316e-01
1.167643889784812927e-01
-2.087539527565240860e-03
4.773514345288276672e-02
-1.478295866400003433e-02
-1.328011043369770050e-02
-1.052966341376304626e-01
-4.868363589048385620e-02
-8.643081039190292358e-02
1.411746889352798462e-01
-2.751092892140150070e-03
6.275549530982971191e-02
-9.268923103809356689e-02
3.961160033941268921e-02
2.890986762940883636e-02
3.172200545668601990e-02
-6.529387086629867554e-02
5.726221203804016113e-02
1.484970301389694214e-01
6.628459692001342773e-02
1.291761267930269241e-02
2.217518538236618042e-02
6.880369782447814941e-02
-1.662515699863433838e-01
-7.392627745866775513e-02
-6.672071665525436401e-02
5.797601118683815002e-02
6.680739112198352814e-03
1.342777814716100693e-02
6.823996454477310181e-02
-1.019461899995803833e-01
-4.542380198836326599e-02
4.728255793452262878e-02
-4.479021579027175903e-02
-3.536016866564750671e-02
-5.843032151460647583e-02
7.386113703250885010e-02
-1.118623767979443073e-03
-8.319476246833801270e-02
2.461931295692920685e-02
-1.884442381560802460e-02
1.568417847156524658e-01
-2.780175767838954926e-02
-2.487156353890895844e-02
2.170939557254314423e-02
2.558850124478340149e-02
5.971546471118927002e-02
6.227697432041168213e-02
-5.029661208391189575e-02
-5.416682735085487366e-02
9.505529701709747314e-02
1.481007784605026245e-01
-1.712043583393096924e-02
8.521442860364913940e-02
7.365671545267105103e-02
-3.282128274440765381e-02
-7.247070968151092529e-02
-2.293399721384048462e-02
-6.456018984317779541e-02
2.242884598672389984e-02
3.931131679564714432e-03
3.976517543196678162e-02
-1.353391259908676147e-02
-2.306056767702102661e-02
1.180557683110237122e-01
-1.252345554530620575e-02
4.486150294542312622e-02
7.203622162342071533e-02
3.822232410311698914e-02
9.450882673263549805e-02
-3.791121765971183777e-02
-2.458844147622585297e-02
-1.059867092408239841e-03
-6.508063990622758865e-03
-2.671919390559196472e-02
1.469222176820039749e-02
-1.218959316611289978e-01
7.671519368886947632e-02
4.976428672671318054e-02
1.014985889196395874e-01
1.483054272830486298e-02
-1.171480305492877960e-02
1.212713867425918579e-02
4.595062509179115295e-02
-3.129788860678672791e-02
2.464137785136699677e-02
-3.030477836728096008e-02
-1.832747831940650940e-03
-1.806310936808586121e-02
1.071441024541854858e-01
2.221185341477394104e-02
-1.848377659916877747e-02
1.509639061987400055e-02
-2.814100682735443115e-02
1.929785683751106262e-02
4.926594346761703491e-02
-1.188377477228641510e-02
-1.129330024123191833e-01
5.477233976125717163e-02
-5.286588892340660095e-02
-8.736738935112953186e-03
5.683196708559989929e-03
8.305418491363525391e-02
9.252177178859710693e-02
4.155030101537704468e-02
-6.257271766662597656e-02
3.813264891505241394e-02
1.246813125908374786e-02
8.226381614804267883e-03
-1.169185154139995575e-02
-1.419029291719198227e-02
-3.720988705754280090e-02
-5.387248843908309937e-02
-6.168607622385025024e-02
6.594506651163101196e-02
-1.233823876827955246e-02
-6.650196760892868042e-02
-2.546940231695771217e-03
2.014650963246822357e-02
4.367317073047161102e-03
4.398275539278984070e-02
1.492028869688510895e-02
5.920025520026683807e-03
-1.883728615939617157e-02
-6.215621158480644226e-02
-1.439004577696323395e-02
1.270170882344245911e-02
2.605840750038623810e-02
5.870705354027450085e-04
-4.554665181785821915e-03
