1.228193342685699463e-01
6.445337086915969849e-03
2.948197908699512482e-02
-1.588059403002262115e-02
-2.192707732319831848e-02
-3.967403247952461243e-02
-6.756033003330230713e-02
-2.195466496050357819e-02
3.769024461507797241e-02
1.211474835872650146e-02
4.833161365240812302e-03
-1.462657190859317780e-02
1.663526333868503571e-02
-7.187157124280929565e-02
2.597564458847045898e-02
-3.373080492019653320e-02
2.876030653715133667e-02
3.832801803946495056e-02
-1.777043193578720093e-02
-1.411392469890415668e-03
-1.573184877634048462e-02
-9.516961872577667236e-03
3.207036852836608887e-02
-1.837336830794811249e-02
-2.113273739814758301e-02
-6.315369158983230591e-02
2.864897064864635468e-02
-3.895483538508415222e-02
-6.755436211824417114e-02
-5.423158407211303711e-02
4.076689109206199646e-02
-2.219905331730842590e-02
-1.682843081653118134e-02
-8.735511451959609985e-02
3.177594766020774841e-02
-1.909556053578853607e-02
4.588005319237709045e-02
-2.147086896002292633e-02
-7.120162248611450195e-02
-4.609861224889755249e-02
5.928302183747291565e-02
-3.848407417535781860e-02
4.569023475050926208e-02
6.416092067956924438e-02
3.074258379638195038e-02
2.448593638837337494e-02
-1.270104795694351196e-01
-7.650224026292562485e-03
-2.088653482496738434e-02
-4.425403103232383728e-02
-1.731585562229156494e-01
5.820209532976150513e-02
9.087757766246795654e-02
-7.051548361778259277e-02
-5.357374995946884155e-02
5.744937434792518616e-02
-2.499579824507236481e-02
-1.807763241231441498e-02
1.503564864397048950e-01
-1.721063256263732910e-02
5.911339819431304932e-02
3.985365480184555054e-02
-4.887991026043891907e-02
2.670483663678169250e-02
-7.129432260990142822e-02
-5.363522842526435852e-02
-6.342048943042755127e-02
-1.213142350316047668e-01
1.313286833465099335e-02
-6.388686597347259521e-02
-8.361677080392837524e-02
-1.016676425933837891e-01
1.511338502168655396e-01
-5.997849628329277039e-02
-1.257103979587554932e-01
5.574708059430122375e-02
-8.080128580331802368e-02
7.805059850215911865e-02
-4.875508602708578110e-03
-1.690713316202163696e-01
4.237684234976768494e-02
6.177328154444694519e-02
5.431845318526029587e-03
5.501403287053108215e-02
-4.846747592091560364e-02
6.455765664577484131e-02
-3.111576288938522339e-02
7.105445861816406250e-02
2.318263798952102661e-02
-4.001794010400772095e-02
-1.912430375814437866e-01
-7.088680285960435867e-03
-5.604336410760879517e-02
-1.676418632268905640e-02
-4.791203513741493225e-02
-3.521676361560821533e-02
-5.434141308069229126e-02
2.392536588013172150e-02
1.093980893492698669e-01
-9.466525912284851074e-02
9.476874023675918579e-02
-2.673730999231338501e-02
3.226438164710998535e-02
-1.631786115467548370e-02
-1.799658127129077911e-02
-7.318989932537078857e-02
6.681131571531295776e-02
1.162613555788993835e-01
1.309327036142349243e-01
-1.013193130493164062e-01
-2.120000869035720825e-02
1.661002188920974731e-01
-1.269480306655168533e-02
9.827875345945358276e-02
2.258626744151115417e-02
-6.280231475830078125e-02
-2.315122634172439575e-02
5.997691676020622253e-02
6.823776662349700928e-02
-1.036391109228134155e-01
-7.916906476020812988e-02
1.181161627173423767e-01
-6.830764003098011017e-03
5.487654358148574829e-02
-3.570371866226196289e-02
-7.646527141332626343e-03
-7.959951460361480713e-02
-1.123592406511306763e-01
-1.163245737552642822e-01
1.276942193508148193e-01
-1.158716063946485519e-02
9.755679965019226074e-02
-9.505222737789154053e-02
4.869402572512626648e-02
5.639433860778808594e-02
6.099801883101463318e-02
-9.814560413360595703e-02
3.280486166477203369e-02
1.412792652845382690e-01
5.394505336880683899e-02
3.846001997590065002e-02
5.621554702520370483e-02
7.230234146118164062e-02
-1.551709622144699097e-01
-7.782553881406784058e-02
-5.465458333492279053e-02
7.127783447504043579e-02
2.483016811311244965e-03
-3.192017972469329834e-02
3.341757133603096008e-02
-8.045601099729537964e-02
-7.117914408445358276e-02
2.837502956390380859e-02
-5.317632481455802917e-02
-5.796194449067115784e-02
-5.121907591819763184e-02
9.946135431528091431e-02
3.034241683781147003e-02
-8.370899409055709839e-02
1.035739853978157043e-02
-1.855023019015789032e-02
1.173588782548904419e-01
-1.642220839858055115e-02
-4.667555913329124451e-02
-2.732878737151622772e-02
-1.168742217123508453e-02
4.421896860003471375e-02
4.295742139220237732e-02
-4.054657742381095886e-02
-4.439568892121315002e-02
1.346703320741653442e-01
1.350003927946090698e-01
-4.302097484469413757e-02
5.601237714290618896e-02
5.956953763961791992e-02
-3.115761280059814453e-02
-7.008416205644607544e-02
-1.780661940574645996e-02
-4.979831725358963013e-02
-7.935687899589538574e-04
3.379218047484755516e-03
3.674794360995292664e-02
-4.267110303044319153e-02
-2.181949280202388763e-02
1.082480698823928833e-01
-1.748610101640224457e-02
1.538003794848918915e-02
9.046564251184463501e-02
2.830977737903594971e-02
9.721817821264266968e-02
-2.465331926941871643e-02
-4.054019972681999207e-02
5.891151260584592819e-03
2.275276929140090942e-02
-2.541481703519821167e-02
2.596521750092506409e-02
-1.261303126811981201e-01
4.381463304162025452e-02
4.759785160422325134e-02
6.479437649250030518e-02
-1.611915230751037598e-02
5.475175101310014725e-03
-1.561596523970365524e-02
1.894294284284114838e-02
-3.090282343327999115e-02
2.486978471279144287e-02
-8.290346595458686352e-04
-1.176395453512668610e-02
-2.522091148421168327e-03
7.350136339664459229e-02
-2.456901222467422485e-02
1.327181700617074966e-02
4.796579480171203613e-03
-3.486606851220130920e-02
3.447686880826950073e-02
5.161313712596893311e-02
-8.685883134603500366e-03
-8.209931105375289917e-02
8.367680758237838745e-02
-9.315696544945240021e-03
1.581938192248344421e-02
-2.392806112766265869e-03
6.070369109511375427e-02
1.023844480514526367e-01
1.429904904216527939e-02
-8.969747275114059448e-02
2.469810657203197479e-02
1.737224310636520386e-02
4.471075162291526794e-02
-3.464019298553466797e-02
3.092529624700546265e-02
-6.264094728976488113e-03
-3.028986789286136627e-02
-5.906397476792335510e-02
6.687265634536743164e-02
-2.206710539758205414e-02
-5.494157224893569946e-02
-2.138250693678855896e-02
-1.270678266882896423e-02
-2.462314814329147339e-02
2.443847618997097015e-02
8.751460909843444824e-02
7.808950729668140411e-03
8.082903176546096802e-02
-8.590551465749740601e-02
-1.881035976111888885e-02
-3.411417827010154724e-02
4.157241061329841614e-02
3.122392343357205391e-03
-3.711250424385070801e-02
