1.356464773416519165e-01
-1.063251495361328125e-02
3.914605826139450073e-02
-3.919579088687896729e-02
-3.698148578405380249e-02
-4.358671978116035461e-02
-8.438074588775634766e-02
-3.667756542563438416e-02
5.956774204969406128e-02
4.048493131995201111e-02
1.590544730424880981e-02
-2.670454792678356171e-02
5.969054996967315674e-03
-8.148415386676788330e-02
2.198905497789382935e-02
-3.894597291946411133e-02
4.304048418998718262e-02
7.171411067247390747e-02
-8.156178519129753113e-03
-2.070844732224941254e-02
-2.071401476860046387e-02
2.742535667493939400e-03
2.697009220719337463e-02
-2.127817645668983459e-02
-3.486470133066177368e-02
-9.889734536409378052e-02
2.803246676921844482e-02
-5.461426824331283569e-02
-9.031814336776733398e-02
-7.932675629854202271e-02
6.686361134052276611e-02
-3.306355699896812439e-02
-4.606570675969123840e-02
-9.110116213560104370e-02
3.176008537411689758e-02
-1.362593751400709152e-02
3.685700520873069763e-02
-2.443300001323223114e-02
-5.017607659101486206e-02
-4.696635529398918152e-02
6.284661591053009033e-02
-4.106982052326202393e-02
3.600319847464561462e-02
7.844420522451400757e-02
3.487725183367729187e-02
2.112124674022197723e-02
-1.380774974822998047e-01
-8.932177443057298660e-04
-1.806701906025409698e-02
-5.058754980564117432e-02
-1.766911298036575317e-01
6.636427342891693115e-02
1.026765778660774231e-01
-7.927231490612030029e-02
-6.080542504787445068e-02
6.028001755475997925e-02
-2.902998216450214386e-02
-6.161641329526901245e-03
1.530382782220840454e-01
-3.706589713692665100e-02
6.074926257133483887e-02
5.023008212447166443e-02
-5.146084725856781006e-02
7.360678166151046753e-03
-6.396298110485076904e-02
-6.856957823038101196e-02
-6.609245389699935913e-02
-1.048828884959220886e-01
9.823768632486462593e-04
-6.189138814806938171e-02
-8.845726400613784790e-02
-9.483482688665390015e-02
1.439249813556671143e-01
-7.881127297878265381e-02
-1.208883449435234070e-01
7.018700242042541504e-02
-9.683047980070114136e-02
6.426551938056945801e-02
3.304673358798027039e-03
-1.773501783609390259e-01
4.468884691596031189e-02
5.938504636287689209e-02
4.351809620857238770e-04
4.965423420071601868e-02
-6.384512782096862793e-02
5.987918004393577576e-02
-3.791183978319168091e-02
6.378624588251113892e-02
1.718412153422832489e-02
-3.679120168089866638e-02
-1.773972958326339722e-01
-1.534181088209152222e-02
-6.427202373743057251e-02
-2.403993532061576843e-02
-5.431351438164710999e-02
-5.053162947297096252e-02
-4.062545299530029297e-02
4.689900670200586319e-03
7.416505366563796997e-02
-8.511388301849365234e-02
6.550698727369308472e-02
-6.050103809684514999e-03
1.046170108020305634e-02
-1.811322756111621857e-02
-7.654172368347644806e-03
-7.564947754144668579e-02
7.359021157026290894e-02
1.073021814227104187e-01
1.045292913913726807e-01
-1.079908534884452820e-01
-4.177491180598735809e-03
1.450237184762954712e-01
-2.003117278218269348e-02
8.137548714876174927e-02
2.369022369384765625e-02
-5.037350580096244812e-02
-1.875203289091587067e-02
5.637326091527938843e-02
6.415041536092758179e-02
-7.967112958431243896e-02
-6.058891862630844116e-02
1.026471853256225586e-01
6.132214330136775970e-03
5.774697661399841309e-02
-5.113880336284637451e-02
-4.583003930747509003e-03
-6.135272607207298279e-02
-1.154659688472747803e-01
-1.109184920787811279e-01
1.052712574601173401e-01
-6.579986307770013809e-03
9.422527253627777100e-02
-9.230472892522811890e-02
4.408406466245651245e-02
4.061139374971389771e-02
5.081226676702499390e-02
-8.962758630514144897e-02
3.487891331315040588e-02
1.251860409975051880e-01
4.821611195802688599e-02
4.117574542760848999e-02
6.013369187712669373e-02
5.846904963254928589e-02
-1.442349255084991455e-01
-6.055754050612449646e-02
-5.302624404430389404e-02
7.353185862302780151e-02
2.621060004457831383e-03
-2.122995071113109589e-02
2.125990018248558044e-02
-6.588661670684814453e-02
-5.507324263453483582e-02
3.037081845104694366e-02
-4.102656990289688110e-02
-5.435302108526229858e-02
-4.344810917973518372e-02
1.048137322068214417e-01
2.798965200781822205e-02
-8.108334988355636597e-02
7.151669356971979141e-03
-1.787503808736801147e-02
1.095630750060081482e-01
-2.022849395871162415e-02
-5.264851450920104980e-02
-3.109261393547058105e-02
-1.342175714671611786e-02
3.373801335692405701e-02
4.062717407941818237e-02
-4.390447214245796204e-02
-3.751980513334274292e-02
1.462211161851882935e-01
1.227750852704048157e-01
-3.996356204152107239e-02
5.143746361136436462e-02
4.665186256170272827e-02
-2.356109581887722015e-02
-7.111654430627822876e-02
-2.131047658622264862e-02
-3.397936746478080750e-02
-5.680512185790576041e-05
-1.913954838528297842e-05
2.297062240540981293e-02
-3.396918252110481262e-02
-1.731768250465393066e-02
9.947127848863601685e-02
-2.797040343284606934e-02
1.320347376167774200e-02
8.615954965353012085e-02
3.331464156508445740e-02
1.085340827703475952e-01
-2.516769431531429291e-02
-3.549016267061233521e-02
5.627959500998258591e-03
2.781331352889537811e-02
-1.640666276216506958e-02
1.594603434205055237e-02
-1.316276192665100098e-01
4.465569555759429932e-02
5.753177776932716370e-02
5.247769132256507874e-02
-1.899861171841621399e-02
-7.648403989151120186e-04
-2.202666737139225006e-02
1.185828261077404022e-02
-1.822316646575927734e-02
1.759746298193931580e-02
2.654025331139564514e-03
6.831687875092029572e-03
2.213238971307873726e-03
8.304595947265625000e-02
-2.625111304223537445e-02
2.237442880868911743e-02
8.067254908382892609e-03
-4.717747122049331665e-02
3.978338465094566345e-02
5.819840729236602783e-02
-9.676390909589827061e-04
-9.175312519073486328e-02
9.181062132120132446e-02
2.744001569226384163e-03
3.636400029063224792e-02
-9.854554198682308197e-03
6.117691844701766968e-02
1.039743199944496155e-01
9.959298186004161835e-03
-1.189412474632263184e-01
2.403185889124870300e-02
9.501237422227859497e-03
6.680268049240112305e-02
-4.276590421795845032e-02
4.074695333838462830e-02
-9.882529266178607941e-03
-4.703347012400627136e-02
-4.660987481474876404e-02
6.217610836029052734e-02
-2.960607968270778656e-02
-6.086710095405578613e-02
-5.389314517378807068e-02
-1.940763555467128754e-02
-4.218195378780364990e-02
2.742650359869003296e-02
9.476731717586517334e-02
-6.510518956929445267e-03
9.224099665880203247e-02
-9.330841898918151855e-02
-2.979727089405059814e-02
-4.920137301087379456e-02
3.381402790546417236e-02
4.294005688279867172e-03
-6.385968625545501709e-02
