1.267301589250564575e-01
-6.531876977533102036e-03
2.944169007241725922e-02
-2.585255168378353119e-02
-3.078602068126201630e-02
-3.532450273633003235e-02
-7.713104784488677979e-02
-3.279440104961395264e-02
6.073992699384689331e-02
2.663352340459823608e-02
1.102442387491464615e-02
-3.160096704959869385e-02
7.157990708947181702e-03
-7.844901829957962036e-02
1.797619462013244629e-02
-4.698111489415168762e-02
3.289364278316497803e-02
5.637417361140251160e-02
-1.377672702074050903e-02
-1.303231343626976013e-02
-2.593885175883769989e-02
1.406637486070394516e-02
1.652757264673709869e-02
-2.716435492038726807e-02
-2.826581150293350220e-02
-1.030148193240165710e-01
3.458916395902633667e-02
-6.472234427928924561e-02
-1.052270382642745972e-01
-9.082411229610443115e-02
6.112724542617797852e-02
-2.854515053331851959e-02
-3.193831071257591248e-02
-8.564727753400802612e-02
1.978646405041217804e-02
-1.498327683657407761e-02
4.551007598638534546e-02
-2.155138365924358368e-02
-6.021070852875709534e-02
-4.087833315134048462e-02
7.250208407640457153e-02
-2.475915662944316864e-02
3.778502345085144043e-02
7.647105306386947632e-02
2.532850019633769989e-02
2.145524322986602783e-02
-1.286214888095855713e-01
3.740353509783744812e-03
-3.273072838783264160e-02
-5.550675839185714722e-02
-1.839722692966461182e-01
6.708989292383193970e-02
1.043465808033943176e-01
-9.003201127052307129e-02
-5.649188905954360962e-02
6.200594827532768250e-02
-3.087424114346504211e-02
-2.150875702500343323e-02
1.595050394535064697e-01
-2.238435670733451843e-02
6.597067415714263916e-02
3.269895911216735840e-02
-5.657902732491493225e-02
1.427922025322914124e-02
-6.765620410442352295e-02
-6.631729751825332642e-02
-5.671220272779464722e-02
-1.139902472496032715e-01
4.862498026341199875e-03
-5.914749205112457275e-02
-9.127943217754364014e-02
-1.061818301677703857e-01
1.505471318960189819e-01
-8.359120041131973267e-02
-1.402554512023925781e-01
5.931202694773674011e-02
-8.308698982000350952e-02
7.370382547378540039e-02
5.112696439027786255e-03
-1.974813938140869141e-01
5.035361275076866150e-02
4.843666777014732361e-02
-9.997550398111343384e-03
6.315784156322479248e-02
-6.290781497955322266e-02
5.162793025374412537e-02
-3.687153384089469910e-02
6.967598944902420044e-02
2.915046736598014832e-02
-3.237622231245040894e-02
-1.882946342229843140e-01
-2.943409793078899384e-02
-6.681581586599349976e-02
-2.745006047189235687e-02
-5.898487940430641174e-02
-4.909123852849006653e-02
-3.264813497662544250e-02
1.331443898379802704e-02
8.412265777587890625e-02
-9.219224750995635986e-02
6.498099118471145630e-02
-1.784963347017765045e-02
1.766327582299709320e-02
-1.023714337497949600e-02
-7.040075492113828659e-03
-6.825427711009979248e-02
7.288853824138641357e-02
1.047017276287078857e-01
1.097525805234909058e-01
-9.412343055009841919e-02
-7.029952481389045715e-03
1.433210372924804688e-01
-8.719557896256446838e-03
9.079030901193618774e-02
1.381877623498439789e-02
-4.635470360517501831e-02
-2.699576318264007568e-02
4.878265410661697388e-02
6.797709316015243530e-02
-7.278492301702499390e-02
-6.899238377809524536e-02
1.024512499570846558e-01
4.472527652978897095e-03
4.144763946533203125e-02
-4.472943022847175598e-02
-6.733163027092814445e-04
-6.193679198622703552e-02
-1.029945164918899536e-01
-9.701612591743469238e-02
9.572444111108779907e-02
-7.665309123694896698e-03
8.191329240798950195e-02
-9.123706072568893433e-02
3.806633502244949341e-02
3.980089351534843445e-02
3.581283614039421082e-02
-8.949717879295349121e-02
3.227857127785682678e-02
1.113147437572479248e-01
4.783063754439353943e-02
3.975215181708335876e-02
4.491144791245460510e-02
6.506933271884918213e-02
-1.474870741367340088e-01
-5.985562503337860107e-02
-5.171093717217445374e-02
6.769651919603347778e-02
-6.485151825472712517e-04
-2.273732051253318787e-02
3.040492907166481018e-02
-7.043337076902389526e-02
-5.085307359695434570e-02
2.908026054501533508e-02
-4.487163946032524109e-02
-5.781513080000877380e-02
-4.743896052241325378e-02
9.042464196681976318e-02
1.882163621485233307e-02
-7.490494102239608765e-02
5.910990294069051743e-03
-9.139378555119037628e-03
1.088340729475021362e-01
-1.827727071940898895e-02
-4.098037630319595337e-02
-1.878499239683151245e-02
2.205542521551251411e-03
4.093448072671890259e-02
3.401246666908264160e-02
-4.940935596823692322e-02
-3.210760280489921570e-02
1.323325037956237793e-01
1.231647208333015442e-01
-5.075633153319358826e-02
4.831944033503532410e-02
4.648419842123985291e-02
-2.864716202020645142e-02
-6.322175264358520508e-02
-1.226436533033847809e-02
-3.157250210642814636e-02
3.491439565550535917e-04
-1.415342185646295547e-02
2.384960092604160309e-02
-3.548004105687141418e-02
-1.603320613503456116e-02
8.855530619621276855e-02
-3.384138271212577820e-02
1.517459377646446228e-02
7.084771990776062012e-02
3.193478286266326904e-02
1.068013608455657959e-01
-2.435846626758575439e-02
-3.943923488259315491e-02
1.197467371821403503e-02
2.310921810567378998e-02
-1.661559753119945526e-02
1.480554416775703430e-02
-1.339240372180938721e-01
4.441813006997108459e-02
5.737600848078727722e-02
6.139414012432098389e-02
-1.376044936478137970e-02
-6.651998497545719147e-03
-1.582827791571617126e-02
2.647322975099086761e-02
-3.369424492120742798e-02
2.104640752077102661e-02
-1.064188778400421143e-02
7.846344262361526489e-03
-7.140024681575596333e-04
8.291216939687728882e-02
-2.097515948116779327e-02
2.042073011398315430e-02
-7.016874384135007858e-03
-4.852095618844032288e-02
3.795026987791061401e-02
7.572220265865325928e-02
1.476972643285989761e-02
-9.187296032905578613e-02
9.403459727764129639e-02
5.903759971261024475e-03
2.681480720639228821e-02
-9.482479654252529144e-03
5.870450288057327271e-02
1.023056805133819580e-01
2.069441787898540497e-02
-1.388664245605468750e-01
1.095055136829614639e-02
1.067327335476875305e-02
7.197716832160949707e-02
-3.659098967909812927e-02
4.418268427252769470e-02
-3.174471203237771988e-03
-5.152737349271774292e-02
-5.386227369308471680e-02
6.855501979589462280e-02
-3.283758088946342468e-02
-6.021123379468917847e-02
-5.024049431085586548e-02
-1.768207177519798279e-02
-3.599561005830764771e-02
2.960507012903690338e-02
9.754452854394912720e-02
-1.723999157547950745e-03
8.661027252674102783e-02
-9.797820448875427246e-02
-2.593016810715198517e-02
-4.165675491094589233e-02
3.033294528722763062e-02
2.055349946022033691e-02
-6.143975257873535156e-02
