1.872206628322601318e-01
1.349949860014021397e-03
4.599425196647644043e-02
-5.794905498623847961e-02
-4.389465972781181335e-02
-6.105555221438407898e-02
-1.078981012105941772e-01
-6.044154241681098938e-02
5.309134349226951599e-02
5.224820598959922791e-02
-8.365163579583168030e-03
-5.189677700400352478e-02
-1.668041921220719814e-03
-1.026483327150344849e-01
1.265888195484876633e-02
-5.509871244430541992e-02
3.681165352463722229e-02
1.004772409796714783e-01
8.805798366665840149e-03
-1.504263654351234436e-02
-2.399752289056777954e-02
-2.306470833718776703e-02
3.635329380631446838e-02
-2.247879281640052795e-02
-6.843327730894088745e-02
-1.257683783769607544e-01
4.185494408011436462e-02
-7.058430463075637817e-02
-1.198119968175888062e-01
-9.463391453027725220e-02
6.832952052354812622e-02
-5.488843470811843872e-02
-5.642801523208618164e-02
-7.243839651346206665e-02
3.015068545937538147e-02
-1.085120718926191330e-02
2.877666056156158447e-02
-4.691293090581893921e-02
-5.002481117844581604e-02
-6.541570276021957397e-02
4.957510903477668762e-02
-1.701259799301624298e-02
3.596672788262367249e-02
7.576672732830047607e-02
6.284157931804656982e-02
2.481692843139171600e-02
-1.305024474859237671e-01
3.924296423792839050e-02
-2.315570786595344543e-02
-4.464406520128250122e-02
-1.702222824096679688e-01
6.232760846614837646e-02
1.190914064645767212e-01
-8.449006080627441406e-02
-4.137621819972991943e-02
4.580072686076164246e-02
-3.948244079947471619e-02
-1.631514460314065218e-04
1.554378122091293335e-01
-2.239387668669223785e-02
6.224389001727104187e-02
4.610625281929969788e-02
-8.077298849821090698e-02
-3.927748650312423706e-03
-6.944371014833450317e-02
-6.357949227094650269e-02
-5.163027346134185791e-02
-8.956152200698852539e-02
5.019346717745065689e-03
-4.359588399529457092e-02
-7.876940071582794189e-02
-8.431471884250640869e-02
1.228009462356567383e-01
-7.221668213605880737e-02
-1.194076910614967346e-01
5.714325606822967529e-02
-6.747550517320632935e-02
6.948200613260269165e-02
2.058829646557569504e-03
-1.639890223741531372e-01
4.049908742308616638e-02
6.896741688251495361e-02
3.386601805686950684e-02
5.180327221751213074e-02
-5.678751692175865173e-02
5.340155959129333496e-02
-2.612970955669879913e-02
5.037133395671844482e-02
3.776893019676208496e-02
-3.857726603746414185e-02
-1.561548709869384766e-01
-2.149851433932781219e-02
-5.591562390327453613e-02
-1.174625568091869354e-02
-5.098275467753410339e-02
-5.130418017506599426e-02
-2.823432907462120056e-02
2.729851193726062775e-02
8.747329562902450562e-02
-9.471313655376434326e-02
6.342057883739471436e-02
-3.435923485085368156e-03
1.541461423039436340e-02
-2.450976893305778503e-02
-7.869924418628215790e-03
-5.227110907435417175e-02
6.358641386032104492e-02
8.883104473352432251e-02
1.030560731887817383e-01
-1.033377200365066528e-01
-7.757649291306734085e-03
1.448607593774795532e-01
-2.408764138817787170e-02
8.647581189870834351e-02
1.115400157868862152e-02
-1.905064657330513000e-02
-3.732743207365274429e-03
5.482424423098564148e-02
4.796717688441276550e-02
-6.507184356451034546e-02
-4.283140972256660461e-02
1.064527258276939392e-01
2.910971641540527344e-03
6.022720038890838623e-02
-4.989550262689590454e-02
-4.298051819205284119e-03
-5.030089989304542542e-02
-8.104711025953292847e-02
-1.127486750483512878e-01
1.215417310595512390e-01
8.332138881087303162e-03
8.755254000425338745e-02
-9.766367822885513306e-02
4.165530949831008911e-02
3.860419243574142456e-02
2.397157251834869385e-02
-7.208674401044845581e-02
2.457925863564014435e-02
1.048715189099311829e-01
5.677888914942741394e-02
1.651777513325214386e-02
4.846212267875671387e-02
4.471729323267936707e-02
-1.312953531742095947e-01
-7.420922070741653442e-02
-5.468931049108505249e-02
9.522756934165954590e-02
1.008444558829069138e-02
1.131062977947294712e-03
7.846106775104999542e-03
-7.494789361953735352e-02
-6.275422126054763794e-02
2.593413926661014557e-02
-1.263272389769554138e-02
-4.302621260285377502e-02
-3.219822794198989868e-02
1.150762811303138733e-01
2.293155528604984283e-02
-6.210624426603317261e-02
2.089128596708178520e-03
-1.272039674222469330e-02
9.422950446605682373e-02
-1.893427222967147827e-02
-3.392549976706504822e-02
-3.332398086786270142e-02
-1.689411886036396027e-02
2.785604260861873627e-02
6.279748678207397461e-02
-4.272858798503875732e-02
-6.033382564783096313e-02
1.527203023433685303e-01
1.151029393076896667e-01
-3.303742036223411560e-02
5.645770207047462463e-02
5.237211659550666809e-02
-1.649267598986625671e-02
-8.294955641031265259e-02
-1.996466144919395447e-02
-4.967785626649856567e-02
6.212550215423107147e-03
-3.676091087982058525e-03
1.643056795001029968e-02
-1.808651909232139587e-02
-1.504984963685274124e-02
8.934249728918075562e-02
-1.526119001209735870e-02
3.627670556306838989e-02
6.607802212238311768e-02
2.283034659922122955e-02
1.038901582360267639e-01
-3.253860399127006531e-02
-2.127206139266490936e-02
1.132956519722938538e-02
1.969617605209350586e-02
-1.005796901881694794e-02
1.136091724038124084e-02
-1.144972592592239380e-01
5.285768955945968628e-02
6.385589390993118286e-02
5.324266478419303894e-02
-1.379353739321231842e-02
-2.473704889416694641e-02
-8.734211325645446777e-03
1.920893974602222443e-02
-2.522877976298332214e-02
-4.039404913783073425e-03
5.460901185870170593e-03
2.867536619305610657e-02
1.223139930516481400e-02
8.292996138334274292e-02
-2.360478602349758148e-02
2.920995652675628662e-02
9.032984264194965363e-03
-5.698734521865844727e-02
4.313594102859497070e-02
5.361664667725563049e-02
1.876324042677879333e-02
-8.180807530879974365e-02
6.395255774259567261e-02
-6.221690215170383453e-03
2.869239263236522675e-02
-1.088070962578058243e-02
5.171735957264900208e-02
8.739626407623291016e-02
1.816636137664318085e-02
-1.178267970681190491e-01
3.397718444466590881e-02
1.292129140347242355e-02
7.117727398872375488e-02
-5.766249448060989380e-02
3.109606355428695679e-02
-2.226289175450801849e-02
-6.641253829002380371e-02
-4.586216807365417480e-02
6.406693905591964722e-02
-3.581596910953521729e-02
-7.389297336339950562e-02
-4.981530457735061646e-02
-2.831381186842918396e-02
-5.193720012903213501e-02
2.891597338020801544e-02
9.361130744218826294e-02
-1.645996980369091034e-02
9.750240296125411987e-02
-1.208515837788581848e-01
-2.766846865415573120e-02
-6.570080667734146118e-02
1.305400114506483078e-02
1.462892629206180573e-02
-7.043921202421188354e-02
