1.832615286111831665e-01
-1.709919236600399017e-02
5.697956308722496033e-02
-5.854051187634468079e-02
-4.898720234632492065e-02
-4.882454872131347656e-02
-9.771848469972610474e-02
-5.538624525070190430e-02
5.250830948352813721e-02
4.546980559825897217e-02
5.999766755849123001e-03
-5.155649781227111816e-02
-8.164846338331699371e-03
-9.161854535341262817e-02
1.628365926444530487e-02
-5.912539362907409668e-02
3.496743366122245789e-02
1.057160273194313049e-01
1.630260050296783447e-02
-9.705400094389915466e-03
-2.775790542364120483e-02
-5.328542552888393402e-03
3.943459689617156982e-02
-7.819842547178268433e-03
-4.678371176123619080e-02
-1.112402379512786865e-01
2.901988476514816284e-02
-6.860131770372390747e-02
-1.206602901220321655e-01
-9.658468514680862427e-02
4.692076519131660461e-02
-4.747814685106277466e-02
-5.121768265962600708e-02
-7.293964177370071411e-02
3.353620320558547974e-02
-7.189715979620814323e-04
2.507057227194309235e-02
-3.336907923221588135e-02
-5.121017619967460632e-02
-7.006753236055374146e-02
5.727739259600639343e-02
-4.405701765790581703e-04
4.418865591287612915e-02
6.214170902967453003e-02
4.220320656895637512e-02
2.386159077286720276e-02
-1.185885593295097351e-01
4.080903157591819763e-02
-2.834845893085002899e-02
-2.341028116643428802e-02
-1.774683445692062378e-01
6.044270098209381104e-02
1.020054146647453308e-01
-7.523883134126663208e-02
-3.372319415211677551e-02
5.508764460682868958e-02
-2.857485599815845490e-02
1.554929558187723160e-02
1.555497795343399048e-01
-1.620812900364398956e-02
6.230359897017478943e-02
3.614608570933341980e-02
-9.174405783414840698e-02
-5.704262002836912870e-05
-6.988446414470672607e-02
-7.316472381353378296e-02
-4.959866777062416077e-02
-9.858678281307220459e-02
7.815988734364509583e-03
-4.035482928156852722e-02
-8.468368649482727051e-02
-9.774947911500930786e-02
1.348459422588348389e-01
-8.862006664276123047e-02
-1.141998693346977234e-01
5.792731419205665588e-02
-7.100557535886764526e-02
7.679283618927001953e-02
2.436264231801033020e-02
-1.881007254123687744e-01
3.489528596401214600e-02
6.796610355377197266e-02
1.299047190696001053e-02
5.646444857120513916e-02
-4.772797971963882446e-02
5.666906759142875671e-02
-4.153954610228538513e-02
6.328352540731430054e-02
1.573623158037662506e-02
-4.756775125861167908e-02
-1.381362676620483398e-01
-3.379449248313903809e-02
-6.911722570657730103e-02
-2.177454717457294464e-02
-4.628255590796470642e-02
-5.414271354675292969e-02
-2.019689418375492096e-02
4.170088842511177063e-02
7.180154323577880859e-02
-7.765768468379974365e-02
5.498215928673744202e-02
-2.554709324613213539e-03
1.618929766118526459e-02
-9.158360771834850311e-03
-5.955362692475318909e-03
-5.260739848017692566e-02
6.100720167160034180e-02
8.048588782548904419e-02
8.941008150577545166e-02
-1.038613617420196533e-01
5.488174967467784882e-03
1.367343664169311523e-01
-2.223803661763668060e-02
8.034365624189376831e-02
1.310911122709512711e-02
-2.229402959346771240e-02
-1.161403302103281021e-02
6.602614372968673706e-02
4.955012723803520203e-02
-4.907564073801040649e-02
-4.279413074254989624e-02
9.969035536050796509e-02
1.208563451655209064e-03
4.796495661139488220e-02
-4.719032347202301025e-02
-4.646594461519271135e-04
-4.125963523983955383e-02
-7.268421351909637451e-02
-1.069187000393867493e-01
1.092075556516647339e-01
1.159615628421306610e-02
8.363320678472518921e-02
-8.016262948513031006e-02
4.109673202037811279e-02
3.619952127337455750e-02
1.884359493851661682e-02
-7.240422815084457397e-02
1.972839422523975372e-02
1.025689095258712769e-01
3.195976093411445618e-02
2.346916310489177704e-02
5.119225382804870605e-02
4.264433309435844421e-02
-1.244307309389114380e-01
-8.141573518514633179e-02
-4.574155807495117188e-02
9.147809445858001709e-02
3.419920802116394043e-03
-1.728043705224990845e-02
1.508191321045160294e-02
-5.938578024506568909e-02
-5.883474647998809814e-02
8.409574627876281738e-03
-1.775311492383480072e-02
-3.881148248910903931e-02
-2.542572468519210815e-02
1.108630821108818054e-01
1.769220270216464996e-02
-6.300529837608337402e-02
-2.633421448990702629e-03
3.843606216832995415e-03
1.017449274659156799e-01
-1.898611709475517273e-02
-2.887297421693801880e-02
-2.644917182624340057e-02
-2.973796240985393524e-02
4.598703235387802124e-02
4.887625947594642639e-02
-2.382177487015724182e-02
-5.277540534734725952e-02
1.410319954156875610e-01
1.052947714924812317e-01
-4.625534638762474060e-02
5.396077409386634827e-02
3.733082488179206848e-02
-1.396800111979246140e-02
-7.285746932029724121e-02
-5.786695517599582672e-03
-5.978617444634437561e-02
-9.997282177209854126e-03
-1.123396586626768112e-02
1.388263981789350510e-02
-1.323387213051319122e-02
-1.469025760889053345e-02
6.960636377334594727e-02
-2.964936755597591400e-02
4.340930655598640442e-02
5.560094118118286133e-02
2.068723924458026886e-02
1.065879911184310913e-01
-2.400336042046546936e-02
-2.514599263668060303e-02
1.388009544461965561e-02
2.156222239136695862e-02
9.582521161064505577e-04
-7.230174262076616287e-03
-1.220115795731544495e-01
5.609465017914772034e-02
6.146179512143135071e-02
4.386674985289573669e-02
-9.031590074300765991e-03
-1.723157428205013275e-02
-5.188307724893093109e-03
2.431333251297473907e-02
-1.613249070942401886e-02
-6.825849413871765137e-03
3.899656701833009720e-03
3.577409684658050537e-02
9.989445097744464874e-03
8.941373229026794434e-02
-2.071168832480907440e-02
3.199548274278640747e-02
2.068624272942543030e-02
-5.953805148601531982e-02
6.195469573140144348e-02
7.537060230970382690e-02
4.246729239821434021e-02
-8.735685795545578003e-02
7.214087247848510742e-02
3.583723912015557289e-03
3.257881477475166321e-02
-1.095893234014511108e-02
4.572703316807746887e-02
7.299605756998062134e-02
1.695666834712028503e-02
-1.315972208976745605e-01
2.166919596493244171e-02
1.944084838032722473e-02
8.656520396471023560e-02
-7.510673254728317261e-02
5.703365430235862732e-02
-1.542271673679351807e-02
-7.340731471776962280e-02
-4.670264571905136108e-02
8.335831761360168457e-02
-4.758888483047485352e-02
-9.082031995058059692e-02
-7.122868299484252930e-02
-5.538996681571006775e-02
-5.540912598371505737e-02
3.405978903174400330e-02
1.226331442594528198e-01
-1.190057676285505295e-02
1.245197653770446777e-01
-1.353412419557571411e-01
-2.880649641156196594e-02
-7.393057644367218018e-02
1.962864026427268982e-02
2.826604247093200684e-02
-1.009004563093185425e-01
