2.122440338134765625e-01
-1.647847890853881836e-02
6.110398471355438232e-02
-5.953616276383399963e-02
-6.850623339414596558e-02
-5.938361585140228271e-02
-1.229994446039199829e-01
-5.602331459522247314e-02
7.770770043134689331e-02
5.078725516796112061e-02
2.389382384717464447e-02
-5.700135231018066406e-02
-1.528140041045844555e-03
-9.780686348676681519e-02
3.720796853303909302e-02
-5.741731449961662292e-02
4.856814816594123840e-02
1.261716485023498535e-01
2.939923666417598724e-02
-3.807525336742401123e-02
-3.009856678545475006e-02
5.564920138567686081e-03
2.725747600197792053e-02
-1.662376336753368378e-02
-4.230959713459014893e-02
-1.139971166849136353e-01
1.946415007114410400e-02
-6.368305534124374390e-02
-1.196783110499382019e-01
-8.918984979391098022e-02
5.826360732316970825e-02
-4.027550667524337769e-02
-5.961989983916282654e-02
-8.030188828706741333e-02
2.430302649736404419e-02
-6.080838385969400406e-03
2.520254068076610565e-02
-3.051958046853542328e-02
-5.439544841647148132e-02
-5.597303062677383423e-02
7.102942466735839844e-02
-2.374335005879402161e-02
3.775600343942642212e-02
7.169611752033233643e-02
4.224371910095214844e-02
3.587312251329421997e-02
-1.133769154548645020e-01
2.523699775338172913e-02
-1.952487975358963013e-02
-2.561777830123901367e-02
-1.816676855087280273e-01
5.676064267754554749e-02
1.072104424238204956e-01
-7.746765017509460449e-02
-4.806550964713096619e-02
5.835522711277008057e-02
-3.739188611507415771e-02
2.172361314296722412e-02
1.683060228824615479e-01
-2.206691168248653412e-02
4.841843992471694946e-02
4.812000691890716553e-02
-8.577016741037368774e-02
-1.163291372358798981e-02
-5.789665505290031433e-02
-8.517941087484359741e-02
-5.301564186811447144e-02
-9.557595103979110718e-02
2.229066798463463783e-03
-5.008700862526893616e-02
-8.500004559755325317e-02
-9.985958039760589600e-02
1.348864734172821045e-01
-9.593759477138519287e-02
-1.054108217358589172e-01
5.797751620411872864e-02
-9.418957680463790894e-02
6.041907146573066711e-02
2.423096448183059692e-02
-1.880613416433334351e-01
3.679066896438598633e-02
5.301240459084510803e-02
-5.741084925830364227e-03
6.353562325239181519e-02
-6.250209361314773560e-02
5.276017263531684875e-02
-4.557675123214721680e-02
7.365010678768157959e-02
3.330923849716782570e-03
-3.781678900122642517e-02
-1.149493604898452759e-01
-3.607839345932006836e-02
-7.806459814310073853e-02
-1.587517000734806061e-02
-4.678698256611824036e-02
-4.881554096937179565e-02
-2.326093800365924835e-02
4.205579683184623718e-02
5.717723444104194641e-02
-9.488701820373535156e-02
4.159449413418769836e-02
-9.855115786194801331e-03
1.198340789414942265e-03
-6.583908572793006897e-03
7.324296049773693085e-03
-4.448204115033149719e-02
7.758703827857971191e-02
9.248283505439758301e-02
7.786399871110916138e-02
-1.041681692004203796e-01
9.308350126957520843e-05
1.179205179214477539e-01
-2.444765903055667877e-02
6.522782146930694580e-02
6.568427663296461105e-03
-2.257688157260417938e-02
-2.606533654034137726e-02
6.928511708974838257e-02
6.435900926589965820e-02
-4.768877476453781128e-02
-3.556406497955322266e-02
9.147037565708160400e-02
1.314872223883867264e-02
4.758339375257492065e-02
-4.992618411779403687e-02
4.465107340365648270e-03
-3.594567254185676575e-02
-8.245224505662918091e-02
-1.099220216274261475e-01
8.719620108604431152e-02
1.128877745941281319e-03
9.111238270998001099e-02
-8.045274019241333008e-02
3.974532708525657654e-02
3.689257428050041199e-02
3.258545696735382080e-02
-9.186968952417373657e-02
2.814467996358871460e-02
1.048919185996055603e-01
2.248454838991165161e-02
3.583390638232231140e-02
4.846776276826858521e-02
6.240421533584594727e-02
-1.290729492902755737e-01
-5.325906723737716675e-02
-4.341743141412734985e-02
8.960361033678054810e-02
8.679139427840709686e-03
-2.401647530496120453e-02
2.512736245989799500e-02
-4.118577763438224792e-02
-4.114359244704246521e-02
2.132411114871501923e-02
-2.868305891752243042e-02
-5.176357924938201904e-02
-4.065796732902526855e-02
1.096046268939971924e-01
2.180806361138820648e-02
-6.407829374074935913e-02
-3.697864944115281105e-03
-6.426310632377862930e-03
7.354503870010375977e-02
-8.581484144087880850e-05
-3.304733335971832275e-02
-3.585063666105270386e-02
-3.341711312532424927e-02
3.479846194386482239e-02
2.630382776260375977e-02
-6.997630931437015533e-03
-2.473354339599609375e-02
1.427067965269088745e-01
1.008109152317047119e-01
-4.612746834754943848e-02
3.389661014080047607e-02
3.247576951980590820e-02
6.359089631587266922e-03
-5.576011165976524353e-02
-1.646929793059825897e-02
-3.224519640207290649e-02
-1.727064885199069977e-02
-1.455429475754499435e-02
1.171044353395700455e-02
-6.183801684528589249e-03
-3.296142444014549255e-02
6.746433675289154053e-02
-2.831427752971649170e-02
3.045983985066413879e-02
6.090600788593292236e-02
1.677469164133071899e-02
1.049456223845481873e-01
-1.614430174231529236e-02
-2.486591972410678864e-02
1.071088947355747223e-03
2.967940829694271088e-02
3.667854471132159233e-03
-8.066676557064056396e-03
-1.108481362462043762e-01
4.285628721117973328e-02
5.656392499804496765e-02
2.905878983438014984e-02
-8.171699009835720062e-03
-2.007848955690860748e-02
-1.364933047443628311e-02
1.390753686428070068e-02
-1.785284467041492462e-02
-4.960651043802499771e-03
1.100366376340389252e-02
3.679528459906578064e-02
1.454468909651041031e-02
8.611478656530380249e-02
-2.307486347854137421e-02
4.371371492743492126e-02
1.018704008311033249e-02
-4.973714426159858704e-02
5.448398366570472717e-02
7.121022045612335205e-02
3.684724867343902588e-02
-7.643471658229827881e-02
7.973329722881317139e-02
1.569430157542228699e-02
3.618994727730751038e-02
-5.422177258878946304e-03
4.100986942648887634e-02
6.805919855833053589e-02
-8.413911797106266022e-03
-9.456577897071838379e-02
-1.800457714125514030e-03
-5.354907363653182983e-03
7.803239673376083374e-02
-5.485007911920547485e-02
7.915598154067993164e-02
-3.411200130358338356e-03
-4.555244371294975281e-02
-4.749583080410957336e-02
6.321808695793151855e-02
-4.313137009739875793e-02
-6.505227088928222656e-02
-6.448258459568023682e-02
-5.429265275597572327e-02
-5.127881839871406555e-02
4.450715705752372742e-02
1.412800997495651245e-01
-1.289683580398559570e-02
1.523552089929580688e-01
-1.262984722852706909e-01
-3.258189186453819275e-02
-7.031027972698211670e-02
2.873102761805057526e-02
1.919067278504371643e-02
-1.014159247279167175e-01
