1.672405749559402466e-01
-1.301822345703840256e-02
3.913391381502151489e-02
-5.164146423339843750e-02
-5.037268623709678650e-02
-2.848768979310989380e-02
-1.036977097392082214e-01
-5.892443284392356873e-02
6.981618702411651611e-02
5.543324351310729980e-02
1.090354751795530319e-02
-5.037847906351089478e-02
-1.188648026436567307e-02
-9.482359886169433594e-02
1.017574407160282135e-02
-5.712846666574478149e-02
2.917263843119144440e-02
9.495656937360763550e-02
1.041956618428230286e-02
-1.998779177665710449e-02
-3.898770362138748169e-02
-8.591928519308567047e-03
1.655411161482334137e-02
-2.068932354450225830e-02
-5.039113014936447144e-02
-1.209227889776229858e-01
3.682332858443260193e-02
-6.887377053499221802e-02
-1.189297437667846680e-01
-1.158089861273765564e-01
7.432059943675994873e-02
-5.986906960606575012e-02
-6.520630419254302979e-02
-6.401611864566802979e-02
3.484742343425750732e-02
-1.326613873243331909e-02
1.395625993609428406e-02
-3.909756615757942200e-02
-4.387871176004409790e-02
-4.942682012915611267e-02
4.996396228671073914e-02
-8.230187930166721344e-03
4.014032706618309021e-02
7.401261478662490845e-02
4.921250417828559875e-02
2.191650681197643280e-02
-1.252918690443038940e-01
3.975128009915351868e-02
-2.350493706762790680e-02
-3.153572231531143188e-02
-1.720629781484603882e-01
6.511463969945907593e-02
1.223165318369865417e-01
-9.879415482282638550e-02
-3.809784352779388428e-02
4.399468749761581421e-02
-2.904423885047435760e-02
1.752711087465286255e-02
1.594869792461395264e-01
-1.506441459059715271e-02
6.074063852429389954e-02
4.528942704200744629e-02
-7.715725153684616089e-02
-7.160035893321037292e-03
-6.945580244064331055e-02
-5.836946144700050354e-02
-5.195806920528411865e-02
-9.854199737310409546e-02
-5.995245184749364853e-03
-4.490049555897712708e-02
-1.004072576761245728e-01
-8.845891803503036499e-02
1.340874135494232178e-01
-8.642207831144332886e-02
-1.309063285589218140e-01
5.173321813344955444e-02
-6.924173980951309204e-02
7.745428383350372314e-02
1.566129922866821289e-02
-1.868997514247894287e-01
4.169207066297531128e-02
5.837542936205863953e-02
2.163747884333133698e-02
6.935715675354003906e-02
-5.626558139920234680e-02
5.056451261043548584e-02
-3.537523746490478516e-02
5.604633316397666931e-02
2.560654096305370331e-02
-4.268345981836318970e-02
-1.466540098190307617e-01
-3.652735799551010132e-02
-6.147556379437446594e-02
-2.730948105454444885e-02
-5.399369820952415466e-02
-6.105965003371238708e-02
-2.424259483814239502e-02
3.093201480805873871e-02
6.122505292296409607e-02
-8.592057228088378906e-02
4.689349234104156494e-02
-3.355535678565502167e-03
1.121158991008996964e-02
-2.259651757776737213e-02
-6.388081703335046768e-03
-5.596020072698593140e-02
6.653201580047607422e-02
8.564981073141098022e-02
9.206587821245193481e-02
-9.800768643617630005e-02
2.282875822857022285e-03
1.320618987083435059e-01
-2.591531164944171906e-02
8.738715201616287231e-02
1.164709799923002720e-03
-1.062014326453208923e-02
-1.877018995583057404e-02
4.923084005713462830e-02
5.069574713706970215e-02
-5.167550593614578247e-02
-2.678641304373741150e-02
1.028297320008277893e-01
5.893358495086431503e-03
4.534249007701873779e-02
-5.540479719638824463e-02
9.916325099766254425e-03
-4.005087912082672119e-02
-8.406101912260055542e-02
-1.012712866067886353e-01
9.647058695554733276e-02
1.484353002160787582e-02
8.128404617309570312e-02
-9.076084196567535400e-02
3.701798245310783386e-02
3.675195574760437012e-02
4.685629159212112427e-03
-6.722910702228546143e-02
1.538555137813091278e-02
8.946029096841812134e-02
4.026337713003158569e-02
1.285078190267086029e-02
6.055127456784248352e-02
2.949285320937633514e-02
-1.301328539848327637e-01
-7.553043216466903687e-02
-5.265751481056213379e-02
8.713559061288833618e-02
1.020572613924741745e-02
-8.537769317626953125e-03
6.638302467763423920e-03
-6.521401554346084595e-02
-5.432451888918876648e-02
1.048863120377063751e-02
-1.281861681491136551e-02
-3.911970555782318115e-02
-2.828157320618629456e-02
1.076873242855072021e-01
1.061954349279403687e-02
-6.330516189336776733e-02
-5.314711015671491623e-04
7.732985541224479675e-03
9.564431756734848022e-02
-2.420135214924812317e-02
-2.984460070729255676e-02
-3.745944052934646606e-02
-1.579571329057216644e-02
4.229033365845680237e-02
4.275179654359817505e-02
-4.322954267263412476e-02
-6.260939687490463257e-02
1.610114425420761108e-01
1.258030533790588379e-01
-5.020038038492202759e-02
4.282131418585777283e-02
4.156185314059257507e-02
-1.537198014557361603e-02
-7.772234082221984863e-02
-8.405894972383975983e-03
-3.990196809172630310e-02
-9.942160686478018761e-04
-1.830036193132400513e-02
1.269523147493600845e-02
-3.039466962218284607e-02
-6.886321585625410080e-03
6.494633853435516357e-02
-1.843280158936977386e-02
3.192508593201637268e-02
5.841437727212905884e-02
2.344625629484653473e-02
1.150892302393913269e-01
-2.153178490698337555e-02
-2.021125704050064087e-02
2.473537623882293701e-02
3.097248077392578125e-02
-3.649019170552492142e-03
4.024773370474576950e-03
-1.134581416845321655e-01
5.089329183101654053e-02
6.496893614530563354e-02
5.067407339811325073e-02
-2.038086391985416412e-02
-3.682543337345123291e-02
-2.396419458091259003e-02
2.448071725666522980e-02
-3.453049436211585999e-02
-1.291812770068645477e-02
5.067072808742523193e-03
3.558677807450294495e-02
1.129190437495708466e-03
9.621968865394592285e-02
-3.585264831781387329e-02
4.124916717410087585e-02
1.108389347791671753e-02
-6.718470901250839233e-02
6.461891531944274902e-02
7.292494922876358032e-02
3.659758716821670532e-02
-7.836543768644332886e-02
7.001651823520660400e-02
6.402149796485900879e-03
4.045704752206802368e-02
-1.200988329946994781e-02
4.607643932104110718e-02
7.707507163286209106e-02
1.628277637064456940e-02
-1.397230327129364014e-01
2.271562255918979645e-02
2.439997717738151550e-02
9.488233178853988647e-02
-5.640861392021179199e-02
4.076110571622848511e-02
-1.799145713448524475e-02
-6.490686535835266113e-02
-3.463234379887580872e-02
6.821145117282867432e-02
-4.343210905790328979e-02
-7.525260746479034424e-02
-5.921243503689765930e-02
-4.206287115812301636e-02
-4.887970909476280212e-02
2.556142024695873260e-02
1.147286146879196167e-01
-2.109825424849987030e-02
1.040843203663825989e-01
-1.315357387065887451e-01
-2.279597893357276917e-02
-6.512786448001861572e-02
-8.802610449492931366e-03
2.970508486032485962e-02
-7.588095217943191528e-02
