2.154096513986587524e-01
2.959547750651836395e-02
4.477584362030029297e-02
-3.292915225028991699e-02
-3.260802105069160461e-02
-7.209013402462005615e-02
-9.423832595348358154e-02
-5.284892022609710693e-02
1.986338011920452118e-02
1.494205207563936710e-03
-4.558738693594932556e-02
-5.845301598310470581e-02
1.211757771670818329e-02
-1.022391095757484436e-01
1.360535621643066406e-02
-7.169124484062194824e-02
1.850085519254207611e-02
8.570204675197601318e-02
1.034641824662685394e-02
2.544938400387763977e-02
-2.315982244908809662e-02
-3.781453892588615417e-02
5.270332470536231995e-02
-1.218413934111595154e-02
-6.580612808465957642e-02
-1.039860025048255920e-01
5.802342668175697327e-02
-7.736013829708099365e-02
-1.352485120296478271e-01
-8.367691934108734131e-02
1.577505655586719513e-02
-4.492942243814468384e-02
6.869475822895765305e-03
-5.802539736032485962e-02
6.036694161593914032e-03
-2.798172878101468086e-03
5.810730159282684326e-02
-4.607998579740524292e-02
-8.756807446479797363e-02
-8.821825683116912842e-02
6.235077977180480957e-02
3.461513295769691467e-02
4.909367859363555908e-02
5.270759388804435730e-02
5.489587038755416870e-02
3.136480972170829773e-02
-1.007298305630683899e-01
5.793054029345512390e-02
-4.491996765136718750e-02
-3.943275660276412964e-02
-1.756853312253952026e-01
5.195594951510429382e-02
1.020657941699028015e-01
-6.529320776462554932e-02
-1.290083304047584534e-02
4.584816470742225647e-02
-4.895249754190444946e-02
-4.337294772267341614e-02
1.432800292968750000e-01
1.690507680177688599e-02
6.931698322296142578e-02
9.061771444976329803e-03
-1.202114894986152649e-01
2.444635517895221710e-02
-7.949962466955184937e-02
-5.772287771105766296e-02
-2.342152036726474762e-02
-9.882441908121109009e-02
4.024791717529296875e-02
-2.863693796098232269e-02
-4.833044856786727905e-02
-1.097654327750205994e-01
1.190822497010231018e-01
-5.452096089720726013e-02
-1.281889081001281738e-01
2.105647698044776917e-02
-2.123122103512287140e-02
9.171243011951446533e-02
7.311069639399647713e-04
-1.656457185745239258e-01
2.786474488675594330e-02
6.023115664720535278e-02
3.600088879466056824e-02
5.961681902408599854e-02
-2.539934590458869934e-02
5.082992464303970337e-02
-1.247110310941934586e-02
4.346396774053573608e-02
6.191742047667503357e-02
-4.071019962430000305e-02
-1.535949110984802246e-01
-2.004428952932357788e-02
-5.239878967404365540e-02
2.681290730834007263e-03
-4.454342275857925415e-02
-2.238223142921924591e-02
-1.989194378256797791e-02
7.735544443130493164e-02
1.492030024528503418e-01
-9.698344767093658447e-02
9.106436371803283691e-02
-3.350096195936203003e-02
5.621429905295372009e-02
1.424720830982550979e-04
-1.175673492252826691e-02
-2.244234271347522736e-02
4.161694273352622986e-02
8.083933591842651367e-02
1.288911402225494385e-01
-8.396404981613159180e-02
-2.787463180720806122e-02
1.631342917680740356e-01
5.667286925017833710e-03
1.037991419434547424e-01
4.230828024446964264e-03
-1.106900162994861603e-02
-2.641157712787389755e-03
6.627725809812545776e-02
5.032750964164733887e-02
-6.767249852418899536e-02
-8.385971933603286743e-02
1.142689958214759827e-01
-1.161643397063016891e-02
4.386508464813232422e-02
-1.530144829303026199e-02
-1.573469303548336029e-02
-6.716305017471313477e-02
-2.542291209101676941e-02
-9.887334704399108887e-02
1.490113437175750732e-01
1.167828217148780823e-02
6.723816692829132080e-02
-9.050557762384414673e-02
4.113432392477989197e-02
4.345950111746788025e-02
1.663455739617347717e-02
-7.053124904632568359e-02
2.759516797959804535e-02
1.126369014382362366e-01
5.585328862071037292e-02
1.014263089746236801e-02
1.203787513077259064e-02
7.448680698871612549e-02
-1.395740956068038940e-01
-1.025973632931709290e-01
-5.688495561480522156e-02
9.463954716920852661e-02
5.869122687727212906e-03
-4.457331728190183640e-03
4.870301485061645508e-02
-8.791635185480117798e-02
-7.218126952648162842e-02
2.412392757833003998e-02
-1.649830117821693420e-02
-4.017375782132148743e-02
-3.700821474194526672e-02
9.551347047090530396e-02
1.102500502020120621e-02
-5.235685408115386963e-02
5.385092459619045258e-03
-1.819890225306153297e-03
1.039422079920768738e-01
-1.171597279608249664e-02
-4.698561970144510269e-03
8.152666501700878143e-03
-3.459213068708777428e-03
4.553029686212539673e-02
7.115823030471801758e-02
-3.133378177881240845e-02
-5.701077356934547424e-02
1.013628393411636353e-01
1.032967492938041687e-01
-3.356386721134185791e-02
6.782408058643341064e-02
6.199244409799575806e-02
-2.527173608541488647e-02
-6.935463845729827881e-02
-3.865998471155762672e-03
-8.818466961383819580e-02
5.425472743809223175e-03
-1.389851048588752747e-02
2.911065891385078430e-02
3.252901369705796242e-03
-2.773258276283740997e-02
8.224266767501831055e-02
-1.984955370426177979e-02
6.475745886564254761e-02
4.269470274448394775e-02
9.787444956600666046e-03
7.807113230228424072e-02
-3.876049444079399109e-02
-2.034110017120838165e-02
1.263276487588882446e-02
-6.251682061702013016e-03
-9.261108934879302979e-03
2.238927874714136124e-03
-1.058203428983688354e-01
6.446833163499832153e-02
5.272008106112480164e-02
7.039479166269302368e-02
7.480403408408164978e-03
-1.982843875885009766e-02
3.251003101468086243e-02
4.875795543193817139e-02
-3.755204379558563232e-02
6.947010289877653122e-03
-1.485380902886390686e-02
2.455996908247470856e-02
1.561585348099470139e-02
7.286372780799865723e-02
8.210101164877414703e-03
7.790771313011646271e-03
6.443329621106386185e-03
-4.102430492639541626e-02
2.713439799845218658e-02
6.723096966743469238e-02
3.888261318206787109e-02
-7.973527908325195312e-02
4.318978637456893921e-02
-2.873656712472438812e-02
-1.158632710576057434e-02
2.130323555320501328e-03
5.072147026658058167e-02
6.600157916545867920e-02
4.192028939723968506e-02
-9.139567613601684570e-02
2.670180611312389374e-02
1.461066957563161850e-02
4.103398695588111877e-02
-5.702715739607810974e-02
2.569725178182125092e-02
-1.674924418330192566e-02
-7.212805002927780151e-02
-7.312065362930297852e-02
7.672718912363052368e-02
-3.769368678331375122e-02
-8.384726196527481079e-02
-1.971565559506416321e-02
-2.629409171640872955e-02
-3.515763953328132629e-02
3.812141343951225281e-02
7.508906722068786621e-02
-4.694011295214295387e-06
7.484442740678787231e-02
-1.155753135681152344e-01
-1.488272100687026978e-02
-4.427846521139144897e-02
2.869917266070842743e-02
3.284881263971328735e-02
-5.625567957758903503e-02
