1.758041828870773315e-01
-3.047639969736337662e-03
4.248211905360221863e-02
-4.722055420279502869e-02
-5.176815390586853027e-02
-4.398335888981819153e-02
-1.106089204549789429e-01
-5.554072558879852295e-02
7.195027917623519897e-02
5.447069182991981506e-02
6.237647030502557755e-03
-4.347053915262222290e-02
-4.524559190031141043e-04
-1.021798178553581238e-01
1.842381060123443604e-02
-5.609445646405220032e-02
3.439024835824966431e-02
8.859443664550781250e-02
5.603986326605081558e-03
-2.442470565438270569e-02
-3.253356367349624634e-02
-8.571564219892024994e-03
2.432691119611263275e-02
-2.623281441628932953e-02
-5.105337873101234436e-02
-1.223338246345520020e-01
3.765442594885826111e-02
-7.104608416557312012e-02
-1.200981140136718750e-01
-1.051727682352066040e-01
7.579299807548522949e-02
-5.016180127859115601e-02
-5.057738348841667175e-02
-7.847455888986587524e-02
2.733638510107994080e-02
-1.584772579371929169e-02
2.689570002257823944e-02
-3.769569844007492065e-02
-5.053509026765823364e-02
-4.934822395443916321e-02
5.798952654004096985e-02
-2.034129574894905090e-02
3.738335892558097839e-02
8.194935321807861328e-02
4.674047604203224182e-02
2.639771066606044769e-02
-1.269743740558624268e-01
2.087368257343769073e-02
-2.145185135304927826e-02
-4.135344550013542175e-02
-1.735671460628509521e-01
6.540652364492416382e-02
1.207900941371917725e-01
-9.284617751836776733e-02
-5.161749944090843201e-02
4.838057234883308411e-02
-3.084669820964336395e-02
3.721082815900444984e-03
1.611849963665008545e-01
-2.089080773293972015e-02
6.211203336715698242e-02
4.094168171286582947e-02
-6.662044674158096313e-02
-1.532149733975529671e-03
-6.764377653598785400e-02
-6.227315589785575867e-02
-5.795991420745849609e-02
-9.823847562074661255e-02
-1.326082274317741394e-04
-5.374103784561157227e-02
-9.291849285364151001e-02
-9.451673924922943115e-02
1.346476972103118896e-01
-8.339806646108627319e-02
-1.253963112831115723e-01
5.800370499491691589e-02
-7.570502161979675293e-02
6.936514377593994141e-02
8.224106393754482269e-03
-1.776182055473327637e-01
4.730517417192459106e-02
5.840821936726570129e-02
1.461154501885175705e-02
6.254422664642333984e-02
-6.186349689960479736e-02
5.236967280507087708e-02
-3.478487581014633179e-02
5.634771659970283508e-02
2.983882091939449310e-02
-3.612240776419639587e-02
-1.547356694936752319e-01
-3.128208592534065247e-02
-5.827637761831283569e-02
-1.945032551884651184e-02
-5.455748364329338074e-02
-5.507459118962287903e-02
-3.277672454714775085e-02
2.435088902711868286e-02
7.551375031471252441e-02
-9.773457795381546021e-02
5.821224674582481384e-02
-8.375018835067749023e-03
1.049330364912748337e-02
-1.849884539842605591e-02
-5.070556420832872391e-03
-5.790073424577713013e-02
7.094548642635345459e-02
9.641280770301818848e-02
1.028394326567649841e-01
-1.003618389368057251e-01
-3.484124317765235901e-04
1.388187110424041748e-01
-2.249881997704505920e-02
9.102489799261093140e-02
6.319965701550245285e-03
-2.381598763167858124e-02
-1.666700467467308044e-02
5.073170736432075500e-02
5.491733551025390625e-02
-6.273462623357772827e-02
-4.017876833677291870e-02
1.028751581907272339e-01
7.825890555977821350e-03
5.455132946372032166e-02
-5.237004160881042480e-02
6.475636735558509827e-03
-4.609671607613563538e-02
-9.553137421607971191e-02
-1.079302504658699036e-01
9.864417463541030884e-02
8.371748030185699463e-03
8.532984554767608643e-02
-9.832436591386795044e-02
4.321869462728500366e-02
3.857604414224624634e-02
2.088710851967334747e-02
-7.873708754777908325e-02
2.992098405957221985e-02
1.035140752792358398e-01
4.652516543865203857e-02
2.929927408695220947e-02
5.638866499066352844e-02
4.530124738812446594e-02
-1.370356529951095581e-01
-6.872676312923431396e-02
-5.550033226609230042e-02
8.742489665746688843e-02
1.192753389477729797e-02
-1.285639870911836624e-02
1.428514719009399414e-02
-6.568092107772827148e-02
-5.606146529316902161e-02
2.263874746859073639e-02
-2.194088511168956757e-02
-4.711123928427696228e-02
-3.742336854338645935e-02
1.067041531205177307e-01
1.904633454978466034e-02
-6.788442283868789673e-02
5.359617061913013458e-04
-6.280486937612295151e-03
8.825740963220596313e-02
-1.700907759368419647e-02
-3.631018102169036865e-02
-3.373932093381881714e-02
-1.166711654514074326e-02
3.374095633625984192e-02
4.342488199472427368e-02
-4.580725356936454773e-02
-4.745000600814819336e-02
1.508570909500122070e-01
1.207345128059387207e-01
-4.421753063797950745e-02
4.257738217711448669e-02
4.576497152447700500e-02
-1.547614764422178268e-02
-7.404264807701110840e-02
-1.778355985879898071e-02
-3.560298308730125427e-02
1.007245620712637901e-03
-1.013497635722160339e-02
2.238314226269721985e-02
-3.023139759898185730e-02
-1.655863970518112183e-02
8.058536797761917114e-02
-1.690676435828208923e-02
2.596916630864143372e-02
7.004208862781524658e-02
2.700502239167690277e-02
1.070557534694671631e-01
-2.434702217578887939e-02
-2.519687265157699585e-02
1.363427471369504929e-02
2.902717329561710358e-02
-1.296852901577949524e-02
1.261095516383647919e-02
-1.161733716726303101e-01
4.518729448318481445e-02
6.413198262453079224e-02
5.039370805025100708e-02
-1.897486299276351929e-02
-2.191429212689399719e-02
-2.189062535762786865e-02
1.744310930371284485e-02
-3.559109941124916077e-02
4.692470538429915905e-04
2.378791337832808495e-03
2.257659658789634705e-02
7.261554710566997528e-03
8.310108631849288940e-02
-2.932882308959960938e-02
3.601248189806938171e-02
4.394176416099071503e-03
-5.906266346573829651e-02
4.756894335150718689e-02
6.378867477178573608e-02
2.034114301204681396e-02
-7.639738917350769043e-02
7.264249771833419800e-02
3.837056457996368408e-03
3.599421679973602295e-02
-4.184761084616184235e-03
5.285799875855445862e-02
8.970578014850616455e-02
1.272828225046396255e-02
-1.255149096250534058e-01
2.574518509209156036e-02
1.704375632107257843e-02
7.940608263015747070e-02
-4.911054670810699463e-02
3.837060183286666870e-02
-1.419038604944944382e-02
-5.488779395818710327e-02
-4.364516586065292358e-02
5.615416541695594788e-02
-4.016015306115150452e-02
-6.404671818017959595e-02
-4.722756147384643555e-02
-2.751264721155166626e-02
-4.797084257006645203e-02
2.778871543705463409e-02
1.041722223162651062e-01
-1.819446496665477753e-02
1.042425930500030518e-01
-1.155524253845214844e-01
-2.392742969095706940e-02
-5.743790790438652039e-02
8.442037738859653473e-03
2.021261490881443024e-02
-6.388292461633682251e-02
