1.570792943239212036e-01
-7.465142291039228439e-03
3.915934637188911438e-02
-3.759083524346351624e-02
-5.555189028382301331e-02
-1.835151575505733490e-02
-1.105816066265106201e-01
-5.620384216308593750e-02
7.948633283376693726e-02
5.511275678873062134e-02
1.839385740458965302e-02
-3.643011674284934998e-02
-5.585994105786085129e-03
-1.019940301775932312e-01
1.516850851476192474e-02
-5.923896655440330505e-02
2.476758323609828949e-02
8.005496859550476074e-02
1.645959797315299511e-03
-2.621443755924701691e-02
-3.662014007568359375e-02
-2.822973532602190971e-03
1.479697041213512421e-02
-2.795082330703735352e-02
-3.851363435387611389e-02
-1.171737760305404663e-01
3.925876319408416748e-02
-7.114843279123306274e-02
-1.223785877227783203e-01
-1.234992966055870056e-01
8.105336874723434448e-02
-5.270836874842643738e-02
-4.801609739661216736e-02
-7.401830703020095825e-02
2.960522659122943878e-02
-1.465652231127023697e-02
1.233519054949283600e-02
-4.012854769825935364e-02
-4.814239591360092163e-02
-3.883383423089981079e-02
6.069070473313331604e-02
-6.540382746607065201e-03
3.782385960221290588e-02
8.700663596391677856e-02
3.421274200081825256e-02
2.089649625122547150e-02
-1.240270510315895081e-01
2.430091798305511475e-02
-1.957825943827629089e-02
-3.446248546242713928e-02
-1.711285710334777832e-01
7.167864590883255005e-02
1.251510828733444214e-01
-1.027294844388961792e-01
-4.999142885208129883e-02
4.722846671938896179e-02
-1.994586363434791565e-02
1.055811252444982529e-02
1.619634032249450684e-01
-1.591384224593639374e-02
6.474534422159194946e-02
3.739353269338607788e-02
-6.483671814203262329e-02
-2.864524489268660545e-03
-6.645871698856353760e-02
-5.494497716426849365e-02
-6.307084113359451294e-02
-1.007760390639305115e-01
-6.326035130769014359e-03
-6.370859593152999878e-02
-1.047593876719474792e-01
-9.875819832086563110e-02
1.365589648485183716e-01
-9.215327352285385132e-02
-1.325460523366928101e-01
5.122131109237670898e-02
-7.200559228658676147e-02
7.674920558929443359e-02
1.540333405137062073e-02
-1.961051523685455322e-01
4.725772142410278320e-02
5.293830484151840210e-02
1.288640778511762619e-02
7.776552438735961914e-02
-6.007451564073562622e-02
5.103186145424842834e-02
-4.697331786155700684e-02
5.492180958390235901e-02
2.755003981292247772e-02
-3.969822451472282410e-02
-1.483728587627410889e-01
-4.444334656000137329e-02
-5.647250264883041382e-02
-2.696223184466362000e-02
-5.952552333474159241e-02
-6.153274327516555786e-02
-3.365711495280265808e-02
2.365339174866676331e-02
5.380996316671371460e-02
-9.049245715141296387e-02
4.932000860571861267e-02
-1.331981364637613297e-02
9.541559033095836639e-03
-1.841910742223262787e-02
-7.893687579780817032e-04
-5.952648818492889404e-02
7.517874985933303833e-02
8.937549591064453125e-02
9.884183108806610107e-02
-9.737026691436767578e-02
1.009230036288499832e-02
1.284499466419219971e-01
-1.911252550780773163e-02
9.704375267028808594e-02
-2.450457075610756874e-03
-2.066767215728759766e-02
-2.337236516177654266e-02
4.385745152831077576e-02
5.195727944374084473e-02
-5.083516985177993774e-02
-2.850107476115226746e-02
9.679254889488220215e-02
9.439662098884582520e-03
4.906982928514480591e-02
-5.650896579027175903e-02
1.374469697475433350e-02
-3.434638306498527527e-02
-9.854820370674133301e-02
-9.923812747001647949e-02
7.625459879636764526e-02
1.943038403987884521e-02
8.231011033058166504e-02
-9.168206155300140381e-02
4.111121967434883118e-02
3.226251155138015747e-02
5.756157450377941132e-03
-7.189014554023742676e-02
2.637316845357418060e-02
9.115482121706008911e-02
3.135212883353233337e-02
3.200845047831535339e-02
6.447046250104904175e-02
3.861306980252265930e-02
-1.319365203380584717e-01
-7.819148153066635132e-02
-5.934267491102218628e-02
8.666232228279113770e-02
1.549325510859489441e-02
-1.846145465970039368e-02
1.463580969721078873e-02
-5.450234562158584595e-02
-5.283303931355476379e-02
1.491465885192155838e-02
-1.644163019955158234e-02
-4.106134548783302307e-02
-3.543511033058166504e-02
1.024358198046684265e-01
6.297517102211713791e-03
-6.648173183202743530e-02
1.827547559514641762e-03
9.718072600662708282e-03
8.238343894481658936e-02
-2.314710617065429688e-02
-3.223397210240364075e-02
-2.888237312436103821e-02
-6.024701055139303207e-03
3.958718851208686829e-02
3.079327940940856934e-02
-5.168996378779411316e-02
-4.788972437381744385e-02
1.520284414291381836e-01
1.210373342037200928e-01
-4.982157424092292786e-02
2.506797015666961670e-02
4.198081791400909424e-02
-1.737060956656932831e-02
-7.517774403095245361e-02
-1.377456542104482651e-02
-3.026282973587512970e-02
-3.052804851904511452e-03
-2.222277410328388214e-02
2.369603700935840607e-02
-3.963527455925941467e-02
-1.250102836638689041e-02
6.277894973754882812e-02
-2.049317024648189545e-02
2.512205764651298523e-02
6.687950342893600464e-02
2.587130665779113770e-02
1.085816249251365662e-01
-1.701309904456138611e-02
-2.065129205584526062e-02
1.900651678442955017e-02
3.422784060239791870e-02
-1.034998334944248199e-02
7.544829975813627243e-03
-1.145762056112289429e-01
3.673949465155601501e-02
7.049658149480819702e-02
4.551200196146965027e-02
-2.326284907758235931e-02
-2.733662910759449005e-02
-2.966655045747756958e-02
2.454326674342155457e-02
-4.558967798948287964e-02
-6.903124740347266197e-04
5.375088658183813095e-03
2.574983425438404083e-02
7.067045196890830994e-03
8.535727113485336304e-02
-3.661889582872390747e-02
4.561087861657142639e-02
7.541405502706766129e-03
-6.695200502872467041e-02
5.780817940831184387e-02
7.849021255970001221e-02
3.148164972662925720e-02
-7.023184746503829956e-02
7.673930376768112183e-02
1.470412779599428177e-02
4.634144529700279236e-02
-4.602361004799604416e-03
5.558656528592109680e-02
8.852998912334442139e-02
1.518436241894960403e-02
-1.493972688913345337e-01
2.345950715243816376e-02
2.976344525814056396e-02
1.009628251194953918e-01
-5.436252430081367493e-02
4.621278494596481323e-02
-9.541710838675498962e-03
-5.955303832888603210e-02
-3.624477982521057129e-02
4.909884184598922729e-02
-4.874052479863166809e-02
-6.420356035232543945e-02
-5.436431244015693665e-02
-3.260268270969390869e-02
-5.226127058267593384e-02
2.077006176114082336e-02
1.093681678175926208e-01
-2.673552185297012329e-02
1.026448681950569153e-01
-1.143470034003257751e-01
-1.866817846894264221e-02
-5.403123423457145691e-02
-6.596687249839305878e-03
3.007312864065170288e-02
-6.392516195774078369e-02
