1.589133143424987793e-01
-8.922707289457321167e-03
3.929826989769935608e-02
-4.543345794081687927e-02
-4.045644775032997131e-02
-3.538487851619720459e-02
-9.249069541692733765e-02
-4.943110421299934387e-02
6.051311641931533813e-02
4.259108006954193115e-02
8.528341539204120636e-03
-4.826868698000907898e-02
-6.316079292446374893e-03
-8.623633533716201782e-02
1.256728265434503555e-02
-4.751566424965858459e-02
3.276656568050384521e-02
8.674515783786773682e-02
7.283564656972885132e-03
-1.573533192276954651e-02
-3.308558464050292969e-02
-6.508035119622945786e-03
2.060004696249961853e-02
-1.954552903771400452e-02
-4.297590628266334534e-02
-1.152562350034713745e-01
3.391545265913009644e-02
-6.521084904670715332e-02
-1.096685156226158142e-01
-1.030237451195716858e-01
6.501314789056777954e-02
-4.986872151494026184e-02
-5.755267292261123657e-02
-6.902091950178146362e-02
3.181648254394531250e-02
-1.264098193496465683e-02
2.479860931634902954e-02
-3.352038934826850891e-02
-5.067978054285049438e-02
-5.336853861808776855e-02
5.506698042154312134e-02
-1.343464478850364685e-02
3.990715369582176208e-02
6.959263980388641357e-02
4.621748626232147217e-02
2.591186761856079102e-02
-1.271162927150726318e-01
3.177566826343536377e-02
-2.610301040112972260e-02
-3.710300847887992859e-02
-1.745732128620147705e-01
6.331242620944976807e-02
1.118122413754463196e-01
-9.306216984987258911e-02
-4.201496765017509460e-02
5.025730654597282410e-02
-3.365851566195487976e-02
4.344854038208723068e-03
1.591216772794723511e-01
-1.763312891125679016e-02
6.320745497941970825e-02
4.157455265522003174e-02
-7.319951057434082031e-02
3.868084168061614037e-04
-7.180855423212051392e-02
-6.237005814909934998e-02
-5.276060104370117188e-02
-1.038571596145629883e-01
8.833082392811775208e-04
-4.730091616511344910e-02
-9.439237415790557861e-02
-9.373039752244949341e-02
1.384243220090866089e-01
-8.272439986467361450e-02
-1.345452219247817993e-01
5.341723561286926270e-02
-7.397697865962982178e-02
7.997830957174301147e-02
1.304637547582387924e-02
-1.887720525264739990e-01
4.212918877601623535e-02
5.674858391284942627e-02
1.509961113333702087e-02
6.430095434188842773e-02
-5.443932116031646729e-02
5.111222714185714722e-02
-3.341325372457504272e-02
6.354463100433349609e-02
2.728761546313762665e-02
-4.187431931495666504e-02
-1.593382805585861206e-01
-3.034481033682823181e-02
-6.292803585529327393e-02
-2.612481825053691864e-02
-5.276609212160110474e-02
-5.359427630901336670e-02
-2.775516174733638763e-02
3.031856752932071686e-02
7.360021024942398071e-02
-8.822567760944366455e-02
5.402847006916999817e-02
-9.352790191769599915e-03
1.535710133612155914e-02
-1.843008026480674744e-02
-8.947370573878288269e-03
-6.063282117247581482e-02
6.571376323699951172e-02
9.133073687553405762e-02
1.006435379385948181e-01
-9.757928550243377686e-02
-3.193293465301394463e-03
1.421070545911788940e-01
-2.267444506287574768e-02
8.611321449279785156e-02
7.720160763710737228e-03
-2.354240976274013519e-02
-2.082093618810176849e-02
5.131128430366516113e-02
5.532770976424217224e-02
-6.260075420141220093e-02
-4.118419438600540161e-02
1.076215133070945740e-01
3.501534229144454002e-03
4.209484159946441650e-02
-5.031875893473625183e-02
3.686958691105246544e-03
-5.113830417394638062e-02
-8.654637634754180908e-02
-1.041088178753852844e-01
1.077154055237770081e-01
5.286928266286849976e-03
8.457191288471221924e-02
-9.410156309604644775e-02
3.862284123897552490e-02
4.449171572923660278e-02
1.860423758625984192e-02
-7.631419599056243896e-02
1.699608936905860901e-02
9.861967712640762329e-02
4.434833675622940063e-02
1.637030206620693207e-02
5.507332086563110352e-02
4.207333177328109741e-02
-1.375254690647125244e-01
-7.328419387340545654e-02
-5.040360614657402039e-02
8.279760926961898804e-02
4.563737660646438599e-03
-1.226905174553394318e-02
1.553076878190040588e-02
-6.934767216444015503e-02
-5.592247843742370605e-02
1.529827434569597244e-02
-2.387581393122673035e-02
-4.666948691010475159e-02
-3.223713859915733337e-02
1.039840355515480042e-01
1.565642096102237701e-02
-6.782126426696777344e-02
3.167913819197565317e-04
1.008349936455488205e-03
1.055748090147972107e-01
-2.077177725732326508e-02
-3.290361911058425903e-02
-3.614377975463867188e-02
-1.404431834816932678e-02
4.294357076287269592e-02
4.454549029469490051e-02
-4.297792911529541016e-02
-5.843514949083328247e-02
1.569678187370300293e-01
1.289150714874267578e-01
-5.229494720697402954e-02
5.265051126480102539e-02
4.474044963717460632e-02
-2.020660601556301117e-02
-7.314937561750411987e-02
-6.545211654156446457e-03
-4.325059801340103149e-02
-1.336221233941614628e-03
-1.513218414038419724e-02
1.444162894040346146e-02
-2.834730222821235657e-02
-9.955308400094509125e-03
7.630363851785659790e-02
-2.261051535606384277e-02
2.864898927509784698e-02
6.180036813020706177e-02
2.606564946472644806e-02
1.148028373718261719e-01
-2.223211713135242462e-02
-2.878614701330661774e-02
2.334428578615188599e-02
2.936364337801933289e-02
-7.802788633853197098e-03
8.424072526395320892e-03
-1.238268539309501648e-01
5.598392337560653687e-02
5.901201814413070679e-02
5.609479174017906189e-02
-1.951247453689575195e-02
-2.745077572762966156e-02
-1.666664518415927887e-02
2.495886012911796570e-02
-3.014305606484413147e-02
-1.358057372272014618e-03
8.546823519282042980e-04
2.695869654417037964e-02
5.923349526710808277e-04
9.377834200859069824e-02
-2.963368035852909088e-02
3.329508379101753235e-02
5.961339455097913742e-03
-5.864513292908668518e-02
5.767558887600898743e-02
7.362917810678482056e-02
3.111595287919044495e-02
-8.684725314378738403e-02
7.749707996845245361e-02
3.079349407926201820e-03
3.361956030130386353e-02
-1.335672568529844284e-02
4.796656593680381775e-02
8.221119642257690430e-02
1.978878118097782135e-02
-1.362896859645843506e-01
1.907835900783538818e-02
1.821758784353733063e-02
8.269037306308746338e-02
-5.145769938826560974e-02
4.169041290879249573e-02
-1.403973996639251709e-02
-6.222874298691749573e-02
-4.326782375574111938e-02
7.191696017980575562e-02
-3.831238672137260437e-02
-7.210743427276611328e-02
-5.591079592704772949e-02
-4.005654528737068176e-02
-4.307501390576362610e-02
2.597359940409660339e-02
1.088863536715507507e-01
-1.212631538510322571e-02
1.000673025846481323e-01
-1.217497289180755615e-01
-2.572333998978137970e-02
-5.870432034134864807e-02
6.476089823991060257e-03
2.797741815447807312e-02
-7.334082573652267456e-02
