2.548081874847412109e-01
-1.582611585035920143e-03
4.571425914764404297e-02
-8.478821814060211182e-02
-4.721837490797042847e-02
-6.052730232477188110e-02
-1.253564804792404175e-01
-8.390875160694122314e-02
5.836512520909309387e-02
7.254792004823684692e-02
-2.912193909287452698e-02
-8.921916782855987549e-02
-2.076988108456134796e-02
-1.177314221858978271e-01
-9.818432154133915901e-04
-7.402687519788742065e-02
2.154262550175189972e-02
1.140622347593307495e-01
4.675382375717163086e-02
8.040209067985415459e-04
-6.437671184539794922e-02
-5.600630119442939758e-02
3.589374199509620667e-02
-6.884305621497333050e-04
-1.000587940216064453e-01
-1.508682817220687866e-01
3.959442675113677979e-02
-8.908987790346145630e-02
-1.335220336914062500e-01
-1.090478673577308655e-01
6.851836293935775757e-02
-1.011509373784065247e-01
-7.040829956531524658e-02
-4.226282984018325806e-02
2.839701250195503235e-02
-2.687721326947212219e-02
2.489370852708816528e-02
-4.255713894963264465e-02
-3.675494715571403503e-02
-6.814046949148178101e-02
5.765663459897041321e-03
-5.519283935427665710e-03
5.192598700523376465e-02
4.026994109153747559e-02
9.147447347640991211e-02
3.558556735515594482e-02
-9.955225884914398193e-02
5.927684530615806580e-02
-3.373916074633598328e-02
-1.090964768081903458e-02
-1.438231617212295532e-01
3.854873031377792358e-02
1.203694939613342285e-01
-8.455911278724670410e-02
-9.891296736896038055e-03
1.432829536497592926e-02
-4.374099522829055786e-02
3.501899540424346924e-02
1.301257014274597168e-01
1.677533611655235291e-02
4.853158816695213318e-02
3.003847785294055939e-02
-8.949725329875946045e-02
6.373839569278061390e-04
-7.905305922031402588e-02
-3.477078303694725037e-02
-2.706900984048843384e-02
-7.587628811597824097e-02
1.886418275535106659e-02
2.315802965313196182e-03
-8.457577228546142578e-02
-5.520050972700119019e-02
1.167167052626609802e-01
-5.490697920322418213e-02
-1.107575595378875732e-01
3.076080419123172760e-02
-1.496616471558809280e-02
7.979194074869155884e-02
3.786963876336812973e-03
-1.203695237636566162e-01
4.045419394969940186e-02
6.991925835609436035e-02
6.085168942809104919e-02
5.033448711037635803e-02
-2.846575342118740082e-02
5.016738548874855042e-02
1.135853305459022522e-02
4.653242975473403931e-02
4.448369517922401428e-02
-3.857248649001121521e-02
-1.259590238332748413e-01
-1.593749038875102997e-02
-5.509191751480102539e-02
-6.009579170495271683e-03
-2.119951322674751282e-02
-5.461373180150985718e-02
-8.935927413403987885e-03
6.132789328694343567e-02
1.032382398843765259e-01
-8.817404508590698242e-02
5.288371816277503967e-02
-8.668883237987756729e-04
3.027026727795600891e-02
-3.399152681231498718e-02
-4.046209156513214111e-02
-2.877904474735260010e-02
1.992059685289859772e-02
6.612160801887512207e-02
8.308957517147064209e-02
-7.832811772823333740e-02
-2.031325921416282654e-02
1.349966973066329956e-01
-5.437779054045677185e-02
7.273547351360321045e-02
-2.554063685238361359e-03
2.704917639493942261e-02
6.104200147092342377e-03
5.783233791589736938e-02
3.439243882894515991e-02
-5.722690001130104065e-02
-1.704487577080726624e-02
1.089605465531349182e-01
-1.740677095949649811e-02
3.642178326845169067e-02
-2.451184019446372986e-02
1.976872049272060394e-02
-4.329656064510345459e-02
-3.324104845523834229e-02
-9.166221320629119873e-02
1.386467516422271729e-01
5.245049949735403061e-03
5.647533759474754333e-02
-8.517509698867797852e-02
2.790285646915435791e-02
4.884290322661399841e-02
-1.776179112493991852e-02
-3.740625083446502686e-02
-3.071972634643316269e-03
7.421198487281799316e-02
6.801398843526840210e-02
-3.188828006386756897e-02
4.728709533810615540e-02
-1.866722479462623596e-02
-1.167814582586288452e-01
-8.754702657461166382e-02
-4.710991308093070984e-02
8.677727729082107544e-02
6.465174257755279541e-03
2.959973644465208054e-03
-2.244093827903270721e-02
-9.442072361707687378e-02
-6.303244829177856445e-02
-1.573454216122627258e-02
1.327997539192438126e-03
-2.438791282474994659e-02
-2.069523092359304428e-03
1.079054325819015503e-01
3.517370671033859253e-02
-4.184706136584281921e-02
-1.367241702973842621e-02
5.795617122203111649e-03
8.645618706941604614e-02
-1.310677826404571533e-02
-1.535378862172365189e-02
-6.196881085634231567e-02
-2.585189789533615112e-02
3.714072331786155701e-02
7.797478139400482178e-02
-3.135424479842185974e-02
-9.405189007520675659e-02
1.631872206926345825e-01
1.240465417504310608e-01
-5.066550523042678833e-02
7.174254208803176880e-02
4.098148643970489502e-02
-1.831378042697906494e-02
-7.585788518190383911e-02
2.315032761543989182e-03
-7.381936907768249512e-02
-1.887035905383527279e-03
-2.509208628907799721e-03
5.279669538140296936e-03
-2.382673881947994232e-02
7.938833907246589661e-03
7.573439180850982666e-02
6.581605877727270126e-03
4.624045640230178833e-02
3.185907378792762756e-02
1.088624820113182068e-02
9.426735341548919678e-02
-4.006109386682510376e-02
-1.255833636969327927e-02
4.762766137719154358e-02
1.149036269634962082e-02
2.554067177698016167e-03
1.870976202189922333e-02
-7.065738737583160400e-02
6.654583662748336792e-02
4.094784706830978394e-02
6.247791647911071777e-02
-1.987176015973091125e-02
-5.503221228718757629e-02
-1.896006613969802856e-02
2.218478173017501831e-02
-3.385627269744873047e-02
-5.358093976974487305e-02
-3.186161862686276436e-03
4.683405160903930664e-02
-1.444712933152914047e-02
8.964531123638153076e-02
-4.521333053708076477e-02
2.875513769686222076e-02
1.820321567356586456e-02
-6.422750651836395264e-02
6.427372246980667114e-02
3.927616402506828308e-02
3.410629928112030029e-02
-5.427188053727149963e-02
1.106109004467725754e-02
-3.157940879464149475e-02
2.420703647658228874e-03
-9.280813857913017273e-03
1.304510235786437988e-02
3.958591818809509277e-02
2.381035871803760529e-02
-9.573252499103546143e-02
4.916027188301086426e-02
3.418011218309402466e-02
6.250276416540145874e-02
-4.807807505130767822e-02
-1.191904023289680481e-02
-4.306185245513916016e-02
-6.066392734646797180e-02
-3.736047819256782532e-02
1.051195263862609863e-01
-3.774431347846984863e-02
-1.017916798591613770e-01
-2.389377728104591370e-02
-4.572648182511329651e-02
-3.366851434111595154e-02
3.128844872117042542e-02
1.038396134972572327e-01
-7.939705625176429749e-03
1.005044877529144287e-01
-1.787425428628921509e-01
-6.863403599709272385e-03
-7.733556628227233887e-02
-3.155507519841194153e-02
4.341154545545578003e-02
-6.739874184131622314e-02
