1.741613000631332397e-01
-5.348323378711938858e-03
3.869608044624328613e-02
-5.177992209792137146e-02
-3.339281678199768066e-02
-3.290653973817825317e-02
-9.779867529869079590e-02
-5.871538072824478149e-02
4.580964893102645874e-02
5.156972259283065796e-02
-7.160050328820943832e-03
-5.731959640979766846e-02
-1.045259088277816772e-02
-9.189027547836303711e-02
6.933818222023546696e-04
-5.503358319401741028e-02
1.617956534028053284e-02
8.052746951580047607e-02
7.409134879708290100e-03
1.851963344961404800e-03
-3.243922069668769836e-02
-2.495576441287994385e-02
2.627664245665073395e-02
-1.236971747130155563e-02
-5.300473794341087341e-02
-1.195487454533576965e-01
3.358070924878120422e-02
-6.736321002244949341e-02
-1.155298873782157898e-01
-1.032002270221710205e-01
6.614054739475250244e-02
-6.383519619703292847e-02
-6.181570142507553101e-02
-5.863757804036140442e-02
4.001944512128829956e-02
-1.807015389204025269e-02
1.447463780641555786e-02
-4.790134355425834656e-02
-5.034943670034408569e-02
-5.947374179959297180e-02
3.355792164802551270e-02
-5.332773085683584213e-03
4.979292303323745728e-02
5.693795904517173767e-02
5.555207282304763794e-02
2.031232230365276337e-02
-1.192269697785377502e-01
5.498259142041206360e-02
-3.383967280387878418e-02
-2.645462192595005035e-02
-1.660613864660263062e-01
5.981528386473655701e-02
1.168352365493774414e-01
-9.582766890525817871e-02
-2.660540491342544556e-02
3.695417568087577820e-02
-2.677303366363048553e-02
1.987930759787559509e-02
1.556328684091567993e-01
5.375577602535486221e-03
6.518691778182983398e-02
3.320287540555000305e-02
-8.330491930246353149e-02
3.082714043557643890e-03
-7.970090955495834351e-02
-4.244403913617134094e-02
-4.809655994176864624e-02
-9.761535376310348511e-02
8.949183858931064606e-03
-3.677149116992950439e-02
-9.652172774076461792e-02
-7.587033510208129883e-02
1.324810087680816650e-01
-6.905891001224517822e-02
-1.284109354019165039e-01
4.329524189233779907e-02
-3.681533411145210266e-02
9.432441741228103638e-02
6.843718234449625015e-03
-1.724813282489776611e-01
4.725120961666107178e-02
7.163080573081970215e-02
3.880482539534568787e-02
6.634444743394851685e-02
-3.992687538266181946e-02
5.042335391044616699e-02
-2.188626304268836975e-02
6.293064355850219727e-02
3.787527233362197876e-02
-4.626435413956642151e-02
-1.549459993839263916e-01
-3.606849536299705505e-02
-5.138175189495086670e-02
-1.289886515587568283e-02
-3.646126762032508850e-02
-6.291168928146362305e-02
-2.638191543519496918e-02
4.346365854144096375e-02
8.980984240770339966e-02
-9.427689015865325928e-02
6.750308722257614136e-02
-1.421351172029972076e-02
2.826828137040138245e-02
-3.211317211389541626e-02
-3.010401688516139984e-02
-5.485518276691436768e-02
5.609295517206192017e-02
7.837862521409988403e-02
1.100248321890830994e-01
-9.394677728414535522e-02
-5.422953050583600998e-03
1.507919132709503174e-01
-2.899500541388988495e-02
9.674771875143051147e-02
-5.051642074249684811e-04
-1.130636222660541534e-02
-6.467774976044893265e-03
5.314362794160842896e-02
4.377258196473121643e-02
-6.205142289400100708e-02
-2.936328202486038208e-02
1.127745807170867920e-01
-1.134687475860118866e-02
4.334866255521774292e-02
-4.536399990320205688e-02
4.659035708755254745e-03
-4.438532888889312744e-02
-7.269432395696640015e-02
-1.021366119384765625e-01
1.263372153043746948e-01
1.086478494107723236e-02
7.773850113153457642e-02
-9.261283278465270996e-02
3.421283140778541565e-02
4.832970350980758667e-02
2.218101639300584793e-03
-5.953274667263031006e-02
-2.605116693302989006e-03
8.463119715452194214e-02
5.655165016651153564e-02
-2.636725082993507385e-03
5.283744633197784424e-02
2.122640796005725861e-02
-1.296280026435852051e-01
-9.677744656801223755e-02
-5.196524783968925476e-02
9.070088714361190796e-02
4.895482212305068970e-03
-1.087284926325082779e-02
-3.931485582143068314e-03
-8.268864452838897705e-02
-7.519339025020599365e-02
-5.489492832566611469e-05
-6.689518224447965622e-03
-3.665231540799140930e-02
-1.914833672344684601e-02
1.098700389266014099e-01
2.279743738472461700e-02
-5.440492928028106689e-02
-3.854219801723957062e-03
1.026415172964334488e-02
9.675777703523635864e-02
-3.089803270995616913e-02
-2.352394163608551025e-02
-4.399550706148147583e-02
-1.836305856704711914e-02
4.160945862531661987e-02
5.795885622501373291e-02
-4.780180752277374268e-02
-7.862646877765655518e-02
1.619500964879989624e-01
1.243064627051353455e-01
-5.661588907241821289e-02
5.513433739542961121e-02
4.667388275265693665e-02
-3.096418827772140503e-02
-8.304341882467269897e-02
-2.463788841851055622e-04
-6.337216496467590332e-02
2.191264065913856030e-04
-1.771929301321506500e-02
1.492765825241804123e-02
-3.469086810946464539e-02
2.826950745657086372e-03
7.044939696788787842e-02
-1.464513223618268967e-02
3.728727251291275024e-02
5.003803968429565430e-02
1.218689046800136566e-02
1.057115644216537476e-01
-2.956877090036869049e-02
-2.174675650894641876e-02
3.795745223760604858e-02
2.164161950349807739e-02
-1.425530761480331421e-03
1.654288917779922485e-02
-1.027979031205177307e-01
5.051305145025253296e-02
5.872778221964836121e-02
5.792647600173950195e-02
-2.272888645529747009e-02
-3.742651268839836121e-02
-2.009754255414009094e-02
2.885438129305839539e-02
-4.024432972073554993e-02
-2.319104410707950592e-02
2.345499815419316292e-03
3.413517028093338013e-02
-2.120578865287825465e-04
8.409217000007629395e-02
-4.574562981724739075e-02
3.495055809617042542e-02
7.877941243350505829e-03
-6.742362678050994873e-02
6.193133443593978882e-02
6.464345008134841919e-02
3.830622509121894836e-02
-6.726168096065521240e-02
5.765860900282859802e-02
-6.563102826476097107e-03
2.203729376196861267e-02
-1.606159843504428864e-02
3.438466414809226990e-02
7.206606864929199219e-02
2.592914365231990814e-02
-1.353963166475296021e-01
3.146791830658912659e-02
3.491347283124923706e-02
8.432032912969589233e-02
-5.922223627567291260e-02
2.086781896650791168e-02
-1.922208070755004883e-02
-6.286577135324478149e-02
-4.059877619147300720e-02
8.330731093883514404e-02
-3.929660469293594360e-02
-8.407644182443618774e-02
-4.143340513110160828e-02
-3.941312804818153381e-02
-4.642743617296218872e-02
1.610184274613857269e-02
1.072930172085762024e-01
-1.181739661842584610e-02
9.892658144235610962e-02
-1.423783302307128906e-01
-1.138812024146318436e-02
-7.319127768278121948e-02
-1.444339379668235779e-02
3.681776672601699829e-02
-6.829028576612472534e-02
