1.666457355022430420e-01
-8.633477613329887390e-03
4.675612598657608032e-02
-4.586340487003326416e-02
-4.677476361393928528e-02
-3.541743755340576172e-02
-1.026042103767395020e-01
-4.824003949761390686e-02
6.368111819028854370e-02
5.014701560139656067e-02
1.232660561800003052e-02
-4.438944160938262939e-02
-4.035092424601316452e-03
-9.348856657743453979e-02
1.771095581352710724e-02
-4.922245815396308899e-02
3.134587034583091736e-02
8.589976280927658081e-02
1.158811803907155991e-02
-2.036847360432147980e-02
-2.857590653002262115e-02
-5.127691663801670074e-03
2.683462761342525482e-02
-1.357928011566400528e-02
-3.708039224147796631e-02
-1.130086779594421387e-01
2.615091204643249512e-02
-6.577502936124801636e-02
-1.113243922591209412e-01
-9.928689897060394287e-02
6.368729472160339355e-02
-4.553493857383728027e-02
-5.031513422727584839e-02
-7.885922491550445557e-02
3.157300874590873718e-02
-1.403242256492376328e-02
2.321683242917060852e-02
-3.844095766544342041e-02
-5.436024069786071777e-02
-5.136754736304283142e-02
5.856435745954513550e-02
-1.629794389009475708e-02
4.284717887639999390e-02
7.138116657733917236e-02
3.981667384505271912e-02
2.973960526287555695e-02
-1.220314204692840576e-01
2.405531518161296844e-02
-2.447357587516307831e-02
-3.207285702228546143e-02
-1.750852465629577637e-01
6.358690559864044189e-02
1.109995990991592407e-01
-8.840961754322052002e-02
-4.490764439105987549e-02
5.394487455487251282e-02
-2.732502669095993042e-02
1.563633978366851807e-02
1.627461910247802734e-01
-1.771044731140136719e-02
6.470394879579544067e-02
3.577486425638198853e-02
-7.082420587539672852e-02
1.234338968060910702e-03
-7.163521647453308105e-02
-6.417800486087799072e-02
-6.229635328054428101e-02
-1.004928052425384521e-01
5.861341487616300583e-03
-5.594815686345100403e-02
-9.643472731113433838e-02
-9.484405070543289185e-02
1.408989280462265015e-01
-8.664193004369735718e-02
-1.244652420282363892e-01
5.633357912302017212e-02
-7.396955043077468872e-02
7.971958070993423462e-02
1.334500592201948166e-02
-1.909592002630233765e-01
4.813441261649131775e-02
6.164073571562767029e-02
1.146810036152601242e-02
6.423334777355194092e-02
-5.450384318828582764e-02
5.531945452094078064e-02
-4.334933683276176453e-02
7.000439614057540894e-02
2.095947414636611938e-02
-4.034144058823585510e-02
-1.492190062999725342e-01
-3.595096990466117859e-02
-6.340443342924118042e-02
-2.000292204320430756e-02
-4.735483601689338684e-02
-5.879397690296173096e-02
-3.293044120073318481e-02
3.120195306837558746e-02
6.683475524187088013e-02
-9.206943958997726440e-02
5.814085155725479126e-02
-1.611062325537204742e-02
1.474650017917156219e-02
-1.439385674893856049e-02
-1.133049931377172470e-02
-5.909044668078422546e-02
6.964223086833953857e-02
9.129975736141204834e-02
1.022394597530364990e-01
-1.023663282394409180e-01
1.776122488081455231e-03
1.406017243862152100e-01
-2.521666139364242554e-02
8.681088685989379883e-02
6.008805241435766220e-03
-2.943625673651695251e-02
-1.858352124691009521e-02
5.757693946361541748e-02
5.320732668042182922e-02
-5.903513357043266296e-02
-3.700242564082145691e-02
1.012461632490158081e-01
2.958532422780990601e-03
4.863709956407546997e-02
-4.657485708594322205e-02
4.756015725433826447e-03
-4.170821607112884521e-02
-9.368548542261123657e-02
-1.086365431547164917e-01
1.008258536458015442e-01
8.269055746495723724e-03
8.674496412277221680e-02
-9.073926508426666260e-02
4.130188375711441040e-02
4.328637570142745972e-02
2.454016171395778656e-02
-8.259618282318115234e-02
2.084090933203697205e-02
1.022903695702552795e-01
3.548490628600120544e-02
2.852110378444194794e-02
5.829796567559242249e-02
4.610964655876159668e-02
-1.351071894168853760e-01
-7.886484265327453613e-02
-5.268544331192970276e-02
8.808682858943939209e-02
4.378309473395347595e-03
-2.611916512250900269e-02
1.591348089277744293e-02
-5.932625383138656616e-02
-5.920103564858436584e-02
1.162196323275566101e-02
-2.462891116738319397e-02
-4.790965467691421509e-02
-3.257343918085098267e-02
1.097321733832359314e-01
2.320761047303676605e-02
-6.816937029361724854e-02
-8.465908467769622803e-04
2.385314786806702614e-03
9.029583632946014404e-02
-1.477741356939077377e-02
-3.766062855720520020e-02
-3.744725510478019714e-02
-2.036875300109386444e-02
3.658451884984970093e-02
4.360172525048255920e-02
-3.920443356037139893e-02
-4.759528115391731262e-02
1.555707156658172607e-01
1.184107065200805664e-01
-5.252781510353088379e-02
4.069451615214347839e-02
4.150816798210144043e-02
-1.830643229186534882e-02
-7.062109559774398804e-02
-9.869080036878585815e-03
-4.447909444570541382e-02
-9.888127446174621582e-03
-1.555315218865871429e-02
1.950628496706485748e-02
-2.838788740336894989e-02
-1.563703455030918121e-02
7.542905211448669434e-02
-2.616330794990062714e-02
2.845991030335426331e-02
6.824272871017456055e-02
2.398429997265338898e-02
1.078878343105316162e-01
-2.227146178483963013e-02
-2.689395472407341003e-02
2.037088945508003235e-02
2.811193838715553284e-02
-5.638692062348127365e-03
9.286182001233100891e-03
-1.181936189532279968e-01
4.356271028518676758e-02
5.909211933612823486e-02
4.510169103741645813e-02
-2.264113351702690125e-02
-2.080686390399932861e-02
-1.999096013605594635e-02
2.250812202692031860e-02
-3.308992460370063782e-02
1.761801831889897585e-04
6.897946819663047791e-03
2.666345052421092987e-02
9.624031372368335724e-03
8.211330324411392212e-02
-3.396220132708549500e-02
3.908265009522438049e-02
9.188366122543811798e-03
-5.944230780005455017e-02
5.477776750922203064e-02
7.451548427343368530e-02
3.040491603314876556e-02
-7.605244964361190796e-02
8.015216886997222900e-02
1.016310136765241623e-02
3.348035365343093872e-02
-1.022631768137216568e-02
4.669070616364479065e-02
8.384018391370773315e-02
1.314671896398067474e-02
-1.353977918624877930e-01
2.154418639838695526e-02
2.185114100575447083e-02
8.825565129518508911e-02
-5.756168439984321594e-02
5.005690455436706543e-02
-5.632569082081317902e-03
-5.440450832247734070e-02
-4.608708620071411133e-02
6.514202058315277100e-02
-4.275919124484062195e-02
-6.859681010246276855e-02
-5.368458479642868042e-02
-4.011274501681327820e-02
-5.066840350627899170e-02
2.270494587719440460e-02
1.106756851077079773e-01
-1.377386599779129028e-02
1.156246736645698547e-01
-1.145847737789154053e-01
-1.887140981853008270e-02
-6.109853088855743408e-02
1.192227285355329514e-02
2.670771442353725433e-02
-7.554839551448822021e-02
