1.709392964839935303e-01
-1.477032806724309921e-02
5.063458904623985291e-02
-4.798331484198570251e-02
-5.821695551276206970e-02
-3.481672331690788269e-02
-1.093185171484947205e-01
-5.882916972041130066e-02
7.035187631845474243e-02
5.176556482911109924e-02
1.364963129162788391e-02
-4.159431159496307373e-02
-6.422558333724737167e-03
-1.020739078521728516e-01
2.019686624407768250e-02
-6.697346270084381104e-02
3.152883425354957581e-02
9.762128442525863647e-02
7.603099104017019272e-03
-2.057394944131374359e-02
-2.973898686468601227e-02
-2.018852828769013286e-04
2.905422076582908630e-02
-2.156312949955463409e-02
-4.376585781574249268e-02
-1.111179664731025696e-01
3.898847475647926331e-02
-7.150852680206298828e-02
-1.276352703571319580e-01
-1.119916290044784546e-01
6.265457719564437866e-02
-4.742501303553581238e-02
-4.831644147634506226e-02
-7.687401771545410156e-02
2.983515337109565735e-02
-6.680672522634267807e-03
1.738488487899303436e-02
-3.869123384356498718e-02
-5.026673153042793274e-02
-5.592504143714904785e-02
6.584466993808746338e-02
-1.552000991068780422e-03
3.863059729337692261e-02
8.185897767543792725e-02
3.646225854754447937e-02
1.920993626117706299e-02
-1.234834566712379456e-01
3.234207257628440857e-02
-2.239421382546424866e-02
-3.168162703514099121e-02
-1.791919469833374023e-01
7.075446844100952148e-02
1.180436015129089355e-01
-9.081833809614181519e-02
-4.372310638427734375e-02
5.532268062233924866e-02
-2.354338951408863068e-02
1.073363423347473145e-02
1.631403118371963501e-01
-1.848660036921501160e-02
6.447670608758926392e-02
4.108231514692306519e-02
-8.368157595396041870e-02
-3.937775269150733948e-03
-6.516948342323303223e-02
-6.961291283369064331e-02
-5.649397149682044983e-02
-9.983632713556289673e-02
-2.522379858419299126e-03
-5.446147173643112183e-02
-9.308430552482604980e-02
-1.043433696031570435e-01
1.343117505311965942e-01
-9.422089159488677979e-02
-1.228317171335220337e-01
5.601147562265396118e-02
-7.457669079303741455e-02
7.136502861976623535e-02
2.311035059392452240e-02
-1.989283263683319092e-01
3.973231837153434753e-02
5.873382091522216797e-02
1.082899421453475952e-02
6.941238790750503540e-02
-5.746084079146385193e-02
5.486277863383293152e-02
-4.912644997239112854e-02
5.504646897315979004e-02
2.039774134755134583e-02
-4.501734673976898193e-02
-1.418906152248382568e-01
-4.114382714033126831e-02
-6.573530286550521851e-02
-2.466755174100399017e-02
-5.840469524264335632e-02
-5.841593071818351746e-02
-2.607015334069728851e-02
3.073046542704105377e-02
5.823561176657676697e-02
-8.522170037031173706e-02
5.086875334382057190e-02
-6.935110315680503845e-03
1.105376053601503372e-02
-1.280769985169172287e-02
5.665983539074659348e-03
-5.235442146658897400e-02
7.371773570775985718e-02
8.548805862665176392e-02
8.940201997756958008e-02
-1.039073988795280457e-01
9.725858457386493683e-03
1.261905729770660400e-01
-1.615689322352409363e-02
8.999817818403244019e-02
4.867814015597105026e-03
-2.074772864580154419e-02
-1.867932267487049103e-02
5.633125826716423035e-02
5.285340547561645508e-02
-4.520244523882865906e-02
-3.837452083826065063e-02
9.601526707410812378e-02
9.483546949923038483e-03
5.300805345177650452e-02
-5.437556654214859009e-02
5.269689485430717468e-03
-3.567403927445411682e-02
-8.720464259386062622e-02
-1.058206483721733093e-01
8.510158956050872803e-02
1.802441477775573730e-02
8.580967783927917480e-02
-8.282234519720077515e-02
4.259472340345382690e-02
2.854243665933609009e-02
1.244503352791070938e-02
-7.388909906148910522e-02
3.063782304525375366e-02
9.815509617328643799e-02
2.717563323676586151e-02
3.627468645572662354e-02
5.630349367856979370e-02
4.678708314895629883e-02
-1.275527328252792358e-01
-7.791097462177276611e-02
-5.371436104178428650e-02
9.367842227220535278e-02
1.342242769896984100e-02
-1.363457553088665009e-02
1.903382502496242523e-02
-5.278206244111061096e-02
-5.241435393691062927e-02
1.456326711922883987e-02
-1.617586053907871246e-02
-3.898803144693374634e-02
-3.498337045311927795e-02
1.085899695754051208e-01
9.737712331116199493e-03
-6.413167715072631836e-02
2.059919293969869614e-03
5.147088319063186646e-03
8.722206205129623413e-02
-2.111080661416053772e-02
-2.938262559473514557e-02
-2.068481221795082092e-02
-1.687373407185077667e-02
4.137636348605155945e-02
3.623948246240615845e-02
-3.536317497491836548e-02
-4.342244565486907959e-02
1.409670412540435791e-01
1.067337170243263245e-01
-4.152167588472366333e-02
3.231863304972648621e-02
4.074453562498092651e-02
-1.218268182128667831e-02
-7.630427926778793335e-02
-1.575889810919761658e-02
-4.038624465465545654e-02
-6.460233125835657120e-03
-1.881054602563381195e-02
2.082680724561214447e-02
-2.324521541595458984e-02
-1.863826252520084381e-02
6.458947807550430298e-02
-2.553558163344860077e-02
3.716510534286499023e-02
6.357801705598831177e-02
2.493572607636451721e-02
1.047407761216163635e-01
-1.860731095075607300e-02
-1.767701283097267151e-02
7.307500112801790237e-03
2.562904544174671173e-02
-3.229710506275296211e-03
-5.376017652451992035e-03
-1.173845678567886353e-01
4.289230704307556152e-02
6.995704770088195801e-02
3.979254513978958130e-02
-1.095910556614398956e-02
-1.978382281959056854e-02
-1.675901934504508972e-02
2.324218302965164185e-02
-3.070120140910148621e-02
-2.358132507652044296e-03
4.928175359964370728e-03
3.253741189837455750e-02
1.511127874255180359e-02
8.580976724624633789e-02
-2.328784391283988953e-02
4.128786921501159668e-02
1.578893512487411499e-02
-6.174002960324287415e-02
5.793451517820358276e-02
7.673153281211853027e-02
3.910698741674423218e-02
-7.832615077495574951e-02
7.546583563089370728e-02
1.114354468882083893e-02
4.113690555095672607e-02
-6.454961840063333511e-03
5.400953441858291626e-02
8.451836556196212769e-02
1.309323590248823166e-02
-1.364169716835021973e-01
1.988341659307479858e-02
2.114462107419967651e-02
9.392311424016952515e-02
-6.596665829420089722e-02
5.876670777797698975e-02
-1.171746384352445602e-02
-6.469354778528213501e-02
-4.105857387185096741e-02
5.803083255887031555e-02
-4.902786761522293091e-02
-7.362349331378936768e-02
-6.579545885324478149e-02
-4.143996164202690125e-02
-5.521383509039878845e-02
3.030224703252315521e-02
1.116009429097175598e-01
-2.142937481403350830e-02
1.124140769243240356e-01
-1.176580041646957397e-01
-2.417694032192230225e-02
-6.077491492033004761e-02
9.991918690502643585e-03
2.402612008154392242e-02
-8.347206562757492065e-02
