2.153353542089462280e-01
1.285985670983791351e-02
4.555318877100944519e-02
-4.084827378392219543e-02
-4.962826520204544067e-02
-6.744574755430221558e-02
-1.150730848312377930e-01
-5.450144037604331970e-02
6.710506975650787354e-02
3.265710920095443726e-02
-2.384255081415176392e-02
-5.269976332783699036e-02
9.721538983285427094e-03
-1.121459603309631348e-01
2.595120109617710114e-02
-7.115002721548080444e-02
4.416326060891151428e-02
9.112783521413803101e-02
1.794071868062019348e-02
-5.979999899864196777e-03
-3.999856486916542053e-02
-1.981103233993053436e-02
3.974530473351478577e-02
-1.444254815578460693e-02
-6.956165283918380737e-02
-1.186008155345916748e-01
5.407593399286270142e-02
-8.686576038599014282e-02
-1.291574388742446899e-01
-9.576424956321716309e-02
4.943144321441650391e-02
-4.757569357752799988e-02
-6.541224662214517593e-03
-8.363057672977447510e-02
-2.660445868968963623e-03
-1.801431551575660706e-02
6.478068977594375610e-02
-2.843214944005012512e-02
-6.473905593156814575e-02
-6.760210543870925903e-02
6.837033480405807495e-02
-4.729297943413257599e-03
4.153788462281227112e-02
7.722323387861251831e-02
5.323456227779388428e-02
3.534365817904472351e-02
-1.190547794103622437e-01
7.651489228010177612e-03
-2.623248100280761719e-02
-4.925165697932243347e-02
-1.752830296754837036e-01
6.036462634801864624e-02
1.179389655590057373e-01
-7.417221367359161377e-02
-4.844090342521667480e-02
5.485446006059646606e-02
-4.799835756421089172e-02
-3.944673016667366028e-02
1.385436654090881348e-01
-7.237303070724010468e-03
5.852389335632324219e-02
3.043800033628940582e-02
-8.282829076051712036e-02
2.163837663829326630e-02
-7.147190719842910767e-02
-7.221575081348419189e-02
-3.599939867854118347e-02
-1.003331467509269714e-01
3.003904782235622406e-02
-3.969970718026161194e-02
-6.777437776327133179e-02
-1.151715889573097229e-01
1.340588629245758057e-01
-7.051065564155578613e-02
-1.284826546907424927e-01
4.509992524981498718e-02
-6.203978508710861206e-02
5.983815342187881470e-02
-2.140117110684514046e-03
-1.661020368337631226e-01
3.850809484720230103e-02
4.531012848019599915e-02
1.417461317032575607e-02
4.815959557890892029e-02
-4.632046446204185486e-02
5.965439230203628540e-02
-7.950869388878345490e-03
3.055717609822750092e-02
4.301190748810768127e-02
-3.341321647167205811e-02
-1.649667471647262573e-01
2.271975856274366379e-03
-6.618103384971618652e-02
-1.123617403209209442e-02
-5.130978673696517944e-02
-3.801914304494857788e-02
-2.454164810478687286e-02
4.213666170835494995e-02
1.168356835842132568e-01
-1.001320928335189819e-01
6.801227480173110962e-02
-2.204509638249874115e-02
3.251404315233230591e-02
-4.331357388309697853e-07
-2.843583934009075165e-03
-4.372122511267662048e-02
5.201689153909683228e-02
1.097824126482009888e-01
1.083717867732048035e-01
-9.318063408136367798e-02
-1.718239299952983856e-02
1.515976190567016602e-01
-8.815409615635871887e-03
8.407429605722427368e-02
1.764462888240814209e-02
-1.390047743916511536e-02
-1.158953178673982620e-02
6.718055158853530884e-02
7.083811610937118530e-02
-8.065646141767501831e-02
-9.060121327638626099e-02
1.034418568015098572e-01
6.277889944612979889e-03
5.497587099671363831e-02
-2.555372379720211029e-02
2.769541926681995392e-03
-7.016540318727493286e-02
-6.442809104919433594e-02
-1.041237860918045044e-01
1.224138960242271423e-01
-2.165165264159440994e-03
7.091892510652542114e-02
-9.528719633817672729e-02
4.387961328029632568e-02
3.715106472373008728e-02
3.173548728227615356e-02
-8.197320252656936646e-02
5.713288858532905579e-02
1.295114010572433472e-01
5.513678118586540222e-02
3.535827249288558960e-02
3.431164100766181946e-02
6.226856634020805359e-02
-1.625893265008926392e-01
-7.174962759017944336e-02
-6.272484362125396729e-02
8.062333613634109497e-02
1.099283620715141296e-02
-8.292529731988906860e-03
4.855290055274963379e-02
-7.766806334257125854e-02
-4.436382278800010681e-02
3.232410177588462830e-02
-4.004018753767013550e-02
-4.696028679609298706e-02
-4.969041422009468079e-02
9.528844803571701050e-02
2.537048980593681335e-02
-7.649408280849456787e-02
4.567760042846202850e-03
-2.017478458583354950e-02
1.086175292730331421e-01
-7.882349193096160889e-03
-3.839506581425666809e-02
-1.351083815097808838e-02
4.278094565961509943e-04
3.405958786606788635e-02
5.526353418827056885e-02
-4.116991162300109863e-02
-3.134512156248092651e-02
1.210201755166053772e-01
1.223498657345771790e-01
-3.567801043391227722e-02
6.402873247861862183e-02
5.604965984821319580e-02
-1.780726760625839233e-02
-5.864271521568298340e-02
-2.377548627555370331e-02
-5.438813194632530212e-02
1.673953491263091564e-03
-3.057512221857905388e-03
3.432349860668182373e-02
-7.863698527216911316e-03
-2.981953881680965424e-02
1.080651879310607910e-01
-1.577242650091648102e-02
3.863568976521492004e-02
7.456705719232559204e-02
3.611236438155174255e-02
9.584300220012664795e-02
-3.433447703719139099e-02
-2.174222655594348907e-02
5.432536825537681580e-03
7.210377603769302368e-03
-1.512064877897500992e-02
1.436597388237714767e-02
-1.115523874759674072e-01
6.020132824778556824e-02
5.226145312190055847e-02
6.807618588209152222e-02
-4.660065751522779465e-03
-8.967222645878791809e-03
-5.340388510376214981e-03
2.473187819123268127e-02
-3.227840363979339600e-02
1.181390974670648575e-02
-1.695427671074867249e-02
1.843936368823051453e-02
1.473644049838185310e-03
9.138149768114089966e-02
-3.250775393098592758e-03
1.433906890451908112e-02
9.813362732529640198e-03
-3.982761502265930176e-02
2.932563424110412598e-02
5.540934950113296509e-02
9.775444865226745605e-03
-8.691970258951187134e-02
5.888945981860160828e-02
-2.985066920518875122e-02
5.416686180979013443e-03
8.102807216346263885e-03
6.021321564912796021e-02
8.720733970403671265e-02
1.955340616405010223e-02
-7.220983505249023438e-02
3.229298815131187439e-02
5.587178282439708710e-03
2.990788407623767853e-02
-2.460399270057678223e-02
1.272328011691570282e-02
-2.093656361103057861e-02
-3.798993676900863647e-02
-5.920170247554779053e-02
5.285682529211044312e-02
-3.161207959055900574e-02
-5.938044935464859009e-02
-1.553073152899742126e-02
-1.477801939472556114e-03
-2.125539816915988922e-02
3.834131732583045959e-02
5.476322025060653687e-02
-4.197409376502037048e-03
5.580113083124160767e-02
-8.111560344696044922e-02
-1.112053263932466507e-02
-1.976780034601688385e-02
2.412445843219757080e-02
1.446935813874006271e-02
-3.495044261217117310e-02
