1.673821508884429932e-01
-9.401692077517509460e-03
3.141506388783454895e-02
-4.394574463367462158e-02
-5.128503218293190002e-02
-2.902005799114704132e-02
-1.010082364082336426e-01
-5.198783800005912781e-02
8.093494921922683716e-02
4.923522099852561951e-02
1.199120003730058670e-02
-4.756660014390945435e-02
-7.658263202756643295e-03
-9.423931688070297241e-02
1.767840795218944550e-02
-5.482099205255508423e-02
3.611983358860015869e-02
8.410280942916870117e-02
1.356073562055826187e-02
-2.449227869510650635e-02
-5.139163509011268616e-02
-8.025551214814186096e-03
1.216469798237085342e-02
-2.273184433579444885e-02
-5.023337155580520630e-02
-1.153465136885643005e-01
3.973257541656494141e-02
-6.818954646587371826e-02
-1.083434000611305237e-01
-1.131797805428504944e-01
7.414989918470382690e-02
-6.055434420704841614e-02
-5.448853224515914917e-02
-6.918822228908538818e-02
2.593354508280754089e-02
-2.182209119200706482e-02
2.904347702860832214e-02
-2.325362525880336761e-02
-4.477339610457420349e-02
-4.153898730874061584e-02
5.181756615638732910e-02
-2.037001959979534149e-02
3.898773714900016785e-02
7.511979341506958008e-02
5.118564516305923462e-02
2.921221032738685608e-02
-1.265179663896560669e-01
1.268355920910835266e-02
-1.977522857487201691e-02
-3.616648539900779724e-02
-1.716444492340087891e-01
6.197878345847129822e-02
1.206691861152648926e-01
-9.764591604471206665e-02
-4.709533974528312683e-02
4.453264549374580383e-02
-3.474674001336097717e-02
2.992715686559677124e-03
1.541091650724411011e-01
-1.609860174357891083e-02
5.416374653577804565e-02
4.762719944119453430e-02
-6.154893338680267334e-02
1.470645074732601643e-03
-6.912219524383544922e-02
-5.961709469556808472e-02
-4.924926534295082092e-02
-1.070956066250801086e-01
-3.127878531813621521e-03
-4.418604820966720581e-02
-1.029913648962974548e-01
-9.645587205886840820e-02
1.446449160575866699e-01
-8.333670347929000854e-02
-1.383587718009948730e-01
5.166395008563995361e-02
-7.957568764686584473e-02
7.016343623399734497e-02
1.288390066474676132e-02
-1.813227683305740356e-01
4.179203510284423828e-02
4.471158236265182495e-02
1.270086690783500671e-02
6.536601483821868896e-02
-5.757341533899307251e-02
5.354698002338409424e-02
-2.485974691808223724e-02
5.287924036383628845e-02
2.422013133764266968e-02
-3.897561505436897278e-02
-1.618768721818923950e-01
-1.929228194057941437e-02
-6.663137674331665039e-02
-3.418086469173431396e-02
-5.741167068481445312e-02
-5.238202214241027832e-02
-2.810720540583133698e-02
2.850124984979629517e-02
7.111122459173202515e-02
-8.772096037864685059e-02
4.690653085708618164e-02
-7.375882472842931747e-03
1.251450087875127792e-02
-1.850313134491443634e-02
-5.831386428326368332e-03
-6.045273691415786743e-02
5.988315865397453308e-02
1.032572016119956970e-01
9.356213361024856567e-02
-9.382266551256179810e-02
-5.785797722637653351e-03
1.354357302188873291e-01
-2.877205982804298401e-02
8.273894339799880981e-02
7.640548981726169586e-03
-1.477471087127923965e-02
-2.940133213996887207e-02
4.987302049994468689e-02
6.441888958215713501e-02
-6.840766221284866333e-02
-4.343609139323234558e-02
1.086795181035995483e-01
7.152044214308261871e-03
4.035506024956703186e-02
-4.758656769990921021e-02
1.779051125049591064e-02
-5.612029135227203369e-02
-9.114394336938858032e-02
-1.009829938411712646e-01
9.731434285640716553e-02
2.146349055692553520e-03
7.956071197986602783e-02
-9.450236707925796509e-02
3.914855048060417175e-02
4.298578575253486633e-02
1.469245459884405136e-02
-7.568961381912231445e-02
2.958096191287040710e-02
1.044749394059181213e-01
4.467049241065979004e-02
1.658092811703681946e-02
6.330651789903640747e-02
3.025111183524131775e-02
-1.477577537298202515e-01
-6.423889100551605225e-02
-5.461188033223152161e-02
7.424964755773544312e-02
1.017649564892053604e-02
-1.154381968080997467e-02
1.784254424273967743e-02
-7.175709307193756104e-02
-4.368920996785163879e-02
1.361192855983972549e-02
-3.251699730753898621e-02
-4.501831158995628357e-02
-3.709634393453598022e-02
9.850446134805679321e-02
1.386816706508398056e-02
-7.587120682001113892e-02
7.356612477451562881e-04
-7.371085812337696552e-04
1.086347550153732300e-01
-1.625315286219120026e-02
-3.789450973272323608e-02
-4.124862328171730042e-02
-7.312063127756118774e-03
4.678970575332641602e-02
3.715430200099945068e-02
-4.438969120383262634e-02
-5.725517496466636658e-02
1.605401784181594849e-01
1.448210328817367554e-01
-5.321234837174415588e-02
5.034862831234931946e-02
4.547355696558952332e-02
-1.457952894270420074e-02
-6.846928596496582031e-02
-1.085674855858087540e-02
-3.304705023765563965e-02
-1.541353762149810791e-03
-1.106558181345462799e-02
1.735693216323852539e-02
-3.755688294768333435e-02
-9.749777615070343018e-03
8.099876344203948975e-02
-1.276328507810831070e-02
2.193577960133552551e-02
6.952163577079772949e-02
3.588534146547317505e-02
1.183724477887153625e-01
-2.005183696746826172e-02
-2.633763849735260010e-02
2.375854179263114929e-02
3.282352909445762634e-02
-1.289319898933172226e-02
1.191852334886789322e-02
-1.165122762322425842e-01
5.711084976792335510e-02
5.478361248970031738e-02
6.215883418917655945e-02
-2.191263064742088318e-02
-3.207384049892425537e-02
-3.091202490031719208e-02
2.068912796676158905e-02
-3.651074320077896118e-02
-4.851873498409986496e-03
-2.511047758162021637e-03
2.188719995319843292e-02
-1.282993238419294357e-02
1.055886894464492798e-01
-3.298210725188255310e-02
3.322815150022506714e-02
9.179591201245784760e-03
-5.757149308919906616e-02
6.125822663307189941e-02
6.629961729049682617e-02
2.050081267952919006e-02
-8.423119783401489258e-02
6.895250082015991211e-02
-4.193298518657684326e-03
3.413105383515357971e-02
-5.499139428138732910e-03
4.927404597401618958e-02
8.032620698213577271e-02
1.354330405592918396e-02
-1.205501854419708252e-01
2.282161638140678406e-02
1.970665715634822845e-02
7.592676579952239990e-02
-3.347289934754371643e-02
2.824907749891281128e-02
-2.158346772193908691e-02
-4.766015708446502686e-02
-3.929827734827995300e-02
6.965162605047225952e-02
-3.689857199788093567e-02
-6.635014712810516357e-02
-4.349622875452041626e-02
-3.136616945266723633e-02
-2.944314666092395782e-02
3.152346611022949219e-02
1.072987467050552368e-01
-1.361594069749116898e-02
8.847719430923461914e-02
-1.239515691995620728e-01
-2.257286943495273590e-02
-4.473602771759033203e-02
-4.350162576884031296e-03
2.730388008058071136e-02
-5.712045356631278992e-02
