1.727288514375686646e-01
-1.512977760285139084e-03
4.678833857178688049e-02
-3.682491928339004517e-02
-6.243070587515830994e-02
-1.837435923516750336e-02
-1.142476424574851990e-01
-5.732148885726928711e-02
6.677500158548355103e-02
5.172701552510261536e-02
3.454086603596806526e-03
-4.993810132145881653e-02
-1.068709325045347214e-02
-1.145382374525070190e-01
1.322994660586118698e-02
-7.425819337368011475e-02
6.651136092841625214e-03
8.297123759984970093e-02
1.749996095895767212e-02
-1.564968749880790710e-02
-3.013713285326957703e-02
-6.796350236982107162e-03
2.996689267456531525e-02
-2.209122478961944580e-02
-3.530134633183479309e-02
-1.185572147369384766e-01
4.141255840659141541e-02
-8.050832152366638184e-02
-1.470728218555450439e-01
-1.284418106079101562e-01
5.688416585326194763e-02
-5.398493632674217224e-02
-2.822634018957614899e-02
-6.712940335273742676e-02
2.271749451756477356e-02
-9.178466163575649261e-03
9.351833723485469818e-03
-5.496359989047050476e-02
-6.254294514656066895e-02
-4.835693165659904480e-02
6.408723443746566772e-02
3.052694723010063171e-02
4.351998120546340942e-02
7.555488497018814087e-02
3.238292783498764038e-02
2.787054888904094696e-02
-9.868945181369781494e-02
4.352662712335586548e-02
-3.448266908526420593e-02
-2.108490280807018280e-02
-1.708462387323379517e-01
6.825083494186401367e-02
1.169609427452087402e-01
-1.024076566100120544e-01
-2.695985510945320129e-02
4.651346057653427124e-02
-1.944594085216522217e-02
1.507733669131994247e-02
1.713219135999679565e-01
1.666769501753151417e-03
7.389335334300994873e-02
7.433054968714714050e-03
-9.063774347305297852e-02
-4.938635975122451782e-03
-7.335053384304046631e-02
-5.678030103445053101e-02
-5.626843124628067017e-02
-9.045672416687011719e-02
7.129566743969917297e-03
-5.850893631577491760e-02
-9.989389777183532715e-02
-1.040645912289619446e-01
1.287179738283157349e-01
-9.560514241456985474e-02
-1.289385110139846802e-01
3.650014102458953857e-02
-3.688310831785202026e-02
9.182327985763549805e-02
2.884435467422008514e-02
-2.094494849443435669e-01
4.935269430279731750e-02
5.125426128506660461e-02
2.111889235675334930e-02
8.390492945909500122e-02
-4.614983499050140381e-02
4.427304491400718689e-02
-5.901694670319557190e-02
6.124828010797500610e-02
3.365026786923408508e-02
-3.897219896316528320e-02
-1.188544407486915588e-01
-6.675880402326583862e-02
-5.753442272543907166e-02
-1.622672192752361298e-02
-5.617481842637062073e-02
-6.065358594059944153e-02
-2.491567097604274750e-02
4.986140131950378418e-02
5.659269168972969055e-02
-9.224743396043777466e-02
4.992210119962692261e-02
-3.129805251955986023e-02
2.147143147885799408e-02
-5.223048850893974304e-03
-1.453406410291790962e-03
-3.233315423130989075e-02
6.438171863555908203e-02
6.612413376569747925e-02
9.865751117467880249e-02
-8.943507075309753418e-02
1.460338197648525238e-02
1.196533367037773132e-01
-1.292834058403968811e-02
1.027926281094551086e-01
-1.730663888156414032e-02
-9.728390723466873169e-03
-2.203840389847755432e-02
4.754231125116348267e-02
3.707594424486160278e-02
-2.139774523675441742e-02
-2.101016975939273834e-02
9.113150835037231445e-02
1.839952310547232628e-03
3.736407309770584106e-02
-3.629666194319725037e-02
1.220531854778528214e-02
-1.448829006403684616e-02
-6.613296270370483398e-02
-9.651522338390350342e-02
6.922677159309387207e-02
3.538725525140762329e-02
7.069718092679977417e-02
-8.069674670696258545e-02
4.114629700779914856e-02
2.808946743607521057e-02
-1.360706984996795654e-02
-6.794343143701553345e-02
2.435156330466270447e-02
6.974539160728454590e-02
1.072560623288154602e-02
2.933303080499172211e-02
4.882976785302162170e-02
4.292268678545951843e-02
-1.162577494978904724e-01
-1.004038825631141663e-01
-6.078182905912399292e-02
1.021818220615386963e-01
1.197429653257131577e-02
-2.384178154170513153e-02
2.445778995752334595e-02
-4.404572024941444397e-02
-5.957767367362976074e-02
-2.487620804458856583e-03
-4.278595559298992157e-03
-3.580614179372787476e-02
-2.345732972025871277e-02
1.037973687052726746e-01
2.471558516845107079e-03
-4.566038399934768677e-02
-2.669832203537225723e-03
3.171713650226593018e-02
5.790454149246215820e-02
-9.348505176603794098e-03
-1.477439422160387039e-02
-9.711567312479019165e-03
-6.394132040441036224e-03
4.020969942212104797e-02
4.316572472453117371e-02
-4.562091082334518433e-02
-4.784768447279930115e-02
1.353327333927154541e-01
9.615568816661834717e-02
-5.232690274715423584e-02
1.147875562310218811e-02
4.204306751489639282e-02
-1.378976833075284958e-02
-7.541470974683761597e-02
-2.056565135717391968e-03
-4.998617619276046753e-02
-1.497859507799148560e-02
-4.155481234192848206e-02
2.434604056179523468e-02
-2.665982395410537720e-02
-1.738328114151954651e-02
3.908725455403327942e-02
-2.850842475891113281e-02
4.622333496809005737e-02
4.690508544445037842e-02
2.175189927220344543e-02
8.987890928983688354e-02
-1.846198178827762604e-02
-1.173940952867269516e-02
2.450144290924072266e-02
1.578175462782382965e-02
1.902781543321907520e-03
-7.299811579287052155e-03
-1.020698174834251404e-01
2.930221147835254669e-02
6.804926693439483643e-02
3.172768279910087585e-02
-1.867035776376724243e-02
-3.570564836263656616e-02
-8.091868832707405090e-03
4.198078811168670654e-02
-6.255109608173370361e-02
-3.535576397553086281e-03
9.469558484852313995e-03
3.835094347596168518e-02
3.102014586329460144e-02
6.566820293664932251e-02
-2.835457585752010345e-02
5.237539857625961304e-02
6.868587806820869446e-03
-7.088407129049301147e-02
5.568057298660278320e-02
9.637285768985748291e-02
6.603642553091049194e-02
-5.512374639511108398e-02
6.130725890398025513e-02
2.443698234856128693e-02
3.108191862702369690e-02
-6.214616820216178894e-03
4.419651627540588379e-02
7.424691319465637207e-02
2.569592930376529694e-02
-1.776165962219238281e-01
2.042545378208160400e-02
3.929904475808143616e-02
1.223487704992294312e-01
-7.933942228555679321e-02
6.581620872020721436e-02
5.548478802666068077e-04
-7.512760907411575317e-02
-5.199914425611495972e-02
5.597815662622451782e-02
-6.358212232589721680e-02
-7.645352184772491455e-02
-5.781292170286178589e-02
-4.764375463128089905e-02
-6.419576704502105713e-02
2.079860679805278778e-02
1.149735450744628906e-01
-2.654306404292583466e-02
1.244960948824882507e-01
-1.310257464647293091e-01
-1.127326767891645432e-02
-6.240451335906982422e-02
-6.552026607096195221e-03
5.619767680764198303e-02
-8.309923857450485229e-02
