1.264188587665557861e-01
-6.632021628320217133e-03
2.718274667859077454e-02
-2.298373915255069733e-02
-4.319175332784652710e-02
4.569126293063163757e-03
-9.793931245803833008e-02
-4.372686892747879028e-02
7.629742473363876343e-02
5.359853431582450867e-02
1.425548736006021500e-02
-2.046016976237297058e-02
-1.651267288252711296e-03
-9.361522644758224487e-02
1.057562138885259628e-02
-5.762246251106262207e-02
9.344136342406272888e-03
4.426800087094306946e-02
-1.150244288146495819e-02
-1.071031298488378525e-02
-3.683001175522804260e-02
-8.296720334328711033e-04
8.556564338505268097e-03
-1.499669533222913742e-02
-2.111318521201610565e-02
-9.423486888408660889e-02
3.196177631616592407e-02
-6.497178226709365845e-02
-1.053718253970146179e-01
-1.125589981675148010e-01
7.766906917095184326e-02
-4.391665756702423096e-02
-3.566189482808113098e-02
-7.755414396524429321e-02
3.329445049166679382e-02
-2.565798163414001465e-02
1.207100041210651398e-02
-4.255550727248191833e-02
-5.531037226319313049e-02
-2.455521374940872192e-02
5.429914593696594238e-02
-1.276989281177520752e-02
5.171083286404609680e-02
8.111446350812911987e-02
2.078348211944103241e-02
1.669518835842609406e-02
-1.201499849557876587e-01
1.050036028027534485e-02
-2.118198014795780182e-02
-2.858051843941211700e-02
-1.704619824886322021e-01
7.101515680551528931e-02
1.268841773271560669e-01
-1.041452959179878235e-01
-4.885329306125640869e-02
4.632357880473136902e-02
-4.196502268314361572e-03
2.450371161103248596e-02
1.562599986791610718e-01
-5.040815565735101700e-03
6.680548191070556641e-02
2.959101088345050812e-02
-5.131156370043754578e-02
1.089154742658138275e-02
-7.502742856740951538e-02
-3.932073712348937988e-02
-6.975053250789642334e-02
-1.148386895656585693e-01
-3.532366594299674034e-03
-6.815404444932937622e-02
-1.182832494378089905e-01
-9.483900666236877441e-02
1.497699916362762451e-01
-8.529691398143768311e-02
-1.378103196620941162e-01
5.086333677172660828e-02
-6.063944473862648010e-02
8.672238886356353760e-02
4.665189422667026520e-03
-1.961667090654373169e-01
6.076373532414436340e-02
5.910061672329902649e-02
9.835192002356052399e-03
7.929605245590209961e-02
-5.476095154881477356e-02
5.922259762883186340e-02
-4.465805366635322571e-02
5.804110690951347351e-02
2.131338417530059814e-02
-3.949096426367759705e-02
-1.599818170070648193e-01
-4.344543814659118652e-02
-5.174908041954040527e-02
-2.599347382783889771e-02
-4.901394993066787720e-02
-7.425091415643692017e-02
-4.468824341893196106e-02
2.374291978776454926e-02
6.267370283603668213e-02
-9.855928272008895874e-02
6.900665163993835449e-02
-2.265603840351104736e-02
2.220470644533634186e-02
-2.118694595992565155e-02
-1.663529872894287109e-02
-6.865583360195159912e-02
7.883848249912261963e-02
9.992985427379608154e-02
1.162010282278060913e-01
-1.004776954650878906e-01
7.973503321409225464e-03
1.465761959552764893e-01
-1.806039363145828247e-02
1.125289723277091980e-01
-4.875918384641408920e-03
-2.818094007670879364e-02
-2.290151268243789673e-02
4.622994363307952881e-02
5.493174120783805847e-02
-6.665340811014175415e-02
-3.580322489142417908e-02
9.964351356029510498e-02
3.395356005057692528e-03
5.465351790189743042e-02
-5.180676653981208801e-02
1.789400912821292877e-02
-3.920942172408103943e-02
-1.155618280172348022e-01
-1.020826920866966248e-01
8.194762468338012695e-02
2.254902198910713196e-02
8.067688345909118652e-02
-9.331081807613372803e-02
4.177469015121459961e-02
3.724445775151252747e-02
8.021927438676357269e-03
-7.408046722412109375e-02
2.296550571918487549e-02
1.006323248147964478e-01
3.655726835131645203e-02
3.296605870127677917e-02
7.475846260786056519e-02
3.409635648131370544e-02
-1.438889950513839722e-01
-9.460759162902832031e-02
-6.393311917781829834e-02
8.345019817352294922e-02
1.128423213958740234e-02
-3.532168641686439514e-02
1.584202796220779419e-02
-6.474416702985763550e-02
-6.604191660881042480e-02
3.193366108462214470e-03
-2.380780316889286041e-02
-4.039276391267776489e-02
-3.876326605677604675e-02
1.052835509181022644e-01
1.699085161089897156e-02
-7.480820268392562866e-02
3.843954531475901604e-03
1.530952379107475281e-02
8.673531562089920044e-02
-2.942369133234024048e-02
-4.166036844253540039e-02
-3.435846045613288879e-02
-7.761930581182241440e-03
4.260750859975814819e-02
3.294514492154121399e-02
-6.429444998502731323e-02
-4.808396846055984497e-02
1.540750265121459961e-01
1.335915774106979370e-01
-5.714967474341392517e-02
2.023504488170146942e-02
4.339882358908653259e-02
-3.056366555392742157e-02
-7.875883579254150391e-02
-1.510354690253734589e-02
-3.672968968749046326e-02
-3.611601423472166061e-03
-2.292049489915370941e-02
3.858931362628936768e-02
-5.703535303473472595e-02
-7.407780271023511887e-03
6.666192412376403809e-02
-1.670440472662448883e-02
1.968184299767017365e-02
7.875084131956100464e-02
2.646208181977272034e-02
1.085549816489219666e-01
-1.838135346770286560e-02
-1.976505480706691742e-02
2.790962532162666321e-02
3.245707228779792786e-02
-8.764531463384628296e-03
2.086182124912738800e-02
-1.078344061970710754e-01
2.590071409940719604e-02
6.865542382001876831e-02
4.954504594206809998e-02
-3.163770586252212524e-02
-2.470159158110618591e-02
-4.736390337347984314e-02
2.546027861535549164e-02
-6.041909381747245789e-02
-3.191998926922678947e-03
3.637056564912199974e-03
1.843914762139320374e-02
2.731090062297880650e-04
7.893542945384979248e-02
-5.305609852075576782e-02
4.693493619561195374e-02
6.883249618113040924e-03
-7.062251865863800049e-02
6.018045917153358459e-02
7.532395422458648682e-02
2.279211208224296570e-02
-5.807559937238693237e-02
7.996003329753875732e-02
1.210534758865833282e-02
3.975962847471237183e-02
5.500848055817186832e-05
5.407397821545600891e-02
9.508445113897323608e-02
1.378854922950267792e-02
-1.386421173810958862e-01
3.121007606387138367e-02
4.680728912353515625e-02
9.616981446743011475e-02
-4.467317089438438416e-02
2.876379154622554779e-02
-2.332377946004271507e-03
-3.622071444988250732e-02
-3.304401040077209473e-02
4.393162950873374939e-02
-4.163654148578643799e-02
-5.120791122317314148e-02
-2.814031206071376801e-02
-1.358235627412796021e-02
-4.206058382987976074e-02
4.153170622885227203e-03
8.396193385124206543e-02
-1.828691363334655762e-02
8.139496296644210815e-02
-8.574793487787246704e-02
5.945109762251377106e-03
-3.847814723849296570e-02
-1.780123263597488403e-02
2.310084551572799683e-02
-3.266283869743347168e-02
