1.585122048854827881e-01
3.151377663016319275e-03
3.650306537747383118e-02
-4.603002220392227173e-02
-2.678110264241695404e-02
-4.244061559438705444e-02
-8.912759274244308472e-02
-5.938050150871276855e-02
3.646756336092948914e-02
3.656944632530212402e-02
-5.621721968054771423e-03
-4.950140416622161865e-02
-5.355634726583957672e-03
-8.833182603120803833e-02
-2.289874013513326645e-03
-4.908270016312599182e-02
2.399240806698799133e-02
8.325111865997314453e-02
-3.946883603930473328e-03
-1.932023558765649796e-03
-2.415612898766994476e-02
-2.558421529829502106e-02
2.729029767215251923e-02
-2.641857974231243134e-02
-6.078832224011421204e-02
-1.228311210870742798e-01
4.477160796523094177e-02
-6.679601222276687622e-02
-1.147962063550949097e-01
-1.038301587104797363e-01
6.917940825223922729e-02
-5.946022644639015198e-02
-5.461338907480239868e-02
-5.822574347257614136e-02
3.690749034285545349e-02
-5.270270165055990219e-03
1.917689293622970581e-02
-4.748291894793510437e-02
-4.900480434298515320e-02
-6.206664443016052246e-02
4.247433319687843323e-02
-1.202614046633243561e-03
3.664026409387588501e-02
6.889940053224563599e-02
5.652307718992233276e-02
1.393384579569101334e-02
-1.300920248031616211e-01
5.919432267546653748e-02
-3.054061345756053925e-02
-4.328783601522445679e-02
-1.645711809396743774e-01
6.375984847545623779e-02
1.142276450991630554e-01
-9.247597306966781616e-02
-3.177679330110549927e-02
3.953043371438980103e-02
-3.460239246487617493e-02
-7.166975177824497223e-03
1.513422131538391113e-01
-1.024408824741840363e-02
6.827598065137863159e-02
4.004137963056564331e-02
-8.389019966125488281e-02
1.144349458627402782e-03
-7.100080698728561401e-02
-4.756031185388565063e-02
-4.886704310774803162e-02
-9.473995119333267212e-02
2.693154849112033844e-03
-4.521519318222999573e-02
-8.299659192562103271e-02
-8.102155476808547974e-02
1.227558329701423645e-01
-6.843425333499908447e-02
-1.330009400844573975e-01
4.496686160564422607e-02
-5.281364545226097107e-02
8.681427687406539917e-02
2.222538692876696587e-03
-1.735579520463943481e-01
3.594929352402687073e-02
7.056475430727005005e-02
4.215823858976364136e-02
6.571444869041442871e-02
-4.840486869215965271e-02
4.788025096058845520e-02
-2.748842723667621613e-02
5.491398274898529053e-02
4.947413131594657898e-02
-4.426447674632072449e-02
-1.694042980670928955e-01
-3.180241957306861877e-02
-4.805193468928337097e-02
-1.726234704256057739e-02
-5.225696414709091187e-02
-5.145666748285293579e-02
-2.836572192609310150e-02
2.881322987377643585e-02
8.671916276216506958e-02
-8.205293864011764526e-02
6.359878182411193848e-02
-7.076593581587076187e-03
2.153824083507061005e-02
-2.935331873595714569e-02
-1.507145632058382034e-02
-5.871210619807243347e-02
5.955245718359947205e-02
7.480903714895248413e-02
1.101999357342720032e-01
-9.265390038490295410e-02
-6.828315556049346924e-03
1.460372507572174072e-01
-2.083190716803073883e-02
9.624315053224563599e-02
6.534916348755359650e-03
-1.883553154766559601e-02
-4.764263983815908432e-03
4.360863566398620605e-02
4.026225209236145020e-02
-6.138284131884574890e-02
-3.358978405594825745e-02
1.102579832077026367e-01
-6.729022599756717682e-03
4.772420600056648254e-02
-5.349248647689819336e-02
-5.619922652840614319e-03
-4.894964769482612610e-02
-7.288574427366256714e-02
-9.920558333396911621e-02
1.214434877038002014e-01
1.161128375679254532e-02
8.231458067893981934e-02
-9.411935508251190186e-02
3.446910902857780457e-02
3.904528543353080750e-02
8.823360316455364227e-03
-5.760151520371437073e-02
3.333627944812178612e-03
8.988823741674423218e-02
5.803132429718971252e-02
2.884297864511609077e-03
4.653981328010559082e-02
3.602165728807449341e-02
-1.233951598405838013e-01
-8.755932748317718506e-02
-5.362604185938835144e-02
8.755250275135040283e-02
7.661581970751285553e-03
3.530810121446847916e-03
-2.625531924422830343e-04
-7.962274551391601562e-02
-6.917993724346160889e-02
2.223923057317733765e-02
-4.062826279550790787e-03
-3.727130219340324402e-02
-2.457498572766780853e-02
1.074739024043083191e-01
8.268385194242000580e-03
-5.423040688037872314e-02
2.816646592691540718e-03
5.731022683903574944e-04
1.054169386625289917e-01
-3.326251730322837830e-02
-2.101543918251991272e-02
-2.837670780718326569e-02
-7.424118928611278534e-03
4.001827910542488098e-02
5.918981134891510010e-02
-5.139616131782531738e-02
-7.864253968000411987e-02
1.533171981573104858e-01
1.199150457978248596e-01
-4.247086495161056519e-02
5.926394835114479065e-02
5.243399366736412048e-02
-2.943973243236541748e-02
-8.721591532230377197e-02
-6.357775069773197174e-03
-5.611357465386390686e-02
1.000840682536363602e-02
-1.235003303736448288e-02
1.116546057164669037e-02
-2.834141813218593597e-02
-6.583538488484919071e-04
7.585322111845016479e-02
-1.994142308831214905e-02
3.773884847760200500e-02
5.120512843132019043e-02
1.152069214731454849e-02
1.054262444376945496e-01
-3.092044591903686523e-02
-2.574832737445831299e-02
2.427672222256660461e-02
2.252156473696231842e-02
-1.119675859808921814e-02
1.051762606948614120e-02
-1.189554408192634583e-01
5.497011169791221619e-02
6.842331588268280029e-02
6.223771721124649048e-02
-1.393822021782398224e-02
-3.197304159402847290e-02
-4.717784468084573746e-03
3.274268656969070435e-02
-2.977332286536693573e-02
-6.016895640641450882e-03
2.551072509959340096e-03
2.827851288020610809e-02
3.197042969986796379e-03
8.672694861888885498e-02
-2.862074784934520721e-02
2.507552132010459900e-02
6.879692431539297104e-03
-6.211118400096893311e-02
5.032308027148246765e-02
6.664753705263137817e-02
2.870903536677360535e-02
-8.445702493190765381e-02
6.628428399562835693e-02
-4.702272824943065643e-03
3.102528862655162811e-02
-1.849395968019962311e-02
5.202023312449455261e-02
8.317083865404129028e-02
3.459115698933601379e-02
-1.531671881675720215e-01
3.331197798252105713e-02
2.753643132746219635e-02
8.816675841808319092e-02
-6.759177148342132568e-02
2.845266088843345642e-02
-2.535579726099967957e-02
-8.857237547636032104e-02
-4.249649494886398315e-02
7.706863433122634888e-02
-3.981431946158409119e-02
-8.969070017337799072e-02
-6.074057146906852722e-02
-3.820824250578880310e-02
-5.466642230749130249e-02
2.247466333210468292e-02
1.079262867569923401e-01
-1.989520713686943054e-02
9.017281234264373779e-02
-1.393700242042541504e-01
-2.967648208141326904e-02
-7.347177714109420776e-02
7.964010001160204411e-04
3.085155412554740906e-02
-7.589641213417053223e-02
