1.346440315246582031e-01
-1.761339791119098663e-02
3.835351392626762390e-02
-4.109627753496170044e-02
-4.277072474360466003e-02
-1.998131908476352692e-02
-8.709774166345596313e-02
-4.515885189175605774e-02
6.016705185174942017e-02
4.595458135008811951e-02
2.304819412529468536e-02
-4.103360325098037720e-02
-8.531333878636360168e-03
-7.916221767663955688e-02
1.177196856588125229e-02
-4.351667314767837524e-02
2.354218810796737671e-02
7.815948873758316040e-02
2.806644188240170479e-04
-2.091568708419799805e-02
-2.633962780237197876e-02
6.175701972097158432e-03
1.450351625680923462e-02
-2.403662726283073425e-02
-2.501068823039531708e-02
-1.075628995895385742e-01
2.473710477352142334e-02
-5.736438557505607605e-02
-1.068749651312828064e-01
-1.044236123561859131e-01
6.733478605747222900e-02
-4.283049330115318298e-02
-6.366887688636779785e-02
-6.903257220983505249e-02
4.072385653853416443e-02
-8.678460493683815002e-03
9.344603866338729858e-03
-3.544678911566734314e-02
-4.799976199865341187e-02
-4.325244575738906860e-02
5.573539435863494873e-02
-1.138861011713743210e-02
3.900075703859329224e-02
6.992900371551513672e-02
3.259564936161041260e-02
2.075975574553012848e-02
-1.216968595981597900e-01
3.415365889668464661e-02
-2.656444348394870758e-02
-2.855957113206386566e-02
-1.722969263792037964e-01
6.553656607866287231e-02
1.073777154088020325e-01
-9.792171418666839600e-02
-4.308844730257987976e-02
5.086018890142440796e-02
-2.060543000698089600e-02
1.938127912580966949e-02
1.679986417293548584e-01
-1.673243567347526550e-02
6.340014189481735229e-02
3.657661005854606628e-02
-6.679442524909973145e-02
-6.654089316725730896e-03
-6.871791929006576538e-02
-5.949723348021507263e-02
-6.059452146291732788e-02
-1.045029610395431519e-01
-9.153028018772602081e-03
-5.708584561944007874e-02
-1.052431538701057434e-01
-9.059651941061019897e-02
1.400326043367385864e-01
-9.160801768302917480e-02
-1.304336935281753540e-01
5.681900680065155029e-02
-7.482343167066574097e-02
8.482954651117324829e-02
2.194300107657909393e-02
-2.007686197757720947e-01
4.610889777541160583e-02
5.817613750696182251e-02
7.427008356899023056e-03
7.246278226375579834e-02
-5.744027346372604370e-02
4.636299982666969299e-02
-5.022516474127769470e-02
7.532640546560287476e-02
1.827042363584041595e-02
-4.248263686895370483e-02
-1.481211930513381958e-01
-5.011060088872909546e-02
-5.967599526047706604e-02
-2.882359363138675690e-02
-5.367215350270271301e-02
-6.109808012843132019e-02
-3.049604035913944244e-02
2.614736184477806091e-02
5.246960744261741638e-02
-8.615139126777648926e-02
4.864584282040596008e-02
-1.094596367329359055e-02
7.099190261214971542e-03
-1.941010169684886932e-02
-7.379444316029548645e-03
-6.431637704372406006e-02
7.400618493556976318e-02
8.259443193674087524e-02
9.735191613435745239e-02
-9.715060144662857056e-02
9.380849078297615051e-03
1.313360333442687988e-01
-2.177115343511104584e-02
9.067067503929138184e-02
6.534063722938299179e-04
-3.022512048482894897e-02
-2.504761144518852234e-02
4.569505900144577026e-02
4.972502589225769043e-02
-4.860043525695800781e-02
-2.412776276469230652e-02
1.018732935190200806e-01
3.420619061216711998e-03
3.805435821413993835e-02
-5.778598785400390625e-02
6.723294965922832489e-03
-3.584748134016990662e-02
-9.533327072858810425e-02
-1.015096306800842285e-01
8.765917271375656128e-02
1.284335833042860031e-02
8.607191592454910278e-02
-8.768093585968017578e-02
3.740435466170310974e-02
4.109218716621398926e-02
1.152243744581937790e-02
-7.600080221891403198e-02
8.054201491177082062e-03
8.364102244377136230e-02
3.142333403229713440e-02
2.097133360803127289e-02
6.046297028660774231e-02
4.132159054279327393e-02
-1.245868653059005737e-01
-7.485853135585784912e-02
-4.703421145677566528e-02
8.381187915802001953e-02
5.060642026364803314e-03
-2.095188945531845093e-02
8.253135718405246735e-03
-5.747098848223686218e-02
-5.902419239282608032e-02
8.776514790952205658e-03
-1.894990727305412292e-02
-4.585007205605506897e-02
-2.799956128001213074e-02
1.036232039332389832e-01
9.806051850318908691e-03
-6.187813729047775269e-02
-1.715866499580442905e-03
1.202706340700387955e-02
9.132376313209533691e-02
-2.320811338722705841e-02
-3.020368888974189758e-02
-3.574709966778755188e-02
-1.702589355409145355e-02
4.469673335552215576e-02
3.381823003292083740e-02
-4.303690418601036072e-02
-5.632117390632629395e-02
1.565977036952972412e-01
1.190682873129844666e-01
-5.879969894886016846e-02
3.607129305601119995e-02
3.844421356916427612e-02
-1.857861131429672241e-02
-7.408969104290008545e-02
-1.386101706884801388e-03
-3.677897900342941284e-02
-5.803675390779972076e-03
-2.322315797209739685e-02
1.271207351237535477e-02
-3.678812086582183838e-02
-6.368506234139204025e-03
5.731545388698577881e-02
-2.794123813509941101e-02
2.431065402925014496e-02
5.685929208993911743e-02
2.148598991334438324e-02
1.139951124787330627e-01
-1.563111133873462677e-02
-3.046419844031333923e-02
2.487375400960445404e-02
3.495372086763381958e-02
-4.476544912904500961e-03
2.434096066281199455e-03
-1.232639253139495850e-01
4.286642745137214661e-02
6.459985673427581787e-02
4.427832737565040588e-02
-2.260788530111312866e-02
-2.877355925738811493e-02
-2.199357002973556519e-02
2.580090239644050598e-02
-3.631943464279174805e-02
-2.286723116412758827e-03
8.770593442022800446e-03
2.776380255818367004e-02
5.973165854811668396e-03
8.535197377204895020e-02
-3.943610936403274536e-02
4.300565272569656372e-02
2.246351912617683411e-03
-6.516882032155990601e-02
6.445693969726562500e-02
8.377669006586074829e-02
4.260572418570518494e-02
-7.787393778562545776e-02
8.419071882963180542e-02
2.247048728168010712e-02
4.446976259350776672e-02
-1.603779196739196777e-02
4.446939378976821899e-02
8.145947754383087158e-02
1.690783165395259857e-02
-1.624108701944351196e-01
1.090809982270002365e-02
2.506523393094539642e-02
1.065934449434280396e-01
-6.473221629858016968e-02
6.123032048344612122e-02
-5.606161430478096008e-03
-6.687515974044799805e-02
-4.039674997329711914e-02
7.145632058382034302e-02
-4.652761667966842651e-02
-7.365806400775909424e-02
-6.941389292478561401e-02
-5.102503299713134766e-02
-5.542163178324699402e-02
2.116974070668220520e-02
1.336705982685089111e-01
-1.685454323887825012e-02
1.240421235561370850e-01
-1.338181495666503906e-01
-2.838652767241001129e-02
-7.149475067853927612e-02
2.470344770699739456e-03
3.580009192228317261e-02
-8.797083795070648193e-02
