1.099809780716896057e-01
-9.994340129196643829e-03
3.071210347115993500e-02
-2.433565072715282440e-02
-3.447119891643524170e-02
-2.366861328482627869e-02
-7.697483897209167480e-02
-2.905633300542831421e-02
6.231153756380081177e-02
3.475166112184524536e-02
2.217874862253665924e-02
-2.123606950044631958e-02
4.845666233450174332e-03
-7.559183984994888306e-02
2.170646376907825470e-02
-3.780143707990646362e-02
3.159477934241294861e-02
5.322103947401046753e-02
-1.254880707710981369e-02
-2.149037085473537445e-02
-2.107151038944721222e-02
1.230423338711261749e-02
1.552987284958362579e-02
-2.549483813345432281e-02
-1.710706204175949097e-02
-8.866640925407409668e-02
2.667814306914806366e-02
-5.125543102622032166e-02
-8.815325796604156494e-02
-8.464252948760986328e-02
6.334687024354934692e-02
-2.606765180826187134e-02
-4.131107032299041748e-02
-8.781867474317550659e-02
3.089376538991928101e-02
-1.795108057558536530e-02
3.093205578625202179e-02
-2.620690874755382538e-02
-5.629944056272506714e-02
-3.558861464262008667e-02
6.760026514530181885e-02
-3.385679423809051514e-02
3.712616488337516785e-02
7.906835526227951050e-02
2.476820722222328186e-02
2.171371132135391235e-02
-1.309325248003005981e-01
-2.009317744523286819e-03
-2.198270708322525024e-02
-4.745706543326377869e-02
-1.787715405225753784e-01
6.822046637535095215e-02
1.053349748253822327e-01
-9.125210344791412354e-02
-5.961927771568298340e-02
6.189295649528503418e-02
-2.260506898164749146e-02
-3.285781247541308403e-03
1.643442958593368530e-01
-2.842102199792861938e-02
6.412434577941894531e-02
4.150604829192161560e-02
-4.760798439383506775e-02
8.807850070297718048e-03
-6.662078201770782471e-02
-6.355539709329605103e-02
-6.788045912981033325e-02
-1.139523237943649292e-01
-3.032953245565295219e-03
-6.871852278709411621e-02
-9.981903433799743652e-02
-1.017367690801620483e-01
1.506561040878295898e-01
-8.468820154666900635e-02
-1.337583512067794800e-01
6.388366967439651489e-02
-9.124395996332168579e-02
7.324588298797607422e-02
7.886035367846488953e-03
-1.974264085292816162e-01
5.110359564423561096e-02
5.263054370880126953e-02
-5.940974224358797073e-03
6.460319459438323975e-02
-6.367483735084533691e-02
5.539452657103538513e-02
-4.693584516644477844e-02
7.308521866798400879e-02
1.799515075981616974e-02
-3.585317730903625488e-02
-1.790357828140258789e-01
-3.009457327425479889e-02
-6.292668730020523071e-02
-2.845599316060543060e-02
-5.837338417768478394e-02
-5.396962538361549377e-02
-4.275997355580329895e-02
9.590702131390571594e-03
6.729863584041595459e-02
-9.299330413341522217e-02
6.428834795951843262e-02
-1.822593994438648224e-02
1.236341241747140884e-02
-1.531367376446723938e-02
-5.923129618167877197e-03
-7.385742664337158203e-02
7.936999201774597168e-02
1.061802729964256287e-01
1.098090037703514099e-01
-1.017361581325531006e-01
-1.540735946036875248e-03
1.421374082565307617e-01
-1.546224951744079590e-02
9.184711426496505737e-02
1.288567297160625458e-02
-5.144337192177772522e-02
-2.968888916075229645e-02
4.920841008424758911e-02
6.455219537019729614e-02
-7.345838099718093872e-02
-5.451187491416931152e-02
1.034362092614173889e-01
6.286724470555782318e-03
4.793040826916694641e-02
-5.043442547321319580e-02
2.130921697244048119e-03
-5.650408938527107239e-02
-1.186488419771194458e-01
-1.076748073101043701e-01
9.092882275581359863e-02
-2.223525894805788994e-03
9.213262796401977539e-02
-9.288919717073440552e-02
4.244505614042282104e-02
4.325722157955169678e-02
4.046642035245895386e-02
-9.423243999481201172e-02
3.145626187324523926e-02
1.134003326296806335e-01
3.926524519920349121e-02
4.368716105818748474e-02
6.017189845442771912e-02
6.174464523792266846e-02
-1.450974345207214355e-01
-6.438158452510833740e-02
-5.314813554286956787e-02
7.413700222969055176e-02
3.038631286472082138e-03
-2.739463932812213898e-02
2.560428343713283539e-02
-6.266105175018310547e-02
-5.507223680615425110e-02
2.426064945757389069e-02
-4.307880997657775879e-02
-5.703583732247352600e-02
-4.641952365636825562e-02
9.935425221920013428e-02
2.139974012970924377e-02
-7.839567959308624268e-02
6.185854319483041763e-03
-7.002750411629676819e-03
1.010355129837989807e-01
-1.768367178738117218e-02
-4.700352251529693604e-02
-3.006317280232906342e-02
-7.535785902291536331e-03
3.853321075439453125e-02
3.137581422924995422e-02
-4.840731993317604065e-02
-3.550474345684051514e-02
1.467649191617965698e-01
1.269143968820571899e-01
-5.033784359693527222e-02
3.829272463917732239e-02
4.663947969675064087e-02
-2.392085082828998566e-02
-6.893826276063919067e-02
-1.636572554707527161e-02
-2.685067616403102875e-02
-3.943048417568206787e-03
-1.289283111691474915e-02
2.610175870358943939e-02
-4.201248288154602051e-02
-1.662096939980983734e-02
8.611555397510528564e-02
-2.815167605876922607e-02
1.157591771334409714e-02
8.231454342603683472e-02
3.367989137768745422e-02
1.088705062866210938e-01
-1.851779781281948090e-02
-3.565424680709838867e-02
1.046341378241777420e-02
3.101992234587669373e-02
-1.656862907111644745e-02
1.600199565291404724e-02
-1.305216401815414429e-01
3.774483874440193176e-02
5.835666880011558533e-02
5.114389210939407349e-02
-2.172106318175792694e-02
-7.055335678160190582e-03
-2.615628205239772797e-02
1.873854547739028931e-02
-3.545567393302917480e-02
1.947319507598876953e-02
1.478551886975765228e-03
6.454193964600563049e-03
3.917069174349308014e-03
8.001971989870071411e-02
-3.114606067538261414e-02
3.107279911637306213e-02
-7.517563644796609879e-04
-5.021968111395835876e-02
4.504265263676643372e-02
7.130316644906997681e-02
1.211078371852636337e-02
-8.336057513952255249e-02
9.653721004724502563e-02
1.395014673471450806e-02
3.589638695120811462e-02
-9.842257946729660034e-03
5.783794447779655457e-02
1.041081026196479797e-01
1.190880779176950455e-02
-1.355677545070648193e-01
1.429754402488470078e-02
1.636423729360103607e-02
8.001429587602615356e-02
-4.132444411516189575e-02
5.035490170121192932e-02
-8.907889714464545250e-04
-4.227364808320999146e-02
-4.800345748662948608e-02
5.754762887954711914e-02
-3.300260379910469055e-02
-5.289602652192115784e-02
-4.972297698259353638e-02
-2.187448553740978241e-02
-3.983663767576217651e-02
2.254199236631393433e-02
1.007946953177452087e-01
-6.650640629231929779e-03
9.567451477050781250e-02
-9.108179062604904175e-02
-2.268759906291961670e-02
-4.343950375914573669e-02
2.555517666041851044e-02
1.424085814505815506e-02
-5.890752747654914856e-02
