1.104620993137359619e-01
-1.330606359988451004e-02
1.970826089382171631e-02
-2.783374115824699402e-02
-4.045625030994415283e-02
-8.914896287024021149e-03
-7.212889939546585083e-02
-3.337724879384040833e-02
6.718104332685470581e-02
3.522341698408126831e-02
2.719936706125736237e-02
-3.498914465308189392e-02
-7.424436509609222412e-03
-6.746761500835418701e-02
1.228037383407354355e-02
-3.442493453621864319e-02
2.623112127184867859e-02
6.390985101461410522e-02
-4.551809746772050858e-03
-2.594872005283832550e-02
-3.556382283568382263e-02
9.812237694859504700e-03
-2.953816903755068779e-03
-3.050208091735839844e-02
-1.967021077871322632e-02
-9.704352170228958130e-02
2.843707613646984100e-02
-4.784787818789482117e-02
-9.110084176063537598e-02
-1.070355623960494995e-01
7.060070335865020752e-02
-4.210559651255607605e-02
-6.128507107496261597e-02
-6.200643256306648254e-02
3.776786476373672485e-02
-1.466027274727821350e-02
1.638283021748065948e-02
-2.360854111611843109e-02
-4.746380448341369629e-02
-2.983335033059120178e-02
5.729222297668457031e-02
-1.633200794458389282e-02
3.608452901244163513e-02
7.098782062530517578e-02
3.427948057651519775e-02
2.286505512893199921e-02
-1.251810640096664429e-01
2.190911583602428436e-02
-2.363252267241477966e-02
-3.682113811373710632e-02
-1.735908091068267822e-01
6.365900486707687378e-02
1.101761385798454285e-01
-1.031827107071876526e-01
-4.538880661129951477e-02
4.690565168857574463e-02
-2.668317966163158417e-02
5.173093639314174652e-03
1.662779748439788818e-01
-1.979483477771282196e-02
5.749764293432235718e-02
4.385848343372344971e-02
-5.605320632457733154e-02
-5.149140954017639160e-03
-6.803017854690551758e-02
-5.697030201554298401e-02
-5.387155711650848389e-02
-1.121809631586074829e-01
-1.446632295846939087e-02
-5.537165328860282898e-02
-1.100112274289131165e-01
-9.409743547439575195e-02
1.454993188381195068e-01
-8.769508451223373413e-02
-1.432286053895950317e-01
5.316498503088951111e-02
-8.547759056091308594e-02
8.228960633277893066e-02
1.858011260628700256e-02
-2.003649473190307617e-01
4.208252578973770142e-02
4.271328449249267578e-02
2.267055213451385498e-03
7.569879293441772461e-02
-6.101907044649124146e-02
4.335929453372955322e-02
-4.272889718413352966e-02
6.962982565164566040e-02
1.832800172269344330e-02
-3.851588442921638489e-02
-1.614832133054733276e-01
-3.939408436417579651e-02
-6.016307696700096130e-02
-3.986654803156852722e-02
-6.300029158592224121e-02
-5.355691537261009216e-02
-3.099955618381500244e-02
2.393605187535285950e-02
5.709053575992584229e-02
-8.513262122869491577e-02
4.538486525416374207e-02
-1.051079202443361282e-02
6.998380646109580994e-03
-1.859094388782978058e-02
-5.414519924670457840e-03
-6.901969015598297119e-02
7.263585925102233887e-02
9.765899926424026489e-02
1.019128486514091492e-01
-9.161056578159332275e-02
2.375216688960790634e-03
1.344670504331588745e-01
-1.914601586759090424e-02
9.098456054925918579e-02
7.225987501442432404e-04
-2.871008031070232391e-02
-3.836760669946670532e-02
3.938709944486618042e-02
6.076068058609962463e-02
-5.932554975152015686e-02
-3.174775466322898865e-02
1.089818701148033142e-01
8.252717554569244385e-03
3.015940822660923004e-02
-5.888689309358596802e-02
1.185787469148635864e-02
-4.995822161436080933e-02
-1.007235050201416016e-01
-9.708712995052337646e-02
8.662747591733932495e-02
7.325179874897003174e-03
8.423818647861480713e-02
-9.720476716756820679e-02
3.645632043480873108e-02
4.463632777333259583e-02
1.414193585515022278e-02
-8.142856508493423462e-02
1.406751107424497604e-02
9.055456519126892090e-02
3.572151064872741699e-02
1.474479958415031433e-02
6.341586261987686157e-02
4.264905676245689392e-02
-1.396161913871765137e-01
-6.188641116023063660e-02
-4.969267174601554871e-02
7.162051647901535034e-02
5.472962744534015656e-03
-1.702627539634704590e-02
1.849243603646755219e-02
-6.400507688522338867e-02
-4.964657127857208252e-02
1.618350483477115631e-02
-2.924833819270133972e-02
-5.079733580350875854e-02
-3.649071976542472839e-02
9.381555020809173584e-02
9.917917195707559586e-04
-7.211215049028396606e-02
1.964438008144497871e-03
1.009986083954572678e-02
1.083668395876884460e-01
-2.310539782047271729e-02
-3.341654688119888306e-02
-3.604746609926223755e-02
-6.952564232051372528e-03
5.283062905073165894e-02
2.581281214952468872e-02
-4.817992821335792542e-02
-5.954547598958015442e-02
1.624180227518081665e-01
1.428486257791519165e-01
-6.267778575420379639e-02
4.183532297611236572e-02
4.289666935801506042e-02
-1.656346581876277924e-02
-6.924366205930709839e-02
-5.903723067604005337e-04
-2.525109052658081055e-02
-3.556447336450219154e-04
-2.280076593160629272e-02
1.190808601677417755e-02
-4.305415228009223938e-02
-5.071083083748817444e-03
6.136424094438552856e-02
-2.367900311946868896e-02
1.608081907033920288e-02
6.301359832286834717e-02
3.053650632500648499e-02
1.256091296672821045e-01
-1.276783924549818039e-02
-3.492769598960876465e-02
2.915448322892189026e-02
4.193249717354774475e-02
-1.281306520104408264e-02
7.214559707790613174e-03
-1.283208727836608887e-01
5.134182050824165344e-02
5.879164114594459534e-02
5.882846191525459290e-02
-2.565255202353000641e-02
-3.658361732959747314e-02
-2.716903202235698700e-02
2.753018587827682495e-02
-4.167400300502777100e-02
3.904370591044425964e-03
3.323286538943648338e-03
1.982741616666316986e-02
-8.870840072631835938e-03
1.023126468062400818e-01
-3.699366748332977295e-02
3.820953145623207092e-02
-2.050291979685425758e-03
-6.330686807632446289e-02
6.588672846555709839e-02
8.400821685791015625e-02
3.316843509674072266e-02
-8.683872222900390625e-02
8.821541815996170044e-02
1.831138320267200470e-02
4.624701291322708130e-02
-1.366676762700080872e-02
5.006585270166397095e-02
8.190703392028808594e-02
1.650465652346611023e-02
-1.550207138061523438e-01
5.033025983721017838e-03
2.019203640520572662e-02
9.879615157842636108e-02
-4.418829828500747681e-02
5.116536468267440796e-02
-8.123937994241714478e-03
-5.738138407468795776e-02
-3.799010813236236572e-02
7.052268832921981812e-02
-3.946760296821594238e-02
-6.251056492328643799e-02
-5.977657809853553772e-02
-4.193282872438430786e-02
-3.939379006624221802e-02
2.408826723694801331e-02
1.311157345771789551e-01
-1.627540960907936096e-02
1.033741906285285950e-01
-1.280431300401687622e-01
-3.128648176789283752e-02
-5.536383762955665588e-02
-2.672462258487939835e-03
3.423503041267395020e-02
-6.983146071434020996e-02
