1.574029028415679932e-01
-8.942121639847755432e-04
3.481644764542579651e-02
-3.635257855057716370e-02
-3.150699287652969360e-02
-3.346763551235198975e-02
-9.289906919002532959e-02
-5.412575975060462952e-02
4.943941161036491394e-02
3.214314207434654236e-02
-1.011946238577365875e-02
-5.002133548259735107e-02
-3.321149386465549469e-03
-8.931258320808410645e-02
6.360969506204128265e-03
-6.140943989157676697e-02
2.454086020588874817e-02
7.700651139020919800e-02
-2.090648515149950981e-03
2.991633256897330284e-03
-2.741038799285888672e-02
-9.752629324793815613e-03
2.297426946461200714e-02
-2.205923013389110565e-02
-4.762388765811920166e-02
-1.115866452455520630e-01
4.961815476417541504e-02
-7.348952442407608032e-02
-1.226134523749351501e-01
-1.066459715366363525e-01
5.650779604911804199e-02
-4.619242995977401733e-02
-4.347255825996398926e-02
-6.465465575456619263e-02
2.437909506261348724e-02
-1.292628422379493713e-02
2.563033252954483032e-02
-4.463212192058563232e-02
-6.030986458063125610e-02
-6.127502769231796265e-02
5.982049927115440369e-02
3.959778230637311935e-03
4.349469393491744995e-02
7.347986102104187012e-02
4.458389431238174438e-02
1.640653610229492188e-02
-1.285666525363922119e-01
4.760141670703887939e-02
-3.311488032341003418e-02
-4.427938163280487061e-02
-1.790577471256256104e-01
7.081121951341629028e-02
1.212673932313919067e-01
-9.986249357461929321e-02
-3.453976660966873169e-02
5.242223292589187622e-02
-3.362988680601119995e-02
-1.366861164569854736e-02
1.590001732110977173e-01
-1.091039623133838177e-03
7.069712877273559570e-02
3.696351498365402222e-02
-9.225756675004959106e-02
8.071086369454860687e-03
-7.449202984571456909e-02
-5.842615291476249695e-02
-4.147222265601158142e-02
-1.094652861356735229e-01
7.798630744218826294e-03
-4.435009136795997620e-02
-8.750561624765396118e-02
-1.006786972284317017e-01
1.338297128677368164e-01
-7.630167156457901001e-02
-1.457747817039489746e-01
4.244903475046157837e-02
-5.106145143508911133e-02
8.668767660856246948e-02
6.115459371358156204e-03
-1.969853043556213379e-01
4.238379001617431641e-02
5.665792897343635559e-02
2.357342652976512909e-02
7.126861065626144409e-02
-4.796682670712471008e-02
5.069346725940704346e-02
-2.620802260935306549e-02
5.003778636455535889e-02
4.361731559038162231e-02
-4.743658751249313354e-02
-1.712552160024642944e-01
-3.102679178118705750e-02
-5.834336951375007629e-02
-2.080782316625118256e-02
-5.472312495112419128e-02
-5.606796219944953918e-02
-2.448942884802818298e-02
3.932128101587295532e-02
9.292434900999069214e-02
-9.762413799762725830e-02
6.559504568576812744e-02
-1.869031600654125214e-02
2.902129292488098145e-02
-1.849564909934997559e-02
-6.275170482695102692e-03
-5.463628470897674561e-02
6.769769638776779175e-02
9.043725579977035522e-02
1.118306592106819153e-01
-9.509264677762985229e-02
-8.476752787828445435e-03
1.514292657375335693e-01
-7.459434214979410172e-03
1.013282835483551025e-01
5.164727568626403809e-03
-1.558568328619003296e-02
-1.506938133388757706e-02
5.110896006226539612e-02
5.653649941086769104e-02
-6.368321180343627930e-02
-5.646567046642303467e-02
1.107357740402221680e-01
1.880803727544844151e-03
4.531677067279815674e-02
-4.912406206130981445e-02
-2.319467021152377129e-03
-5.577838793396949768e-02
-7.253654301166534424e-02
-1.020961925387382507e-01
1.167590469121932983e-01
1.026955526322126389e-02
8.010149747133255005e-02
-9.442803263664245605e-02
3.552408143877983093e-02
4.142356663942337036e-02
8.864882402122020721e-03
-7.036104053258895874e-02
1.701326854526996613e-02
9.565813839435577393e-02
5.275557935237884521e-02
1.561091654002666473e-02
4.052965715527534485e-02
4.998055472970008850e-02
-1.451430171728134155e-01
-8.872413635253906250e-02
-5.364090204238891602e-02
8.918445557355880737e-02
8.526670746505260468e-03
-1.970574725419282913e-03
2.376452833414077759e-02
-7.947935163974761963e-02
-6.204883009195327759e-02
1.769338734447956085e-02
-1.701669767498970032e-02
-4.243810474872589111e-02
-3.876761719584465027e-02
1.022033989429473877e-01
1.029737200587987900e-02
-6.282436847686767578e-02
4.024865105748176575e-03
2.367373090237379074e-03
1.089285835623741150e-01
-3.072201274335384369e-02
-2.343026548624038696e-02
-2.142037265002727509e-02
-3.947102464735507965e-03
4.347762838006019592e-02
4.877254739403724670e-02
-5.166450142860412598e-02
-5.824912711977958679e-02
1.428907215595245361e-01
1.251842826604843140e-01
-4.791188612580299377e-02
5.366178601980209351e-02
5.179301276803016663e-02
-3.102693334221839905e-02
-7.787729054689407349e-02
-8.863069117069244385e-03
-5.057668313384056091e-02
6.425546947866678238e-03
-2.482385560870170593e-02
2.168246358633041382e-02
-2.394953742623329163e-02
-9.881282225251197815e-03
7.549006491899490356e-02
-1.989537291228771210e-02
3.986546397209167480e-02
5.533518642187118530e-02
2.114333584904670715e-02
1.084218248724937439e-01
-2.443384379148483276e-02
-1.939777471125125885e-02
2.072161436080932617e-02
1.866585947573184967e-02
-4.173729568719863892e-03
8.580654859542846680e-03
-1.173497289419174194e-01
5.514440685510635376e-02
6.532374024391174316e-02
6.148797273635864258e-02
-1.112717948853969574e-02
-2.789027802646160126e-02
-1.008908171206712723e-02
3.412428125739097595e-02
-3.828355669975280762e-02
-4.664194420911371708e-04
-8.311660028994083405e-03
3.110579214990139008e-02
5.363940726965665817e-03
9.102861583232879639e-02
-2.168741077184677124e-02
3.103561140596866608e-02
1.629930804483592510e-03
-5.668747052550315857e-02
5.227195844054222107e-02
7.396583259105682373e-02
4.047474637627601624e-02
-8.461710810661315918e-02
7.320669293403625488e-02
-9.147207252681255341e-03
2.309101447463035583e-02
-1.221766136586666107e-02
5.035851895809173584e-02
8.536729961633682251e-02
2.858659625053405762e-02
-1.254161745309829712e-01
1.813365519046783447e-02
2.059021405875682831e-02
6.934305280447006226e-02
-4.624409601092338562e-02
2.913238666951656342e-02
-1.415289752185344696e-02
-5.836622789502143860e-02
-4.347839206457138062e-02
5.919193476438522339e-02
-3.370444849133491516e-02
-6.316513568162918091e-02
-4.150726646184921265e-02
-2.398835495114326477e-02
-3.624943271279335022e-02
1.966453157365322113e-02
7.853329181671142578e-02
-9.599164128303527832e-03
6.563691794872283936e-02
-9.948676824569702148e-02
-1.320679299533367157e-02
-4.630810767412185669e-02
-5.517063545994460583e-04
2.636131830513477325e-02
-5.350111052393913269e-02
