1.456802636384963989e-01
-3.631168743595480919e-03
3.894440829753875732e-02
-3.901362046599388123e-02
-3.165508434176445007e-02
-3.512380272150039673e-02
-8.111242949962615967e-02
-4.703152552247047424e-02
3.923017531633377075e-02
2.824635058641433716e-02
6.297627929598093033e-03
-4.511536657810211182e-02
-3.380323993042111397e-03
-7.577747106552124023e-02
5.620357580482959747e-03
-4.025336727499961853e-02
2.633255161345005035e-02
8.496101200580596924e-02
-4.413869697600603104e-03
-4.895661491900682449e-03
-1.873901672661304474e-02
-8.904008194804191589e-03
2.188379131257534027e-02
-2.189616858959197998e-02
-3.801704198122024536e-02
-1.089295819401741028e-01
3.482457622885704041e-02
-5.758630111813545227e-02
-1.078371107578277588e-01
-9.943882375955581665e-02
5.925854295492172241e-02
-4.309245571494102478e-02
-5.370185896754264832e-02
-6.061837822198867798e-02
3.738375753164291382e-02
-1.320559531450271606e-03
1.856819353997707367e-02
-4.144219309091567993e-02
-5.520988628268241882e-02
-6.123144924640655518e-02
5.700279399752616882e-02
1.625888398848474026e-03
3.974906727671623230e-02
6.591380387544631958e-02
4.135655611753463745e-02
1.826878450810909271e-02
-1.278716623783111572e-01
5.595948919653892517e-02
-3.054755181074142456e-02
-3.844325244426727295e-02
-1.736673265695571899e-01
6.441795080900192261e-02
1.062996461987495422e-01
-8.952036499977111816e-02
-3.454092144966125488e-02
4.883540049195289612e-02
-3.254395350813865662e-02
-4.719310440123081207e-03
1.580856889486312866e-01
-1.272397208958864212e-02
6.746212393045425415e-02
3.789079189300537109e-02
-8.680015057325363159e-02
5.383126699598506093e-05
-7.139474153518676758e-02
-5.782734602689743042e-02
-4.908147081732749939e-02
-1.024046465754508972e-01
3.103683702647686005e-03
-5.092065036296844482e-02
-8.609025925397872925e-02
-9.177614003419876099e-02
1.289863586425781250e-01
-7.790165394544601440e-02
-1.323018968105316162e-01
4.789493978023529053e-02
-6.518435478210449219e-02
9.046686440706253052e-02
1.118598971515893936e-02
-1.924439817667007446e-01
3.464357554912567139e-02
6.325654685497283936e-02
2.295094355940818787e-02
6.894505023956298828e-02
-4.786574840545654297e-02
4.687245190143585205e-02
-3.835238888859748840e-02
6.312618404626846313e-02
3.439725190401077271e-02
-4.616093263030052185e-02
-1.575934737920761108e-01
-3.729644790291786194e-02
-5.431839823722839355e-02
-2.009803988039493561e-02
-5.203140527009963989e-02
-4.973296076059341431e-02
-2.695695683360099792e-02
3.570669144392013550e-02
7.877247780561447144e-02
-8.332423120737075806e-02
5.991471558809280396e-02
-1.151847746223211288e-02
1.972953788936138153e-02
-1.937960647046566010e-02
-1.050992961972951889e-02
-6.214745715260505676e-02
6.855722516775131226e-02
8.050128072500228882e-02
1.108288243412971497e-01
-9.583397954702377319e-02
-8.839811780489981174e-04
1.469424664974212646e-01
-1.167030446231365204e-02
9.322904050350189209e-02
5.408824887126684189e-03
-2.677379921078681946e-02
-1.400214433670043945e-02
4.929719492793083191e-02
4.821158200502395630e-02
-5.842894315719604492e-02
-3.992846235632896423e-02
1.087980344891548157e-01
-5.207823705859482288e-04
4.238726571202278137e-02
-5.638390779495239258e-02
-7.431586738675832748e-03
-4.856249690055847168e-02
-7.581183314323425293e-02
-1.001458987593650818e-01
1.161418780684471130e-01
1.190734561532735825e-02
8.546350896358489990e-02
-9.350074827671051025e-02
3.570654988288879395e-02
4.190492257475852966e-02
1.649036817252635956e-02
-7.055803388357162476e-02
4.918050952255725861e-03
9.227661043405532837e-02
4.470138624310493469e-02
1.004846673458814621e-02
4.716654494404792786e-02
5.242547020316123962e-02
-1.301450729370117188e-01
-8.439410477876663208e-02
-4.989015311002731323e-02
8.543825149536132812e-02
4.772347398102283478e-03
-8.519840426743030548e-03
1.552194915711879730e-02
-6.869992613792419434e-02
-6.520683318376541138e-02
2.242541313171386719e-02
-1.180474273860454559e-02
-4.329936206340789795e-02
-2.905296720564365387e-02
1.036031693220138550e-01
4.544182680547237396e-03
-6.096224859356880188e-02
2.801412949338555336e-03
5.587055347859859467e-03
1.100176498293876648e-01
-3.264073282480239868e-02
-2.335649915039539337e-02
-2.487760968506336212e-02
-1.352768298238515854e-02
4.669323936104774475e-02
4.601597040891647339e-02
-4.341269657015800476e-02
-6.514390558004379272e-02
1.490384340286254883e-01
1.187871471047401428e-01
-5.061330646276473999e-02
5.490161851048469543e-02
4.692179709672927856e-02
-2.515149302780628204e-02
-7.819674164056777954e-02
-8.710832335054874420e-04
-5.320759490132331848e-02
3.896584734320640564e-03
-1.952247507870197296e-02
1.120100636035203934e-02
-2.257975004613399506e-02
-6.485375575721263885e-03
6.711420416831970215e-02
-3.029273077845573425e-02
3.545760363340377808e-02
5.174859240651130676e-02
1.310196146368980408e-02
1.131337881088256836e-01
-2.384900674223899841e-02
-3.022413142025470734e-02
2.362788841128349304e-02
2.840977720916271210e-02
-6.175698712468147278e-03
3.037702990695834160e-03
-1.282148659229278564e-01
5.614471808075904846e-02
6.615054607391357422e-02
5.738649144768714905e-02
-1.575079746544361115e-02
-2.781031094491481781e-02
-3.047836711630225182e-03
3.381123393774032593e-02
-2.789918147027492523e-02
1.586381345987319946e-03
3.632396925240755081e-03
3.018364124000072479e-02
5.976292304694652557e-03
9.125491976737976074e-02
-2.591806091368198395e-02
2.945468574762344360e-02
5.046391859650611877e-03
-6.069576367735862732e-02
5.634220689535140991e-02
8.161533623933792114e-02
3.946909308433532715e-02
-9.022089093923568726e-02
8.076173812150955200e-02
6.146647036075592041e-03
3.649112582206726074e-02
-1.760379038751125336e-02
5.247618630528450012e-02
7.976324856281280518e-02
2.897456288337707520e-02
-1.518759876489639282e-01
1.583188213407993317e-02
1.946367137134075165e-02
8.953691273927688599e-02
-6.719118356704711914e-02
4.960511624813079834e-02
-1.220644451677799225e-02
-8.098503947257995605e-02
-4.519646614789962769e-02
7.510437071323394775e-02
-4.244171082973480225e-02
-8.189499378204345703e-02
-6.704188883304595947e-02
-4.643743485212326050e-02
-5.505859851837158203e-02
2.184696868062019348e-02
1.186936572194099426e-01
-1.660412922501564026e-02
1.019037142395973206e-01
-1.294475048780441284e-01
-3.146890550851821899e-02
-7.042215019464492798e-02
9.288083761930465698e-03
3.116844780743122101e-02
-8.334746956825256348e-02
