8.682308346033096313e-02
-6.874303799122571945e-03
1.562368590384721756e-02
-2.769230119884014130e-02
-6.239576730877161026e-03
1.061451435089111328e-02
-5.485005676746368408e-02
-3.804318979382514954e-02
2.649712935090065002e-02
2.939672395586967468e-02
2.699613105505704880e-03
-3.893438354134559631e-02
-1.175050064921379089e-02
-4.495378956198692322e-02
-1.819572784006595612e-02
-2.593332529067993164e-02
-9.247934794984757900e-04
4.541231319308280945e-02
-2.151069045066833496e-02
1.843999698758125305e-02
-1.826861128211021423e-02
-8.390822447836399078e-03
-5.223153275437653065e-04
-1.038821879774332047e-02
-1.293657254427671432e-02
-9.052138775587081909e-02
2.352524176239967346e-02
-4.402670636773109436e-02
-8.417233824729919434e-02
-9.900248050689697266e-02
6.477804481983184814e-02
-3.979368880391120911e-02
-7.224704325199127197e-02
-3.629989922046661377e-02
5.574915930628776550e-02
-7.390496786683797836e-03
-1.179400086402893066e-02
-5.201340466737747192e-02
-5.158479511737823486e-02
-4.069700464606285095e-02
3.181359544396400452e-02
7.609287742525339127e-03
5.574538558721542358e-02
4.873582348227500916e-02
3.024441748857498169e-02
6.849020719528198242e-03
-1.191727519035339355e-01
7.469177246093750000e-02
-3.081633150577545166e-02
-1.806584931910037994e-02
-1.547166109085083008e-01
6.089903414249420166e-02
1.046185344457626343e-01
-1.069323346018791199e-01
-1.918521337211132050e-02
3.331962972879409790e-02
-8.127338252961635590e-03
2.736393734812736511e-02
1.505350470542907715e-01
1.219958439469337463e-02
6.788273155689239502e-02
3.034543432295322418e-02
-7.616888731718063354e-02
1.333828200586140156e-03
-8.222639560699462891e-02
-2.636285312473773956e-02
-4.572184011340141296e-02
-1.158828213810920715e-01
-8.511622436344623566e-03
-4.663205519318580627e-02
-1.119970306754112244e-01
-6.462031602859497070e-02
1.295847445726394653e-01
-6.892330199480056763e-02
-1.447674930095672607e-01
4.147999361157417297e-02
-3.745869547128677368e-02
1.173780187964439392e-01
5.579050164669752121e-03
-1.891240179538726807e-01
4.628278687596321106e-02
7.038689404726028442e-02
3.188564255833625793e-02
7.727723568677902222e-02
-3.717076033353805542e-02
4.330497235059738159e-02
-3.307788074016571045e-02
6.510685384273529053e-02
2.583516389131546021e-02
-5.599549040198326111e-02
-1.513584852218627930e-01
-5.006545782089233398e-02
-3.604209050536155701e-02
-2.699768729507923126e-02
-3.586036339402198792e-02
-7.571329176425933838e-02
-3.243619948625564575e-02
4.339701309800148010e-02
7.376006990671157837e-02
-8.985280990600585938e-02
6.725970655679702759e-02
-1.401140075176954269e-02
2.558672800660133362e-02
-3.311729803681373596e-02
-3.047233447432518005e-02
-7.803478091955184937e-02
7.143880426883697510e-02
7.623658329248428345e-02
1.278545707464218140e-01
-9.168906509876251221e-02
5.287462379783391953e-03
1.691505014896392822e-01
-1.221813261508941650e-02
1.144258826971054077e-01
-4.055450670421123505e-03
-1.938242092728614807e-02
-1.415948104113340378e-02
3.674796223640441895e-02
3.840096294879913330e-02
-6.447801738977432251e-02
-1.597443409264087677e-02
1.158850863575935364e-01
-7.016784977167844772e-03
3.545800596475601196e-02
-6.979744136333465576e-02
1.026264741085469723e-03
-4.129351675510406494e-02
-8.298688381910324097e-02
-9.755232930183410645e-02
1.234919652342796326e-01
2.693715319037437439e-02
7.965161651372909546e-02
-1.012959033250808716e-01
3.020401857793331146e-02
5.491559579968452454e-02
-8.045843802392482758e-03
-5.428496375679969788e-02
-3.260630741715431213e-02
6.793525815010070801e-02
5.379162356257438660e-02
-2.099915035068988800e-02
6.152112036943435669e-02
2.379517443478107452e-02
-1.303993016481399536e-01
-1.084286198019981384e-01
-4.231638461351394653e-02
8.083884418010711670e-02
-1.868497056420892477e-04
-1.631529815495014191e-02
-2.239450812339782715e-03
-8.264157921075820923e-02
-8.737930655479431152e-02
-2.738007809966802597e-03
2.061234554275870323e-03
-3.430736437439918518e-02
-1.871822960674762726e-02
1.043577864766120911e-01
2.591563679743558168e-04
-5.900642648339271545e-02
-2.443520585075020790e-03
2.656933479011058807e-02
1.175027787685394287e-01
-5.391475558280944824e-02
-2.109885774552822113e-02
-4.673961177468299866e-02
-2.058064565062522888e-02
5.783738568425178528e-02
4.637112095952033997e-02
-6.630063802003860474e-02
-9.359723329544067383e-02
1.686439216136932373e-01
1.435426920652389526e-01
-7.467626780271530151e-02
5.557473748922348022e-02
4.302947595715522766e-02
-4.373772069811820984e-02
-8.776812255382537842e-02
1.549053192138671875e-02
-5.930310115218162537e-02
1.134699024260044098e-02
-3.380397334694862366e-02
1.458605285733938217e-02
-4.745616763830184937e-02
2.077525295317173004e-02
4.468074813485145569e-02
-1.775158010423183441e-02
2.939265221357345581e-02
4.003877565264701843e-02
3.695588791742920876e-03
1.281015276908874512e-01
-1.401322055608034134e-02
-2.763791009783744812e-02
5.416362360119819641e-02
4.185745492577552795e-02
4.979851190000772476e-03
1.579434424638748169e-02
-1.190089508891105652e-01
5.307038873434066772e-02
6.807859987020492554e-02
6.127175316214561462e-02
-3.374014422297477722e-02
-4.847731441259384155e-02
-2.668815664947032928e-02
3.929263725876808167e-02
-4.585075005888938904e-02
-1.645561493933200836e-02
7.418002467602491379e-03
3.749513998627662659e-02
-8.049609139561653137e-03
9.438919275999069214e-02
-5.906231701374053955e-02
4.261045530438423157e-02
-3.090028185397386551e-03
-7.746015489101409912e-02
8.401540666818618774e-02
8.566036075353622437e-02
5.693431571125984192e-02
-7.645373046398162842e-02
8.071864396333694458e-02
8.474730886518955231e-03
4.435008019208908081e-02
-2.384200878441333771e-02
3.511880338191986084e-02
6.929870694875717163e-02
3.352009877562522888e-02
-1.591165810823440552e-01
1.484572887420654297e-02
4.743799939751625061e-02
9.989751875400543213e-02
-6.271943449974060059e-02
2.623068541288375854e-02
-6.522628478705883026e-03
-6.610001623630523682e-02
-2.555616013705730438e-02
6.923758983612060547e-02
-3.271149471402168274e-02
-6.501101702451705933e-02
-4.550605639815330505e-02
-4.222626239061355591e-02
-4.575968906283378601e-02
-1.495766639709472656e-02
1.027955785393714905e-01
-1.055340562015771866e-02
7.111988961696624756e-02
-1.096814051270484924e-01
-5.731353070586919785e-03
-6.905728578567504883e-02
-3.863971307873725891e-02
3.821467235684394836e-02
-4.919282346963882446e-02
