1.302754431962966919e-01
-4.622492007911205292e-03
2.716241776943206787e-02
-2.719394676387310028e-02
-4.555951803922653198e-02
-2.193723805248737335e-02
-7.750735431909561157e-02
-3.481219708919525146e-02
5.928919464349746704e-02
2.843879908323287964e-02
2.006624452769756317e-02
-3.033182956278324127e-02
-5.758787156082689762e-04
-7.834654301404953003e-02
1.938178576529026031e-02
-4.026981815695762634e-02
2.387360297143459320e-02
6.519819051027297974e-02
-6.383622065186500549e-03
-2.044810540974140167e-02
-2.658332698047161102e-02
-1.261161873117089272e-03
1.715248264372348785e-02
-3.007303364574909210e-02
-2.449074573814868927e-02
-8.664459735155105591e-02
3.266282007098197937e-02
-4.403308406472206116e-02
-9.287554770708084106e-02
-9.594640135765075684e-02
5.843889713287353516e-02
-3.978759050369262695e-02
-4.236213490366935730e-02
-6.868910789489746094e-02
3.984294831752777100e-02
-9.420142509043216705e-03
2.057795226573944092e-02
-2.828545682132244110e-02
-5.983991175889968872e-02
-3.774615004658699036e-02
5.890635401010513306e-02
-1.287202164530754089e-02
4.048660397529602051e-02
7.064190506935119629e-02
3.442221879959106445e-02
2.543940208852291107e-02
-1.222377568483352661e-01
1.895650103688240051e-02
-2.104608528316020966e-02
-3.448879718780517578e-02
-1.742729693651199341e-01
6.247173249721527100e-02
1.034109517931938171e-01
-9.224198758602142334e-02
-4.424600675702095032e-02
4.764115065336227417e-02
-2.398258820176124573e-02
-1.506432890892028809e-03
1.678618192672729492e-01
-1.814362592995166779e-02
5.749167874455451965e-02
4.087402671575546265e-02
-6.212875619530677795e-02
-1.128243166022002697e-03
-6.990151852369308472e-02
-5.878344178199768066e-02
-5.899910256266593933e-02
-1.134411692619323730e-01
-6.035642232745885849e-03
-6.166098266839981079e-02
-1.029991507530212402e-01
-1.007751375436782837e-01
1.441200822591781616e-01
-8.139885216951370239e-02
-1.326759159564971924e-01
5.436021462082862854e-02
-8.301158994436264038e-02
8.169805258512496948e-02
1.952666044235229492e-02
-1.929493546485900879e-01
3.606325015425682068e-02
4.908093065023422241e-02
8.915574289858341217e-03
7.161147147417068481e-02
-5.636570975184440613e-02
4.962603375315666199e-02
-4.798555374145507812e-02
6.831015646457672119e-02
1.661831699311733246e-02
-4.343429952859878540e-02
-1.571059226989746094e-01
-3.501718863844871521e-02
-5.757172778248786926e-02
-3.031110763549804688e-02
-6.184525787830352783e-02
-4.420269653201103210e-02
-3.977439552545547485e-02
3.198001906275749207e-02
7.020138949155807495e-02
-8.599765598773956299e-02
6.151838973164558411e-02
-1.564384438097476959e-02
1.466584112495183945e-02
-1.593490131199359894e-02
-3.596082096919417381e-03
-6.446583569049835205e-02
7.104946672916412354e-02
9.915303438901901245e-02
1.117404922842979431e-01
-9.549143910408020020e-02
-5.301085766404867172e-04
1.392775923013687134e-01
-1.399044599384069443e-02
9.702397882938385010e-02
5.682684946805238724e-03
-3.805188089609146118e-02
-3.586847335100173950e-02
4.825389757752418518e-02
5.906777456402778625e-02
-6.607738882303237915e-02
-4.161921888589859009e-02
1.119919866323471069e-01
4.438919946551322937e-03
3.952497988939285278e-02
-5.253172665834426880e-02
5.285723600536584854e-03
-5.327520146965980530e-02
-1.002843752503395081e-01
-1.076787039637565613e-01
9.513638168573379517e-02
1.284471713006496429e-02
9.187118709087371826e-02
-9.531989693641662598e-02
4.571205005049705505e-02
4.489007964730262756e-02
2.418454177677631378e-02
-8.504583686590194702e-02
2.319345995783805847e-02
1.046414300799369812e-01
3.089748881757259369e-02
2.259808592498302460e-02
6.375833600759506226e-02
5.436798557639122009e-02
-1.392817050218582153e-01
-7.318062335252761841e-02
-5.371403694152832031e-02
7.925190031528472900e-02
8.481140248477458954e-03
-2.131479419767856598e-02
2.635089308023452759e-02
-6.062017008662223816e-02
-6.027385219931602478e-02
1.918072439730167389e-02
-3.152937442064285278e-02
-4.773023352026939392e-02
-3.925013169646263123e-02
9.940615296363830566e-02
1.709311385639011860e-03
-7.386004924774169922e-02
3.919723443686962128e-03
7.112160325050354004e-03
1.059291735291481018e-01
-1.888672262430191040e-02
-3.348116576671600342e-02
-2.653452754020690918e-02
-1.101991813629865646e-02
5.274993181228637695e-02
3.224414214491844177e-02
-4.092229157686233521e-02
-5.885940417647361755e-02
1.532353907823562622e-01
1.362926512956619263e-01
-5.349776521325111389e-02
4.040092602372169495e-02
5.090242251753807068e-02
-1.411507558077573776e-02
-7.468791306018829346e-02
-5.451011005789041519e-03
-3.662937879562377930e-02
-2.961493562906980515e-03
-1.663953810930252075e-02
2.103050425648689270e-02
-4.057418555021286011e-02
-1.482604257762432098e-02
6.888232380151748657e-02
-1.961024291813373566e-02
2.143653295934200287e-02
7.092424482107162476e-02
2.967274002730846405e-02
1.156967878341674805e-01
-1.256034802645444870e-02
-3.444471955299377441e-02
1.708379574120044708e-02
3.612438961863517761e-02
-1.520113740116357803e-02
3.261859994381666183e-03
-1.270422637462615967e-01
4.653492197394371033e-02
5.867554247379302979e-02
5.542480200529098511e-02
-2.090181410312652588e-02
-2.608031779527664185e-02
-1.874190941452980042e-02
2.757833339273929596e-02
-4.172433912754058838e-02
1.044703740626573563e-02
1.137215271592140198e-02
1.073969248682260513e-02
1.949492841958999634e-03
9.187783300876617432e-02
-3.110655397176742554e-02
3.498567640781402588e-02
3.724337788298726082e-03
-5.648839473724365234e-02
5.856478959321975708e-02
7.703011482954025269e-02
2.695338055491447449e-02
-8.318497240543365479e-02
8.233820647001266479e-02
1.508650369942188263e-02
4.114798456430435181e-02
-8.629737421870231628e-03
5.557340756058692932e-02
8.517497777938842773e-02
1.385510899126529694e-02
-1.400430351495742798e-01
1.095514744520187378e-02
2.189577557146549225e-02
9.212088584899902344e-02
-5.461517721414566040e-02
5.639239773154258728e-02
-8.502541109919548035e-03
-5.715027078986167908e-02
-4.918961226940155029e-02
6.817681342363357544e-02
-4.187044128775596619e-02
-6.612240523099899292e-02
-5.243439972400665283e-02
-4.041875526309013367e-02
-4.259026423096656799e-02
2.742011472582817078e-02
1.296592652797698975e-01
-1.580918207764625549e-02
1.115919873118400574e-01
-1.285908967256546021e-01
-3.258588537573814392e-02
-5.587765201926231384e-02
1.042986754328012466e-02
2.882924489676952362e-02
-6.803847104310989380e-02
