1.969002783298492432e-01
-6.213787477463483810e-03
4.762545228004455566e-02
-4.382066801190376282e-02
-5.640456825494766235e-02
-3.951517865061759949e-02
-1.148677691817283630e-01
-5.666386336088180542e-02
7.240250706672668457e-02
4.047648608684539795e-02
1.459756027907133102e-02
-5.021666735410690308e-02
-2.100685844197869301e-03
-9.944052249193191528e-02
2.359162271022796631e-02
-6.376091390848159790e-02
3.353202715516090393e-02
1.031538099050521851e-01
1.791374385356903076e-02
-2.101086638867855072e-02
-4.183222353458404541e-02
-4.380972590297460556e-03
1.877283863723278046e-02
-1.559692341834306717e-02
-4.622430354356765747e-02
-1.136308014392852783e-01
3.326591476798057556e-02
-7.020443677902221680e-02
-1.224262788891792297e-01
-1.093915030360221863e-01
6.203251704573631287e-02
-5.263908207416534424e-02
-4.321945831179618835e-02
-7.161720842123031616e-02
2.152726612985134125e-02
-1.005827914923429489e-02
2.956411242485046387e-02
-3.228043019771575928e-02
-5.677016079425811768e-02
-5.375631526112556458e-02
6.483338773250579834e-02
-3.471650416031479836e-03
4.248318821191787720e-02
7.215305417776107788e-02
4.234007745981216431e-02
2.836996503174304962e-02
-1.168903037905693054e-01
3.465015068650245667e-02
-2.795804478228092194e-02
-3.173073753714561462e-02
-1.834641098976135254e-01
6.161127984523773193e-02
1.200546249747276306e-01
-8.709249645471572876e-02
-4.039809480309486389e-02
5.096454545855522156e-02
-3.431402519345283508e-02
9.215055964887142181e-03
1.595178693532943726e-01
-7.742115762084722519e-03
5.717600882053375244e-02
3.991492465138435364e-02
-8.791530132293701172e-02
1.447723596356809139e-03
-6.535522639751434326e-02
-6.480811536312103271e-02
-4.991378635168075562e-02
-1.013868823647499084e-01
5.689576733857393265e-03
-4.652924463152885437e-02
-8.881036937236785889e-02
-1.032179892063140869e-01
1.410174816846847534e-01
-8.978236466646194458e-02
-1.269963681697845459e-01
4.202065616846084595e-02
-7.157965004444122314e-02
7.563864439725875854e-02
1.681178994476795197e-02
-1.945815980434417725e-01
3.856258466839790344e-02
5.404090881347656250e-02
7.706276141107082367e-03
7.712434977293014526e-02
-5.364694073796272278e-02
5.347486957907676697e-02
-3.699991479516029358e-02
6.481416523456573486e-02
2.592514827847480774e-02
-3.723752126097679138e-02
-1.421150267124176025e-01
-3.825731575489044189e-02
-7.050877809524536133e-02
-1.947105303406715393e-02
-4.997194930911064148e-02
-4.918762296438217163e-02
-2.387882955372333527e-02
4.568016156554222107e-02
7.345498353242874146e-02
-8.941679447889328003e-02
5.113138630986213684e-02
-1.619305089116096497e-02
1.855449378490447998e-02
-1.110042259097099304e-02
-3.312041517347097397e-03
-4.579263925552368164e-02
6.853286921977996826e-02
8.871108293533325195e-02
9.192565083503723145e-02
-9.538497775793075562e-02
-3.679114393889904022e-03
1.276905089616775513e-01
-1.977320760488510132e-02
8.332554996013641357e-02
-1.422938425093889236e-03
-1.423182524740695953e-02
-2.238599210977554321e-02
6.111622974276542664e-02
6.071903929114341736e-02
-5.304972454905509949e-02
-4.140010103583335876e-02
9.940870106220245361e-02
3.568772925063967705e-03
4.285557195544242859e-02
-4.412823542952537537e-02
7.991492748260498047e-03
-4.212711378931999207e-02
-7.508373260498046875e-02
-9.617026150226593018e-02
9.432541579008102417e-02
6.744935177266597748e-03
7.998154312372207642e-02
-8.258749544620513916e-02
3.554157167673110962e-02
3.320175781846046448e-02
1.352568343281745911e-02
-7.766877114772796631e-02
2.302105911076068878e-02
1.034735441207885742e-01
3.253021836280822754e-02
2.496123313903808594e-02
4.856531322002410889e-02
5.023798719048500061e-02
-1.344308555126190186e-01
-7.143543660640716553e-02
-5.424945428967475891e-02
8.640190958976745605e-02
9.397638961672782898e-03
-2.078565582633018494e-02
2.466032654047012329e-02
-5.871960520744323730e-02
-4.661792516708374023e-02
1.755105517804622650e-02
-2.250396087765693665e-02
-4.399769008159637451e-02
-3.791700303554534912e-02
1.035354658961296082e-01
1.160501688718795776e-02
-6.358426809310913086e-02
1.083942479453980923e-03
6.122101563960313797e-03
8.829244226217269897e-02
-1.334360986948013306e-02
-2.507853321731090546e-02
-2.547803521156311035e-02
-1.591176539659500122e-02
4.444296285510063171e-02
3.201685845851898193e-02
-2.479352429509162903e-02
-4.243775084614753723e-02
1.435152143239974976e-01
1.149345040321350098e-01
-5.040337517857551575e-02
3.582364693284034729e-02
3.960610181093215942e-02
-8.497186005115509033e-03
-6.368544697761535645e-02
-1.086694747209548950e-02
-4.309962317347526550e-02
-9.545769542455673218e-03
-1.779891178011894226e-02
1.580688729882240295e-02
-1.994279399514198303e-02
-2.211500518023967743e-02
6.556183099746704102e-02
-2.949184365570545197e-02
3.619087114930152893e-02
5.831018835306167603e-02
1.482270844280719757e-02
1.039030477404594421e-01
-2.488235011696815491e-02
-2.249189279973506927e-02
1.571592874825000763e-02
2.389875985682010651e-02
-3.999336622655391693e-03
-1.125286216847598553e-03
-1.090430095791816711e-01
4.487852379679679871e-02
6.216112896800041199e-02
4.918666929006576538e-02
-8.622493594884872437e-03
-2.888785302639007568e-02
-1.645227149128913879e-02
3.042178787291049957e-02
-3.355698660016059875e-02
-9.884673170745372772e-03
2.265867806272581220e-04
3.442691266536712646e-02
1.018776791170239449e-03
9.190483391284942627e-02
-2.534116059541702271e-02
3.573819994926452637e-02
1.350610144436359406e-02
-5.869772657752037048e-02
5.556072294712066650e-02
7.942081242799758911e-02
3.521655872464179993e-02
-7.640537619590759277e-02
7.277437299489974976e-02
6.594183854758739471e-03
2.843632549047470093e-02
-3.753967583179473877e-03
4.863114655017852783e-02
7.027265429496765137e-02
1.176914479583501816e-02
-1.196090802550315857e-01
1.294794864952564240e-02
1.493825111538171768e-02
8.627137541770935059e-02
-5.264582484960556030e-02
5.590660125017166138e-02
-1.069624628871679306e-02
-6.005247682332992554e-02
-4.493442922830581665e-02
7.360403239727020264e-02
-4.665161296725273132e-02
-7.916215062141418457e-02
-5.639251321554183960e-02
-4.664031043648719788e-02
-4.767373576760292053e-02
4.134663939476013184e-02
1.288235634565353394e-01
-1.756802387535572052e-02
1.240289509296417236e-01
-1.362517327070236206e-01
-2.242477610707283020e-02
-6.174993515014648438e-02
9.864580817520618439e-03
3.037733584642410278e-02
-8.752543479204177856e-02
