1.827976703643798828e-01
-2.836162969470024109e-02
3.531647473573684692e-02
-7.039114832878112793e-02
-5.730109661817550659e-02
-1.663286983966827393e-02
-1.144744530320167542e-01
-7.006939500570297241e-02
9.016253054141998291e-02
8.698826283216476440e-02
1.857234910130500793e-02
-6.249399483203887939e-02
-2.764282934367656708e-02
-1.071400344371795654e-01
4.417222924530506134e-03
-6.543543934822082520e-02
1.816756464540958405e-02
9.022146463394165039e-02
2.850877121090888977e-02
-2.926740236580371857e-02
-6.533671915531158447e-02
-1.420708745718002319e-02
9.697267785668373108e-03
-1.460402179509401321e-02
-6.084391847252845764e-02
-1.385904252529144287e-01
2.536490373313426971e-02
-7.813163846731185913e-02
-1.221093833446502686e-01
-1.271743774414062500e-01
9.324112534523010254e-02
-8.908346295356750488e-02
-8.676017075777053833e-02
-5.928571894764900208e-02
4.127070307731628418e-02
-2.950061485171318054e-02
2.441787160933017731e-03
-3.131687268614768982e-02
-2.449901215732097626e-02
-2.904450334608554840e-02
1.880067214369773865e-02
-2.547712996602058411e-02
4.441493749618530273e-02
6.185510009527206421e-02
5.880576744675636292e-02
2.573480829596519470e-02
-1.097769737243652344e-01
2.582685463130474091e-02
-2.523469738662242889e-02
-1.191610377281904221e-02
-1.530041992664337158e-01
5.453586205840110779e-02
1.232722848653793335e-01
-1.066668406128883362e-01
-3.300857916474342346e-02
2.602732554078102112e-02
-2.038847282528877258e-02
5.883858725428581238e-02
1.524931341409683228e-01
-6.636296398937702179e-03
4.947251081466674805e-02
3.723672032356262207e-02
-5.138292536139488220e-02
-1.100710406899452209e-02
-6.996555626392364502e-02
-3.974503278732299805e-02
-5.651182308793067932e-02
-8.939049392938613892e-02
-1.269751973450183868e-02
-3.043930605053901672e-02
-1.235194057226181030e-01
-6.287138164043426514e-02
1.413431912660598755e-01
-8.688023686408996582e-02
-1.209377497434616089e-01
5.150052905082702637e-02
-5.379825830459594727e-02
7.406705617904663086e-02
2.022815681993961334e-02
-1.633458435535430908e-01
5.503808334469795227e-02
5.948626995086669922e-02
2.629263326525688171e-02
6.769217550754547119e-02
-5.333217233419418335e-02
4.869286715984344482e-02
-2.742372266948223114e-02
6.816413998603820801e-02
1.852745190262794495e-02
-3.453336283564567566e-02
-1.339340955018997192e-01
-4.236910864710807800e-02
-6.345937401056289673e-02
-3.242044150829315186e-02
-3.932280093431472778e-02
-7.425072044134140015e-02
-2.050585299730300903e-02
2.478937990963459015e-02
3.887679427862167358e-02
-7.903908938169479370e-02
2.964423783123493195e-02
2.917502773925662041e-03
3.519388847053050995e-03
-3.590637445449829102e-02
-2.685112878680229187e-02
-5.217118561267852783e-02
4.545458406209945679e-02
7.228415459394454956e-02
6.675885617733001709e-02
-8.474709838628768921e-02
5.156816449016332626e-03
1.070039719343185425e-01
-5.867129564285278320e-02
7.264180481433868408e-02
-7.476826198399066925e-03
5.296721588820219040e-03
-1.926463842391967773e-02
4.218862205743789673e-02
3.982818499207496643e-02
-4.010388255119323730e-02
7.811265066266059875e-03
9.461104869842529297e-02
-4.183979704976081848e-03
3.057973086833953857e-02
-4.460245370864868164e-02
3.558773174881935120e-02
-2.392937056720256805e-02
-8.582305163145065308e-02
-8.737219870090484619e-02
7.612033188343048096e-02
1.002061273902654648e-02
6.464384496212005615e-02
-7.577224820852279663e-02
2.811015956103801727e-02
3.842844441533088684e-02
-1.951568759977817535e-02
-4.906683042645454407e-02
1.083577750250697136e-03
6.298359483480453491e-02
3.912358731031417847e-02
-3.350425977259874344e-03
7.597541809082031250e-02
-2.276431396603584290e-02
-1.099340021610260010e-01
-6.913138180971145630e-02
-4.757699370384216309e-02
7.465329766273498535e-02
6.325384601950645447e-03
-1.699652522802352905e-02
-2.984652668237686157e-02
-6.610294431447982788e-02
-4.866354539990425110e-02
-2.220670506358146667e-02
-1.203008089214563370e-02
-3.118002228438854218e-02
-7.021207362413406372e-03
1.048097684979438782e-01
2.514404058456420898e-02
-5.203077569603919983e-02
-1.252458803355693817e-02
1.988640613853931427e-02
7.326031476259231567e-02
-1.457432750612497330e-02
-3.164981678128242493e-02
-6.800563633441925049e-02
-2.072351612150669098e-02
3.883735835552215576e-02
4.198104888200759888e-02
-4.143557325005531311e-02
-7.489403337240219116e-02
1.769411563873291016e-01
1.275117099285125732e-01
-6.362235546112060547e-02
3.330765292048454285e-02
2.723924256861209869e-02
-1.325450837612152100e-02
-7.307326048612594604e-02
-2.777536610665265471e-05
-3.318224474787712097e-02
-1.246700063347816467e-02
-1.464786008000373840e-02
4.024238791316747665e-03
-5.451471358537673950e-02
1.175306271761655807e-02
5.484820157289505005e-02
-5.117841064929962158e-03
1.852442324161529541e-02
4.869313910603523254e-02
2.552629448473453522e-02
1.080534160137176514e-01
-2.202109806239604950e-02
-2.017175033688545227e-02
4.509091749787330627e-02
3.244708850979804993e-02
-2.216113934991881251e-04
1.253286562860012054e-02
-8.628836274147033691e-02
3.940521553158760071e-02
5.171002075076103210e-02
4.384157061576843262e-02
-3.340085968375205994e-02
-5.111876130104064941e-02
-5.057302862405776978e-02
1.530062314122915268e-02
-4.465018957853317261e-02
-4.304533824324607849e-02
7.414481602609157562e-03
3.746108710765838623e-02
-1.564736291766166687e-02
8.967316150665283203e-02
-6.553557515144348145e-02
4.914363846182823181e-02
1.304449047893285751e-02
-7.561202347278594971e-02
7.810780405998229980e-02
6.030956283211708069e-02
3.440332412719726562e-02
-5.067088827490806580e-02
4.583682864904403687e-02
1.025842409580945969e-02
3.708022087812423706e-02
-1.434432808309793472e-02
1.989747397601604462e-02
6.005552411079406738e-02
9.813715703785419464e-03
-1.544919162988662720e-01
3.431297093629837036e-02
4.410764947533607483e-02
1.128715574741363525e-01
-5.217091366648674011e-02
2.364171668887138367e-02
-2.750154025852680206e-02
-5.651639401912689209e-02
-2.484649792313575745e-02
9.380371123552322388e-02
-4.792363196611404419e-02
-9.091962873935699463e-02
-5.551711469888687134e-02
-5.245462805032730103e-02
-4.453453049063682556e-02
2.561135031282901764e-02
1.392768323421478271e-01
-1.967069506645202637e-02
1.300067305564880371e-01
-1.774572730064392090e-01
-1.348207425326108932e-02
-8.016293495893478394e-02
-3.588124364614486694e-02
4.778260365128517151e-02
-8.401893824338912964e-02
