1.507936716079711914e-01
-1.019483152776956558e-02
4.464659839868545532e-02
-4.571834579110145569e-02
-3.900663927197456360e-02
-4.839139804244041443e-02
-9.132594615221023560e-02
-4.189334437251091003e-02
5.350831523537635803e-02
4.554155468940734863e-02
6.371204275637865067e-03
-3.526984900236129761e-02
3.015259047970175743e-03
-8.513908088207244873e-02
2.150564268231391907e-02
-4.669226706027984619e-02
3.636179119348526001e-02
7.841780036687850952e-02
-7.327929488383233547e-04
-1.622592844069004059e-02
-1.693449169397354126e-02
6.820006528869271278e-04
3.295677527785301208e-02
-1.885200664401054382e-02
-3.630762174725532532e-02
-1.002499312162399292e-01
2.558757364749908447e-02
-5.844548344612121582e-02
-1.019759699702262878e-01
-7.652727514505386353e-02
5.592356994748115540e-02
-3.140791505575180054e-02
-5.022218823432922363e-02
-8.701601624488830566e-02
3.417422249913215637e-02
-1.236300542950630188e-02
3.069497458636760712e-02
-3.464787453413009644e-02
-5.537630990147590637e-02
-5.433465540409088135e-02
6.003414839506149292e-02
-3.109656460583209991e-02
3.989161550998687744e-02
7.349118590354919434e-02
3.867351636290550232e-02
2.378641813993453979e-02
-1.282638609409332275e-01
1.446411851793527603e-02
-2.299911342561244965e-02
-4.017680510878562927e-02
-1.800970286130905151e-01
6.375887244939804077e-02
1.049995124340057373e-01
-7.967434823513031006e-02
-5.060520023107528687e-02
6.016493961215019226e-02
-2.632810547947883606e-02
8.532588370144367218e-03
1.659039407968521118e-01
-2.608729340136051178e-02
6.287539750337600708e-02
4.254464060068130493e-02
-6.658496707677841187e-02
3.071069484576582909e-03
-6.753493845462799072e-02
-7.062169909477233887e-02
-6.156402453780174255e-02
-1.055795252323150635e-01
2.148847561329603195e-03
-5.410416796803474426e-02
-8.790055662393569946e-02
-9.387757629156112671e-02
1.404225528240203857e-01
-8.150567114353179932e-02
-1.176918894052505493e-01
6.677815318107604980e-02
-8.287118375301361084e-02
7.046441733837127686e-02
8.380194194614887238e-03
-1.799637228250503540e-01
4.871752485632896423e-02
6.836190819740295410e-02
5.986542440950870514e-03
5.265429615974426270e-02
-6.160637736320495605e-02
5.800633877515792847e-02
-4.188432171940803528e-02
7.031401991844177246e-02
1.754444092512130737e-02
-3.909382969141006470e-02
-1.636673510074615479e-01
-2.884986065328121185e-02
-6.334342807531356812e-02
-1.824910193681716919e-02
-4.995048791170120239e-02
-5.608065426349639893e-02
-3.781298547983169556e-02
2.089056372642517090e-02
8.073350042104721069e-02
-9.671548753976821899e-02
7.047334313392639160e-02
-8.411598391830921173e-03
1.264115329831838608e-02
-1.545454468578100204e-02
-7.644044235348701477e-03
-6.360273063182830811e-02
7.371377199888229370e-02
9.933187067508697510e-02
1.058152318000793457e-01
-1.088951826095581055e-01
-2.933773212134838104e-03
1.478895843029022217e-01
-2.091910876333713531e-02
8.896166831254959106e-02
1.661753840744495392e-02
-4.209203273057937622e-02
-1.458767615258693695e-02
5.947575718164443970e-02
5.664286762475967407e-02
-6.843665987253189087e-02
-5.077098309993743896e-02
1.051116287708282471e-01
4.070651717483997345e-03
5.864346027374267578e-02
-5.106559023261070251e-02
-3.984799608588218689e-03
-5.144716799259185791e-02
-1.047340780496597290e-01
-1.178641840815544128e-01
1.107834652066230774e-01
1.040402916260063648e-03
9.377311170101165771e-02
-9.244967997074127197e-02
4.495842382311820984e-02
4.392820596694946289e-02
4.036963731050491333e-02
-8.948224037885665894e-02
2.751257643103599548e-02
1.156493499875068665e-01
4.696426168084144592e-02
3.771550208330154419e-02
5.385052412748336792e-02
5.750984698534011841e-02
-1.361482888460159302e-01
-6.903507560491561890e-02
-4.863002523779869080e-02
8.886539191007614136e-02
4.251725506037473679e-03
-1.945338211953639984e-02
1.549315173178911209e-02
-6.759790331125259399e-02
-6.486472487449645996e-02
2.114025689661502838e-02
-3.002875111997127533e-02
-5.243529006838798523e-02
-3.896366059780120850e-02
1.134986355900764465e-01
3.033316135406494141e-02
-7.030820101499557495e-02
1.294253510423004627e-03
-1.298330072313547134e-02
9.514527767896652222e-02
-1.438853051513433456e-02
-4.300710558891296387e-02
-3.287375718355178833e-02
-2.313452027738094330e-02
3.378906473517417908e-02
4.832527041435241699e-02
-3.660453110933303833e-02
-4.238243401050567627e-02
1.447884142398834229e-01
1.130177080631256104e-01
-4.252578690648078918e-02
4.880116879940032959e-02
4.518416523933410645e-02
-1.910410821437835693e-02
-7.407552003860473633e-02
-1.837131939828395844e-02
-4.275643453001976013e-02
-2.749998355284333229e-03
-4.981326404958963394e-03
2.297432348132133484e-02
-2.661439776420593262e-02
-1.963215693831443787e-02
8.789655566215515137e-02
-2.365024201571941376e-02
2.647394873201847076e-02
7.588431984186172485e-02
2.666673250496387482e-02
1.033990904688835144e-01
-2.506911940872669220e-02
-3.049565106630325317e-02
6.566409487277269363e-03
2.390632592141628265e-02
-1.025217771530151367e-02
1.076653506606817245e-02
-1.233383044600486755e-01
4.401660338044166565e-02
5.996942892670631409e-02
4.608804360032081604e-02
-1.484638080000877380e-02
-7.319156546145677567e-03
-1.602843031287193298e-02
1.379716023802757263e-02
-2.388104051351547241e-02
7.156684994697570801e-03
4.060924518853425980e-03
1.665032468736171722e-02
1.182089187204837799e-02
7.466331869363784790e-02
-2.523385919630527496e-02
3.078842908143997192e-02
5.587652791291475296e-03
-5.185314640402793884e-02
4.495238512754440308e-02
5.954917147755622864e-02
1.780732348561286926e-02
-8.082596957683563232e-02
8.313604444265365601e-02
5.807464476674795151e-03
3.041348978877067566e-02
-8.561059832572937012e-03
4.916412010788917542e-02
9.462694823741912842e-02
1.072324439883232117e-02
-1.190545037388801575e-01
2.218335308134555817e-02
1.220782287418842316e-02
7.322153449058532715e-02
-5.634429678320884705e-02
4.994579777121543884e-02
-8.490193635225296021e-03
-5.002826452255249023e-02
-5.029293522238731384e-02
6.576067954301834106e-02
-3.395004197955131531e-02
-6.497515738010406494e-02
-5.213781446218490601e-02
-3.054657205939292908e-02
-4.840492084622383118e-02
2.771310135722160339e-02
1.063520461320877075e-01
-5.152225960046052933e-03
1.150127053260803223e-01
-1.082527637481689453e-01
-2.639196813106536865e-02
-6.368026882410049438e-02
3.078739345073699951e-02
1.009807176887989044e-02
-7.466843724250793457e-02
