1.749729961156845093e-01
-1.823770813643932343e-02
4.091753065586090088e-02
-6.826458871364593506e-02
-4.722045734524726868e-02
-3.258274868130683899e-02
-1.083880513906478882e-01
-5.743861198425292969e-02
7.486542314291000366e-02
8.107183873653411865e-02
1.133558340370655060e-02
-6.031434983015060425e-02
-1.802844367921352386e-02
-9.429661184549331665e-02
8.819554001092910767e-03
-4.398698732256889343e-02
3.033281862735748291e-02
8.948199450969696045e-02
2.821243926882743835e-02
-2.835251390933990479e-02
-4.633244872093200684e-02
-1.780992373824119568e-02
1.812213473021984100e-02
-1.199372950941324234e-02
-5.080251023173332214e-02
-1.326040774583816528e-01
1.805428601801395416e-02
-6.700869649648666382e-02
-1.039342358708381653e-01
-1.024514213204383850e-01
8.419814705848693848e-02
-6.923830509185791016e-02
-8.847349882125854492e-02
-6.745724380016326904e-02
4.077487066388130188e-02
-2.996140159666538239e-02
1.096182595938444138e-02
-3.545150160789489746e-02
-3.010679781436920166e-02
-4.256212711334228516e-02
2.603934146463871002e-02
-3.828094527125358582e-02
4.235728830099105835e-02
6.114528700709342957e-02
6.299366056919097900e-02
3.540842980146408081e-02
-1.188172399997711182e-01
2.264031022787094116e-02
-2.015026845037937164e-02
-1.877154409885406494e-02
-1.539737433195114136e-01
5.304383486509323120e-02
1.152152940630912781e-01
-9.773449599742889404e-02
-4.185329377651214600e-02
3.509542346000671387e-02
-2.861747518181800842e-02
4.744977504014968872e-02
1.566347181797027588e-01
-1.555958390235900879e-02
5.454438924789428711e-02
4.151531308889389038e-02
-5.204512178897857666e-02
-7.300438359379768372e-03
-7.426855713129043579e-02
-4.976045340299606323e-02
-5.845459923148155212e-02
-8.939852565526962280e-02
-3.581327851861715317e-03
-3.671143949031829834e-02
-1.103314608335494995e-01
-6.412048637866973877e-02
1.364731341600418091e-01
-7.975669950246810913e-02
-1.178147718310356140e-01
5.853392183780670166e-02
-6.348633766174316406e-02
7.702064514160156250e-02
1.167943887412548065e-02
-1.579242646694183350e-01
5.625218525528907776e-02
6.392438709735870361e-02
2.740115113556385040e-02
5.518797412514686584e-02
-5.390920862555503845e-02
5.125448852777481079e-02
-2.406426705420017242e-02
7.057564705610275269e-02
1.850811950862407684e-02
-3.653797879815101624e-02
-1.408414542675018311e-01
-3.016613051295280457e-02
-5.837234482169151306e-02
-2.233725227415561676e-02
-3.589014336466789246e-02
-7.006709277629852295e-02
-2.858373522758483887e-02
2.554821781814098358e-02
6.030781939625740051e-02
-9.512073546648025513e-02
4.431389272212982178e-02
-3.000105731189250946e-03
3.832771908491849899e-03
-3.144415095448493958e-02
-2.811037749052047729e-02
-6.146485358476638794e-02
5.286462232470512390e-02
8.679242432117462158e-02
8.911848813295364380e-02
-9.693999588489532471e-02
-9.878307537292130291e-06
1.373104006052017212e-01
-5.428350716829299927e-02
7.579208165407180786e-02
2.586253918707370758e-03
-1.162505242973566055e-02
-1.384090073406696320e-02
4.956718906760215759e-02
4.464518651366233826e-02
-6.036507710814476013e-02
-8.360734209418296814e-03
1.070189103484153748e-01
-1.542395330034196377e-03
4.220698773860931396e-02
-4.779363796114921570e-02
2.150184661149978638e-02
-3.780568018555641174e-02
-9.490332752466201782e-02
-1.076193824410438538e-01
1.072663888335227966e-01
1.023830496706068516e-03
7.981331646442413330e-02
-9.753023087978363037e-02
3.689727932214736938e-02
5.421308055520057678e-02
8.682023733854293823e-03
-6.834259629249572754e-02
5.400873720645904541e-03
8.208054304122924805e-02
5.157323181629180908e-02
2.926654182374477386e-03
7.060572504997253418e-02
1.881220843642950058e-03
-1.277913153171539307e-01
-7.069296389818191528e-02
-4.659674316644668579e-02
8.391501754522323608e-02
3.708294825628399849e-03
-1.780048198997974396e-02
-1.730370335280895233e-02
-7.345058768987655640e-02
-5.915316194295883179e-02
-7.635749410837888718e-03
-1.755278930068016052e-02
-4.538821429014205933e-02
-1.469850260764360428e-02
1.126308739185333252e-01
3.846520185470581055e-02
-6.083992123603820801e-02
-1.106941327452659607e-02
1.418669242411851883e-03
8.408135920763015747e-02
-1.235544122755527496e-02
-4.138519987463951111e-02
-7.324224710464477539e-02
-2.857130765914916992e-02
3.297231346368789673e-02
5.372168868780136108e-02
-4.481835290789604187e-02
-7.143863290548324585e-02
1.852805316448211670e-01
1.348372846841812134e-01
-6.281538307666778564e-02
5.123845115303993225e-02
3.599116578698158264e-02
-1.757066324353218079e-02
-7.396280020475387573e-02
-3.539883065968751907e-03
-4.027648270130157471e-02
-8.222901262342929840e-03
-8.119019679725170135e-03
9.126204997301101685e-03
-4.343767091631889343e-02
3.837324911728501320e-03
7.748409360647201538e-02
-7.285450585186481476e-03
1.821670494973659515e-02
6.102394685149192810e-02
2.816907316446304321e-02
1.144560799002647400e-01
-2.349095605313777924e-02
-2.640270814299583435e-02
4.200223088264465332e-02
3.710863366723060608e-02
-4.724679980427026749e-03
2.480891719460487366e-02
-1.016926765441894531e-01
5.142513290047645569e-02
4.808501154184341431e-02
4.700534418225288391e-02
-3.854798525571823120e-02
-3.893456608057022095e-02
-3.991234675049781799e-02
8.281167596578598022e-03
-3.371256589889526367e-02
-2.570647746324539185e-02
8.242163807153701782e-03
3.373952209949493408e-02
-6.155586335808038712e-03
8.697947114706039429e-02
-5.782895162701606750e-02
4.555925354361534119e-02
7.838621735572814941e-03
-6.843020766973495483e-02
6.958972662687301636e-02
5.498323962092399597e-02
2.683750353753566742e-02
-6.299111992120742798e-02
5.772141367197036743e-02
4.047129768878221512e-03
3.381698951125144958e-02
-1.455901376903057098e-02
2.402774244546890259e-02
7.182453572750091553e-02
9.681093506515026093e-03
-1.350605785846710205e-01
3.367756679654121399e-02
2.960053458809852600e-02
8.887589722871780396e-02
-4.601119831204414368e-02
2.202229946851730347e-02
-1.863032206892967224e-02
-4.524264857172966003e-02
-3.178108111023902893e-02
8.105228096246719360e-02
-3.833340108394622803e-02
-7.286235690116882324e-02
-4.555284604430198669e-02
-4.457288607954978943e-02
-4.327550530433654785e-02
1.752047799527645111e-02
1.179292872548103333e-01
-9.765218943357467651e-03
1.200194805860519409e-01
-1.449806094169616699e-01
-1.583478972315788269e-02
-7.416214048862457275e-02
-1.718711480498313904e-02
3.402777761220932007e-02
-7.110353559255599976e-02
