2.069581151008605957e-01
4.934417083859443665e-02
4.027476161718368530e-02
-1.620280556380748749e-02
3.184000728651881218e-03
-1.118841767311096191e-01
-5.568383261561393738e-02
-3.223316371440887451e-02
-3.726846724748611450e-02
-5.407457798719406128e-02
-8.056704699993133545e-02
-4.781014844775199890e-02
4.264713823795318604e-02
-6.799938529729843140e-02
1.821650564670562744e-02
-5.876371264457702637e-02
1.499954890459775925e-02
5.701240524649620056e-02
-1.354791596531867981e-02
6.320358067750930786e-02
2.176508074626326561e-03
-4.381589218974113464e-02
6.962494552135467529e-02
-4.910322371870279312e-03
-5.823769047856330872e-02
-6.431592255830764771e-02
5.197620764374732971e-02
-5.992140620946884155e-02
-1.073746979236602783e-01
-1.359058450907468796e-02
-3.543516620993614197e-02
-7.117830216884613037e-03
4.973363876342773438e-02
-5.674182251095771790e-02
-8.983928710222244263e-03
5.835060030221939087e-03
9.514929354190826416e-02
-3.242575377225875854e-02
-1.107164919376373291e-01
-1.075576171278953552e-01
6.261564046144485474e-02
2.992018312215805054e-02
4.884060472249984741e-02
2.492223680019378662e-02
4.410672560334205627e-02
2.519315108656883240e-02
-7.975511997938156128e-02
5.425468832254409790e-02
-5.768543481826782227e-02
-4.825961589813232422e-02
-1.669377088546752930e-01
3.165157884359359741e-02
6.076978892087936401e-02
-1.669710502028465271e-02
-1.467144698835909367e-03
4.938405379652976990e-02
-5.695552006363868713e-02
-8.949346095323562622e-02
1.134530752897262573e-01
3.699105978012084961e-02
6.230845302343368530e-02
-9.139698930084705353e-03
-1.272119879722595215e-01
5.261268094182014465e-02
-7.100006192922592163e-02
-5.078923702239990234e-02
1.040355127770453691e-04
-9.903174638748168945e-02
6.548232585191726685e-02
-1.056969910860061646e-02
2.115754177793860435e-03
-1.013034880161285400e-01
1.028130054473876953e-01
-1.554831676185131073e-02
-1.001497060060501099e-01
1.056051906198263168e-02
2.587621798738837242e-03
8.749847114086151123e-02
-2.115379646420478821e-02
-1.124051138758659363e-01
1.907604001462459564e-02
6.603904068470001221e-02
2.294137515127658844e-02
3.312424942851066589e-02
-4.516572691500186920e-03
4.652243480086326599e-02
1.357730198651552200e-02
4.547414183616638184e-02
7.539709657430648804e-02
-3.361349552869796753e-02
-1.657796353101730347e-01
1.639219233766198158e-03
-3.662483766674995422e-02
2.562602609395980835e-02
-2.212359197437763214e-02
1.163525599986314774e-02
-2.241137064993381500e-02
9.119442850351333618e-02
2.161354422569274902e-01
-9.591756761074066162e-02
1.298214644193649292e-01
-4.347629845142364502e-02
7.994039356708526611e-02
1.134243514388799667e-02
-2.252802811563014984e-02
-1.210548263043165207e-02
2.456136234104633331e-02
7.807150483131408691e-02
1.487746685743331909e-01
-6.807858496904373169e-02
-5.795861780643463135e-02
1.787144839763641357e-01
3.026956506073474884e-02
1.023594066500663757e-01
1.962099038064479828e-02
-2.968971244990825653e-02
1.652942970395088196e-02
7.644964009523391724e-02
5.248677730560302734e-02
-9.073706716299057007e-02
-1.297170221805572510e-01
1.138098388910293579e-01
-2.596781961619853973e-02
4.312384501099586487e-02
8.542884141206741333e-03
-4.430197179317474365e-02
-9.837105125188827515e-02
4.700851626694202423e-03
-8.714174479246139526e-02
1.890281885862350464e-01
-1.363238133490085602e-02
5.419748276472091675e-02
-7.544628530740737915e-02
3.663088381290435791e-02
5.351709574460983276e-02
5.132384598255157471e-02
-7.332386076450347900e-02
2.049879170954227448e-02
1.291460990905761719e-01
8.487391471862792969e-02
1.081009581685066223e-02
-3.228383138775825500e-02
1.117010414600372314e-01
-1.296345591545104980e-01
-9.281755983829498291e-02
-3.886465355753898621e-02
7.040295749902725220e-02
-3.070413367822766304e-03
-6.174304988235235214e-03
6.379011273384094238e-02
-1.092274412512779236e-01
-8.596383035182952881e-02
4.196813702583312988e-02
-2.789265476167201996e-02
-4.610153287649154663e-02
-4.298714920878410339e-02
7.305690646171569824e-02
2.369178272783756256e-02
-4.296804964542388916e-02
1.000076439231634140e-02
-3.053236007690429688e-02
1.108921170234680176e-01
-7.729069795459508896e-03
8.807886391878128052e-03
3.323366120457649231e-02
2.980198187287896872e-04
4.073830321431159973e-02
7.763940095901489258e-02
-9.847107343375682831e-03
-3.885140269994735718e-02
3.027338720858097076e-02
6.767855584621429443e-02
-1.709589920938014984e-02
9.290888905525207520e-02
6.393916159868240356e-02
-3.748220577836036682e-02
-4.656314849853515625e-02
1.474603894166648388e-03
-1.113404184579849243e-01
1.861978322267532349e-02
9.387530386447906494e-03
3.285069391131401062e-02
2.205857075750827789e-02
-3.689035028219223022e-02
9.574661403894424438e-02
-2.077260054647922516e-02
6.694669276475906372e-02
2.923937700688838959e-02
-1.463866140693426132e-02
3.623072057962417603e-02
-5.121367052197456360e-02
-3.263736888766288757e-02
-5.841149948537349701e-03
-2.935513854026794434e-02
-1.686534471809864044e-02
7.573111914098262787e-03
-9.179632365703582764e-02
6.733672320842742920e-02
3.193247690796852112e-02
8.283089101314544678e-02
3.530693054199218750e-02
1.574540510773658752e-02
7.020060718059539795e-02
4.749008640646934509e-02
-1.509379874914884567e-02
2.467553131282329559e-02
-3.627298027276992798e-02
-1.805087900720536709e-03
9.478488937020301819e-03
4.047723859548568726e-02
3.775374963879585266e-02
-3.338867425918579102e-02
-6.565144751220941544e-03
-3.705193987116217613e-03
-1.406046561896800995e-02
3.649846464395523071e-02
1.593571342527866364e-02
-7.445605844259262085e-02
2.963539399206638336e-02
-5.682555213570594788e-02
-5.210866034030914307e-02
1.329188980162143707e-02
4.051744192838668823e-02
5.096327140927314758e-02
4.975842684507369995e-02
-1.343326084315776825e-02
1.650612242519855499e-02
-8.634101599454879761e-03
-3.209985047578811646e-02
-4.033474624156951904e-02
7.153474260121583939e-03
-1.354733854532241821e-02
-5.554110184311866760e-02
-9.485804289579391479e-02
8.603274077177047729e-02
-1.434876117855310440e-02
-7.805068790912628174e-02
1.443627197295427322e-02
-7.786526344716548920e-03
-1.552327908575534821e-02
4.681347310543060303e-02
5.697900801897048950e-02
3.190908953547477722e-02
5.261100456118583679e-02
-8.950761705636978149e-02
-1.527584437280893326e-02
-3.544132411479949951e-02
7.782812416553497314e-02
1.299811992794275284e-02
-3.697514161467552185e-02
