1.958024948835372925e-01
1.281095668673515320e-03
3.996394947171211243e-02
-4.421937093138694763e-02
-6.173442676663398743e-02
-3.469907119870185852e-02
-1.164629086852073669e-01
-5.816280096769332886e-02
8.289834856986999512e-02
5.416031926870346069e-02
-4.365821368992328644e-03
-5.259483307600021362e-02
-8.617758750915527344e-03
-1.176893711090087891e-01
1.762264035642147064e-02
-7.406233251094818115e-02
2.682045474648475647e-02
9.166173636913299561e-02
2.488953806459903717e-02
-2.064673975110054016e-02
-5.113296210765838623e-02
-1.365503016859292984e-02
2.324588596820831299e-02
-1.773873716592788696e-02
-5.872076004743576050e-02
-1.258921623229980469e-01
4.780780524015426636e-02
-8.552999049425125122e-02
-1.382002979516983032e-01
-1.249422580003738403e-01
6.386575102806091309e-02
-6.386801600456237793e-02
-3.303677216172218323e-02
-6.991935521364212036e-02
1.281474810093641281e-02
-2.083477191627025604e-02
3.562936559319496155e-02
-3.759625926613807678e-02
-5.673714354634284973e-02
-5.040662735700607300e-02
5.976088345050811768e-02
6.616523023694753647e-03
4.280204325914382935e-02
7.695543766021728516e-02
5.206112191081047058e-02
3.588197752833366394e-02
-1.119119897484779358e-01
2.227609604597091675e-02
-2.900579944252967834e-02
-3.416140004992485046e-02
-1.762207448482513428e-01
6.272133439779281616e-02
1.303484737873077393e-01
-9.619773924350738525e-02
-3.667888790369033813e-02
4.458136856555938721e-02
-3.679582104086875916e-02
3.772132331505417824e-03
1.580964922904968262e-01
-1.065733935683965683e-02
6.298032402992248535e-02
2.673444524407386780e-02
-7.952930033206939697e-02
2.933569019660353661e-03
-7.483140379190444946e-02
-6.207779794931411743e-02
-4.787552356719970703e-02
-9.664420783519744873e-02
9.007546119391918182e-03
-4.157617315649986267e-02
-9.378924965858459473e-02
-1.070303171873092651e-01
1.373997628688812256e-01
-8.785872906446456909e-02
-1.368971914052963257e-01
4.074840992689132690e-02
-5.850415676832199097e-02
7.302000373601913452e-02
1.425618026405572891e-02
-1.886736601591110229e-01
4.616495594382286072e-02
4.682363197207450867e-02
1.995370909571647644e-02
7.100541144609451294e-02
-5.310061573982238770e-02
5.170995369553565979e-02
-3.039353527128696442e-02
4.698502272367477417e-02
3.702990338206291199e-02
-3.120339661836624146e-02
-1.439157873392105103e-01
-3.255961835384368896e-02
-6.686379760503768921e-02
-2.340879105031490326e-02
-5.865180119872093201e-02
-5.139371380209922791e-02
-2.102489396929740906e-02
4.376117885112762451e-02
7.926681637763977051e-02
-9.593640267848968506e-02
5.033738538622856140e-02
-1.654341258108615875e-02
2.263840846717357635e-02
-7.554479409009218216e-03
-3.407967276871204376e-03
-3.631920367479324341e-02
5.625325441360473633e-02
9.166116267442703247e-02
9.502270817756652832e-02
-9.162551164627075195e-02
-3.714194521307945251e-03
1.312832534313201904e-01
-2.273007854819297791e-02
9.079648554325103760e-02
-6.236561574041843414e-03
-1.507777837105095387e-03
-2.241075038909912109e-02
5.200384929776191711e-02
5.451343208551406860e-02
-4.953028261661529541e-02
-4.417202249169349670e-02
1.004291325807571411e-01
7.449526805430650711e-03
4.295269399881362915e-02
-3.323968127369880676e-02
1.795525848865509033e-02
-4.358343780040740967e-02
-7.105369865894317627e-02
-9.787203371524810791e-02
9.209349006414413452e-02
1.683058030903339386e-02
6.974009424448013306e-02
-9.412146359682083130e-02
4.099762439727783203e-02
3.336612507700920105e-02
-1.129735261201858521e-03
-7.446380704641342163e-02
4.045130684971809387e-02
9.807670861482620239e-02
3.455620631575584412e-02
2.307171002030372620e-02
5.196538195013999939e-02
3.683080524206161499e-02
-1.403426378965377808e-01
-7.721259444952011108e-02
-6.313022971153259277e-02
9.264246374368667603e-02
1.124927774071693420e-02
-1.240667328238487244e-02
2.817775122821331024e-02
-6.583356112241744995e-02
-4.530816897749900818e-02
9.083840064704418182e-03
-2.212572097778320312e-02
-4.211349785327911377e-02
-3.448664769530296326e-02
1.012112870812416077e-01
1.352696772664785385e-02
-6.438834965229034424e-02
-3.849879722110927105e-04
9.561661630868911743e-03
8.494493365287780762e-02
-5.003574769943952560e-03
-2.770081162452697754e-02
-2.366502769291400909e-02
-5.198399536311626434e-03
4.026692360639572144e-02
4.900685697793960571e-02
-4.370639100670814514e-02
-4.855636879801750183e-02
1.463935673236846924e-01
1.249703764915466309e-01
-4.630680754780769348e-02
3.696839511394500732e-02
4.564706236124038696e-02
-9.100388735532760620e-03
-6.919208168983459473e-02
-1.381025090813636780e-02
-4.327519983053207397e-02
-6.449830718338489532e-03
-1.987274363636970520e-02
2.461902238428592682e-02
-2.301722764968872070e-02
-2.078464068472385406e-02
7.128249853849411011e-02
-1.559650339186191559e-02
4.068418219685554504e-02
6.226566806435585022e-02
3.523422032594680786e-02
1.032987758517265320e-01
-2.681488357484340668e-02
-1.612068898975849152e-02
2.180058881640434265e-02
1.812446676194667816e-02
-9.222060441970825195e-03
6.061221007257699966e-03
-1.057807728648185730e-01
5.089530721306800842e-02
5.834659188985824585e-02
5.527956038713455200e-02
-1.655560918152332306e-02
-3.702552616596221924e-02
-1.664958707988262177e-02
3.089461289346218109e-02
-5.079134553670883179e-02
-6.565597839653491974e-03
-4.841486923396587372e-03
3.301142901182174683e-02
6.215790752321481705e-03
9.032201021909713745e-02
-2.098557911813259125e-02
3.876604139804840088e-02
1.042173802852630615e-02
-6.340958178043365479e-02
5.178489908576011658e-02
7.606078684329986572e-02
3.500245511531829834e-02
-7.145303487777709961e-02
5.708799883723258972e-02
1.024047287501161918e-05
2.220016904175281525e-02
8.210482192225754261e-04
5.029591172933578491e-02
7.727697491645812988e-02
2.030369825661182404e-02
-1.306516975164413452e-01
2.996046096086502075e-02
2.500017359852790833e-02
8.650901168584823608e-02
-4.682265594601631165e-02
3.459758684039115906e-02
-1.622867397964000702e-02
-5.784963071346282959e-02
-4.695719107985496521e-02
6.272304803133010864e-02
-4.790353402495384216e-02
-7.080682367086410522e-02
-3.823586180806159973e-02
-2.963352948427200317e-02
-3.940835595130920410e-02
3.473436832427978516e-02
9.071087837219238281e-02
-1.959413662552833557e-02
9.640716016292572021e-02
-1.200024113059043884e-01
-1.218810304999351501e-02
-4.164246842265129089e-02
-3.847879823297262192e-03
3.596686571836471558e-02
-6.121205165982246399e-02
