2.108400166034698486e-01
-1.709899492561817169e-02
3.977923467755317688e-02
-6.580291688442230225e-02
-5.150800943374633789e-02
-2.235895767807960510e-02
-1.146895587444305420e-01
-7.394742965698242188e-02
7.384976744651794434e-02
6.824959069490432739e-02
3.912484273314476013e-03
-8.180587738752365112e-02
-2.763401903212070465e-02
-1.040866672992706299e-01
-1.390629447996616364e-03
-6.469604372978210449e-02
1.814942806959152222e-02
1.048200353980064392e-01
4.154630750417709351e-02
-1.394504029303789139e-02
-7.026592642068862915e-02
-2.935096621513366699e-02
1.037785969674587250e-02
-6.549899000674486160e-03
-6.727804988622665405e-02
-1.451811641454696655e-01
3.326809406280517578e-02
-8.339627087116241455e-02
-1.280074715614318848e-01
-1.322875320911407471e-01
7.699997723102569580e-02
-9.531561285257339478e-02
-7.975161075592041016e-02
-4.097541794180870056e-02
2.972984872758388519e-02
-2.672703191637992859e-02
1.007030718028545380e-02
-3.597665578126907349e-02
-3.297433629631996155e-02
-5.079520121216773987e-02
2.224451862275600433e-02
1.240838901139795780e-03
4.743416607379913330e-02
4.939723014831542969e-02
6.873401254415512085e-02
3.363512083888053894e-02
-1.035621911287307739e-01
5.492902919650077820e-02
-3.413069248199462891e-02
-9.573877789080142975e-03
-1.537593156099319458e-01
4.929395020008087158e-02
1.240958422422409058e-01
-1.041132956743240356e-01
-1.733659580349922180e-02
2.468599937856197357e-02
-3.710192069411277771e-02
4.108449071645736694e-02
1.430847793817520142e-01
1.135722920298576355e-02
5.309765413403511047e-02
3.233864903450012207e-02
-8.127352595329284668e-02
-5.807249341160058975e-03
-7.642285525798797607e-02
-3.844045102596282959e-02
-3.737130016088485718e-02
-8.644597977399826050e-02
3.181186271831393242e-03
-1.602995954453945160e-02
-1.043685302138328552e-01
-6.974584609270095825e-02
1.298142820596694946e-01
-7.851497083902359009e-02
-1.339710354804992676e-01
2.756129205226898193e-02
-3.429872170090675354e-02
8.988939970731735229e-02
1.856225356459617615e-02
-1.689055562019348145e-01
4.226414114236831665e-02
5.257703736424446106e-02
3.852735459804534912e-02
7.371004670858383179e-02
-3.749331831932067871e-02
4.452814906835556030e-02
-1.056476030498743057e-02
6.166142597794532776e-02
3.595089167356491089e-02
-3.924426808953285217e-02
-1.282160282135009766e-01
-3.942191973328590393e-02
-6.325691938400268555e-02
-2.464792504906654358e-02
-3.517009317874908447e-02
-6.134250387549400330e-02
-7.981028407812118530e-03
5.169739201664924622e-02
6.327321380376815796e-02
-7.903470844030380249e-02
3.049492463469505310e-02
-7.188531104475259781e-03
2.038815803825855255e-02
-2.972756326198577881e-02
-2.902487479150295258e-02
-3.801974654197692871e-02
3.675384446978569031e-02
6.415762752294540405e-02
7.452895492315292358e-02
-7.566761970520019531e-02
-6.593171972781419754e-03
1.188992634415626526e-01
-5.010062083601951599e-02
7.307869940996170044e-02
-1.506513915956020355e-02
2.095998637378215790e-02
-1.478731725364923477e-02
4.645077884197235107e-02
4.126496985554695129e-02
-4.197713360190391541e-02
-3.437383100390434265e-03
1.032015681266784668e-01
-9.351857937872409821e-03
1.902285590767860413e-02
-3.362453356385231018e-02
2.832000888884067535e-02
-3.335066512227058411e-02
-4.803449660539627075e-02
-8.014629781246185303e-02
1.022619754076004028e-01
8.758009411394596100e-03
5.912519618868827820e-02
-8.051892369985580444e-02
2.227601595222949982e-02
4.502962902188301086e-02
-2.679842896759510040e-02
-4.298880696296691895e-02
-8.593803271651268005e-03
5.990014597773551941e-02
4.399318248033523560e-02
-2.419443242251873016e-02
5.740806087851524353e-02
-1.341732684522867203e-02
-1.180835291743278503e-01
-8.378064632415771484e-02
-4.828960075974464417e-02
7.998356968164443970e-02
5.331820342689752579e-03
-7.402852177619934082e-03
-1.398865506052970886e-02
-7.642997056245803833e-02
-4.790977761149406433e-02
-2.005814947187900543e-02
-3.737460589036345482e-03
-2.995981648564338684e-02
-5.880581215023994446e-03
9.833373874425888062e-02
1.857498474419116974e-02
-4.591419547796249390e-02
-1.108145620673894882e-02
2.628676034510135651e-02
8.821894973516464233e-02
-1.791602000594139099e-02
-1.362746488302946091e-02
-5.877491086721420288e-02
-1.546782907098531723e-02
4.748505353927612305e-02
5.005887523293495178e-02
-3.896333649754524231e-02
-8.655796945095062256e-02
1.746697574853897095e-01
1.339506059885025024e-01
-6.610141694545745850e-02
4.901099950075149536e-02
3.329158946871757507e-02
-1.827606558799743652e-02
-7.008504122495651245e-02
1.132637169212102890e-02
-5.461552366614341736e-02
-9.081854484975337982e-03
-2.275792509317398071e-02
-9.217330079991370440e-05
-3.462423384189605713e-02
8.480649441480636597e-03
5.257695168256759644e-02
-1.066523324698209763e-02
3.644166514277458191e-02
2.956180088222026825e-02
1.466501131653785706e-02
1.107105091214179993e-01
-2.751470170915126801e-02
-1.580215990543365479e-02
5.639071017503738403e-02
2.413439005613327026e-02
6.055412814021110535e-03
9.061002172529697418e-03
-8.616982400417327881e-02
6.106435507535934448e-02
4.828448966145515442e-02
5.780031159520149231e-02
-2.664408646523952484e-02
-6.431563943624496460e-02
-2.919857949018478394e-02
3.246420621871948242e-02
-4.314791411161422729e-02
-4.523362219333648682e-02
-2.149795182049274445e-03
5.070402473211288452e-02
-1.831059530377388000e-02
1.021977216005325317e-01
-5.290738493204116821e-02
4.260608181357383728e-02
1.323105581104755402e-02
-7.325448840856552124e-02
7.776954025030136108e-02
7.345539331436157227e-02
5.152002722024917603e-02
-6.151156127452850342e-02
3.719846159219741821e-02
-6.129113491624593735e-03
2.070718444883823395e-02
-1.538292132318019867e-02
1.878484711050987244e-02
4.284592345356941223e-02
2.530939131975173950e-02
-1.417237967252731323e-01
2.803039364516735077e-02
3.738123551011085510e-02
9.723766893148422241e-02
-4.709257557988166809e-02
1.585022546350955963e-02
-2.785970456898212433e-02
-6.671552360057830811e-02
-2.798146568238735199e-02
9.845677018165588379e-02
-4.713987186551094055e-02
-9.493177384138107300e-02
-4.631191492080688477e-02
-6.044621765613555908e-02
-3.647974878549575806e-02
2.698577567934989929e-02
1.228214129805564880e-01
-1.663934625685214996e-02
1.073784604668617249e-01
-1.719844490289688110e-01
-9.615474380552768707e-03
-7.016714662313461304e-02
-4.143673554062843323e-02
5.826924741268157959e-02
-7.927403599023818970e-02
