1.666061729192733765e-01
1.583043020218610764e-03
3.774729743599891663e-02
-3.844692930579185486e-02
-4.483496770262718201e-02
-4.045272618532180786e-02
-9.593378752470016479e-02
-4.902266338467597961e-02
5.943395569920539856e-02
3.632089495658874512e-02
-1.502188039012253284e-03
-4.533705115318298340e-02
-1.109148259274661541e-03
-9.713947772979736328e-02
1.568415015935897827e-02
-5.773538351058959961e-02
2.830964513123035431e-02
8.191218972206115723e-02
5.420974921435117722e-03
-1.222652103751897812e-02
-3.080889955163002014e-02
-9.005369618535041809e-03
2.678435295820236206e-02
-2.359368838369846344e-02
-4.747784137725830078e-02
-1.131633892655372620e-01
4.351517930626869202e-02
-7.058078795671463013e-02
-1.215024590492248535e-01
-1.046567037701606750e-01
5.825782939791679382e-02
-4.764898121356964111e-02
-3.595203906297683716e-02
-7.172060757875442505e-02
2.283922769129276276e-02
-1.154639013111591339e-02
3.395527973771095276e-02
-3.766974061727523804e-02
-6.096747145056724548e-02
-5.500290915369987488e-02
6.302189826965332031e-02
-1.546802697703242302e-03
4.036753624677658081e-02
7.398259639739990234e-02
4.530050233006477356e-02
2.720886655151844025e-02
-1.220077276229858398e-01
3.000316210091114044e-02
-3.002908453345298767e-02
-4.226421937346458435e-02
-1.785864382982254028e-01
6.462717056274414062e-02
1.153975278139114380e-01
-9.154345840215682983e-02
-3.978443145751953125e-02
5.082316324114799500e-02
-3.541800752282142639e-02
-1.019648741930723190e-02
1.613784432411193848e-01
-1.407237257808446884e-02
6.624723970890045166e-02
3.229605033993721008e-02
-7.990106195211410522e-02
4.355736076831817627e-03
-7.272703945636749268e-02
-6.368304044008255005e-02
-4.985138028860092163e-02
-1.030555590987205505e-01
7.206043694168329239e-03
-4.936836659908294678e-02
-8.805662393569946289e-02
-1.033724173903465271e-01
1.365164071321487427e-01
-8.120636641979217529e-02
-1.357695162296295166e-01
4.855784028768539429e-02
-6.560887396335601807e-02
7.895027846097946167e-02
1.101822219789028168e-02
-1.903145462274551392e-01
4.197290539741516113e-02
5.386822670698165894e-02
1.691863313317298889e-02
6.649237126111984253e-02
-5.382391065359115601e-02
5.105797573924064636e-02
-3.480429202318191528e-02
5.675993114709854126e-02
3.570930659770965576e-02
-3.825578466057777405e-02
-1.602331548929214478e-01
-3.151710703969001770e-02
-6.177213415503501892e-02
-2.134412899613380432e-02
-5.821262672543525696e-02
-4.782522097229957581e-02
-2.777689695358276367e-02
3.619320318102836609e-02
8.654896914958953857e-02
-9.340564906597137451e-02
6.177892535924911499e-02
-1.652416214346885681e-02
2.246689423918724060e-02
-1.176989171653985977e-02
-4.302503541111946106e-03
-5.077821388840675354e-02
6.442723423242568970e-02
9.269616007804870605e-02
1.080767288804054260e-01
-9.547054767608642578e-02
-5.651848390698432922e-03
1.430982649326324463e-01
-1.320851035416126251e-02
9.478019177913665771e-02
4.734909627586603165e-03
-2.246595732867717743e-02
-2.076218277215957642e-02
5.213865637779235840e-02
5.556422099471092224e-02
-6.032820045948028564e-02
-5.222661048173904419e-02
1.069700419902801514e-01
3.543936647474765778e-03
4.521411657333374023e-02
-4.255551844835281372e-02
1.841070712544023991e-03
-5.199696868658065796e-02
-7.922543585300445557e-02
-1.039899289608001709e-01
1.060257703065872192e-01
1.076419185847043991e-02
8.092258870601654053e-02
-9.542878717184066772e-02
4.178903624415397644e-02
3.902530297636985779e-02
1.684193313121795654e-02
-7.891563326120376587e-02
2.967520430684089661e-02
1.034532934427261353e-01
4.221725836396217346e-02
2.375367097556591034e-02
4.710899665951728821e-02
5.375903844833374023e-02
-1.400962918996810913e-01
-7.742330431938171387e-02
-5.707947164773941040e-02
8.772853016853332520e-02
7.540689315646886826e-03
-1.126056350767612457e-02
2.764105424284934998e-02
-6.917167454957962036e-02
-5.689542740583419800e-02
2.091679535806179047e-02
-2.429332211613655090e-02
-4.648046940565109253e-02
-3.776586428284645081e-02
1.022614836692810059e-01
1.168904453516006470e-02
-6.622637063264846802e-02
3.072623861953616142e-03
1.266572275198996067e-03
9.923873096704483032e-02
-1.582906395196914673e-02
-2.869805507361888885e-02
-1.990730874240398407e-02
-6.239308975636959076e-03
4.179197549819946289e-02
4.888425022363662720e-02
-4.457067325711250305e-02
-5.168762430548667908e-02
1.426912695169448853e-01
1.227629333734512329e-01
-4.576014354825019836e-02
4.762982577085494995e-02
5.081702023744583130e-02
-1.810522191226482391e-02
-7.396218180656433105e-02
-1.090921368449926376e-02
-4.654270410537719727e-02
-7.484618254238739610e-05
-1.736402325332164764e-02
2.184431813657283783e-02
-2.374951913952827454e-02
-1.770618185400962830e-02
7.772924751043319702e-02
-2.279402315616607666e-02
3.545675426721572876e-02
6.297405064105987549e-02
2.804092317819595337e-02
1.057238206267356873e-01
-2.543465793132781982e-02
-2.558345906436443329e-02
1.595064438879489899e-02
2.063176967203617096e-02
-1.082369871437549591e-02
6.202387623488903046e-03
-1.210943758487701416e-01
5.155020952224731445e-02
6.115629896521568298e-02
5.742296203970909119e-02
-1.333140768110752106e-02
-2.497644163668155670e-02
-7.828723639249801636e-03
3.114124573767185211e-02
-3.974933922290802002e-02
5.667556542903184891e-03
-1.535053364932537079e-03
2.416473999619483948e-02
8.799106813967227936e-03
8.711256831884384155e-02
-1.909266971051692963e-02
3.023534454405307770e-02
4.239893984049558640e-03
-5.659119039773941040e-02
4.735476151108741760e-02
7.514589279890060425e-02
3.130158782005310059e-02
-8.405259251594543457e-02
7.231942564249038696e-02
1.355427317321300507e-03
2.661348506808280945e-02
-7.352860644459724426e-03
5.476194992661476135e-02
8.627177774906158447e-02
2.319395355880260468e-02
-1.354315876960754395e-01
2.149999514222145081e-02
1.853169128298759460e-02
8.070228248834609985e-02
-5.329712852835655212e-02
4.260537028312683105e-02
-1.257060840725898743e-02
-6.442573666572570801e-02
-5.236967653036117554e-02
6.602033227682113647e-02
-4.120980575680732727e-02
-7.098093628883361816e-02
-4.818447306752204895e-02
-3.064393997192382812e-02
-4.410041496157646179e-02
3.050561808049678802e-02
9.951171278953552246e-02
-1.354110147804021835e-02
9.510672092437744141e-02
-1.169680356979370117e-01
-2.368174120783805847e-02
-5.136413499712944031e-02
1.234485860913991928e-02
2.895332500338554382e-02
-6.721272319555282593e-02
