1.966311186552047729e-01
-5.517197772860527039e-03
4.738668352365493774e-02
-3.000576049089431763e-02
-8.875375986099243164e-02
-1.904334872961044312e-02
-1.464936882257461548e-01
-6.188271939754486084e-02
1.235409677028656006e-01
6.964460015296936035e-02
2.165927365422248840e-02
-2.493006736040115356e-02
1.277964795008301735e-03
-1.437597721815109253e-01
3.958960995078086853e-02
-9.526132047176361084e-02
2.479173056781291962e-02
7.516146451234817505e-02
1.452950946986675262e-02
-4.380302503705024719e-02
-5.734170228242874146e-02
6.923981942236423492e-03
2.182298339903354645e-02
-2.951622195541858673e-02
-4.235210269689559937e-02
-1.169380173087120056e-01
4.877146705985069275e-02
-9.462624788284301758e-02
-1.502920836210250854e-01
-1.385473608970642090e-01
8.084658533334732056e-02
-5.511403083801269531e-02
-4.634200595319271088e-03
-9.960354119539260864e-02
2.026732778176665306e-03
-2.822289243340492249e-02
3.234688937664031982e-02
-2.916595153510570526e-02
-5.548805743455886841e-02
-2.233233116567134857e-02
8.025174587965011597e-02
-7.078351452946662903e-03
3.750941529870033264e-02
1.059969961643218994e-01
1.848450675606727600e-02
3.045602887868881226e-02
-1.051851883530616760e-01
-2.689629606902599335e-02
-1.590776070952415466e-02
-3.475679457187652588e-02
-1.762970387935638428e-01
7.503759860992431641e-02
1.369614899158477783e-01
-9.823939204216003418e-02
-6.602925807237625122e-02
5.405433475971221924e-02
-1.347448024898767471e-02
7.136307191103696823e-03
1.593666225671768188e-01
-1.672232151031494141e-02
6.110192462801933289e-02
2.124599181115627289e-02
-4.843656718730926514e-02
7.583539932966232300e-03
-5.847942084074020386e-02
-6.198855489492416382e-02
-7.288895547389984131e-02
-9.728479385375976562e-02
2.147543244063854218e-03
-7.330960780382156372e-02
-1.057605370879173279e-01
-1.259493976831436157e-01
1.475510299205780029e-01
-1.054373160004615784e-01
-1.230067014694213867e-01
4.799160361289978027e-02
-7.459046691656112671e-02
5.121751129627227783e-02
2.075396664440631866e-02
-1.978616714477539062e-01
5.836177989840507507e-02
3.415840491652488708e-02
-1.266678422689437866e-02
8.238581568002700806e-02
-6.677082926034927368e-02
5.775054171681404114e-02
-5.476100370287895203e-02
4.533987119793891907e-02
2.336793392896652222e-02
-2.392128668725490570e-02
-1.353090256452560425e-01
-4.621135443449020386e-02
-6.891699135303497314e-02
-2.549315430223941803e-02
-6.593873351812362671e-02
-5.630527436733245850e-02
-3.588576614856719971e-02
2.013540267944335938e-02
4.491644352674484253e-02
-9.627604484558105469e-02
4.573273286223411560e-02
-2.581878378987312317e-02
1.090178079903125763e-02
3.265592968091368675e-04
1.299524307250976562e-02
-3.749116882681846619e-02
7.327712327241897583e-02
9.942274540662765503e-02
8.056437224149703979e-02
-9.161283075809478760e-02
1.366339810192584991e-02
9.694095700979232788e-02
-1.701148599386215210e-02
9.398826211690902710e-02
-9.861308149993419647e-03
-1.736534759402275085e-02
-3.398277610540390015e-02
4.849979281425476074e-02
6.256946176290512085e-02
-3.979111090302467346e-02
-4.428565502166748047e-02
7.444421947002410889e-02
1.803599111735820770e-02
5.373880267143249512e-02
-3.262510150671005249e-02
3.297871723771095276e-02
-2.506006322801113129e-02
-1.062383130192756653e-01
-9.017650038003921509e-02
2.791025489568710327e-02
2.004304155707359314e-02
6.867431849241256714e-02
-7.555045932531356812e-02
4.781220853328704834e-02
1.437730435281991959e-02
3.858513198792934418e-03
-8.122792094945907593e-02
7.167979329824447632e-02
1.034949496388435364e-01
7.917923852801322937e-03
7.462520897388458252e-02
6.599453836679458618e-02
4.357302933931350708e-02
-1.336901783943176270e-01
-6.535976380109786987e-02
-7.191839814186096191e-02
8.397605270147323608e-02
2.427782677114009857e-02
-3.758409619331359863e-02
3.563892468810081482e-02
-3.327589854598045349e-02
-2.944629825651645660e-02
1.093991566449403763e-02
-3.627573326230049133e-02
-4.129778221249580383e-02
-4.978454485535621643e-02
8.994494378566741943e-02
1.398108527064323425e-02
-7.055242359638214111e-02
3.346685785800218582e-03
9.667573496699333191e-03
4.343365877866744995e-02
2.625103108584880829e-03
-3.782595321536064148e-02
-9.941681288182735443e-03
7.781347259879112244e-03
2.981548570096492767e-02
1.199069712311029434e-02
-4.416909813880920410e-02
-1.931057660840451717e-03
1.182196214795112610e-01
1.004192754626274109e-01
-3.815957903861999512e-02
-1.249333843588829041e-02
3.603470697999000549e-02
-3.707746509462594986e-03
-5.642018094658851624e-02
-3.246796131134033203e-02
-1.098701171576976776e-02
-1.935824751853942871e-02
-2.146104909479618073e-02
4.526333510875701904e-02
-4.341909661889076233e-02
-3.635832294821739197e-02
6.443842500448226929e-02
-1.689913496375083923e-02
2.064044587314128876e-02
8.357109874486923218e-02
4.200907424092292786e-02
8.104712516069412231e-02
-1.544526964426040649e-02
-1.008095405995845795e-02
-1.553114270791411400e-03
2.128634788095951080e-02
-1.709824055433273315e-02
5.690345074981451035e-03
-9.219043701887130737e-02
1.019435655325651169e-02
6.557103991508483887e-02
3.146826103329658508e-02
-1.659608073532581329e-02
-9.509613737463951111e-03
-4.249088838696479797e-02
1.778480038046836853e-02
-6.444614380598068237e-02
6.528727244585752487e-03
-3.675109473988413811e-03
1.248755026608705521e-02
1.491577085107564926e-02
6.418815255165100098e-02
-2.631977386772632599e-02
4.989618808031082153e-02
1.186902914196252823e-02
-5.822262540459632874e-02
3.822130709886550903e-02
7.392547279596328735e-02
1.694660447537899017e-02
-4.404950886964797974e-02
6.460984051227569580e-02
1.790109463036060333e-02
3.476145863533020020e-02
2.001486159861087799e-02
6.236641108989715576e-02
9.527369588613510132e-02
-6.450500222854316235e-04
-1.222246736288070679e-01
2.860559336841106415e-02
3.043996356427669525e-02
9.309373795986175537e-02
-3.504160419106483459e-02
4.938022419810295105e-02
-1.943358802236616611e-03
-2.885209955275058746e-02
-4.321264103055000305e-02
2.473762258887290955e-02
-5.742911249399185181e-02
-4.779462888836860657e-02
-3.069252520799636841e-02
-9.955046698451042175e-03
-4.241431504487991333e-02
3.705015033483505249e-02
8.857843279838562012e-02
-2.978688664734363556e-02
1.079961806535720825e-01
-9.018631279468536377e-02
-1.913269981741905212e-03
-2.131806686520576477e-02
4.660932812839746475e-03
2.631643787026405334e-02
-4.474291577935218811e-02
