2.040420472621917725e-01
-1.632041065022349358e-03
5.171696469187736511e-02
-5.384602397680282593e-02
-3.356104344129562378e-02
-5.606997758150100708e-02
-8.571760356426239014e-02
-6.403474509716033936e-02
2.297124266624450684e-02
1.656274124979972839e-02
-2.827601693570613861e-02
-6.244802474975585938e-02
-8.354100398719310760e-03
-8.873203396797180176e-02
3.729980438947677612e-03
-7.671523839235305786e-02
2.334978990256786346e-02
1.030304580926895142e-01
1.518640015274286270e-02
2.989632822573184967e-02
-3.284164145588874817e-02
-2.629622071981430054e-02
4.953933507204055786e-02
1.033067019307054579e-04
-6.546670943498611450e-02
-1.013382598757743835e-01
5.011599138379096985e-02
-7.504299283027648926e-02
-1.323736757040023804e-01
-9.577937424182891846e-02
1.752367615699768066e-02
-5.551234260201454163e-02
-2.839664742350578308e-02
-4.809347912669181824e-02
2.533323317766189575e-02
6.088660564273595810e-03
3.603372350335121155e-02
-3.703059256076812744e-02
-6.429547816514968872e-02
-9.446250647306442261e-02
4.876888170838356018e-02
3.889373317360877991e-02
5.481448769569396973e-02
4.175156354904174805e-02
5.294024944305419922e-02
1.683421060442924500e-02
-1.062739789485931396e-01
7.704536616802215576e-02
-4.095337539911270142e-02
-1.859563402831554413e-02
-1.742583960294723511e-01
5.402594804763793945e-02
9.924393147230148315e-02
-6.740084290504455566e-02
-4.580732434988021851e-03
4.575109854340553284e-02
-3.550131991505622864e-02
-7.631884887814521790e-03
1.376501023769378662e-01
1.471266429871320724e-02
6.451059877872467041e-02
2.530507184565067291e-02
-1.289575845003128052e-01
1.421949733048677444e-02
-7.835929840803146362e-02
-6.092905253171920776e-02
-1.855844631791114807e-02
-1.036492511630058289e-01
2.396356314420700073e-02
-1.097810827195644379e-02
-6.343275308609008789e-02
-1.017695069313049316e-01
1.228152140974998474e-01
-6.784841418266296387e-02
-1.236477196216583252e-01
3.190713003277778625e-02
-3.017092868685722351e-02
9.098510444164276123e-02
2.159874700009822845e-02
-1.761324107646942139e-01
1.805999688804149628e-02
7.080809772014617920e-02
3.503660857677459717e-02
5.803731828927993774e-02
-2.257326990365982056e-02
5.587661638855934143e-02
-1.621828228235244751e-02
4.322335869073867798e-02
3.611342981457710266e-02
-5.894715338945388794e-02
-1.406145095825195312e-01
-2.336951903998851776e-02
-6.361629813909530640e-02
-1.573550887405872345e-02
-4.067381471395492554e-02
-4.052392765879631042e-02
-6.027053110301494598e-03
7.529828697443008423e-02
1.190466657280921936e-01
-7.398907840251922607e-02
7.264465093612670898e-02
-5.406233016401529312e-03
4.418169707059860229e-02
-5.077701993286609650e-03
-9.621879085898399353e-03
-3.305775299668312073e-02
4.047477245330810547e-02
6.902188807725906372e-02
1.000831127166748047e-01
-9.163211286067962646e-02
-1.032907050102949142e-02
1.543566435575485229e-01
-5.464078858494758606e-03
9.432486444711685181e-02
1.291643921285867691e-02
-2.056130615528672934e-04
-1.364673720672726631e-03
7.070385664701461792e-02
4.532670229673385620e-02
-5.405571684241294861e-02
-6.614570319652557373e-02
1.119353324174880981e-01
-9.818267077207565308e-03
4.050500690937042236e-02
-3.465387225151062012e-02
-8.434960618615150452e-03
-5.736931413412094116e-02
-2.524245902895927429e-02
-9.713805466890335083e-02
1.451976299285888672e-01
1.763411797583103180e-02
7.002554088830947876e-02
-7.755951583385467529e-02
3.764669224619865417e-02
3.707046806812286377e-02
-6.168683758005499840e-04
-5.151321738958358765e-02
1.045447308570146561e-02
1.025772541761398315e-01
4.594390466809272766e-02
-3.288555424660444260e-03
2.879919670522212982e-02
4.014019295573234558e-02
-1.255899667739868164e-01
-1.045180782675743103e-01
-4.492910206317901611e-02
9.570850431919097900e-02
4.248811397701501846e-03
1.268293475732207298e-03
2.576830238103866577e-02
-8.446766436100006104e-02
-6.975206732749938965e-02
4.586653783917427063e-03
-6.302876863628625870e-03
-2.529796585440635681e-02
-2.171230688691139221e-02
1.026840060949325562e-01
4.636209458112716675e-03
-5.350438877940177917e-02
-8.530844352208077908e-04
1.013117749243974686e-02
1.247477233409881592e-01
-2.973263710737228394e-02
-4.146188497543334961e-03
-4.883765708655118942e-03
-2.442231774330139160e-02
6.354895234107971191e-02
6.536280363798141479e-02
-1.903180032968521118e-02
-7.463701069355010986e-02
1.166030913591384888e-01
1.070390194654464722e-01
-4.148205369710922241e-02
7.823940366506576538e-02
4.753156378865242004e-02
-2.463921159505844116e-02
-7.882444560527801514e-02
4.470276646316051483e-03
-9.246547520160675049e-02
3.121386980637907982e-04
-1.339999400079250336e-02
1.699377037584781647e-02
2.177997957915067673e-03
-9.328992106020450592e-03
6.530789285898208618e-02
-2.103973366320133209e-02
7.002480328083038330e-02
3.142726048827171326e-02
8.734350092709064484e-03
9.802979975938796997e-02
-3.048883937299251556e-02
-1.715166494250297546e-02
1.777588389813899994e-02
4.769683349877595901e-03
5.284497514367103577e-03
-1.401141472160816193e-02
-1.130235269665718079e-01
7.675585150718688965e-02
6.010362505912780762e-02
6.400319933891296387e-02
9.992422536015510559e-03
-2.668876573443412781e-02
1.913084089756011963e-02
4.372679069638252258e-02
-1.587257906794548035e-02
-1.796226762235164642e-02
-1.207518950104713440e-02
4.395360499620437622e-02
2.700738841667771339e-03
9.781924635171890259e-02
-1.216569798998534679e-03
1.571221277117729187e-02
2.603629603981971741e-02
-5.533391982316970825e-02
6.391175836324691772e-02
7.361913472414016724e-02
5.816735699772834778e-02
-9.301240742206573486e-02
4.509271681308746338e-02
-2.761525288224220276e-02
8.088653907179832458e-03
-7.905685342848300934e-03
4.301155358552932739e-02
5.315941944718360901e-02
3.657745569944381714e-02
-1.021202579140663147e-01
2.571051381528377533e-02
2.479024231433868408e-02
5.989990010857582092e-02
-7.521039992570877075e-02
3.154715895652770996e-02
-2.880796231329441071e-02
-8.541137725114822388e-02
-4.984971880912780762e-02
9.733933210372924805e-02
-4.218060523271560669e-02
-1.045734435319900513e-01
-5.130493640899658203e-02
-5.299786105751991272e-02
-3.851744905114173889e-02
3.812657669186592102e-02
9.516905248165130615e-02
-1.860203105024993420e-03
8.299734443426132202e-02
-1.384851336479187012e-01
-1.915426738560199738e-02
-6.408231705427169800e-02
8.954724296927452087e-03
3.388763219118118286e-02
-8.486315608024597168e-02
