1.748785078525543213e-01
-4.997277632355690002e-03
4.967882111668586731e-02
-4.788623377680778503e-02
-4.666642099618911743e-02
-4.099102690815925598e-02
-1.046269685029983521e-01
-5.621920898556709290e-02
5.497677996754646301e-02
4.618999361991882324e-02
4.000958055257797241e-03
-4.495249316096305847e-02
-3.917228430509567261e-03
-9.856384247541427612e-02
1.358998659998178482e-02
-5.834682658314704895e-02
2.942798286676406860e-02
9.361730515956878662e-02
7.834279909729957581e-03
-1.204962842166423798e-02
-2.578070200979709625e-02
-1.227312348783016205e-02
3.318627923727035522e-02
-1.540342345833778381e-02
-4.907195642590522766e-02
-1.145290657877922058e-01
3.600208088755607605e-02
-6.952720135450363159e-02
-1.210223585367202759e-01
-1.036347746849060059e-01
6.062918156385421753e-02
-5.016854032874107361e-02
-4.518313705921173096e-02
-7.475580275058746338e-02
3.131018951535224915e-02
-7.586622145026922226e-03
2.262531965970993042e-02
-4.478351399302482605e-02
-5.458424612879753113e-02
-6.216817721724510193e-02
5.821899697184562683e-02
-2.544285729527473450e-03
4.178801178932189941e-02
7.409392297267913818e-02
4.429791495203971863e-02
2.214371971786022186e-02
-1.247115507721900940e-01
3.992343321442604065e-02
-2.668018452823162079e-02
-3.460722416639328003e-02
-1.769104599952697754e-01
6.672197580337524414e-02
1.157774999737739563e-01
-8.566845208406448364e-02
-3.833561763167381287e-02
5.223166197538375854e-02
-2.864374779164791107e-02
7.837252691388130188e-03
1.590342372655868530e-01
-1.547229848802089691e-02
6.779245287179946899e-02
3.716193884611129761e-02
-8.603235334157943726e-02
1.134052406996488571e-03
-7.057818025350570679e-02
-6.266698241233825684e-02
-5.668278411030769348e-02
-9.633946418762207031e-02
6.934710312634706497e-03
-5.137887224555015564e-02
-8.720060437917709351e-02
-9.593684226274490356e-02
1.322705894708633423e-01
-8.314615488052368164e-02
-1.226005554199218750e-01
5.172156170010566711e-02
-6.522007286548614502e-02
7.912649214267730713e-02
1.216923259198665619e-02
-1.880295276641845703e-01
4.100897908210754395e-02
6.715626269578933716e-02
2.259758114814758301e-02
6.494498997926712036e-02
-5.132884159684181213e-02
5.596987903118133545e-02
-4.125554487109184265e-02
5.851396545767784119e-02
3.003356605768203735e-02
-4.361183196306228638e-02
-1.496063917875289917e-01
-3.558881580829620361e-02
-6.076478958129882812e-02
-1.647426933050155640e-02
-5.055038258433341980e-02
-5.602724850177764893e-02
-2.857678569853305817e-02
3.430529311299324036e-02
7.374489307403564453e-02
-8.630902320146560669e-02
6.131058186292648315e-02
-1.126888673752546310e-02
1.925175823271274567e-02
-1.600232720375061035e-02
-7.247279863804578781e-03
-5.324389785528182983e-02
6.725346297025680542e-02
8.286084979772567749e-02
1.014646887779235840e-01
-1.027257069945335388e-01
1.589834922924637794e-03
1.394893825054168701e-01
-1.944515667855739594e-02
9.076008200645446777e-02
6.342172622680664062e-03
-2.228742279112339020e-02
-1.010707858949899673e-02
5.843885242938995361e-02
4.765041172504425049e-02
-5.385142192244529724e-02
-4.005469754338264465e-02
1.008426025509834290e-01
1.411369768902659416e-03
5.430762469768524170e-02
-4.818499088287353516e-02
-9.975307621061801910e-04
-4.105077311396598816e-02
-8.139717578887939453e-02
-1.062567010521888733e-01
1.057108342647552490e-01
1.508051995187997818e-02
8.494371175765991211e-02
-8.693752437829971313e-02
4.064363986253738403e-02
3.485370799899101257e-02
1.804799586534500122e-02
-7.250721752643585205e-02
2.125853486359119415e-02
1.018968150019645691e-01
3.784357383847236633e-02
2.603323757648468018e-02
5.237016081809997559e-02
4.635097831487655640e-02
-1.283505707979202271e-01
-8.620622754096984863e-02
-5.531920120120048523e-02
9.375765919685363770e-02
8.726357482373714447e-03
-1.489469781517982483e-02
1.484626997262239456e-02
-6.208521500229835510e-02
-6.221923604607582092e-02
1.601009443402290344e-02
-1.378883048892021179e-02
-4.003102704882621765e-02
-3.053803741931915283e-02
1.118880361318588257e-01
1.601570099592208862e-02
-6.263442337512969971e-02
2.094838535413146019e-03
2.972759306430816650e-03
9.260662645101547241e-02
-2.171844244003295898e-02
-3.024013899266719818e-02
-2.491950616240501404e-02
-1.795082539319992065e-02
3.725844249129295349e-02
4.981020838022232056e-02
-3.829956427216529846e-02
-5.314705148339271545e-02
1.460660099983215332e-01
1.094820946455001831e-01
-4.242141544818878174e-02
4.303004220128059387e-02
4.456214979290962219e-02
-1.915449090301990509e-02
-7.826248556375503540e-02
-1.238725520670413971e-02
-5.300656706094741821e-02
-4.150402266532182693e-03
-1.462038047611713409e-02
1.916236989200115204e-02
-2.163457870483398438e-02
-1.563381217420101166e-02
7.247874885797500610e-02
-2.651825360953807831e-02
3.937993571162223816e-02
6.344999372959136963e-02
1.889200881123542786e-02
1.024611592292785645e-01
-2.706496417522430420e-02
-2.086873166263103485e-02
1.505835726857185364e-02
2.142254449427127838e-02
-4.940698854625225067e-03
2.676071599125862122e-03
-1.161461621522903442e-01
4.579679295420646667e-02
6.666309386491775513e-02
4.641016945242881775e-02
-1.403138600289821625e-02
-2.109215222299098969e-02
-1.050503458827733994e-02
2.695735730230808258e-02
-2.959282882511615753e-02
-2.889006165787577629e-03
5.611305590718984604e-03
3.105306252837181091e-02
1.309552416205406189e-02
8.238577842712402344e-02
-2.589163556694984436e-02
3.441746905446052551e-02
1.570176891982555389e-02
-6.130463629961013794e-02
5.181976780295372009e-02
7.273227721452713013e-02
3.256842494010925293e-02
-7.838201522827148438e-02
7.255452126264572144e-02
4.408898297697305679e-03
3.226146101951599121e-02
-9.575602598488330841e-03
5.205303058028221130e-02
8.294179290533065796e-02
1.970727741718292236e-02
-1.373425126075744629e-01
2.836073003709316254e-02
2.371745929121971130e-02
8.921226859092712402e-02
-6.824313104152679443e-02
4.733549803495407104e-02
-1.302230358123779297e-02
-7.001142203807830811e-02
-4.549595713615417480e-02
6.694506108760833740e-02
-4.580204933881759644e-02
-8.045396953821182251e-02
-5.991526693105697632e-02
-4.006950929760932922e-02
-5.691210925579071045e-02
2.685930579900741577e-02
1.077285706996917725e-01
-1.926770992577075958e-02
1.097775846719741821e-01
-1.223125681281089783e-01
-2.169595286250114441e-02
-6.628160923719406128e-02
1.164374593645334244e-02
2.523738332092761993e-02
-8.147821575403213501e-02
