1.654592007398605347e-01
-1.150142494589090347e-02
3.641603142023086548e-02
-5.161279067397117615e-02
-4.580174013972282410e-02
-4.166435077786445618e-02
-1.047366634011268616e-01
-5.942121520638465881e-02
7.085362821817398071e-02
5.607916042208671570e-02
-7.231049821712076664e-04
-4.755120351910591125e-02
-6.187445949763059616e-03
-1.014335602521896362e-01
1.377815473824739456e-02
-6.900691986083984375e-02
3.258765488862991333e-02
8.926332741975784302e-02
3.954303450882434845e-03
-1.650385931134223938e-02
-3.342774882912635803e-02
-3.452742472290992737e-03
2.069397643208503723e-02
-2.422771602869033813e-02
-5.886903777718544006e-02
-1.184017509222030640e-01
4.570293799042701721e-02
-7.630463689565658569e-02
-1.256543099880218506e-01
-1.043005138635635376e-01
7.150147855281829834e-02
-5.088911578059196472e-02
-5.889527872204780579e-02
-7.333288341760635376e-02
2.525610662996768951e-02
-1.878149993717670441e-02
2.467898465692996979e-02
-4.138814285397529602e-02
-4.827710613608360291e-02
-4.978225380182266235e-02
5.700943246483802795e-02
-2.071951329708099365e-02
3.786538168787956238e-02
8.347107470035552979e-02
4.934623464941978455e-02
1.688956469297409058e-02
-1.313219368457794189e-01
2.982418239116668701e-02
-2.660771086812019348e-02
-4.696973040699958801e-02
-1.794864088296890259e-01
6.919718533754348755e-02
1.294481605291366577e-01
-9.853008389472961426e-02
-4.251713678240776062e-02
5.148352310061454773e-02
-3.316503018140792847e-02
4.752121865749359131e-03
1.609724313020706177e-01
-1.854757778346538544e-02
6.190526485443115234e-02
4.966609179973602295e-02
-7.869531959295272827e-02
-1.959373708814382553e-03
-6.658926606178283691e-02
-6.690602004528045654e-02
-4.887799918651580811e-02
-1.023989990353584290e-01
-3.324151737615466118e-03
-4.376204684376716614e-02
-9.281165897846221924e-02
-9.365161508321762085e-02
1.351824253797531128e-01
-8.357875049114227295e-02
-1.318250745534896851e-01
5.769512057304382324e-02
-7.124935090541839600e-02
6.518540531396865845e-02
4.873589612543582916e-03
-1.868001818656921387e-01
4.747902601957321167e-02
5.863026529550552368e-02
1.817581616342067719e-02
6.432757526636123657e-02
-6.416081637144088745e-02
5.451858788728713989e-02
-3.047920204699039459e-02
4.986070469021797180e-02
3.087469562888145447e-02
-3.876456990838050842e-02
-1.660906821489334106e-01
-2.821189351379871368e-02
-6.680902093648910522e-02
-2.387999743223190308e-02
-5.822727456688880920e-02
-6.308832764625549316e-02
-2.307649515569210052e-02
2.206227369606494904e-02
7.379276305437088013e-02
-9.878866374492645264e-02
5.571549758315086365e-02
-3.112332196906208992e-03
1.372256316244602203e-02
-2.439020015299320221e-02
-1.783032901585102081e-03
-5.390517041087150574e-02
7.279627025127410889e-02
9.631433337926864624e-02
9.277711808681488037e-02
-1.025259047746658325e-01
-6.008034572005271912e-03
1.343453675508499146e-01
-2.141322381794452667e-02
8.910539746284484863e-02
6.940118037164211273e-03
-1.411620154976844788e-02
-1.461168564856052399e-02
5.321282148361206055e-02
5.903724208474159241e-02
-5.900248140096664429e-02
-4.650101065635681152e-02
1.023524701595306396e-01
1.001635473221540451e-02
5.671555548906326294e-02
-5.424597486853599548e-02
4.885199014097452164e-03
-4.946607723832130432e-02
-9.008395671844482422e-02
-1.074354574084281921e-01
9.998994320631027222e-02
7.307727355509996414e-03
8.414519578218460083e-02
-9.195198118686676025e-02
3.519009798765182495e-02
3.204949200153350830e-02
1.362779643386602402e-02
-7.403074204921722412e-02
2.965972572565078735e-02
9.892011433839797974e-02
5.139795318245887756e-02
2.567074447870254517e-02
5.001195147633552551e-02
4.191686958074569702e-02
-1.390668451786041260e-01
-6.813101470470428467e-02
-5.330135673284530640e-02
9.025108069181442261e-02
1.018611900508403778e-02
1.020954689010977745e-03
1.186202466487884521e-02
-7.302869111299514771e-02
-5.099637061357498169e-02
1.887971349060535431e-02
-1.923973299562931061e-02
-4.349889978766441345e-02
-4.110199213027954102e-02
1.116902977228164673e-01
2.059323713183403015e-02
-6.499805301427841187e-02
2.815458457916975021e-03
-6.837149616330862045e-03
9.520030021667480469e-02
-2.238370105624198914e-02
-3.461568430066108704e-02
-3.149721771478652954e-02
-1.120521407574415207e-02
3.347616270184516907e-02
4.718655720353126526e-02
-4.615183547139167786e-02
-4.794238880276679993e-02
1.504337042570114136e-01
1.206769496202468872e-01
-3.822879493236541748e-02
4.435415193438529968e-02
4.625543206930160522e-02
-1.837362907826900482e-02
-7.963427901268005371e-02
-2.415459975600242615e-02
-3.317217901349067688e-02
4.198935348540544510e-03
-1.566557586193084717e-02
1.911423914134502411e-02
-2.654995024204254150e-02
-1.402807515114545822e-02
8.241955190896987915e-02
-1.645396836102008820e-02
3.281899541616439819e-02
6.532459706068038940e-02
2.831027656793594360e-02
1.091592088341712952e-01
-2.622791193425655365e-02
-1.697987504303455353e-02
9.029453620314598083e-03
1.953676342964172363e-02
-4.003932233899831772e-03
7.948698475956916809e-03
-1.119791269302368164e-01
4.704802110791206360e-02
6.592888385057449341e-02
5.203291773796081543e-02
-1.082821656018495560e-02
-2.812935411930084229e-02
-2.410401403903961182e-02
1.976457983255386353e-02
-3.427029401063919067e-02
-7.952810265123844147e-03
-2.863722387701272964e-03
3.366043418645858765e-02
7.569399662315845490e-03
9.157977253198623657e-02
-2.605311945080757141e-02
3.615226224064826965e-02
5.615589208900928497e-03
-5.875191465020179749e-02
5.091125890612602234e-02
6.098307669162750244e-02
2.743798680603504181e-02
-8.020629733800888062e-02
7.308880239725112915e-02
-1.440378604456782341e-03
3.101886063814163208e-02
-1.020918507128953934e-02
5.030842870473861694e-02
9.140758216381072998e-02
1.329831779003143311e-02
-1.200929284095764160e-01
2.299469336867332458e-02
1.448503043502569199e-02
7.692264765501022339e-02
-4.578483104705810547e-02
3.460048511624336243e-02
-1.906131766736507416e-02
-5.155418440699577332e-02
-3.948890790343284607e-02
5.916998162865638733e-02
-3.377430140972137451e-02
-6.296278536319732666e-02
-4.890128970146179199e-02
-2.022534050047397614e-02
-4.229903966188430786e-02
2.880191989243030548e-02
8.722718060016632080e-02
-1.429678499698638916e-02
8.524509519338607788e-02
-1.059331595897674561e-01
-1.840139739215373993e-02
-5.277957394719123840e-02
4.304445814341306686e-03
1.324752252548933029e-02
-6.349331140518188477e-02
