2.083301395177841187e-01
-4.487768281251192093e-03
3.459059819579124451e-02
-6.153365597128868103e-02
-4.563253372907638550e-02
-4.027908667922019958e-02
-1.109223142266273499e-01
-7.130620628595352173e-02
6.745794415473937988e-02
5.800377577543258667e-02
-1.295748073607683182e-02
-6.927227228879928589e-02
-1.639301516115665436e-02
-1.114862114191055298e-01
1.404368900693953037e-03
-7.338567078113555908e-02
2.038784325122833252e-02
9.392730891704559326e-02
2.367106825113296509e-02
-4.785359371453523636e-03
-6.010062992572784424e-02
-3.074252977967262268e-02
2.205677703022956848e-02
-1.447028480470180511e-02
-7.915147393941879272e-02
-1.395289599895477295e-01
4.740391299128532410e-02
-8.683178573846817017e-02
-1.351515203714370728e-01
-1.227249875664710999e-01
7.337582856416702271e-02
-8.593189716339111328e-02
-5.768185108900070190e-02
-5.321843922138214111e-02
2.547112107276916504e-02
-2.374978363513946533e-02
2.789333276450634003e-02
-3.759683296084403992e-02
-4.487058147788047791e-02
-5.468992516398429871e-02
2.971858344972133636e-02
-1.535518211312592030e-03
4.775774106383323669e-02
5.899344384670257568e-02
6.997872143983840942e-02
2.688121423125267029e-02
-1.132517233490943909e-01
4.613947123289108276e-02
-3.586072102189064026e-02
-2.851613983511924744e-02
-1.640393882989883423e-01
5.455760657787322998e-02
1.275751143693923950e-01
-9.887418895959854126e-02
-2.331267297267913818e-02
2.857061475515365601e-02
-3.845927491784095764e-02
1.486256998032331467e-02
1.457966417074203491e-01
4.982732236385345459e-03
5.783412978053092957e-02
3.178032115101814270e-02
-8.201682567596435547e-02
4.166811704635620117e-03
-7.746192067861557007e-02
-4.247134551405906677e-02
-3.688135370612144470e-02
-9.400229901075363159e-02
7.987299934029579163e-03
-1.962701603770256042e-02
-9.620444476604461670e-02
-7.921063154935836792e-02
1.340191513299942017e-01
-7.115970551967620850e-02
-1.346869170665740967e-01
3.608705475926399231e-02
-3.662033379077911377e-02
8.115997910499572754e-02
6.981994025409221649e-03
-1.613773107528686523e-01
4.388182610273361206e-02
5.990604311227798462e-02
3.990789875388145447e-02
6.637199223041534424e-02
-4.226606339216232300e-02
4.988661035895347595e-02
-7.810753304511308670e-03
5.018973723053932190e-02
4.555008560419082642e-02
-3.701565787196159363e-02
-1.545327752828598022e-01
-2.620789222419261932e-02
-6.071580573916435242e-02
-2.119076624512672424e-02
-4.297969117760658264e-02
-5.561709776520729065e-02
-1.376865990459918976e-02
4.498048871755599976e-02
9.065411239862442017e-02
-8.754412084817886353e-02
5.143872275948524475e-02
-5.501326173543930054e-03
2.756028436124324799e-02
-2.827325649559497833e-02
-2.544250898063182831e-02
-4.048425704240798950e-02
3.873500972986221313e-02
7.768774777650833130e-02
9.062775224447250366e-02
-8.176735788583755493e-02
-1.363638136535882950e-02
1.334718465805053711e-01
-3.771007061004638672e-02
8.502864092588424683e-02
-3.243790939450263977e-03
1.120845228433609009e-02
-1.011175755411386490e-02
4.887569695711135864e-02
4.566584154963493347e-02
-5.602489039301872253e-02
-3.028922341763973236e-02
1.076312139630317688e-01
-8.424074389040470123e-03
3.440361469984054565e-02
-3.411957621574401855e-02
1.907312497496604919e-02
-4.796033725142478943e-02
-5.577238276600837708e-02
-8.773356676101684570e-02
1.149718239903450012e-01
8.262992836534976959e-03
6.139472872018814087e-02
-8.735858649015426636e-02
2.920854836702346802e-02
4.061659798026084900e-02
-1.451541576534509659e-02
-5.012511461973190308e-02
9.468713775277137756e-03
8.141138404607772827e-02
5.796220526099205017e-02
-1.086626667529344559e-02
5.082529038190841675e-02
2.999509451910853386e-03
-1.286733895540237427e-01
-8.142598718404769897e-02
-5.398349463939666748e-02
8.155469596385955811e-02
7.066464982926845551e-03
-9.760267566889524460e-04
-5.023268051445484161e-03
-8.737955242395401001e-02
-5.527950078248977661e-02
-3.159198211506009102e-03
-1.133893243968486786e-02
-3.207432851195335388e-02
-1.799516752362251282e-02
1.006745621562004089e-01
1.917569898068904877e-02
-5.349762737751007080e-02
-5.854896735399961472e-03
1.035506278276443481e-02
9.684460610151290894e-02
-1.931082084774971008e-02
-1.950817555189132690e-02
-4.376123845577239990e-02
-8.994978852570056915e-03
4.336046800017356873e-02
5.969021841883659363e-02
-4.380787536501884460e-02
-7.920824736356735229e-02
1.576225310564041138e-01
1.308562457561492920e-01
-5.284293740987777710e-02
5.740673467516899109e-02
4.374884814023971558e-02
-2.122938074171543121e-02
-7.556974142789840698e-02
-1.867147628217935562e-03
-5.569919571280479431e-02
3.697208012454211712e-04
-1.315905991941690445e-02
1.112891547381877899e-02
-3.337355330586433411e-02
3.067617071792483330e-03
7.210419327020645142e-02
-5.371816921979188919e-03
3.838330879807472229e-02
4.338804259896278381e-02
2.081019990146160126e-02
1.037008911371231079e-01
-3.339309990406036377e-02
-1.839922927320003510e-02
3.889570385217666626e-02
1.688444800674915314e-02
-4.896932281553745270e-03
1.390227302908897400e-02
-9.315209090709686279e-02
5.839314684271812439e-02
5.272445827722549438e-02
6.647568941116333008e-02
-1.748989149928092957e-02
-4.848062992095947266e-02
-2.165423147380352020e-02
3.028170950710773468e-02
-4.349258914589881897e-02
-3.225386142730712891e-02
-7.934430614113807678e-03
3.749021515250205994e-02
-1.351366005837917328e-02
9.606654942035675049e-02
-3.846834599971771240e-02
2.982322685420513153e-02
1.098786946386098862e-02
-6.583143770694732666e-02
6.137508526444435120e-02
6.020937860012054443e-02
3.326984494924545288e-02
-6.739502400159835815e-02
3.856078535318374634e-02
-1.610489375889301300e-02
1.526730600744485855e-02
-1.013644877821207047e-02
3.284582495689392090e-02
6.146278977394104004e-02
2.741256542503833771e-02
-1.287819594144821167e-01
3.740938007831573486e-02
3.404771536588668823e-02
8.040109276771545410e-02
-4.595650732517242432e-02
6.739704404026269913e-03
-3.380179032683372498e-02
-6.645513325929641724e-02
-3.905441612005233765e-02
9.406121075153350830e-02
-4.069756343960762024e-02
-9.381771087646484375e-02
-3.769949451088905334e-02
-3.700255602598190308e-02
-3.443744778633117676e-02
3.246714174747467041e-02
1.055370271205902100e-01
-1.372203323990106583e-02
9.197033941745758057e-02
-1.615198105573654175e-01
-1.224713772535324097e-02
-6.415073573589324951e-02
-2.337358519434928894e-02
4.260136187076568604e-02
-6.670618057250976562e-02
