1.583693921566009521e-01
-2.338338270783424377e-02
6.971318274736404419e-02
-5.168887972831726074e-02
-4.845489189028739929e-02
-5.301768705248832703e-02
-7.963604480028152466e-02
-4.394672811031341553e-02
3.478949517011642456e-02
2.449752204120159149e-02
1.129389274865388870e-02
-3.917674720287322998e-02
-4.018203821033239365e-03
-7.148010283708572388e-02
2.597036957740783691e-02
-5.418082326650619507e-02
4.401814937591552734e-02
1.137707456946372986e-01
1.180464494973421097e-02
-3.509020898491144180e-03
-5.803755950182676315e-03
1.190003845840692520e-02
5.257317423820495605e-02
-1.521265483461320400e-03
-2.545883320271968842e-02
-7.869001477956771851e-02
2.408641390502452850e-02
-5.388100072741508484e-02
-1.099939569830894470e-01
-7.586237788200378418e-02
1.344326138496398926e-02
-1.772597245872020721e-02
-3.928525373339653015e-02
-7.754296809434890747e-02
3.223751857876777649e-02
1.975779049098491669e-02
2.553494460880756378e-02
-2.851822227239608765e-02
-5.789262428879737854e-02
-8.836015313863754272e-02
7.862013578414916992e-02
1.664703339338302612e-02
4.126670211553573608e-02
5.971552431583404541e-02
2.447913773357868195e-02
1.873190514743328094e-02
-1.149106249213218689e-01
4.669474437832832336e-02
-2.282493747770786285e-02
-1.755798608064651489e-02
-1.841356009244918823e-01
6.341099739074707031e-02
8.049279451370239258e-02
-5.545248463749885559e-02
-3.211638703942298889e-02
7.342987507581710815e-02
-2.290467731654644012e-02
5.685866810381412506e-03
1.554600149393081665e-01
-2.492822892963886261e-02
6.397094577550888062e-02
3.917814418673515320e-02
-1.113387867808341980e-01
-8.783796802163124084e-04
-6.338117271661758423e-02
-9.482552856206893921e-02
-4.495074227452278137e-02
-1.014001443982124329e-01
7.206680718809366226e-03
-4.348491877317428589e-02
-6.607484817504882812e-02
-1.148033663630485535e-01
1.259525120258331299e-01
-9.691829979419708252e-02
-1.030539572238922119e-01
6.423955410718917847e-02
-8.645174652338027954e-02
7.159966230392456055e-02
4.036313295364379883e-02
-2.031022906303405762e-01
1.821543090045452118e-02
6.743260473012924194e-02
-3.960949368774890900e-03
4.950158670544624329e-02
-4.551616311073303223e-02
6.020864099264144897e-02
-5.923055112361907959e-02
6.010051444172859192e-02
-3.748721908777952194e-03
-5.889180302619934082e-02
-1.191749647259712219e-01
-3.516242280602455139e-02
-7.556736469268798828e-02
-2.457264252007007599e-02
-5.193324759602546692e-02
-4.616647958755493164e-02
-1.727033965289592743e-02
4.779986664652824402e-02
6.644606590270996094e-02
-6.674201786518096924e-02
5.585883557796478271e-02
1.209800713695585728e-03
1.321492809802293777e-02
9.603512473404407501e-03
1.771653071045875549e-02
-5.039428174495697021e-02
7.177594304084777832e-02
7.828412204980850220e-02
8.318863809108734131e-02
-1.144049018621444702e-01
1.531210541725158691e-02
1.370774209499359131e-01
-1.337219146080315113e-03
7.855600863695144653e-02
2.541311271488666534e-02
-3.632804751396179199e-02
-1.409475319087505341e-02
7.753108441829681396e-02
5.164740234613418579e-02
-4.089972004294395447e-02
-5.986506864428520203e-02
9.476900100708007812e-02
9.939333423972129822e-03
5.389715358614921570e-02
-5.332676321268081665e-02
-1.654627360403537750e-02
-4.061488807201385498e-02
-6.722442060708999634e-02
-1.166323274374008179e-01
1.079685911536216736e-01
1.690687611699104309e-02
9.495040029287338257e-02
-7.210310548543930054e-02
4.964748769998550415e-02
2.981073223054409027e-02
3.578391298651695251e-02
-8.238054811954498291e-02
3.059003688395023346e-02
1.156642362475395203e-01
1.166252512484788895e-02
4.317879304289817810e-02
4.211680591106414795e-02
7.330469787120819092e-02
-1.184946075081825256e-01
-8.057845383882522583e-02
-3.719152137637138367e-02
9.943749010562896729e-02
3.841901198029518127e-03
-1.826616562902927399e-02
4.026326164603233337e-02
-4.240451008081436157e-02
-5.741643533110618591e-02
1.747983507812023163e-02
-1.996140554547309875e-02
-3.910871222615242004e-02
-3.285302221775054932e-02
1.113131046295166016e-01
7.550092414021492004e-03
-6.628273427486419678e-02
7.946661789901554585e-04
-8.462851110380142927e-05
1.101049259305000305e-01
-1.880079507827758789e-02
-2.555328235030174255e-02
-2.519387984648346901e-03
-4.242733865976333618e-02
5.373308435082435608e-02
4.169974476099014282e-02
-4.119077697396278381e-03
-3.585045039653778076e-02
1.151654794812202454e-01
8.561952412128448486e-02
-3.635486587882041931e-02
5.453398451209068298e-02
3.510932624340057373e-02
-6.391852162778377533e-03
-7.053420692682266235e-02
-7.706776261329650879e-03
-6.546065211296081543e-02
-1.352742034941911697e-02
-1.253665797412395477e-02
1.701359637081623077e-02
1.109648030251264572e-02
-2.850417792797088623e-02
6.248148903250694275e-02
-4.285676404833793640e-02
5.611280724406242371e-02
5.634925886988639832e-02
2.095083519816398621e-02
1.041961386799812317e-01
-1.482032611966133118e-02
-2.370016835629940033e-02
-8.759610354900360107e-03
2.022016234695911407e-02
7.279452402144670486e-03
-2.933528646826744080e-02
-1.395747810602188110e-01
6.168623268604278564e-02
6.725668907165527344e-02
2.998301386833190918e-02
7.152461912482976913e-03
2.357587451115250587e-03
1.688949391245841980e-02
2.528231404721736908e-02
6.408401299268007278e-03
1.132201403379440308e-02
6.624960806220769882e-03
3.856796398758888245e-02
2.674383111298084259e-02
8.823354542255401611e-02
5.333906505256891251e-03
2.967564389109611511e-02
3.022816590964794159e-02
-5.048133805394172668e-02
6.343068927526473999e-02
8.551759272813796997e-02
5.705375596880912781e-02
-1.053302660584449768e-01
8.706113696098327637e-02
9.982941672205924988e-03
3.853229060769081116e-02
-9.896392002701759338e-03
5.456482246518135071e-02
7.347346097230911255e-02
1.296082045882940292e-02
-1.158560663461685181e-01
6.096515804529190063e-03
5.245762877166271210e-03
7.997090369462966919e-02
-9.194239228963851929e-02
9.039341658353805542e-02
-5.067772231996059418e-03
-7.911381125450134277e-02
-4.967505112290382385e-02
7.054184377193450928e-02
-4.788034036755561829e-02
-8.492664247751235962e-02
-9.002527594566345215e-02
-6.618278473615646362e-02
-5.978709459304809570e-02
3.801087662577629089e-02
1.167277172207832336e-01
-5.997885484248399734e-03
1.252580732107162476e-01
-1.027990654110908508e-01
-3.825211524963378906e-02
-6.950254738330841064e-02
4.738092049956321716e-02
1.564340107142925262e-02
-1.178753525018692017e-01
