1.647993326187133789e-01
-3.735177917405962944e-03
3.785886988043785095e-02
-4.109377786517143250e-02
-4.745007678866386414e-02
-3.954465314745903015e-02
-1.005111411213874817e-01
-5.108784511685371399e-02
6.900716572999954224e-02
4.448803514242172241e-02
8.191971108317375183e-03
-4.252602905035018921e-02
-1.387251424603164196e-03
-9.785008430480957031e-02
1.666047237813472748e-02
-5.547904595732688904e-02
3.425666317343711853e-02
8.473443239927291870e-02
4.689572378993034363e-03
-2.075759693980216980e-02
-3.528253361582756042e-02
-5.991642829030752182e-03
2.062889933586120605e-02
-2.495105750858783722e-02
-4.907400906085968018e-02
-1.181777194142341614e-01
4.051858186721801758e-02
-7.086768001317977905e-02
-1.173379719257354736e-01
-1.071892008185386658e-01
7.116548717021942139e-02
-5.076642334461212158e-02
-4.402859508991241455e-02
-7.605216652154922485e-02
2.325220964848995209e-02
-1.469088066369295120e-02
3.301146253943443298e-02
-3.314029425382614136e-02
-5.173224955797195435e-02
-4.803828150033950806e-02
6.181206181645393372e-02
-1.472521387040615082e-02
3.633040934801101685e-02
8.008238673210144043e-02
4.428410157561302185e-02
2.507805079221725464e-02
-1.276060491800308228e-01
2.098497562110424042e-02
-2.511237747967243195e-02
-4.547061026096343994e-02
-1.767912358045578003e-01
6.567093729972839355e-02
1.182204037904739380e-01
-9.223257750272750854e-02
-4.801112040877342224e-02
5.041332170367240906e-02
-3.508916497230529785e-02
-5.733342841267585754e-03
1.569517999887466431e-01
-2.174782752990722656e-02
6.286440044641494751e-02
4.058511927723884583e-02
-6.940522044897079468e-02
3.129100427031517029e-03
-6.766976416110992432e-02
-6.351651996374130249e-02
-5.500276014208793640e-02
-1.008107215166091919e-01
2.337240381166338921e-03
-5.341525003314018250e-02
-9.093637019395828247e-02
-9.920765459537506104e-02
1.382432281970977783e-01
-8.386931568384170532e-02
-1.330921649932861328e-01
5.298942327499389648e-02
-7.705410569906234741e-02
7.137976586818695068e-02
8.015654981136322021e-03
-1.868414580821990967e-01
4.309949651360511780e-02
5.323740467429161072e-02
1.311621628701686859e-02
6.568901240825653076e-02
-5.997091531753540039e-02
5.328865721821784973e-02
-3.478704020380973816e-02
5.654850229620933533e-02
3.253901749849319458e-02
-3.502599895000457764e-02
-1.646585464477539062e-01
-2.821988798677921295e-02
-6.354194879531860352e-02
-2.392568811774253845e-02
-5.843700468540191650e-02
-5.132814869284629822e-02
-2.936781756579875946e-02
2.295656688511371613e-02
7.534433156251907349e-02
-8.914270997047424316e-02
5.541839078068733215e-02
-1.054078061133623123e-02
1.497537177056074142e-02
-1.585084013640880585e-02
-4.793512634932994843e-03
-5.748584493994712830e-02
6.736470758914947510e-02
9.572624415159225464e-02
1.008521839976310730e-01
-9.736357629299163818e-02
-3.599127987399697304e-03
1.364227235317230225e-01
-1.993573643267154694e-02
8.751588314771652222e-02
6.690159905701875687e-03
-2.453477308154106140e-02
-2.035961858928203583e-02
5.048698186874389648e-02
5.834356322884559631e-02
-6.256467103958129883e-02
-4.770946502685546875e-02
1.026521921157836914e-01
6.246278062462806702e-03
4.845719784498214722e-02
-4.763200879096984863e-02
5.050750914961099625e-03
-5.101071298122406006e-02
-9.136795997619628906e-02
-1.015518680214881897e-01
9.784593433141708374e-02
4.992223810404539108e-03
8.220174908638000488e-02
-9.398017078638076782e-02
3.942702338099479675e-02
3.580068424344062805e-02
2.158905006945133209e-02
-7.821988314390182495e-02
3.152962401509284973e-02
1.058493629097938538e-01
4.371434077620506287e-02
2.825547382235527039e-02
5.331064015626907349e-02
4.814224690198898315e-02
-1.400507390499114990e-01
-6.858289986848831177e-02
-5.777024850249290466e-02
8.156716078519821167e-02
8.065951988101005554e-03
-1.202685292810201645e-02
2.088122069835662842e-02
-6.670494377613067627e-02
-4.984216392040252686e-02
2.441044524312019348e-02
-2.662181481719017029e-02
-4.759870469570159912e-02
-3.893133252859115601e-02
1.023184210062026978e-01
1.520165335386991501e-02
-6.910012662410736084e-02
3.942403942346572876e-03
-3.654474392533302307e-03
9.900894016027450562e-02
-1.791904307901859283e-02
-3.534936532378196716e-02
-2.636898867785930634e-02
-5.599610973149538040e-03
3.852843120694160461e-02
4.243799299001693726e-02
-4.607132449746131897e-02
-4.720519110560417175e-02
1.481163650751113892e-01
1.236733049154281616e-01
-4.423020780086517334e-02
4.459486901760101318e-02
4.699430242180824280e-02
-1.791630312800407410e-02
-7.209910452365875244e-02
-1.594359055161476135e-02
-3.730670735239982605e-02
-1.827803862397558987e-05
-1.259050052613019943e-02
1.986165530979633331e-02
-2.887532301247119904e-02
-1.578392833471298218e-02
8.220157772302627563e-02
-2.412373945116996765e-02
2.686820365488529205e-02
6.858329474925994873e-02
2.843682095408439636e-02
1.084568798542022705e-01
-2.585490606725215912e-02
-2.667133696377277374e-02
1.490123942494392395e-02
2.529990673065185547e-02
-1.312091108411550522e-02
1.009788550436496735e-02
-1.213871166110038757e-01
4.870614781975746155e-02
6.238989531993865967e-02
5.659851431846618652e-02
-1.630834117531776428e-02
-2.249556779861450195e-02
-1.711964234709739685e-02
2.493062242865562439e-02
-3.424727916717529297e-02
4.498149268329143524e-03
-1.528061926364898682e-03
2.315317094326019287e-02
2.900165505707263947e-03
9.037724882364273071e-02
-2.432100661098957062e-02
3.004579804837703705e-02
6.723127327859401703e-03
-5.742789059877395630e-02
4.668183624744415283e-02
7.097905129194259644e-02
2.030714787542819977e-02
-8.438531309366226196e-02
7.673584669828414917e-02
2.670137444511055946e-03
3.301902487874031067e-02
-7.508842274546623230e-03
5.712640658020973206e-02
9.034492820501327515e-02
1.881843060255050659e-02
-1.363344639539718628e-01
2.442221716046333313e-02
1.672278344631195068e-02
8.248615264892578125e-02
-4.780471697449684143e-02
4.016306623816490173e-02
-1.460214145481586456e-02
-6.183779239654541016e-02
-4.622881859540939331e-02
6.467594206333160400e-02
-4.090354219079017639e-02
-7.068867236375808716e-02
-5.341073125600814819e-02
-2.790687792003154755e-02
-4.498049616813659668e-02
3.136160969734191895e-02
1.033933609724044800e-01
-1.679962687194347382e-02
9.615767002105712891e-02
-1.161439269781112671e-01
-2.583992667496204376e-02
-5.197182297706604004e-02
1.256651431322097778e-02
2.365867234766483307e-02
-6.800952553749084473e-02
