1.924974471330642700e-01
-7.206489797681570053e-03
5.238510295748710632e-02
-4.193480312824249268e-02
-7.556671649217605591e-02
-3.616170957684516907e-02
-1.324352920055389404e-01
-5.948012694716453552e-02
9.713361412286758423e-02
6.308385729789733887e-02
1.761646382510662079e-02
-3.499430045485496521e-02
2.308906259713694453e-04
-1.249648332595825195e-01
3.193795680999755859e-02
-7.574842870235443115e-02
3.303746506571769714e-02
9.238664805889129639e-02
1.214172039180994034e-02
-3.673409670591354370e-02
-3.976828977465629578e-02
3.018858609721064568e-03
2.803412452340126038e-02
-2.648814022541046143e-02
-4.474156722426414490e-02
-1.221822798252105713e-01
4.113034904003143311e-02
-8.423830568790435791e-02
-1.409504860639572144e-01
-1.232723295688629150e-01
7.681534439325332642e-02
-4.909843951463699341e-02
-2.687505632638931274e-02
-9.319283068180084229e-02
1.466363389045000076e-02
-1.731050945818424225e-02
2.919318526983261108e-02
-3.545692190527915955e-02
-5.272807553410530090e-02
-4.107996076345443726e-02
7.584090530872344971e-02
-8.986400440335273743e-03
3.604470193386077881e-02
9.608611464500427246e-02
2.883742004632949829e-02
2.850432507693767548e-02
-1.167441233992576599e-01
-1.916213659569621086e-04
-1.824056915938854218e-02
-3.790801763534545898e-02
-1.787732243537902832e-01
7.252608984708786011e-02
1.260468661785125732e-01
-9.176956117153167725e-02
-6.019217893481254578e-02
5.636687949299812317e-02
-2.260127663612365723e-02
4.935666918754577637e-03
1.617505103349685669e-01
-2.335944212973117828e-02
6.385415047407150269e-02
3.030764870345592499e-02
-6.347408145666122437e-02
7.602911791764199734e-04
-6.134401634335517883e-02
-6.957961618900299072e-02
-6.730788946151733398e-02
-9.447728097438812256e-02
4.008239600807428360e-03
-6.755518168210983276e-02
-9.636379033327102661e-02
-1.140243411064147949e-01
1.389355957508087158e-01
-9.982113540172576904e-02
-1.186569407582283020e-01
5.604685097932815552e-02
-7.937864959239959717e-02
5.930525064468383789e-02
1.847475767135620117e-02
-1.948077529668807983e-01
5.112572386860847473e-02
4.761769250035285950e-02
-2.213456900790333748e-03
7.089091837406158447e-02
-6.427232921123504639e-02
5.597395449876785278e-02
-5.237094312906265259e-02
5.109628662467002869e-02
2.309504896402359009e-02
-3.130733221769332886e-02
-1.376001834869384766e-01
-4.126737266778945923e-02
-6.658705323934555054e-02
-1.987658813595771790e-02
-6.052124872803688049e-02
-5.619594827294349670e-02
-3.183920308947563171e-02
2.094882912933826447e-02
5.360263213515281677e-02
-9.404182434082031250e-02
4.861602559685707092e-02
-1.659992337226867676e-02
8.360093459486961365e-03
-4.908109549432992935e-03
7.387397345155477524e-03
-4.708936065435409546e-02
7.479621469974517822e-02
9.430643171072006226e-02
8.840203285217285156e-02
-9.973524510860443115e-02
1.225058455020189285e-02
1.140687912702560425e-01
-1.644503884017467499e-02
8.786485344171524048e-02
-9.552865230944007635e-05
-2.266540750861167908e-02
-2.305178157985210419e-02
5.371221527457237244e-02
5.769566074013710022e-02
-4.362974315881729126e-02
-4.317015781998634338e-02
8.373744040727615356e-02
1.517773699015378952e-02
5.589794740080833435e-02
-4.351218044757843018e-02
1.643272861838340759e-02
-3.008394129574298859e-02
-9.928446263074874878e-02
-9.984919428825378418e-02
5.988215655088424683e-02
1.611909084022045135e-02
7.811184972524642944e-02
-8.315333724021911621e-02
4.612259939312934875e-02
2.309180609881877899e-02
1.643101684749126434e-02
-8.207980543375015259e-02
5.373792722821235657e-02
1.033980399370193481e-01
1.935206726193428040e-02
5.831857025623321533e-02
5.990950018167495728e-02
5.036551132798194885e-02
-1.327195763587951660e-01
-6.763137131929397583e-02
-6.427069753408432007e-02
8.825626224279403687e-02
1.793827861547470093e-02
-2.779455296695232391e-02
2.863035537302494049e-02
-4.121221974492073059e-02
-4.137478768825531006e-02
1.940342411398887634e-02
-2.776706963777542114e-02
-4.389621689915657043e-02
-4.266157373785972595e-02
1.005137562751770020e-01
1.607982069253921509e-02
-6.883264333009719849e-02
2.019919920712709427e-03
2.058567246422171593e-03
6.312578916549682617e-02
-7.686458528041839600e-03
-3.861166536808013916e-02
-1.720904745161533356e-02
-4.909281618893146515e-03
2.977873384952545166e-02
2.622750774025917053e-02
-4.074379056692123413e-02
-1.716320589184761047e-02
1.304514557123184204e-01
9.974323213100433350e-02
-3.858933225274085999e-02
1.200478617101907730e-02
3.835481405258178711e-02
-7.629013154655694962e-03
-6.325006484985351562e-02
-2.575905248522758484e-02
-2.522183582186698914e-02
-1.267342083156108856e-02
-1.758208684623241425e-02
3.285960853099822998e-02
-2.947143092751502991e-02
-2.976001799106597900e-02
6.974639743566513062e-02
-2.370679751038551331e-02
2.539991028606891632e-02
7.684103399515151978e-02
3.318870812654495239e-02
9.275327622890472412e-02
-2.010009251534938812e-02
-1.693060994148254395e-02
1.786133274435997009e-03
2.476081810891628265e-02
-1.200394146144390106e-02
3.346608718857169151e-03
-1.078293770551681519e-01
2.623828314244747162e-02
6.722500175237655640e-02
3.520364686846733093e-02
-1.664068736135959625e-02
-1.058159582316875458e-02
-2.671389281749725342e-02
1.772377081215381622e-02
-4.441177472472190857e-02
7.236383389681577682e-03
1.500317361205816269e-03
2.201178856194019318e-02
1.816196180880069733e-02
7.270160317420959473e-02
-2.417189441621303558e-02
4.414633288979530334e-02
1.179055403918027878e-02
-5.888440459966659546e-02
4.136206582188606262e-02
7.430446892976760864e-02
2.330079488456249237e-02
-6.294201314449310303e-02
7.265133410692214966e-02
1.526870205998420715e-02
3.921847790479660034e-02
6.660009734332561493e-03
5.957677960395812988e-02
9.285084158182144165e-02
5.146482028067111969e-03
-1.302829086780548096e-01
2.500171586871147156e-02
2.017563581466674805e-02
9.057511389255523682e-02
-5.012783780694007874e-02
5.466411635279655457e-02
-4.972604103386402130e-03
-4.676454141736030579e-02
-4.613409563899040222e-02
3.942702338099479675e-02
-5.395421013236045837e-02
-5.990172922611236572e-02
-4.988367483019828796e-02
-2.342996187508106232e-02
-5.380487814545631409e-02
3.347726538777351379e-02
1.021494790911674500e-01
-2.733180858194828033e-02
1.158577874302864075e-01
-1.038739830255508423e-01
-1.628098078072071075e-02
-4.455114156007766724e-02
1.424593944102525711e-02
2.325414121150970459e-02
-6.645023822784423828e-02
