1.685238331556320190e-01
-4.956735763698816299e-03
4.253188148140907288e-02
-4.926896840333938599e-02
-4.173022508621215820e-02
-3.989255800843238831e-02
-9.817920625209808350e-02
-5.743634700775146484e-02
5.279164761304855347e-02
4.392452910542488098e-02
3.442065790295600891e-03
-5.177647247910499573e-02
-7.276163902133703232e-03
-9.108329564332962036e-02
8.657110854983329773e-03
-5.164404958486557007e-02
2.896064147353172302e-02
9.434140473604202271e-02
6.918624974787235260e-03
-1.254483126103878021e-02
-2.843756787478923798e-02
-1.498015038669109344e-02
2.576835826039314270e-02
-2.304989658296108246e-02
-5.138512328267097473e-02
-1.204036921262741089e-01
3.857626020908355713e-02
-6.660492718219757080e-02
-1.177956908941268921e-01
-1.065954044461250305e-01
6.567955762147903442e-02
-5.494979396462440491e-02
-5.872821435332298279e-02
-6.308718025684356689e-02
3.481941670179367065e-02
-7.225160486996173859e-03
1.774929091334342957e-02
-4.251617193222045898e-02
-4.993040487170219421e-02
-5.953211709856987000e-02
5.110036954283714294e-02
-3.318127477541565895e-03
3.836083412170410156e-02
7.036196440458297729e-02
5.134202539920806885e-02
2.220607921481132507e-02
-1.255060434341430664e-01
4.848460853099822998e-02
-2.642066590487957001e-02
-3.469316661357879639e-02
-1.703794598579406738e-01
6.381063163280487061e-02
1.134920120239257812e-01
-9.308081120252609253e-02
-3.583149611949920654e-02
4.517530277371406555e-02
-3.304020315408706665e-02
4.597240127623081207e-03
1.591290980577468872e-01
-1.322700269520282745e-02
6.464753299951553345e-02
4.084160923957824707e-02
-8.378147333860397339e-02
-3.878344083204865456e-03
-7.074984908103942871e-02
-5.877671018242835999e-02
-5.020966008305549622e-02
-9.734944999217987061e-02
4.575558414217084646e-04
-4.657595232129096985e-02
-8.919046074151992798e-02
-8.899130672216415405e-02
1.284513324499130249e-01
-7.993987202644348145e-02
-1.302737742662429810e-01
4.927752912044525146e-02
-6.404027342796325684e-02
8.270910382270812988e-02
1.342252921313047409e-02
-1.837553083896636963e-01
3.760539367794990540e-02
6.285820901393890381e-02
2.751414291560649872e-02
6.634579598903656006e-02
-5.184797197580337524e-02
4.908645525574684143e-02
-3.468537703156471252e-02
5.869017168879508972e-02
3.396357223391532898e-02
-4.472561925649642944e-02
-1.515964716672897339e-01
-3.544395044445991516e-02
-5.665858834981918335e-02
-2.088639698922634125e-02
-5.284884199500083923e-02
-5.351570621132850647e-02
-2.619505673646926880e-02
3.461992368102073669e-02
7.505469024181365967e-02
-8.657290041446685791e-02
5.519385263323783875e-02
-7.779435720294713974e-03
1.586893945932388306e-02
-2.154588140547275543e-02
-7.430960424244403839e-03
-5.550510063767433167e-02
6.436572223901748657e-02
8.117608726024627686e-02
1.015455424785614014e-01
-9.709189087152481079e-02
-1.187671325169503689e-03
1.405228227376937866e-01
-2.110967598855495453e-02
9.020607173442840576e-02
4.799889866262674332e-03
-1.794864796102046967e-02
-1.414529234170913696e-02
4.958019033074378967e-02
4.709634557366371155e-02
-5.575761198997497559e-02
-3.282638266682624817e-02
1.073763146996498108e-01
1.075556734576821327e-03
4.540133848786354065e-02
-5.357208475470542908e-02
2.964148297905921936e-04
-4.427905380725860596e-02
-7.714631408452987671e-02
-1.041493713855743408e-01
1.101216226816177368e-01
1.275794021785259247e-02
8.433006703853607178e-02
-9.304095059633255005e-02
3.826202824711799622e-02
4.085805639624595642e-02
1.097771618515253067e-02
-6.805204600095748901e-02
1.155876275151968002e-02
9.152323007583618164e-02
4.497921466827392578e-02
1.107155904173851013e-02
5.166757106781005859e-02
4.021735861897468567e-02
-1.282067298889160156e-01
-8.117353171110153198e-02
-5.132076889276504517e-02
9.001401066780090332e-02
8.545718155801296234e-03
-5.194339435547590256e-03
9.285789914429187775e-03
-6.891610473394393921e-02
-6.174921616911888123e-02
1.643960736691951752e-02
-1.101693697273731232e-02
-4.105429351329803467e-02
-2.798001095652580261e-02
1.076787784695625305e-01
1.011629402637481689e-02
-5.942986905574798584e-02
2.700725744944065809e-04
3.484382526949048042e-03
9.910096973180770874e-02
-2.462091110646724701e-02
-2.502743341028690338e-02
-3.161586076021194458e-02
-1.487390510737895966e-02
4.162864014506340027e-02
4.960269108414649963e-02
-4.281578212976455688e-02
-6.651580333709716797e-02
1.548619568347930908e-01
1.205271482467651367e-01
-4.751797020435333252e-02
5.099583044648170471e-02
4.681124538183212280e-02
-1.951040700078010559e-02
-7.970675081014633179e-02
-6.027294322848320007e-03
-4.941510036587715149e-02
1.748815644532442093e-03
-1.656651310622692108e-02
1.273021660745143890e-02
-2.444079145789146423e-02
-8.304597809910774231e-03
6.977621465921401978e-02
-2.058819495141506195e-02
3.625834360718727112e-02
5.462573096156120300e-02
1.838324777781963348e-02
1.103253960609436035e-01
-2.365337125957012177e-02
-2.419026754796504974e-02
2.241609618067741394e-02
2.742358297109603882e-02
-6.386633496731519699e-03
4.577432293444871902e-03
-1.193278059363365173e-01
5.489259213209152222e-02
6.526570022106170654e-02
5.333105474710464478e-02
-1.649932935833930969e-02
-3.155293315649032593e-02
-9.815292432904243469e-03
2.814969979226589203e-02
-3.001457639038562775e-02
-5.679844878613948822e-03
4.802842624485492706e-03
3.208948299288749695e-02
6.632115691900253296e-03
8.986882120370864868e-02
-2.848637104034423828e-02
3.450286760926246643e-02
8.040998131036758423e-03
-6.221043691039085388e-02
5.781684443354606628e-02
7.271809130907058716e-02
3.701203688979148865e-02
-8.302052319049835205e-02
6.997503340244293213e-02
2.844364149495959282e-03
3.527510911226272583e-02
-1.450667623430490494e-02
4.792073741555213928e-02
7.875311374664306641e-02
2.384128980338573456e-02
-1.425887048244476318e-01
2.306856960058212280e-02
2.152334712445735931e-02
8.929043263196945190e-02
-6.349369883537292480e-02
4.303677007555961609e-02
-1.767907477915287018e-02
-7.513110339641571045e-02
-4.257961735129356384e-02
7.140577584505081177e-02
-4.261654987931251526e-02
-8.016040921211242676e-02
-6.091265752911567688e-02
-4.464477673172950745e-02
-5.205651745200157166e-02
2.541899122297763824e-02
1.146669611334800720e-01
-1.800088211894035339e-02
1.047220975160598755e-01
-1.338343173265457153e-01
-2.861278317868709564e-02
-6.949473172426223755e-02
2.188057173043489456e-03
3.091854229569435120e-02
-7.982021570205688477e-02
