1.880220621824264526e-01
-5.146927200257778168e-03
4.811966419219970703e-02
-4.646185413002967834e-02
-6.716870516538619995e-02
-4.504727199673652649e-02
-1.219161003828048706e-01
-5.414648726582527161e-02
9.339919686317443848e-02
6.311583518981933594e-02
1.148594915866851807e-02
-3.552460670471191406e-02
1.709210046101361513e-04
-1.211584806442260742e-01
3.148501738905906677e-02
-6.855452805757522583e-02
3.862531855702400208e-02
8.767821639776229858e-02
1.579357124865055084e-02
-3.659525886178016663e-02
-4.170433059334754944e-02
-3.247047308832406998e-03
3.116282261908054352e-02
-2.307847142219543457e-02
-5.189276114106178284e-02
-1.193429529666900635e-01
3.894926235079765320e-02
-8.028584718704223633e-02
-1.274696588516235352e-01
-1.091888397932052612e-01
7.320670783519744873e-02
-5.156262218952178955e-02
-3.115816228091716766e-02
-9.344683587551116943e-02
1.584291830658912659e-02
-2.013307064771652222e-02
3.820197284221649170e-02
-2.884409204125404358e-02
-5.187281221151351929e-02
-4.124573245644569397e-02
6.689355522394180298e-02
-2.466684579849243164e-02
3.599934652447700500e-02
8.900634944438934326e-02
3.937018290162086487e-02
3.404958918690681458e-02
-1.200632154941558838e-01
-1.069392077624797821e-02
-1.691440679132938385e-02
-4.049064218997955322e-02
-1.743542999029159546e-01
6.589758396148681641e-02
1.210425049066543579e-01
-8.511640131473541260e-02
-5.968419089913368225e-02
5.390603840351104736e-02
-2.803803235292434692e-02
5.101567134261131287e-03
1.570112556219100952e-01
-3.115075454115867615e-02
5.844815075397491455e-02
3.589334338903427124e-02
-5.365207046270370483e-02
3.942591138184070587e-03
-6.353336572647094727e-02
-7.058005779981613159e-02
-6.736174225807189941e-02
-9.543401747941970825e-02
4.555343184620141983e-03
-6.023116409778594971e-02
-9.269882738590240479e-02
-1.077198982238769531e-01
1.424964070320129395e-01
-9.194096922874450684e-02
-1.186389327049255371e-01
6.137280166149139404e-02
-8.670095354318618774e-02
5.505130439996719360e-02
1.241735834628343582e-02
-1.791787445545196533e-01
5.015680193901062012e-02
5.009721592068672180e-02
1.798723242245614529e-03
5.925739184021949768e-02
-6.663323938846588135e-02
5.901954323053359985e-02
-4.263168945908546448e-02
5.360772833228111267e-02
2.226362936198711395e-02
-2.794461138546466827e-02
-1.505717337131500244e-01
-2.668172866106033325e-02
-6.827158480882644653e-02
-2.333396114408969879e-02
-5.916803702712059021e-02
-5.133337527513504028e-02
-3.516313061118125916e-02
1.773568056523799896e-02
6.454651802778244019e-02
-9.409212321043014526e-02
5.341245606541633606e-02
-1.104728132486343384e-02
8.890459313988685608e-03
-8.606880903244018555e-03
2.516132080927491188e-03
-5.048897862434387207e-02
6.691808998584747314e-02
1.037988066673278809e-01
9.028387814760208130e-02
-1.015866696834564209e-01
2.618052298203110695e-03
1.240832656621932983e-01
-2.659145370125770569e-02
8.282696455717086792e-02
8.083265274763107300e-03
-2.857767790555953979e-02
-2.360068447887897491e-02
5.493939667940139771e-02
6.047001108527183533e-02
-5.896485224366188049e-02
-4.856971651315689087e-02
9.153404831886291504e-02
1.211580634117126465e-02
5.754877999424934387e-02
-3.892228752374649048e-02
1.479398179799318314e-02
-4.288810864090919495e-02
-1.047684177756309509e-01
-1.060839593410491943e-01
7.622074335813522339e-02
6.666038185358047485e-03
8.174505084753036499e-02
-8.951269090175628662e-02
4.774310067296028137e-02
3.026419505476951599e-02
2.567113749682903290e-02
-8.663426339626312256e-02
5.576741322875022888e-02
1.163861155509948730e-01
3.117555752396583557e-02
5.200855433940887451e-02
6.233130767941474915e-02
4.762902855873107910e-02
-1.380720436573028564e-01
-6.091646850109100342e-02
-6.171391904354095459e-02
8.647128194570541382e-02
1.234420295804738998e-02
-2.404030971229076385e-02
2.547053806483745575e-02
-5.270562693476676941e-02
-4.183152690529823303e-02
1.901427283883094788e-02
-3.639873862266540527e-02
-4.873095825314521790e-02
-4.403365403413772583e-02
1.036461293697357178e-01
2.544903568923473358e-02
-7.439724355936050415e-02
2.372880000621080399e-03
-8.061717264354228973e-03
7.508012652397155762e-02
-5.618252907879650593e-04
-4.500028118491172791e-02
-2.704354189336299896e-02
-9.167786687612533569e-03
2.893343381583690643e-02
3.771677240729331970e-02
-4.094325006008148193e-02
-2.625817991793155670e-02
1.408005207777023315e-01
1.146144866943359375e-01
-3.697286546230316162e-02
2.760177664458751678e-02
4.298999533057212830e-02
-6.636469159275293350e-03
-6.510324031114578247e-02
-2.865954302251338959e-02
-2.694014273583889008e-02
-1.011017151176929474e-02
-6.069779861718416214e-03
3.134970366954803467e-02
-3.152649849653244019e-02
-2.876628376543521881e-02
8.859650790691375732e-02
-1.877674832940101624e-02
2.293056622147560120e-02
8.387079834938049316e-02
4.175982251763343811e-02
9.717191010713577271e-02
-2.328736707568168640e-02
-2.337031438946723938e-02
2.594953170046210289e-03
2.354888804256916046e-02
-1.708348095417022705e-02
1.138654723763465881e-02
-1.130301877856254578e-01
3.475936502218246460e-02
5.891866981983184814e-02
4.288831725716590881e-02
-1.825247704982757568e-02
-1.065096817910671234e-02
-2.742500975728034973e-02
1.324831880629062653e-02
-3.893002495169639587e-02
8.417392149567604065e-03
1.590762869454920292e-03
1.530024129897356033e-02
1.149380207061767578e-02
7.623775303363800049e-02
-2.258126623928546906e-02
3.635619208216667175e-02
1.111632212996482849e-02
-5.443536117672920227e-02
4.012719541788101196e-02
6.225319579243659973e-02
9.163111448287963867e-03
-7.119749486446380615e-02
7.161473482847213745e-02
8.302388712763786316e-03
3.311645239591598511e-02
4.344118759036064148e-03
5.921389162540435791e-02
9.680939465761184692e-02
5.229156929999589920e-03
-1.207199692726135254e-01
3.254742547869682312e-02
1.745272800326347351e-02
8.032558113336563110e-02
-4.417058452963829041e-02
4.514833912253379822e-02
-1.071378774940967560e-02
-4.428548738360404968e-02
-4.888740181922912598e-02
5.108157172799110413e-02
-4.509707912802696228e-02
-6.110596656799316406e-02
-4.408260434865951538e-02
-2.033209614455699921e-02
-4.506449773907661438e-02
3.696768358349800110e-02
9.439995139837265015e-02
-1.795902661979198456e-02
1.116045489907264709e-01
-1.044281199574470520e-01
-2.109438925981521606e-02
-4.226272925734519958e-02
2.134651876986026764e-02
1.704704016447067261e-02
-6.339720636606216431e-02
