2.096692770719528198e-01
-1.108370069414377213e-02
6.133991107344627380e-02
-8.450555056333541870e-02
-5.795899033546447754e-02
-7.950830459594726562e-02
-1.196738332509994507e-01
-6.013562530279159546e-02
7.348378002643585205e-02
8.375884592533111572e-02
1.737409504130482674e-03
-5.940330401062965393e-02
-8.274398744106292725e-03
-1.100883781909942627e-01
2.229332923889160156e-02
-4.422595724463462830e-02
5.877775698900222778e-02
1.255080252885818481e-01
3.693120926618576050e-02
-3.963612392544746399e-02
-2.963516116142272949e-02
-2.025506459176540375e-02
4.478659853339195251e-02
-6.036460399627685547e-03
-7.368383556604385376e-02
-1.418827474117279053e-01
2.236228622496128082e-02
-7.404062896966934204e-02
-1.128497421741485596e-01
-8.393511921167373657e-02
7.756765931844711304e-02
-5.871187523007392883e-02
-7.493455708026885986e-02
-8.560339361429214478e-02
2.826869860291481018e-02
-1.338278036564588547e-02
3.302554413676261902e-02
-3.605482354760169983e-02
-3.227014094591140747e-02
-6.244963780045509338e-02
4.292401298880577087e-02
-4.608662799000740051e-02
3.242869302630424500e-02
7.120125740766525269e-02
6.966699659824371338e-02
4.095657169818878174e-02
-1.274634897708892822e-01
1.144067198038101196e-02
-1.127354986965656281e-02
-3.618590161204338074e-02
-1.567923724651336670e-01
5.118323490023612976e-02
1.061230376362800598e-01
-6.703827530145645142e-02
-5.107257142663002014e-02
4.701627045869827271e-02
-4.288033396005630493e-02
2.575060911476612091e-02
1.414195299148559570e-01
-4.792766273021697998e-02
5.055653303861618042e-02
5.295454710721969604e-02
-6.038374826312065125e-02
-9.825021959841251373e-03
-6.290589272975921631e-02
-8.058696240186691284e-02
-6.016751378774642944e-02
-6.956243515014648438e-02
9.633231908082962036e-03
-4.090083390474319458e-02
-7.634024322032928467e-02
-7.044189423322677612e-02
1.210286095738410950e-01
-7.991750538349151611e-02
-9.074202179908752441e-02
7.781062275171279907e-02
-9.349400550127029419e-02
4.801238700747489929e-02
3.883360885083675385e-03
-1.383990198373794556e-01
4.257419332861900330e-02
6.978497654199600220e-02
2.398606762290000916e-02
2.474934980273246765e-02
-6.368321180343627930e-02
5.989160761237144470e-02
-2.683753147721290588e-02
5.294442921876907349e-02
1.479261461645364761e-02
-3.020937554538249969e-02
-1.312438547611236572e-01
-5.009106360375881195e-03
-6.567590683698654175e-02
-1.338322646915912628e-02
-3.895590454339981079e-02
-5.624317750334739685e-02
-2.580575086176395416e-02
1.221707928925752640e-02
6.153350695967674255e-02
-8.643236011266708374e-02
4.379178211092948914e-02
1.140811480581760406e-02
-3.590041771531105042e-03
-2.011521160602569580e-02
-1.201857719570398331e-02
-5.684924870729446411e-02
5.483177304267883301e-02
9.583187848329544067e-02
7.855904847383499146e-02
-1.126191169023513794e-01
-2.124171733157709241e-04
1.341443955898284912e-01
-5.095551908016204834e-02
5.194558575749397278e-02
2.450536750257015228e-02
-2.349057234823703766e-02
-3.660190268419682980e-04
6.524214148521423340e-02
4.873902723193168640e-02
-6.376621127128601074e-02
-3.062176518142223358e-02
9.212573617696762085e-02
9.728212840855121613e-03
6.676414608955383301e-02
-4.505606368184089661e-02
1.464027911424636841e-03
-4.119276255369186401e-02
-9.347841143608093262e-02
-1.195201501250267029e-01
1.155136525630950928e-01
-4.299070220440626144e-03
8.709875494241714478e-02
-9.688200801610946655e-02
4.340795055031776428e-02
3.955809399485588074e-02
4.184051603078842163e-02
-8.070375770330429077e-02
3.610344976186752319e-02
1.142628565430641174e-01
4.857593402266502380e-02
2.551419287919998169e-02
6.157917901873588562e-02
3.142894804477691650e-02
-1.270638108253479004e-01
-5.310223624110221863e-02
-4.811707511544227600e-02
9.009007364511489868e-02
1.442095031961798668e-03
-1.038470678031444550e-02
-2.894282224588096142e-04
-5.892153084278106689e-02
-4.733112826943397522e-02
1.788295432925224304e-02
-2.236982807517051697e-02
-4.942239820957183838e-02
-2.597177959978580475e-02
1.227535232901573181e-01
4.718070849776268005e-02
-6.920224428176879883e-02
-5.309933796525001526e-03
-2.575651556253433228e-02
8.589016646146774292e-02
-8.927330491133034229e-04
-5.445374920964241028e-02
-5.903576314449310303e-02
-3.889966756105422974e-02
1.366184931248426437e-02
6.671150773763656616e-02
-3.199496492743492126e-02
-4.610290378332138062e-02
1.686319559812545776e-01
1.114710941910743713e-01
-3.230644762516021729e-02
6.178928911685943604e-02
3.730352222919464111e-02
-2.687066560611128807e-03
-6.819871813058853149e-02
-2.705259993672370911e-02
-4.043314978480339050e-02
-5.954723805189132690e-03
1.131166703999042511e-02
1.034178491681814194e-02
-1.020631194114685059e-02
-1.749537140130996704e-02
1.063210070133209229e-01
-1.764015853404998779e-02
2.556833252310752869e-02
7.817535102367401123e-02
3.675981611013412476e-02
1.083758845925331116e-01
-3.292091935873031616e-02
-2.670454233884811401e-02
9.938079863786697388e-03
2.631628885865211487e-02
-6.536339875310659409e-03
1.723695173859596252e-02
-1.145359501242637634e-01
5.362680926918983459e-02
4.924914613366127014e-02
3.803187981247901917e-02
-2.628543227910995483e-02
-1.563945412635803223e-02
-1.883998140692710876e-02
-1.569890999235212803e-03
-3.392121521756052971e-03
-4.326377995312213898e-03
1.436391845345497131e-02
3.449058160185813904e-02
1.380843762308359146e-02
8.416920900344848633e-02
-2.723767608404159546e-02
3.057192079722881317e-02
1.970466226339340210e-02
-5.499581620097160339e-02
4.458512365818023682e-02
4.047162085771560669e-02
4.086839966475963593e-03
-8.535974472761154175e-02
6.704726070165634155e-02
-1.389258773997426033e-03
3.625772893428802490e-02
-1.183859352022409439e-02
4.512863233685493469e-02
8.471278101205825806e-02
8.248844533227384090e-04
-1.037337034940719604e-01
4.265023767948150635e-02
2.989149419590830803e-03
6.583611667156219482e-02
-5.396717414259910583e-02
3.314536437392234802e-02
-2.042009495198726654e-02
-5.166393145918846130e-02
-4.259212315082550049e-02
6.638306379318237305e-02
-3.427831828594207764e-02
-7.122097164392471313e-02
-5.950286984443664551e-02
-3.335859626531600952e-02
-5.745458975434303284e-02
3.048817254602909088e-02
9.292419999837875366e-02
-1.316223107278347015e-02
1.181321069598197937e-01
-1.126153990626335144e-01
-3.299257531762123108e-02
-7.109267264604568481e-02
2.683339826762676239e-02
6.965124979615211487e-03
-8.660653233528137207e-02
