7.035396993160247803e-02
4.338920861482620239e-02
-1.194752007722854614e-02
-4.389984533190727234e-04
3.849329054355621338e-02
-2.590243890881538391e-02
-1.344219432212412357e-03
-1.246309373527765274e-02
-2.937957830727100372e-02
-3.510839119553565979e-02
-4.805414751172065735e-02
-4.184827674180269241e-03
9.716806001961231232e-03
-3.453062102198600769e-02
-1.566448807716369629e-02
-2.350244112312793732e-02
1.923647336661815643e-02
2.209903486073017120e-02
-5.546509101986885071e-02
4.687343165278434753e-02
-1.263383217155933380e-02
-6.852451711893081665e-02
2.144398726522922516e-02
-1.399724464863538742e-02
-7.653114944696426392e-02
-3.858863189816474915e-02
8.271107077598571777e-02
-3.956362232565879822e-02
-6.259559094905853271e-02
-6.806366145610809326e-02
3.137873113155364990e-02
-4.627886414527893066e-02
3.284929320216178894e-02
-2.831682935357093811e-02
4.024152643978595734e-03
-3.601210482884198427e-04
5.704078078269958496e-02
-2.735503250733017921e-03
-4.995989799499511719e-02
-6.649785488843917847e-02
5.014866963028907776e-02
3.002206981182098389e-02
3.504258766770362854e-02
3.502662107348442078e-02
5.522944405674934387e-02
2.796637709252536297e-04
-1.311030834913253784e-01
4.113665223121643066e-02
-2.180329151451587677e-02
-8.085390180349349976e-02
-1.315275430679321289e-01
4.497586190700531006e-02
7.447044551372528076e-02
-6.267832219600677490e-02
-6.804494187235832214e-03
4.373675957322120667e-02
-5.547334626317024231e-02
-8.591959625482559204e-02
4.818950593471527100e-02
-4.855396226048469543e-03
5.823553726077079773e-02
3.073006682097911835e-02
-7.620637863874435425e-02
6.037821248173713684e-02
-6.413876265287399292e-02
-1.658558845520019531e-02
-1.087438315153121948e-02
-8.808128535747528076e-02
2.858357131481170654e-02
-3.277081251144409180e-02
-3.181471303105354309e-02
-8.158962428569793701e-02
8.363774418830871582e-02
7.628202438354492188e-03
-1.342697143554687500e-01
2.600602572783827782e-03
-4.363716021180152893e-02
6.413781642913818359e-02
-4.782739654183387756e-02
-1.335901916027069092e-01
-1.630551181733608246e-02
4.747915640473365784e-02
6.521466374397277832e-02
3.085357882082462311e-02
-1.549955271184444427e-02
5.416106805205345154e-02
1.899567060172557831e-02
4.081782419234514236e-03
7.237150520086288452e-02
-5.271930992603302002e-02
-2.383836954832077026e-01
4.464538395404815674e-02
-3.041935339570045471e-02
-4.538723453879356384e-02
-7.043652981519699097e-02
-7.356828544288873672e-03
-9.140418842434883118e-03
1.442436315119266510e-02
1.443425416946411133e-01
-2.349191904067993164e-02
1.130412295460700989e-01
-2.318551577627658844e-02
6.119827553629875183e-02
-1.332797296345233917e-02
-2.596361562609672546e-02
-5.945017188787460327e-02
3.119682334363460541e-02
9.011279791593551636e-02
1.233718618750572205e-01
-7.219164073467254639e-02
-4.793183133006095886e-02
1.517964899539947510e-01
8.156935684382915497e-03
1.037355437874794006e-01
4.983518645167350769e-02
-2.244796045124530792e-02
-2.553133293986320496e-03
3.160988911986351013e-02
4.382040351629257202e-02
-1.110679656267166138e-01
-1.251623928546905518e-01
1.022436767816543579e-01
-2.184997126460075378e-02
4.807813465595245361e-02
-1.537089236080646515e-02
-4.514076188206672668e-02
-1.145277991890907288e-01
-5.200643092393875122e-02
-6.128747761249542236e-02
1.653854995965957642e-01
-1.060155872255563736e-02
5.918260291218757629e-02
-9.939990937709808350e-02
3.492854163050651550e-02
2.553695999085903168e-02
2.967587299644947052e-02
-3.598022088408470154e-02
2.613025531172752380e-02
1.449333429336547852e-01
8.793792873620986938e-02
-1.464099343866109848e-02
2.927282080054283142e-02
4.975099489092826843e-02
-1.517715901136398315e-01
-1.090827658772468567e-01
-5.694177001714706421e-02
3.579849004745483398e-02
-2.676932141184806824e-03
3.870033845305442810e-02
4.151642322540283203e-02
-1.301390826702117920e-01
-4.541359841823577881e-02
4.776942729949951172e-02
-3.899497166275978088e-02
-1.250940095633268356e-02
-6.195066496729850769e-02
7.501774281263351440e-02
6.387896137312054634e-04
-6.897415965795516968e-02
2.569997496902942657e-02
-1.781122386455535889e-02
1.854496300220489502e-01
-5.293808504939079285e-02
-1.667364686727523804e-02
2.713093906641006470e-02
1.816180348396301270e-02
5.096358805894851685e-02
7.282373309135437012e-02
-6.007728353142738342e-02
-1.015188992023468018e-01
1.122770681977272034e-01
1.385552734136581421e-01
1.185881346464157104e-02
8.791328966617584229e-02
9.146305173635482788e-02
-7.223501801490783691e-02
-9.496782720088958740e-02
-1.771199330687522888e-02
-7.370641827583312988e-02
2.446593903005123138e-02
3.377445042133331299e-02
3.571351245045661926e-02
-1.640860363841056824e-02
8.793567307293415070e-03
1.329881250858306885e-01
-2.408473379909992218e-02
5.275924503803253174e-02
7.948379218578338623e-02
3.237216919660568237e-02
8.826703578233718872e-02
-5.185668542981147766e-02
-2.221508324146270752e-02
5.995791405439376831e-03
-2.110576257109642029e-02
-3.138907626271247864e-02
2.445022948086261749e-02
-1.401516497135162354e-01
8.680072426795959473e-02
6.560845673084259033e-02
1.135216578841209412e-01
-3.164714202284812927e-03
-5.672324448823928833e-03
3.725463896989822388e-02
7.056380063295364380e-02
-1.828898303210735321e-02
3.716104850172996521e-02
-1.221648417413234711e-02
-8.311884477734565735e-03
-2.100535295903682709e-02
1.193703189492225647e-01
3.883124887943267822e-02
-4.580039903521537781e-02
1.606745645403862000e-02
-1.757636666297912598e-02
1.020594127476215363e-02
3.745524212718009949e-02
-2.514979243278503418e-02
-1.423142254352569580e-01
5.866884440183639526e-02
-5.963670089840888977e-02
9.635321795940399170e-03
-3.037128038704395294e-02
1.057397127151489258e-01
9.566818922758102417e-02
6.671573966741561890e-02
-1.054249778389930725e-01
6.184741109609603882e-02
3.117562644183635712e-02
2.080544829368591309e-02
-3.366000950336456299e-02
-5.197692289948463440e-02
-3.461252897977828979e-02
-7.305503636598587036e-02
-3.928047046065330505e-02
6.617011874914169312e-02
-2.699145348742604256e-03
-7.252406328916549683e-02
-1.030937489122152328e-02
1.839008368551731110e-02
-1.105954172089695930e-03
1.645598001778125763e-02
-2.531012706458568573e-02
1.144246477633714676e-02
-6.467897444963455200e-02
-2.699861116707324982e-02
-2.729720249772071838e-02
-1.447851187549531460e-03
9.750087745487689972e-03
-3.234913747292011976e-04
8.861580863595008850e-03
