1.398039609193801880e-01
1.116193179041147232e-02
3.388102725148200989e-02
-1.861118525266647339e-02
-2.570817992091178894e-02
-4.562918469309806824e-02
-7.198565453290939331e-02
-2.992422133684158325e-02
3.744485974311828613e-02
6.007249932736158371e-03
-2.149704843759536743e-03
-2.061671763658523560e-02
1.572458259761333466e-02
-7.762686163187026978e-02
2.478629723191261292e-02
-4.308008402585983276e-02
3.118210472166538239e-02
5.527441948652267456e-02
-1.299473643302917480e-02
1.893750275485217571e-03
-1.900885626673698425e-02
-1.292016822844743729e-02
3.331519290804862976e-02
-2.006713300943374634e-02
-3.528757393360137939e-02
-7.251421362161636353e-02
3.932352364063262939e-02
-4.757870733737945557e-02
-8.344672620296478271e-02
-6.602865457534790039e-02
3.581012785434722900e-02
-2.730723656713962555e-02
-1.001504436135292053e-02
-7.948954403400421143e-02
2.614602819085121155e-02
-9.582958184182643890e-03
5.126506462693214417e-02
-2.446316182613372803e-02
-7.284229248762130737e-02
-5.585053190588951111e-02
6.566661596298217773e-02
-1.847993023693561554e-02
4.359681904315948486e-02
6.716205179691314697e-02
3.577947244048118591e-02
2.336915954947471619e-02
-1.257765740156173706e-01
9.890544228255748749e-03
-2.440557256340980530e-02
-4.647481441497802734e-02
-1.776640862226486206e-01
5.936403200030326843e-02
9.750020503997802734e-02
-7.004401832818984985e-02
-4.705312475562095642e-02
5.695807188749313354e-02
-3.348818421363830566e-02
-2.942562289535999298e-02
1.500824093818664551e-01
-1.670970022678375244e-02
6.157775595784187317e-02
3.938130289316177368e-02
-6.928872317075729370e-02
2.607449889183044434e-02
-7.124795019626617432e-02
-6.081996858119964600e-02
-5.478909984230995178e-02
-1.191756501793861389e-01
1.521936245262622833e-02
-5.655771493911743164e-02
-7.386863231658935547e-02
-1.115441620349884033e-01
1.433452963829040527e-01
-6.285063177347183228e-02
-1.292610764503479004e-01
4.890525713562965393e-02
-7.886607199907302856e-02
7.474359124898910522e-02
-1.213548588566482067e-03
-1.758345514535903931e-01
3.242063522338867188e-02
5.953781679272651672e-02
1.063041947782039642e-02
5.872485414147377014e-02
-4.758056625723838806e-02
6.249939277768135071e-02
-2.981663309037685394e-02
6.059262529015541077e-02
3.078962117433547974e-02
-4.011080414056777954e-02
-1.866234689950942993e-01
-8.807879872620105743e-03
-6.049147248268127441e-02
-1.711170934140682220e-02
-5.538465082645416260e-02
-3.070300444960594177e-02
-4.387385025620460510e-02
3.291552886366844177e-02
1.133873164653778076e-01
-8.867655694484710693e-02
8.998733758926391602e-02
-2.130741067230701447e-02
3.491752222180366516e-02
-8.456654846668243408e-03
-8.938613347709178925e-03
-6.269405782222747803e-02
6.525423377752304077e-02
1.073366552591323853e-01
1.260604411363601685e-01
-9.832929074764251709e-02
-2.022484503686428070e-02
1.605805903673171997e-01
-4.368562251329421997e-03
9.907951205968856812e-02
2.207686752080917358e-02
-5.084372684359550476e-02
-2.220895700156688690e-02
6.107493489980697632e-02
6.575933098793029785e-02
-9.325356036424636841e-02
-8.305931091308593750e-02
1.165977865457534790e-01
-4.233916290104389191e-03
5.429708585143089294e-02
-3.695711120963096619e-02
-1.143637206405401230e-02
-7.782400399446487427e-02
-9.312715381383895874e-02
-1.120056509971618652e-01
1.254769712686538696e-01
-4.384247586131095886e-03
9.151144325733184814e-02
-9.401077777147293091e-02
4.733355343341827393e-02
4.616905003786087036e-02
4.953407123684883118e-02
-9.172894060611724854e-02
3.644630685448646545e-02
1.395643204450607300e-01
5.064500123262405396e-02
3.656797111034393311e-02
4.626861959695816040e-02
7.690370082855224609e-02
-1.525596678256988525e-01
-7.828944921493530273e-02
-5.635115876793861389e-02
7.695049792528152466e-02
4.689493682235479355e-03
-1.976236887276172638e-02
4.100820422172546387e-02
-7.781466841697692871e-02
-6.521569192409515381e-02
3.582886978983879089e-02
-4.429160058498382568e-02
-5.110472068190574646e-02
-5.139962956309318542e-02
9.896753728389739990e-02
1.831165514886379242e-02
-7.938104122877120972e-02
1.134062744677066803e-02
-1.593541726469993591e-02
1.204675436019897461e-01
-1.804819516837596893e-02
-3.683083131909370422e-02
-1.220373902469873428e-02
-7.309318520128726959e-03
4.793585091829299927e-02
4.654822871088981628e-02
-3.590737283229827881e-02
-4.535344988107681274e-02
1.253995895385742188e-01
1.286409199237823486e-01
-3.685766831040382385e-02
5.998897552490234375e-02
6.060641258955001831e-02
-2.487917616963386536e-02
-7.190811634063720703e-02
-1.816165074706077576e-02
-5.399091914296150208e-02
1.236562966369092464e-03
-7.084638345986604691e-04
3.425014391541481018e-02
-2.685290575027465820e-02
-2.664719149470329285e-02
1.019220352172851562e-01
-2.155543863773345947e-02
2.976316399872303009e-02
8.141995221376419067e-02
2.502065896987915039e-02
9.796637296676635742e-02
-2.756498381495475769e-02
-3.515288978815078735e-02
2.299364190548658371e-03
1.820064149796962738e-02
-2.271942421793937683e-02
1.475540827959775925e-02
-1.283300071954727173e-01
5.371059477329254150e-02
5.426818132400512695e-02
6.823464483022689819e-02
-5.082986317574977875e-03
3.506992070470005274e-04
-2.048462862148880959e-03
2.711355872452259064e-02
-2.807076275348663330e-02
2.230853959918022156e-02
-5.339042283594608307e-03
-2.280306071043014526e-03
5.424414994195103645e-04
8.029294013977050781e-02
-9.687804616987705231e-03
1.070135924965143204e-02
8.887208998203277588e-03
-3.644217923283576965e-02
3.391423076391220093e-02
5.950235202908515930e-02
8.385448600165545940e-04
-9.103396534919738770e-02
8.021778613328933716e-02
-1.210197899490594864e-02
1.553031802177429199e-02
-1.091995975002646446e-03
6.609597057104110718e-02
9.661277383565902710e-02
2.112699858844280243e-02
-9.654140472412109375e-02
2.476185560226440430e-02
1.458108145743608475e-02
5.054784938693046570e-02
-4.399214684963226318e-02
3.816324472427368164e-02
-1.374122034758329391e-02
-4.996987804770469666e-02
-6.200460344552993774e-02
6.972114741802215576e-02
-2.740564942359924316e-02
-6.848838180303573608e-02
-3.176397457718849182e-02
-1.841938868165016174e-02
-2.867180295288562775e-02
3.553038462996482849e-02
8.941820263862609863e-02
3.966436779592186213e-04
8.199381083250045776e-02
-9.644956141710281372e-02
-2.500909939408302307e-02
-3.562108054757118225e-02
4.114273563027381897e-02
5.375633947551250458e-03
-4.913889616727828979e-02
