1.569684892892837524e-01
-6.869756616652011871e-04
3.584729507565498352e-02
-3.829615935683250427e-02
-3.413258492946624756e-02
-4.906907305121421814e-02
-8.409082889556884766e-02
-3.888056427240371704e-02
5.239755660295486450e-02
3.094153292477130890e-02
-2.941367565654218197e-04
-3.993891924619674683e-02
5.471467506140470505e-03
-8.398959785699844360e-02
1.767676323652267456e-02
-4.786504805088043213e-02
3.319201245903968811e-02
7.054036110639572144e-02
-1.548677217215299606e-03
-7.841908372938632965e-03
-2.725593559443950653e-02
-3.347811521962285042e-03
2.832037396728992462e-02
-1.961372233927249908e-02
-4.123080149292945862e-02
-1.044720709323883057e-01
3.320373594760894775e-02
-6.275835633277893066e-02
-1.055782139301300049e-01
-8.289414644241333008e-02
5.375855043530464172e-02
-3.707416728138923645e-02
-3.528662770986557007e-02
-8.033808320760726929e-02
2.501440793275833130e-02
-1.421308051794767380e-02
4.528873786330223083e-02
-2.639620937407016754e-02
-6.154725700616836548e-02
-5.354221537709236145e-02
6.059895083308219910e-02
-2.181458845734596252e-02
4.305554926395416260e-02
6.627537310123443604e-02
4.168808087706565857e-02
2.724090032279491425e-02
-1.242564171552658081e-01
1.500141620635986328e-02
-3.087005577981472015e-02
-4.536813497543334961e-02
-1.803989857435226440e-01
5.957994610071182251e-02
1.038764044642448425e-01
-8.114738017320632935e-02
-4.658786207437515259e-02
5.444989725947380066e-02
-3.486748412251472473e-02
-1.108577754348516464e-02
1.587568819522857666e-01
-1.783831976354122162e-02
6.283038854598999023e-02
3.297555446624755859e-02
-6.803247332572937012e-02
1.268502138555049896e-02
-7.250756770372390747e-02
-6.442143768072128296e-02
-5.119003728032112122e-02
-1.096033006906509399e-01
1.032518595457077026e-02
-4.647338390350341797e-02
-8.527409285306930542e-02
-9.898016601800918579e-02
1.441500484943389893e-01
-7.527050375938415527e-02
-1.288433074951171875e-01
5.646099895238876343e-02
-7.390013337135314941e-02
7.602103799581527710e-02
5.240785423666238785e-03
-1.772578954696655273e-01
4.569805040955543518e-02
5.885982140898704529e-02
5.468970164656639099e-03
5.553954839706420898e-02
-5.504122003912925720e-02
5.463873222470283508e-02
-2.907828241586685181e-02
6.714909523725509644e-02
2.888778783380985260e-02
-3.569991141557693481e-02
-1.742417961359024048e-01
-2.261646836996078491e-02
-6.404925137758255005e-02
-1.936247013509273529e-02
-5.058347061276435852e-02
-4.570875689387321472e-02
-3.193508461117744446e-02
2.949807047843933105e-02
1.014523431658744812e-01
-9.547759592533111572e-02
7.277511060237884521e-02
-1.340137422084808350e-02
2.227535098791122437e-02
-1.133289467543363571e-02
-1.365997642278671265e-02
-6.091286987066268921e-02
6.318866461515426636e-02
1.023928001523017883e-01
1.140224561095237732e-01
-9.783776849508285522e-02
-1.133343484252691269e-02
1.540569365024566650e-01
-1.591141708195209503e-02
9.134595841169357300e-02
1.550973393023014069e-02
-3.718410804867744446e-02
-1.833051256835460663e-02
5.729480087757110596e-02
6.111381575465202332e-02
-7.578761875629425049e-02
-6.460798531770706177e-02
1.115012094378471375e-01
-1.173324344563297927e-04
4.719085246324539185e-02
-4.167834296822547913e-02
-1.687009353190660477e-03
-6.394205242395401001e-02
-9.102620184421539307e-02
-1.063497439026832581e-01
1.187968552112579346e-01
-3.943324554711580276e-03
8.323702961206436157e-02
-9.659297764301300049e-02
4.247464239597320557e-02
4.623605683445930481e-02
3.491731733083724976e-02
-8.655778318643569946e-02
2.856200002133846283e-02
1.169750541448593140e-01
5.341834947466850281e-02
2.762653678655624390e-02
4.590575397014617920e-02
5.744425952434539795e-02
-1.454273164272308350e-01
-6.829125434160232544e-02
-5.100885778665542603e-02
7.775525003671646118e-02
1.035024411976337433e-03
-1.912796311080455780e-02
2.535193040966987610e-02
-7.788579165935516357e-02
-6.139822304248809814e-02
2.459232322871685028e-02
-3.691629320383071899e-02
-5.379757285118103027e-02
-3.977940231561660767e-02
1.004011705517768860e-01
2.412594109773635864e-02
-7.222703844308853149e-02
1.954408362507820129e-03
-1.071051973849534988e-02
1.093910411000251770e-01
-1.506936922669410706e-02
-3.758746385574340820e-02
-2.594785019755363464e-02
-1.114390324801206589e-02
4.189922660589218140e-02
4.894515872001647949e-02
-4.010365158319473267e-02
-4.588704183697700500e-02
1.382632851600646973e-01
1.247761920094490051e-01
-4.875295609235763550e-02
5.968464165925979614e-02
4.859533160924911499e-02
-2.343190833926200867e-02
-6.852116435766220093e-02
-1.051685959100723267e-02
-4.798272252082824707e-02
3.791745402850210667e-04
-5.846969783306121826e-03
2.324656024575233459e-02
-2.791160531342029572e-02
-1.607749238610267639e-02
9.191620349884033203e-02
-2.404066734015941620e-02
2.561834827065467834e-02
6.876252591609954834e-02
2.778092958033084869e-02
1.050932481884956360e-01
-2.844027057290077209e-02
-3.665345907211303711e-02
1.432121917605400085e-02
2.168391086161136627e-02
-1.564900390803813934e-02
1.474265102297067642e-02
-1.263165622949600220e-01
5.307087674736976624e-02
5.390973016619682312e-02
6.191958859562873840e-02
-1.292033959180116653e-02
-1.146486587822437286e-02
-9.678727015852928162e-03
2.382557280361652374e-02
-2.936336770653724670e-02
9.607699699699878693e-03
-6.431860383599996567e-03
1.297310832887887955e-02
-4.651132621802389622e-05
8.312986046075820923e-02
-2.058630064129829407e-02
1.978269219398498535e-02
1.167428796179592609e-03
-4.953631758689880371e-02
4.189328476786613464e-02
6.524278223514556885e-02
1.581140793859958649e-02
-8.810322731733322144e-02
7.737407833337783813e-02
-3.692118916660547256e-03
2.143686078488826752e-02
-6.602942477911710739e-03
5.166416242718696594e-02
9.006462991237640381e-02
1.958473771810531616e-02
-1.208838969469070435e-01
2.073446661233901978e-02
1.265071518719196320e-02
6.481885164976119995e-02
-4.515398293733596802e-02
3.721962496638298035e-02
-1.159448176622390747e-02
-5.414328724145889282e-02
-5.629409104585647583e-02
7.881059497594833374e-02
-3.323654457926750183e-02
-7.086372375488281250e-02
-4.376498982310295105e-02
-2.618414349853992462e-02
-3.766948357224464417e-02
3.364324197173118591e-02
1.043717488646507263e-01
-9.048801148310303688e-04
1.002701744437217712e-01
-1.179951727390289307e-01
-2.652244083583354950e-02
-5.396895483136177063e-02
2.773889526724815369e-02
1.956168189644813538e-02
-6.632077693939208984e-02
