1.362148225307464600e-01
-1.150413975119590759e-02
3.203267231583595276e-02
-4.953793436288833618e-02
-4.354973137378692627e-02
-2.904067374765872955e-02
-9.081781655550003052e-02
-4.553341120481491089e-02
6.666849553585052490e-02
6.188276037573814392e-02
1.893309690058231354e-02
-4.099391400814056396e-02
-1.064576301723718643e-02
-8.481618762016296387e-02
1.367977168411016464e-02
-3.684560954570770264e-02
3.076228126883506775e-02
7.210645079612731934e-02
8.167033083736896515e-03
-3.027761168777942657e-02
-3.176049515604972839e-02
-1.147814746946096420e-02
1.830899156630039215e-02
-2.751664258539676666e-02
-3.977834805846214294e-02
-1.099059656262397766e-01
2.575816027820110321e-02
-5.187760293483734131e-02
-9.041345119476318359e-02
-9.406886249780654907e-02
7.826805859804153442e-02
-5.397094041109085083e-02
-7.504298537969589233e-02
-7.031565159559249878e-02
4.543882980942726135e-02
-2.230634167790412903e-02
1.171532273292541504e-02
-3.259248659014701843e-02
-3.832242265343666077e-02
-3.611444681882858276e-02
3.833566233515739441e-02
-3.945070877671241760e-02
3.500276058912277222e-02
7.096614688634872437e-02
5.397902801632881165e-02
2.736288495361804962e-02
-1.274262964725494385e-01
1.528442278504371643e-02
-1.362271513789892197e-02
-3.127609565854072571e-02
-1.578573137521743774e-01
5.932256579399108887e-02
1.089473366737365723e-01
-9.922175854444503784e-02
-4.828558489680290222e-02
4.036355018615722656e-02
-2.529551647603511810e-02
2.420875802636146545e-02
1.647522747516632080e-01
-2.620881237089633942e-02
5.656151100993156433e-02
4.900090396404266357e-02
-4.696124419569969177e-02
-7.860276848077774048e-03
-6.885077059268951416e-02
-5.363909527659416199e-02
-6.361774355173110962e-02
-9.872810542583465576e-02
-1.152613200247287750e-02
-5.310060083866119385e-02
-1.076527684926986694e-01
-7.536315172910690308e-02
1.366075277328491211e-01
-7.823678851127624512e-02
-1.237163916230201721e-01
6.396497786045074463e-02
-8.040466904640197754e-02
7.399983704090118408e-02
1.359664648771286011e-02
-1.679144501686096191e-01
4.743641987442970276e-02
5.908056721091270447e-02
2.305698767304420471e-02
5.881239846348762512e-02
-6.235431507229804993e-02
5.211920663714408875e-02
-3.774875029921531677e-02
6.992679089307785034e-02
1.649546809494495392e-02
-4.068372771143913269e-02
-1.570681482553482056e-01
-2.809203788638114929e-02
-5.534348636865615845e-02
-2.833290025591850281e-02
-5.195205658674240112e-02
-6.106525659561157227e-02
-3.944479674100875854e-02
1.574397645890712738e-02
6.044707447290420532e-02
-9.151079505681991577e-02
5.337163433432579041e-02
-3.117460524663329124e-03
2.147191669791936874e-03
-2.956100367009639740e-02
-1.459030993282794952e-02
-6.959789246320724487e-02
6.454264372587203979e-02
9.595392644405364990e-02
1.000432595610618591e-01
-1.012258008122444153e-01
1.080611953511834145e-03
1.408726274967193604e-01
-3.994562476873397827e-02
8.747572451829910278e-02
9.989639744162559509e-03
-3.137275204062461853e-02
-2.521957084536552429e-02
4.468567669391632080e-02
4.931553080677986145e-02
-6.777014583349227905e-02
-1.787521503865718842e-02
1.129198670387268066e-01
2.592568052932620049e-03
4.773853719234466553e-02
-5.757098644971847534e-02
1.202759798616170883e-02
-4.531188309192657471e-02
-1.128457859158515930e-01
-1.170657351613044739e-01
1.000793874263763428e-01
3.026788588613271713e-03
9.331835806369781494e-02
-1.023701429367065430e-01
4.439687728881835938e-02
5.160255730152130127e-02
2.376402728259563446e-02
-7.783948630094528198e-02
1.673393696546554565e-02
9.543540328741073608e-02
4.575685411691665649e-02
1.606674492359161377e-02
7.159207761287689209e-02
2.409247681498527527e-02
-1.323809176683425903e-01
-6.677958369255065918e-02
-4.979410395026206970e-02
8.200628310441970825e-02
7.021329831331968307e-03
-1.387723442167043686e-02
-3.603524295613169670e-03
-6.837636977434158325e-02
-6.170510128140449524e-02
1.053377799689769745e-02
-2.491794340312480927e-02
-4.938870295882225037e-02
-2.816985733807086945e-02
1.113228201866149902e-01
2.482242509722709656e-02
-6.914359331130981445e-02
-3.047807142138481140e-03
-4.735870752483606339e-03
9.313068538904190063e-02
-1.582208462059497833e-02
-4.227822273969650269e-02
-5.740543827414512634e-02
-2.041992731392383575e-02
3.847403079271316528e-02
4.549768939614295959e-02
-4.851445928215980530e-02
-6.878084689378738403e-02
1.781968027353286743e-01
1.390622556209564209e-01
-5.314126983284950256e-02
4.633510485291481018e-02
4.671346396207809448e-02
-1.653531193733215332e-02
-8.142262697219848633e-02
-1.049771253019571304e-02
-3.082031756639480591e-02
-2.135479357093572617e-03
-8.247803896665573120e-03
1.507142558693885803e-02
-4.807020351290702820e-02
-2.280022483319044113e-03
8.208388090133666992e-02
-8.229280821979045868e-03
1.416832208633422852e-02
7.305389642715454102e-02
3.294280543923377991e-02
1.160762086510658264e-01
-1.591799594461917877e-02
-3.003012575209140778e-02
2.559328079223632812e-02
4.134502634406089783e-02
-1.487194374203681946e-02
2.103696577250957489e-02
-1.182965487241744995e-01
4.792562499642372131e-02
5.446734279394149780e-02
4.738855734467506409e-02
-3.278440237045288086e-02
-2.817688323557376862e-02
-3.284784033894538879e-02
1.063626259565353394e-02
-3.328374028205871582e-02
-4.387244116514921188e-03
1.363507378846406937e-02
1.802094653248786926e-02
9.875916875898838043e-04
8.736346662044525146e-02
-4.684263467788696289e-02
4.113329946994781494e-02
5.320661235600709915e-03
-6.132937595248222351e-02
6.301914900541305542e-02
5.638245120644569397e-02
1.850312575697898865e-02
-7.491878420114517212e-02
7.262457907199859619e-02
9.159505367279052734e-03
4.414292797446250916e-02
-1.534495316445827484e-02
4.088236019015312195e-02
8.788515627384185791e-02
9.162748232483863831e-03
-1.421052217483520508e-01
2.736046537756919861e-02
2.548393979668617249e-02
9.121540188789367676e-02
-4.976002499461174011e-02
3.611443936824798584e-02
-1.647378131747245789e-02
-4.917099699378013611e-02
-3.960181400179862976e-02
6.824259459972381592e-02
-3.545748069882392883e-02
-6.359844654798507690e-02
-5.112275481224060059e-02
-3.895580396056175232e-02
-4.377171397209167480e-02
1.933311484754085541e-02
1.190967783331871033e-01
-1.321613043546676636e-02
1.121599003672599792e-01
-1.304300427436828613e-01
-2.853770367801189423e-02
-6.693016737699508667e-02
-1.071167062036693096e-03
2.339980378746986389e-02
-6.492643058300018311e-02
