9.077613055706024170e-02
-1.759415492415428162e-02
2.758627012372016907e-02
-2.196251600980758667e-02
-2.889458462595939636e-02
-4.695144947618246078e-03
-6.857178360223770142e-02
-3.367128223180770874e-02
5.551348999142646790e-02
3.019282594323158264e-02
2.856070175766944885e-02
-2.541550993919372559e-02
-3.741905791684985161e-03
-6.640444695949554443e-02
1.007489021867513657e-02
-3.855872899293899536e-02
1.977071911096572876e-02
4.888984188437461853e-02
-1.943139731884002686e-02
-1.361262425780296326e-02
-2.060098946094512939e-02
1.741432584822177887e-02
9.545142762362957001e-03
-2.903056517243385315e-02
-7.941680029034614563e-03
-9.165042638778686523e-02
2.857671119272708893e-02
-5.295465514063835144e-02
-9.523043781518936157e-02
-1.019001528620719910e-01
6.550581753253936768e-02
-3.046694397926330566e-02
-5.020011216402053833e-02
-7.449518889188766479e-02
3.870432078838348389e-02
-9.552713483572006226e-03
1.171137299388647079e-02
-2.905889227986335754e-02
-5.287959426641464233e-02
-3.259799629449844360e-02
6.451717764139175415e-02
-1.452294364571571350e-02
3.850187733769416809e-02
7.555076479911804199e-02
1.474910136312246323e-02
1.174903102219104767e-02
-1.282161325216293335e-01
2.056470327079296112e-02
-2.728465385735034943e-02
-3.960275277495384216e-02
-1.751960068941116333e-01
7.308936119079589844e-02
1.004554778337478638e-01
-1.030024960637092590e-01
-4.949638620018959045e-02
5.797870457172393799e-02
-1.449292711913585663e-02
1.444145804271101952e-03
1.661015599966049194e-01
-1.762965507805347443e-02
6.927810609340667725e-02
3.536512330174446106e-02
-5.520907044410705566e-02
4.343717824667692184e-03
-6.729310005903244019e-02
-5.583999678492546082e-02
-6.567107886075973511e-02
-1.173302605748176575e-01
-1.001289486885070801e-02
-7.023759931325912476e-02
-1.087734848260879517e-01
-9.881003946065902710e-02
1.484305560588836670e-01
-9.027987718582153320e-02
-1.429685950279235840e-01
5.707252398133277893e-02
-7.862360775470733643e-02
8.836783468723297119e-02
1.866937056183815002e-02
-2.150704264640808105e-01
4.856195673346519470e-02
5.109065398573875427e-02
-3.938697278499603271e-03
7.689069956541061401e-02
-5.852052941918373108e-02
4.809819534420967102e-02
-5.557501688599586487e-02
7.758327573537826538e-02
1.908846758306026459e-02
-4.511344805359840393e-02
-1.741891652345657349e-01
-4.839581251144409180e-02
-5.956998467445373535e-02
-3.648219630122184753e-02
-5.920573696494102478e-02
-6.068519502878189087e-02
-3.801828622817993164e-02
1.276362314820289612e-02
5.168620124459266663e-02
-8.175777643918991089e-02
5.503385141491889954e-02
-1.857173629105091095e-02
1.156003400683403015e-02
-1.849018782377243042e-02
-5.890619475394487381e-03
-7.682807743549346924e-02
7.999293506145477295e-02
8.955373615026473999e-02
1.057384982705116272e-01
-9.516508877277374268e-02
8.511397987604141235e-03
1.350328922271728516e-01
-1.154710073024034500e-02
9.730958193540573120e-02
7.068689912557601929e-03
-4.719597473740577698e-02
-3.301073983311653137e-02
3.958496823906898499e-02
5.619527772068977356e-02
-5.761118978261947632e-02
-3.861882537603378296e-02
1.013909056782722473e-01
3.200924955308437347e-03
3.476950153708457947e-02
-5.899854376912117004e-02
3.250067820772528648e-03
-4.484771937131881714e-02
-1.106071025133132935e-01
-9.675715863704681396e-02
7.938594371080398560e-02
7.341525517404079437e-03
8.807442337274551392e-02
-8.499528467655181885e-02
3.688539564609527588e-02
4.125433787703514099e-02
2.010298706591129303e-02
-7.907982915639877319e-02
1.149877067655324936e-02
8.951168507337570190e-02
3.048958070576190948e-02
3.240218013525009155e-02
5.996121838688850403e-02
5.028992518782615662e-02
-1.325495988130569458e-01
-7.613161206245422363e-02
-4.841133952140808105e-02
7.127842307090759277e-02
2.033647382631897926e-03
-2.565987966954708099e-02
1.711613126099109650e-02
-5.728687718510627747e-02
-5.821225047111511230e-02
1.339863054454326630e-02
-3.078874200582504272e-02
-4.957184195518493652e-02
-3.678776323795318604e-02
9.466898441314697266e-02
5.735555663704872131e-03
-6.862644851207733154e-02
4.323329776525497437e-03
1.131354365497827530e-02
1.035834625363349915e-01
-3.064373135566711426e-02
-3.439390659332275391e-02
-2.648241072893142700e-02
-3.372908802703022957e-03
4.889468848705291748e-02
2.308254316449165344e-02
-5.398647114634513855e-02
-4.820263385772705078e-02
1.473354846239089966e-01
1.240543648600578308e-01
-6.067006662487983704e-02
3.280213847756385803e-02
4.123763367533683777e-02
-3.207473829388618469e-02
-7.290685176849365234e-02
-2.006293507292866707e-03
-2.968090027570724487e-02
-4.689023829996585846e-03
-2.741212211549282074e-02
1.922412961721420288e-02
-4.898191243410110474e-02
-3.904068144038319588e-03
6.241104751825332642e-02
-3.342177718877792358e-02
1.440019346773624420e-02
6.403192132711410522e-02
2.555889077484607697e-02
1.134518012404441833e-01
-1.054838951677083969e-02
-3.574774041771888733e-02
2.180390991270542145e-02
3.567011281847953796e-02
-9.675506502389907837e-03
6.860671099275350571e-03
-1.342626512050628662e-01
3.685815632343292236e-02
6.489104032516479492e-02
4.872902482748031616e-02
-2.296442538499832153e-02
-1.647036522626876831e-02
-2.467710338532924652e-02
2.919606119394302368e-02
-3.839704394340515137e-02
1.398129388689994812e-02
2.803924027830362320e-03
1.430308260023593903e-02
2.659980440512299538e-03
8.292165398597717285e-02
-3.790226206183433533e-02
3.684202954173088074e-02
-2.973850350826978683e-03
-5.884423851966857910e-02
5.911844968795776367e-02
8.867396414279937744e-02
3.543562442064285278e-02
-8.384405076503753662e-02
9.974646568298339844e-02
2.245463989675045013e-02
4.621989279985427856e-02
-1.871427334845066071e-02
5.284208804368972778e-02
9.682262688875198364e-02
2.186881192028522491e-02
-1.722770631313323975e-01
6.459607742726802826e-03
2.848756685853004456e-02
1.031578704714775085e-01
-5.498786270618438721e-02
5.926513671875000000e-02
1.236223964951932430e-03
-6.059366837143898010e-02
-4.136319085955619812e-02
6.350604444742202759e-02
-4.003777727484703064e-02
-6.182949990034103394e-02
-6.711173802614212036e-02
-3.766317665576934814e-02
-4.615174606442451477e-02
1.337947044521570206e-02
1.174089908599853516e-01
-1.101867388933897018e-02
9.733966737985610962e-02
-1.059815064072608948e-01
-2.466112561523914337e-02
-5.457593128085136414e-02
9.399325586855411530e-03
3.234361112117767334e-02
-7.119718194007873535e-02
