1.349520981311798096e-01
-5.019928328692913055e-03
2.864075079560279846e-02
-3.309298679232597351e-02
-3.576606512069702148e-02
-3.158805891871452332e-02
-8.304765075445175171e-02
-3.715917468070983887e-02
6.409598141908645630e-02
4.093721508979797363e-02
9.029523469507694244e-03
-2.783353626728057861e-02
1.652799430303275585e-03
-8.861642330884933472e-02
1.750832423567771912e-02
-4.609750956296920776e-02
3.154145181179046631e-02
5.726191028952598572e-02
-4.920165054500102997e-03
-1.614435389637947083e-02
-3.413242474198341370e-02
-5.170419346541166306e-03
2.149131521582603455e-02
-2.022827416658401489e-02
-3.922812268137931824e-02
-9.783636033535003662e-02
3.449972346425056458e-02
-5.963358655571937561e-02
-9.367125481367111206e-02
-8.990598469972610474e-02
6.643575429916381836e-02
-4.467507079243659973e-02
-3.764666989445686340e-02
-8.381553739309310913e-02
2.863751724362373352e-02
-2.276383899152278900e-02
3.917082399129867554e-02
-2.501801028847694397e-02
-5.310611054301261902e-02
-3.925462439656257629e-02
5.488372594118118286e-02
-3.295734524726867676e-02
4.056692495942115784e-02
7.459819316864013672e-02
3.992627933621406555e-02
2.442788891494274139e-02
-1.304231286048889160e-01
-2.521211747080087662e-03
-2.252673916518688202e-02
-4.642192646861076355e-02
-1.734518408775329590e-01
6.379121541976928711e-02
1.111064180731773376e-01
-8.718744665384292603e-02
-5.345647409558296204e-02
5.213924497365951538e-02
-2.817839756608009338e-02
-3.314003814011812210e-03
1.516889929771423340e-01
-2.647597901523113251e-02
6.095570325851440430e-02
4.206879809498786926e-02
-4.814075306057929993e-02
1.373257301747798920e-02
-7.124996185302734375e-02
-5.695511773228645325e-02
-6.311094015836715698e-02
-1.102833226323127747e-01
3.604389494284987450e-03
-5.618365108966827393e-02
-9.638906270265579224e-02
-9.685759246349334717e-02
1.497322022914886475e-01
-7.511142641305923462e-02
-1.333074867725372314e-01
5.924491956830024719e-02
-8.225812017917633057e-02
7.085029035806655884e-02
9.932118700817227364e-04
-1.780813485383987427e-01
4.855838045477867126e-02
5.649724975228309631e-02
9.138927794992923737e-03
5.755988508462905884e-02
-5.901040881872177124e-02
5.986261367797851562e-02
-3.155329823493957520e-02
6.188415363430976868e-02
2.603470720350742340e-02
-3.404579311609268188e-02
-1.847906559705734253e-01
-1.551590673625469208e-02
-6.231330707669258118e-02
-2.733339928090572357e-02
-5.521264299750328064e-02
-5.120335519313812256e-02
-4.007830470800399780e-02
1.263135392218828201e-02
8.244499564170837402e-02
-8.884214609861373901e-02
6.851458549499511719e-02
-1.224332395941019058e-02
1.969686336815357208e-02
-1.933362893760204315e-02
-1.427520532160997391e-02
-6.911815702915191650e-02
6.384133547544479370e-02
1.080466136336326599e-01
1.096285432577133179e-01
-9.987065196037292480e-02
-9.318796917796134949e-03
1.475079506635665894e-01
-2.440310083329677582e-02
9.012571722269058228e-02
1.511213649064302444e-02
-4.040723294019699097e-02
-2.327458560466766357e-02
5.138232931494712830e-02
6.258695572614669800e-02
-8.150187134742736816e-02
-5.881069600582122803e-02
1.081287711858749390e-01
9.425642783753573895e-04
5.062920972704887390e-02
-4.156982153654098511e-02
6.003683432936668396e-03
-6.378525495529174805e-02
-1.105007678270339966e-01
-1.061313301324844360e-01
1.059175357222557068e-01
-2.825477393344044685e-03
8.566993474960327148e-02
-9.502883255481719971e-02
4.269358515739440918e-02
4.371866583824157715e-02
3.548287600278854370e-02
-8.496972173452377319e-02
3.535456955432891846e-02
1.215834543108940125e-01
4.981955140829086304e-02
3.201677650213241577e-02
6.300939619541168213e-02
4.524464532732963562e-02
-1.487178355455398560e-01
-6.883979588747024536e-02
-5.868158489465713501e-02
7.407850772142410278e-02
3.224108368158340454e-03
-2.085646800696849823e-02
1.993176713585853577e-02
-7.561001926660537720e-02
-5.584882572293281555e-02
2.021390944719314575e-02
-4.230597615242004395e-02
-5.116165801882743835e-02
-4.232040420174598694e-02
1.014289408922195435e-01
2.620899491012096405e-02
-8.009732514619827271e-02
6.582989357411861420e-03
-9.368123486638069153e-03
1.100001931190490723e-01
-1.750892959535121918e-02
-4.812678322196006775e-02
-3.379754722118377686e-02
-6.818928290158510208e-03
3.958111256361007690e-02
4.558886215090751648e-02
-5.124721303582191467e-02
-4.847428947687149048e-02
1.523374915122985840e-01
1.372709274291992188e-01
-4.574526473879814148e-02
4.977119714021682739e-02
5.072263628244400024e-02
-2.522071823477745056e-02
-7.321952283382415771e-02
-1.877597533166408539e-02
-3.776614740490913391e-02
-7.640218245796859264e-04
-3.275627968832850456e-03
2.774613909423351288e-02
-4.360212385654449463e-02
-1.314540579915046692e-02
9.885041415691375732e-02
-1.881851814687252045e-02
1.636178418993949890e-02
8.436370640993118286e-02
3.798623010516166687e-02
1.084465160965919495e-01
-2.636815607547760010e-02
-3.332745656371116638e-02
1.573088392615318298e-02
2.556572109460830688e-02
-1.995665021240711212e-02
2.221816778182983398e-02
-1.243458315730094910e-01
4.589942842721939087e-02
5.436196923255920410e-02
6.264771521091461182e-02
-2.219976298511028290e-02
-1.239531394094228745e-02
-2.711307443678379059e-02
1.895463094115257263e-02
-3.519616276025772095e-02
1.030496228486299515e-02
-2.090887399390339851e-03
6.597192957997322083e-03
-5.334317684173583984e-03
8.705015480518341064e-02
-3.061722777783870697e-02
2.378648892045021057e-02
7.168862968683242798e-03
-5.201331898570060730e-02
4.424125328660011292e-02
6.008249521255493164e-02
7.767364731989800930e-04
-8.377483487129211426e-02
8.038254827260971069e-02
-1.652410835959017277e-03
2.772863022983074188e-02
-7.067811675369739532e-03
5.852411314845085144e-02
1.009924635291099548e-01
1.663741655647754669e-02
-1.262984573841094971e-01
3.219028189778327942e-02
2.301990799605846405e-02
7.193080335855484009e-02
-3.722126409411430359e-02
2.739173360168933868e-02
-1.415816973894834518e-02
-4.494546353816986084e-02
-4.759319126605987549e-02
6.917729973793029785e-02
-3.102768212556838989e-02
-6.445511430501937866e-02
-3.912470862269401550e-02
-1.557360868901014328e-02
-3.309070691466331482e-02
2.661680430173873901e-02
8.886967599391937256e-02
-6.248828023672103882e-03
8.375630527734756470e-02
-1.034987643361091614e-01
-1.977668143808841705e-02
-4.087897390127182007e-02
1.827993988990783691e-02
1.374718267470598221e-02
-5.077399685978889465e-02
