1.559187918901443481e-01
-7.563741877675056458e-03
3.869536146521568298e-02
-4.944662377238273621e-02
-4.208792373538017273e-02
-3.436039760708808899e-02
-9.502328932285308838e-02
-5.423786118626594543e-02
5.787124857306480408e-02
4.863756150007247925e-02
8.843896910548210144e-03
-5.068133771419525146e-02
-9.517653845250606537e-03
-8.715129643678665161e-02
7.768285460770130157e-03
-4.610285907983779907e-02
2.891765907406806946e-02
8.953981846570968628e-02
6.825566757470369339e-03
-1.917383261024951935e-02
-2.971919439733028412e-02
-9.497670456767082214e-03
1.989350281655788422e-02
-2.659442648291587830e-02
-4.618987068533897400e-02
-1.228466629981994629e-01
3.466540575027465820e-02
-6.459643691778182983e-02
-1.148111596703529358e-01
-1.088958159089088440e-01
7.105114310979843140e-02
-5.388724058866500854e-02
-6.572885811328887939e-02
-6.343492865562438965e-02
3.712552413344383240e-02
-9.141107089817523956e-03
1.459376513957977295e-02
-3.996321186423301697e-02
-4.555727541446685791e-02
-5.221500247716903687e-02
4.949088394641876221e-02
-8.601610548794269562e-03
3.563594445586204529e-02
7.106278091669082642e-02
5.076560005545616150e-02
2.376203052699565887e-02
-1.253103911876678467e-01
4.318799450993537903e-02
-2.498259395360946655e-02
-3.426630795001983643e-02
-1.676607280969619751e-01
6.383373588323593140e-02
1.128408610820770264e-01
-9.788938611745834351e-02
-3.932369500398635864e-02
4.397438466548919678e-02
-3.133929893374443054e-02
9.746222756803035736e-03
1.636497527360916138e-01
-1.765953190624713898e-02
6.427995115518569946e-02
3.982276841998100281e-02
-7.420960068702697754e-02
-7.775024045258760452e-03
-7.008236646652221680e-02
-5.855983495712280273e-02
-5.266321077942848206e-02
-9.698165208101272583e-02
-5.482205189764499664e-03
-4.772670939564704895e-02
-9.575152397155761719e-02
-8.576331287622451782e-02
1.297360658645629883e-01
-8.340795338153839111e-02
-1.314641535282135010e-01
5.288993939757347107e-02
-6.857088953256607056e-02
8.135034888982772827e-02
1.590202935039997101e-02
-1.838895231485366821e-01
4.180908948183059692e-02
6.017545238137245178e-02
2.332810498774051666e-02
6.609876453876495361e-02
-5.645127594470977783e-02
4.566777497529983521e-02
-3.770538046956062317e-02
6.285070627927780151e-02
3.103469312191009521e-02
-4.206320270895957947e-02
-1.503780186176300049e-01
-3.915048390626907349e-02
-5.597999319434165955e-02
-2.517077140510082245e-02
-5.466839671134948730e-02
-5.674368888139724731e-02
-2.686247415840625763e-02
2.903878502547740936e-02
6.706944853067398071e-02
-8.787649869918823242e-02
4.953978955745697021e-02
-5.481436848640441895e-03
8.823334239423274994e-03
-2.131919190287590027e-02
-6.840481422841548920e-03
-5.852765217423439026e-02
6.525725871324539185e-02
8.197584003210067749e-02
9.936796873807907104e-02
-9.583204984664916992e-02
2.492575207725167274e-03
1.381199955940246582e-01
-2.457349561154842377e-02
8.954118937253952026e-02
3.733802819624543190e-03
-1.894547790288925171e-02
-1.826287619769573212e-02
4.379167035222053528e-02
4.548351839184761047e-02
-5.241521075367927551e-02
-2.471402846276760101e-02
1.070011109113693237e-01
3.514604642987251282e-03
4.195826873183250427e-02
-5.705891549587249756e-02
4.384169355034828186e-03
-4.092546179890632629e-02
-8.428081870079040527e-02
-1.036029234528541565e-01
1.024764478206634521e-01
1.242396794259548187e-02
8.336027711629867554e-02
-9.625736624002456665e-02
3.870144113898277283e-02
4.306476190686225891e-02
8.798453025519847870e-03
-6.992771476507186890e-02
1.008738484233617783e-02
8.549686521291732788e-02
4.365859553217887878e-02
1.126387808471918106e-02
5.519812554121017456e-02
3.530317917466163635e-02
-1.261896789073944092e-01
-7.413287460803985596e-02
-4.908402636647224426e-02
8.741955459117889404e-02
7.565838284790515900e-03
-6.707637105137109756e-03
4.952338524162769318e-03
-6.685420125722885132e-02
-5.981351435184478760e-02
1.472534798085689545e-02
-1.259460020810365677e-02
-4.394600912928581238e-02
-2.610090747475624084e-02
1.056759357452392578e-01
9.981698356568813324e-03
-5.960773304104804993e-02
-2.079135039821267128e-03
4.089677240699529648e-03
9.540323168039321899e-02
-2.221972309052944183e-02
-2.735945023596286774e-02
-3.725577145814895630e-02
-1.457707677036523819e-02
4.074409604072570801e-02
4.659198224544525146e-02
-4.589689522981643677e-02
-6.663466244935989380e-02
1.603033691644668579e-01
1.237411648035049438e-01
-5.232788622379302979e-02
4.859371855854988098e-02
4.380588978528976440e-02
-1.762414164841175079e-02
-7.795709371566772461e-02
-3.577050054445862770e-03
-4.128156602382659912e-02
1.607424113899469376e-03
-1.768805831670761108e-02
1.077890489250421524e-02
-2.962332777678966522e-02
-5.232064053416252136e-03
6.634303182363510132e-02
-1.894978992640972137e-02
3.030377253890037537e-02
5.489077046513557434e-02
2.239358238875865936e-02
1.139645054936408997e-01
-2.008759602904319763e-02
-2.694721892476081848e-02
2.581060864031314850e-02
3.347288444638252258e-02
-8.783702738583087921e-03
7.081063929945230484e-03
-1.211908385157585144e-01
5.392948165535926819e-02
6.436347216367721558e-02
5.166815221309661865e-02
-2.128298208117485046e-02
-3.350638598203659058e-02
-1.441779080778360367e-02
2.501006983220577240e-02
-3.204588592052459717e-02
-4.955604672431945801e-03
5.887348204851150513e-03
3.096415102481842041e-02
5.144365597516298294e-03
8.956472575664520264e-02
-3.219395130872726440e-02
3.812026977539062500e-02
3.460258245468139648e-03
-6.477570533752441406e-02
6.057266518473625183e-02
7.402940094470977783e-02
3.765107318758964539e-02
-8.182246237993240356e-02
7.226893305778503418e-02
9.217097423970699310e-03
4.057753831148147583e-02
-1.577380299568176270e-02
4.487426578998565674e-02
7.940990477800369263e-02
2.220017835497856140e-02
-1.535968929529190063e-01
2.088163793087005615e-02
2.187930792570114136e-02
9.595407545566558838e-02
-6.185482069849967957e-02
4.523085802793502808e-02
-1.578007265925407410e-02
-7.374902069568634033e-02
-4.064219444990158081e-02
7.081922888755798340e-02
-4.302660748362541199e-02
-7.647462189197540283e-02
-6.400502473115921021e-02
-4.660746455192565918e-02
-5.233876779675483704e-02
2.381606400012969971e-02
1.215664371848106384e-01
-1.860801689326763153e-02
1.111129149794578552e-01
-1.379138976335525513e-01
-3.153153881430625916e-02
-7.221331447362899780e-02
-1.632556319236755371e-03
3.393677249550819397e-02
-8.096860349178314209e-02
