1.589149683713912964e-01
-1.350644975900650024e-02
4.179956391453742981e-02
-5.018023028969764709e-02
-4.846249893307685852e-02
-2.616054378449916840e-02
-1.015126183629035950e-01
-5.474596098065376282e-02
6.378819793462753296e-02
5.828968062996864319e-02
1.385490316897630692e-02
-5.037327855825424194e-02
-1.158797647804021835e-02
-9.224625676870346069e-02
8.564923889935016632e-03
-5.050765722990036011e-02
2.289478108286857605e-02
8.936855196952819824e-02
1.026538386940956116e-02
-2.196859195828437805e-02
-3.107338398694992065e-02
-4.928587935864925385e-03
1.784957945346832275e-02
-2.126606740057468414e-02
-3.952695429325103760e-02
-1.231836453080177307e-01
2.802675962448120117e-02
-6.693506985902786255e-02
-1.188783645629882812e-01
-1.121344119310379028e-01
7.388293743133544922e-02
-5.449339747428894043e-02
-6.654942780733108521e-02
-6.642557680606842041e-02
3.768513724207878113e-02
-1.226302608847618103e-02
8.512150496244430542e-03
-4.418119788169860840e-02
-4.498701542615890503e-02
-4.697801172733306885e-02
4.938824847340583801e-02
-7.270101457834243774e-03
3.958338871598243713e-02
7.115879654884338379e-02
4.355638101696968079e-02
2.428302913904190063e-02
-1.190277859568595886e-01
4.101408272981643677e-02
-2.716540172696113586e-02
-2.724688127636909485e-02
-1.689993441104888916e-01
6.409729272127151489e-02
1.160198450088500977e-01
-9.925661981105804443e-02
-3.830921649932861328e-02
4.502021893858909607e-02
-2.458105422556400299e-02
2.552443742752075195e-02
1.656628847122192383e-01
-1.397550012916326523e-02
6.421809643507003784e-02
3.455546870827674866e-02
-7.286404073238372803e-02
-9.372001513838768005e-03
-7.045665383338928223e-02
-5.674734339118003845e-02
-5.793077871203422546e-02
-9.472235292196273804e-02
-5.156729370355606079e-03
-5.139636620879173279e-02
-1.028454750776290894e-01
-8.403127640485763550e-02
1.329666674137115479e-01
-8.942340314388275146e-02
-1.268871724605560303e-01
5.272689089179039001e-02
-6.388057768344879150e-02
8.406151831150054932e-02
1.781106181442737579e-02
-1.907876282930374146e-01
4.845133051276206970e-02
6.172539293766021729e-02
1.986736245453357697e-02
7.056705653667449951e-02
-5.577778816223144531e-02
4.637205973267555237e-02
-4.439134150743484497e-02
6.799330562353134155e-02
2.549699321389198303e-02
-3.965341672301292419e-02
-1.396209001541137695e-01
-4.937707632780075073e-02
-5.735809728503227234e-02
-2.240157872438430786e-02
-5.004378780722618103e-02
-6.483030319213867188e-02
-2.698703482747077942e-02
2.976239286363124847e-02
5.481949448585510254e-02
-8.947477489709854126e-02
4.680009186267852783e-02
-9.941062889993190765e-03
8.638943545520305634e-03
-2.150394767522811890e-02
-1.116689015179872513e-02
-5.609519779682159424e-02
6.852237135171890259e-02
7.777339965105056763e-02
9.543877094984054565e-02
-9.664853662252426147e-02
8.248777128756046295e-03
1.301939785480499268e-01
-2.779779210686683655e-02
8.902588486671447754e-02
-4.133549984544515610e-03
-1.716961897909641266e-02
-1.707240752875804901e-02
4.608623683452606201e-02
4.357132315635681152e-02
-4.338347911834716797e-02
-1.641739346086978912e-02
9.958215802907943726e-02
2.667897380888462067e-03
4.196663945913314819e-02
-5.424594879150390625e-02
9.392290376126766205e-03
-2.980176918208599091e-02
-8.637667447328567505e-02
-1.011351794004440308e-01
9.159496426582336426e-02
1.705442182719707489e-02
8.097025752067565918e-02
-8.990440517663955688e-02
3.601367399096488953e-02
3.928194195032119751e-02
3.711600322276353836e-03
-6.959767639636993408e-02
8.199119940400123596e-03
7.865823060274124146e-02
3.525897487998008728e-02
1.487432327121496201e-02
5.947953090071678162e-02
3.170122578740119934e-02
-1.218911334872245789e-01
-7.950033247470855713e-02
-5.093105882406234741e-02
9.029674530029296875e-02
7.351481821388006210e-03
-1.622963510453701019e-02
1.859050593338906765e-03
-5.964716896414756775e-02
-6.013990193605422974e-02
5.834843963384628296e-03
-9.450543671846389771e-03
-4.192885383963584900e-02
-2.268807217478752136e-02
1.088166311383247375e-01
1.392382476478815079e-02
-5.636503174901008606e-02
-3.670545527711510658e-03
1.289686001837253571e-02
8.241154998540878296e-02
-2.081969007849693298e-02
-2.863883413374423981e-02
-3.931443020701408386e-02
-1.779212616384029388e-02
3.815032169222831726e-02
4.374463111162185669e-02
-4.546906426548957825e-02
-6.098122894763946533e-02
1.613313108682632446e-01
1.157741993665695190e-01
-5.563626438379287720e-02
3.560820966958999634e-02
3.830536454916000366e-02
-1.686634495854377747e-02
-7.642277330160140991e-02
-3.532233648002147675e-03
-4.150034114718437195e-02
-4.857586696743965149e-03
-2.282756380736827850e-02
1.204149890691041946e-02
-3.246168419718742371e-02
-5.801467224955558777e-03
5.717525258660316467e-02
-2.364083565771579742e-02
2.998194471001625061e-02
5.409146845340728760e-02
1.960035227239131927e-02
1.104166656732559204e-01
-2.119237743318080902e-02
-2.341416850686073303e-02
2.930653095245361328e-02
3.100574761629104614e-02
-2.188272308558225632e-03
4.809293895959854126e-03
-1.128073856234550476e-01
4.312128201127052307e-02
6.529825180768966675e-02
4.350043460726737976e-02
-2.485608495771884918e-02
-3.616268932819366455e-02
-2.190107665956020355e-02
2.559204958379268646e-02
-3.947779908776283264e-02
-1.092510484158992767e-02
9.289177134633064270e-03
3.593609854578971863e-02
8.747000247240066528e-03
8.370372653007507324e-02
-4.141280055046081543e-02
4.557383060455322266e-02
5.073920823633670807e-03
-7.005589455366134644e-02
6.255611777305603027e-02
7.917960733175277710e-02
4.349625855684280396e-02
-7.038567960262298584e-02
7.237883657217025757e-02
1.782058738172054291e-02
4.092391207814216614e-02
-1.455850992351770401e-02
4.091300070285797119e-02
7.688091695308685303e-02
1.874081417918205261e-02
-1.608117520809173584e-01
2.069210633635520935e-02
2.787700109183788300e-02
1.077903732657432556e-01
-6.650618463754653931e-02
5.120834335684776306e-02
-1.005433592945337296e-02
-6.982794404029846191e-02
-3.868279978632926941e-02
6.971996277570724487e-02
-4.903643950819969177e-02
-7.737812399864196777e-02
-6.463059782981872559e-02
-4.871958121657371521e-02
-5.915466323494911194e-02
2.018910273909568787e-02
1.267892718315124512e-01
-2.188182063400745392e-02
1.234639137983322144e-01
-1.392780542373657227e-01
-2.342851087450981140e-02
-7.551143318414688110e-02
-6.460877135396003723e-03
3.831808641552925110e-02
-8.578394353389739990e-02
