1.918699145317077637e-01
-2.382663777098059654e-03
4.903137683868408203e-02
-4.459920898079872131e-02
-5.653700605034828186e-02
-4.923073574900627136e-02
-1.168589442968368530e-01
-5.414926633238792419e-02
7.191758602857589722e-02
5.165687948465347290e-02
7.052890141494572163e-04
-4.382552206516265869e-02
3.421350615099072456e-03
-1.108109429478645325e-01
2.406879328191280365e-02
-6.794235110282897949e-02
3.168258816003799438e-02
8.935602754354476929e-02
8.835555054247379303e-03
-1.966042816638946533e-02
-3.019283525645732880e-02
-3.689581062644720078e-03
3.070043958723545074e-02
-2.139252051711082458e-02
-4.923146963119506836e-02
-1.206704974174499512e-01
3.830455988645553589e-02
-7.856624573469161987e-02
-1.332396268844604492e-01
-1.036229208111763000e-01
6.459124386310577393e-02
-4.438486695289611816e-02
-3.234971687197685242e-02
-8.571005612611770630e-02
1.831753365695476532e-02
-1.631481200456619263e-02
3.718841075897216797e-02
-3.876508027315139771e-02
-6.000358983874320984e-02
-5.444084480404853821e-02
6.763858348131179810e-02
-1.070825103670358658e-02
4.181713238358497620e-02
8.067117631435394287e-02
3.922943770885467529e-02
2.824149467051029205e-02
-1.184783130884170532e-01
1.878477446734905243e-02
-2.929390408098697662e-02
-4.159270226955413818e-02
-1.831963807344436646e-01
6.562667340040206909e-02
1.218774989247322083e-01
-8.648516982793807983e-02
-4.910853877663612366e-02
5.544227734208106995e-02
-3.013754822313785553e-02
-7.598936208523809910e-04
1.644283384084701538e-01
-1.420378498733043671e-02
6.487455219030380249e-02
2.827391587197780609e-02
-7.681888341903686523e-02
5.335957277566194534e-03
-6.875749677419662476e-02
-6.724155694246292114e-02
-5.638857185840606689e-02
-9.806470572948455811e-02
1.148436218500137329e-02
-5.322111397981643677e-02
-8.788380771875381470e-02
-1.054814159870147705e-01
1.393306255340576172e-01
-8.727431297302246094e-02
-1.214045658707618713e-01
5.411837249994277954e-02
-6.657790392637252808e-02
7.033815234899520874e-02
9.324916638433933258e-03
-1.865676045417785645e-01
5.104054138064384460e-02
5.831902846693992615e-02
7.749533746391534805e-03
6.565796583890914917e-02
-5.705133453011512756e-02
5.430800095200538635e-02
-3.779475018382072449e-02
5.878702551126480103e-02
3.126434236764907837e-02
-3.250507637858390808e-02
-1.513203084468841553e-01
-3.679839149117469788e-02
-6.436550617218017578e-02
-1.258691959083080292e-02
-5.195678398013114929e-02
-5.396225675940513611e-02
-2.886463142931461334e-02
3.319581598043441772e-02
8.323170989751815796e-02
-1.027499362826347351e-01
6.334272772073745728e-02
-1.804351434111595154e-02
1.901585981249809265e-02
-9.461064822971820831e-03
-6.075967568904161453e-03
-4.750974103808403015e-02
7.006090134382247925e-02
9.401904791593551636e-02
1.036493927240371704e-01
-9.968465566635131836e-02
-9.517501457594335079e-04
1.354271918535232544e-01
-1.586525142192840576e-02
9.201465547084808350e-02
1.703625312075018883e-03
-2.284184284508228302e-02
-1.425685826689004898e-02
5.914279073476791382e-02
5.734166502952575684e-02
-5.538177490234375000e-02
-5.242738872766494751e-02
9.667087346315383911e-02
6.033087614923715591e-03
5.474088340997695923e-02
-4.132694751024246216e-02
5.732313264161348343e-03
-4.330633580684661865e-02
-8.507063239812850952e-02
-1.038500592112541199e-01
9.574853628873825073e-02
8.615939877927303314e-03
7.970773428678512573e-02
-9.070082008838653564e-02
4.205240681767463684e-02
3.355829790234565735e-02
2.101716957986354828e-02
-8.307708054780960083e-02
3.822642937302589417e-02
1.053108572959899902e-01
4.064217582345008850e-02
4.110056906938552856e-02
4.716729745268821716e-02
5.629278346896171570e-02
-1.377830356359481812e-01
-7.339034229516983032e-02
-5.918684601783752441e-02
9.056138247251510620e-02
1.078438945114612579e-02
-2.103418298065662384e-02
2.459789067506790161e-02
-6.160504370927810669e-02
-5.526231974363327026e-02
2.195273153483867645e-02
-2.464327402412891388e-02
-4.771096631884574890e-02
-3.898227214813232422e-02
1.048958227038383484e-01
2.310582995414733887e-02
-6.467019021511077881e-02
9.170106204692274332e-05
-3.359569935128092766e-03
7.814759761095046997e-02
-1.177503913640975952e-02
-3.365138545632362366e-02
-2.106908895075321198e-02
-1.016690768301486969e-02
3.180373832583427429e-02
4.284485429525375366e-02
-3.862022235989570618e-02
-3.146644681692123413e-02
1.328695118427276611e-01
1.033649444580078125e-01
-4.281786829233169556e-02
3.534737229347229004e-02
4.415750876069068909e-02
-1.497401483356952667e-02
-6.725770235061645508e-02
-1.897412911057472229e-02
-4.183473065495491028e-02
-5.456622224301099777e-03
-1.465183496475219727e-02
2.697963826358318329e-02
-2.199172414839267731e-02
-2.464054711163043976e-02
7.810001075267791748e-02
-2.472261339426040649e-02
3.308888524770736694e-02
6.742937862873077393e-02
2.393220365047454834e-02
9.448622912168502808e-02
-2.950283326208591461e-02
-2.231959998607635498e-02
8.885500021278858185e-03
1.805753819644451141e-02
-8.809476159512996674e-03
8.029189892113208771e-03
-1.096517592668533325e-01
3.844439238309860229e-02
6.295436620712280273e-02
4.638540744781494141e-02
-1.242422498762607574e-02
-1.538727898150682449e-02
-1.527890749275684357e-02
2.228127978742122650e-02
-4.158061742782592773e-02
1.745310612022876740e-03
-3.316500224173069000e-03
2.512814849615097046e-02
1.473843492567539215e-02
7.433113455772399902e-02
-2.314613386988639832e-02
3.497160598635673523e-02
5.375040229409933090e-03
-5.681734159588813782e-02
3.972878679633140564e-02
6.937266141176223755e-02
2.630027011036872864e-02
-6.925763934850692749e-02
7.055726647377014160e-02
4.968661814928054810e-03
2.468273974955081940e-02
7.552938186563551426e-04
5.174553021788597107e-02
8.831762522459030151e-02
1.331683248281478882e-02
-1.223422139883041382e-01
2.339833043515682220e-02
1.538659073412418365e-02
7.795520871877670288e-02
-5.249873176217079163e-02
4.615743085741996765e-02
-8.524404838681221008e-03
-5.260679125785827637e-02
-5.268184095621109009e-02
5.887728556990623474e-02
-4.615951329469680786e-02
-6.923457980155944824e-02
-4.451217502355575562e-02
-2.542786486446857452e-02
-5.103541538119316101e-02
3.390919044613838196e-02
1.037539914250373840e-01
-1.645267754793167114e-02
1.138544231653213501e-01
-1.151111871004104614e-01
-1.717876270413398743e-02
-5.611781775951385498e-02
1.881601847708225250e-02
2.301980741322040558e-02
-7.014890015125274658e-02
