1.601683795452117920e-01
2.429691143333911896e-02
2.214928343892097473e-02
-1.789880730211734772e-02
-1.967315934598445892e-02
-4.055288061499595642e-02
-7.243131101131439209e-02
-4.649076238274574280e-02
3.731577470898628235e-02
-5.951350089162588120e-03
-3.090961463749408722e-02
-4.371571540832519531e-02
4.800897091627120972e-03
-8.793622255325317383e-02
4.357513971626758575e-03
-6.151223182678222656e-02
2.850626595318317413e-02
6.577180325984954834e-02
-3.175987862050533295e-03
2.289516478776931763e-02
-4.076660424470901489e-02
-3.033191896975040436e-02
2.758440002799034119e-02
-1.580368541181087494e-02
-6.517158448696136475e-02
-9.752123057842254639e-02
7.258655130863189697e-02
-7.522401958703994751e-02
-1.138112694025039673e-01
-1.056357100605964661e-01
3.640171885490417480e-02
-5.330767109990119934e-02
1.311409519985318184e-03
-5.068995431065559387e-02
2.913059666752815247e-03
-8.298586122691631317e-03
5.886150151491165161e-02
-2.951842918992042542e-02
-7.067124545574188232e-02
-7.015053927898406982e-02
6.366978585720062256e-02
2.641953527927398682e-02
4.254165291786193848e-02
6.370800733566284180e-02
5.228564143180847168e-02
2.122331410646438599e-02
-1.233337447047233582e-01
4.183836653828620911e-02
-3.437335044145584106e-02
-5.670401826500892639e-02
-1.687891334295272827e-01
6.226904317736625671e-02
1.118788868188858032e-01
-8.138196170330047607e-02
-2.427524700760841370e-02
4.479712247848510742e-02
-5.206750333309173584e-02
-6.342251598834991455e-02
1.195298060774803162e-01
4.345491179265081882e-04
6.742303073406219482e-02
3.225220739841461182e-02
-9.695851802825927734e-02
3.155842795968055725e-02
-7.766062766313552856e-02
-5.280649289488792419e-02
-2.279089018702507019e-02
-1.104489937424659729e-01
2.752364054322242737e-02
-3.167664632201194763e-02
-5.928999558091163635e-02
-1.167406588792800903e-01
1.252983063459396362e-01
-5.391202121973037720e-02
-1.576110422611236572e-01
2.096111699938774109e-02
-4.645292460918426514e-02
8.207899332046508789e-02
-6.688714027404785156e-03
-1.774405986070632935e-01
1.913788728415966034e-02
4.014603793621063232e-02
3.267653658986091614e-02
6.213705614209175110e-02
-3.195742145180702209e-02
5.448623001575469971e-02
-8.770009153522551060e-04
1.990852691233158112e-02
6.356395781040191650e-02
-4.276680201292037964e-02
-1.889031380414962769e-01
5.838865414261817932e-03
-5.756748467683792114e-02
-2.412760257720947266e-02
-6.148096546530723572e-02
-2.384416013956069946e-02
-1.768358983099460602e-02
4.884582012891769409e-02
1.298395842313766479e-01
-7.633908838033676147e-02
7.411292940378189087e-02
-2.094288170337677002e-02
5.234354361891746521e-02
-5.325860343873500824e-03
-3.252134425565600395e-03
-4.486428201198577881e-02
4.260259866714477539e-02
9.721807390451431274e-02
1.197044923901557922e-01
-8.002115041017532349e-02
-2.898751385509967804e-02
1.619690060615539551e-01
7.654352113604545593e-03
9.750641882419586182e-02
1.530722063034772873e-02
-1.017436757683753967e-02
-1.695262268185615540e-02
5.111777782440185547e-02
6.430266052484512329e-02
-8.607856929302215576e-02
-9.677189588546752930e-02
1.159039288759231567e-01
-1.401455374434590340e-03
3.856801241636276245e-02
-2.617365680634975433e-02
-9.119584225118160248e-03
-8.622528612613677979e-02
-4.389477521181106567e-02
-8.645559847354888916e-02
1.372243314981460571e-01
4.950575996190309525e-03
6.532386690378189087e-02
-9.599751979112625122e-02
3.619666397571563721e-02
3.717489540576934814e-02
1.422774419188499451e-02
-6.223211064934730530e-02
3.660292923450469971e-02
1.231611669063568115e-01
5.957622081041336060e-02
4.769476596266031265e-03
2.819565497338771820e-02
5.961065739393234253e-02
-1.610807329416275024e-01
-8.889444917440414429e-02
-6.364095956087112427e-02
7.249935716390609741e-02
5.759862251579761505e-03
9.189537726342678070e-03
5.526940152049064636e-02
-9.406808018684387207e-02
-4.859929531812667847e-02
3.341433033347129822e-02
-3.060832247138023376e-02
-3.714745491743087769e-02
-4.875234514474868774e-02
8.081473410129547119e-02
-2.931945491582155228e-03
-7.459171116352081299e-02
1.610816270112991333e-02
-4.285743925720453262e-03
1.460941880941390991e-01
-3.067718073725700378e-02
-1.795425638556480408e-02
5.168463569134473801e-03
1.674864068627357483e-02
5.594776198267936707e-02
5.797319486737251282e-02
-5.413736775517463684e-02
-6.322925537824630737e-02
1.188672408461570740e-01
1.444618552923202515e-01
-3.345901891589164734e-02
7.846455276012420654e-02
6.627758592367172241e-02
-3.498463705182075500e-02
-7.131513953208923340e-02
-1.008088607341051102e-02
-6.614605337381362915e-02
1.520010642707347870e-02
-1.300591137260198593e-02
2.935440093278884888e-02
-1.101489178836345673e-02
-1.532536745071411133e-02
9.884428232908248901e-02
-1.741873286664485931e-02
4.906472936272621155e-02
5.765356868505477905e-02
3.062333539128303528e-02
1.049112901091575623e-01
-3.220248222351074219e-02
-2.167036384344100952e-02
1.736112497746944427e-02
6.885431706905364990e-03
-1.770088262856006622e-02
1.158381160348653793e-02
-1.258043497800827026e-01
7.888792455196380615e-02
5.483156815171241760e-02
9.260237962007522583e-02
6.520571187138557434e-04
-2.426641993224620819e-02
1.300259400159120560e-02
5.047352239489555359e-02
-3.254023566842079163e-02
1.664348319172859192e-02
-2.484633401036262512e-02
1.886793598532676697e-02
-1.042629778385162354e-02
1.091881766915321350e-01
9.347873739898204803e-03
8.420342928729951382e-04
1.114326994866132736e-02
-4.151285812258720398e-02
3.656068816781044006e-02
7.152406871318817139e-02
1.800472103059291840e-02
-1.085178479552268982e-01
6.121195852756500244e-02
-3.996978700160980225e-02
3.868869272992014885e-03
-3.842064877972006798e-03
7.219553738832473755e-02
8.369760960340499878e-02
4.678231477737426758e-02
-9.711959213018417358e-02
3.105641156435012817e-02
1.736586727201938629e-02
3.410624712705612183e-02
-2.476730197668075562e-02
-1.015378627926111221e-03
-2.741624973714351654e-02
-6.660226732492446899e-02
-5.191282182931900024e-02
6.390299648046493530e-02
-2.349724620580673218e-02
-6.864948570728302002e-02
-2.055410854518413544e-02
-3.635969944298267365e-03
-9.272499009966850281e-03
3.050238639116287231e-02
3.030628710985183716e-02
-2.799149369820952415e-03
2.617974765598773956e-03
-7.345502823591232300e-02
-1.319779176265001297e-02
-5.356322042644023895e-03
9.148625656962394714e-03
2.048131637275218964e-02
-2.209808677434921265e-02
