1.282238662242889404e-01
1.899699307978153229e-02
2.388166077435016632e-02
-8.383336476981639862e-03
-1.392768789082765579e-02
-3.100004605948925018e-02
-5.451406165957450867e-02
-2.789630182087421417e-02
2.658482082188129425e-02
-7.062450051307678223e-03
-2.452147006988525391e-02
-3.396385908126831055e-02
7.652253378182649612e-03
-7.971490174531936646e-02
1.001725788228213787e-03
-5.456691235303878784e-02
2.540916018187999725e-02
5.040959641337394714e-02
-4.774524830281734467e-03
2.521576732397079468e-02
-3.751999139785766602e-02
-2.149994485080242157e-02
1.844315603375434875e-02
-8.599499240517616272e-03
-5.165499076247215271e-02
-9.907472133636474609e-02
6.064992398023605347e-02
-7.524910569190979004e-02
-1.102530732750892639e-01
-1.059421449899673462e-01
3.375275433063507080e-02
-4.917214810848236084e-02
1.542183198034763336e-02
-5.485990643501281738e-02
-4.621125699486583471e-04
-1.103455945849418640e-02
6.507526338100433350e-02
-2.755929715931415558e-02
-7.432985305786132812e-02
-6.534246355295181274e-02
6.910114735364913940e-02
3.106661699712276459e-02
4.441950470209121704e-02
6.405900418758392334e-02
4.069295898079872131e-02
2.091923356056213379e-02
-1.259125024080276489e-01
3.406686335802078247e-02
-4.975356161594390869e-02
-6.259810179471969604e-02
-1.754003018140792847e-01
6.392366439104080200e-02
1.118589863181114197e-01
-7.534686475992202759e-02
-2.832847274839878082e-02
5.657290294766426086e-02
-4.814610257744789124e-02
-5.577717721462249756e-02
1.174089759588241577e-01
-9.167962707579135895e-03
7.815555483102798462e-02
1.533021498471498489e-02
-9.276373684406280518e-02
4.006668925285339355e-02
-8.445554971694946289e-02
-5.049782618880271912e-02
-2.876640483736991882e-02
-1.050940081477165222e-01
2.833145670592784882e-02
-3.552417829632759094e-02
-6.259232759475708008e-02
-1.191388517618179321e-01
1.326550245285034180e-01
-6.646310538053512573e-02
-1.666993200778961182e-01
1.831793971359729767e-02
-4.888346046209335327e-02
9.005518257617950439e-02
-7.254617754369974136e-03
-1.939824372529983521e-01
2.398105338215827942e-02
4.053599759936332703e-02
2.362277545034885406e-02
6.239597871899604797e-02
-3.805086389183998108e-02
5.580820515751838684e-02
-1.458958443254232407e-02
3.485405072569847107e-02
6.803001463413238525e-02
-3.605179116129875183e-02
-1.977268457412719727e-01
-9.685732424259185791e-03
-5.944702401757240295e-02
-2.716673724353313446e-02
-6.194630637764930725e-02
-2.838946878910064697e-02
-1.745159178972244263e-02
4.319665580987930298e-02
1.202423796057701111e-01
-6.354004889726638794e-02
7.543051987886428833e-02
-2.499393001198768616e-02
5.291881784796714783e-02
4.459697753190994263e-03
-1.161033101379871368e-02
-4.718647524714469910e-02
4.212541133165359497e-02
8.798151463270187378e-02
1.206846609711647034e-01
-7.633869349956512451e-02
-2.062409184873104095e-02
1.588828712701797485e-01
6.510802078992128372e-03
9.186423569917678833e-02
8.399834856390953064e-03
-2.061852812767028809e-02
-1.244147960096597672e-02
4.599510505795478821e-02
6.008536741137504578e-02
-7.483894377946853638e-02
-9.457478672266006470e-02
1.058239713311195374e-01
-9.528899565339088440e-03
3.333308920264244080e-02
-1.758595928549766541e-02
-1.173231378197669983e-02
-7.609962671995162964e-02
-4.773528128862380981e-02
-6.984270364046096802e-02
1.272033452987670898e-01
6.520552560687065125e-03
5.346406623721122742e-02
-9.056428074836730957e-02
3.285582736134529114e-02
3.103759326040744781e-02
1.489417441189289093e-02
-6.251535564661026001e-02
3.315641358494758606e-02
1.243048757314682007e-01
4.880779236555099487e-02
8.128713816404342651e-03
2.222600579261779785e-02
6.838861107826232910e-02
-1.581404507160186768e-01
-9.145791083574295044e-02
-6.750032305717468262e-02
6.823385506868362427e-02
-5.673978012055158615e-03
-5.517287645488977432e-03
5.455401539802551270e-02
-8.710056543350219727e-02
-4.730891063809394836e-02
2.686729468405246735e-02
-3.191876038908958435e-02
-4.105323553085327148e-02
-4.579514265060424805e-02
7.416150718927383423e-02
3.910107072442770004e-03
-7.308397442102432251e-02
2.209331654012203217e-02
3.550267079845070839e-03
1.447466909885406494e-01
-2.950083836913108826e-02
-2.483721822500228882e-02
1.665342785418033600e-02
1.862618885934352875e-02
5.016770958900451660e-02
5.735943466424942017e-02
-6.021078303456306458e-02
-5.160753056406974792e-02
1.157077774405479431e-01
1.294556856155395508e-01
-3.447207808494567871e-02
7.062344998121261597e-02
6.321443617343902588e-02
-4.127515107393264771e-02
-6.408714503049850464e-02
-7.477519568055868149e-03
-6.923709064722061157e-02
1.005448400974273682e-02
-1.145537570118904114e-02
3.059209324419498444e-02
-8.648754097521305084e-03
-1.670172810554504395e-02
9.400977194309234619e-02
-3.881058096885681152e-02
5.068638920783996582e-02
5.434383079409599304e-02
3.248980641365051270e-02
9.870032966136932373e-02
-4.004906490445137024e-02
-2.648382261395454407e-02
2.999033406376838684e-02
2.348029229324311018e-04
-2.273446507751941681e-02
1.412108819931745529e-02
-1.293221712112426758e-01
7.074230909347534180e-02
5.340508371591567993e-02
8.989389985799789429e-02
2.168293576687574387e-04
-2.223352901637554169e-02
1.958004944026470184e-02
5.582421272993087769e-02
-3.890282660722732544e-02
2.659612521529197693e-02
-2.783153764903545380e-02
1.786136440932750702e-02
-1.201565843075513840e-02
9.836253523826599121e-02
5.151368677616119385e-03
-4.190460778772830963e-03
1.304477825760841370e-02
-5.112809687852859497e-02
3.154039010405540466e-02
9.240371733903884888e-02
1.927771046757698059e-02
-1.081631332635879517e-01
7.234880328178405762e-02
-2.047357708215713501e-02
-2.551371930167078972e-03
-8.272094652056694031e-03
7.885643094778060913e-02
8.480006456375122070e-02
5.739838257431983948e-02
-1.409069150686264038e-01
3.156276419758796692e-02
2.519192732870578766e-02
6.035443395376205444e-02
-3.833382949233055115e-02
9.518289938569068909e-03
-1.905730925500392914e-02
-8.781827986240386963e-02
-5.205774307250976562e-02
8.189809322357177734e-02
-3.468770161271095276e-02
-8.452644199132919312e-02
-3.573042899370193481e-02
-5.533625371754169464e-03
-1.867313310503959656e-02
3.361928462982177734e-02
3.572060912847518921e-02
-9.349046275019645691e-03
2.239943854510784149e-02
-8.501731604337692261e-02
-1.452714297920465469e-02
-1.540408656001091003e-02
1.857305876910686493e-02
2.884055115282535553e-02
-4.376350343227386475e-02
