1.373997628688812256e-01
2.976881898939609528e-02
7.638287730515003204e-03
-1.795256137847900391e-02
-2.029843069612979889e-02
-1.869417354464530945e-02
-6.671829521656036377e-02
-5.883888155221939087e-02
5.402925610542297363e-02
-1.694851438514888287e-03
-2.622375451028347015e-02
-3.124999627470970154e-02
-1.017644349485635757e-02
-9.477294236421585083e-02
-3.002838930115103722e-03
-6.026660278439521790e-02
3.784636780619621277e-02
6.890431791543960571e-02
6.810375023633241653e-03
1.121168397367000580e-02
-6.701705604791641235e-02
-5.631787329912185669e-02
1.873149536550045013e-02
-1.701951026916503906e-02
-9.585969150066375732e-02
-9.311432391405105591e-02
9.937890619039535522e-02
-7.249360531568527222e-02
-9.408118575811386108e-02
-1.334296762943267822e-01
5.576273426413536072e-02
-8.477789163589477539e-02
-4.945594817399978638e-03
-2.775925397872924805e-02
2.130819018930196762e-03
-6.052474956959486008e-03
4.938258603215217590e-02
-2.223452925682067871e-02
-4.202212393283843994e-02
-6.045547500252723694e-02
4.423841834068298340e-02
3.091274388134479523e-02
2.893279679119586945e-02
7.378035038709640503e-02
7.586809992790222168e-02
1.364474929869174957e-02
-1.363133341073989868e-01
3.604697436094284058e-02
-6.444023456424474716e-03
-5.719042569398880005e-02
-1.304827332496643066e-01
6.482856720685958862e-02
1.232377663254737854e-01
-8.629673719406127930e-02
-2.006702311336994171e-02
2.428058348596096039e-02
-5.983629077672958374e-02
-7.362424582242965698e-02
7.408156245946884155e-02
-1.938438042998313904e-02
5.767058208584785461e-02
6.326418370008468628e-02
-7.969081401824951172e-02
2.527025155723094940e-02
-6.889182329177856445e-02
-3.800713643431663513e-02
-1.873978413641452789e-02
-9.583725780248641968e-02
1.313836127519607544e-02
-2.408364228904247284e-02
-5.598231405019760132e-02
-1.105830371379852295e-01
1.037598922848701477e-01
-4.156851023435592651e-02
-1.656719595193862915e-01
1.143128611147403717e-02
-6.138631328940391541e-02
5.820631608366966248e-02
-1.103043835610151291e-02
-1.498759537935256958e-01
-7.834173738956451416e-03
2.583850733935832977e-02
6.133607029914855957e-02
5.438647419214248657e-02
-2.983556874096393585e-02
5.828220769762992859e-02
1.381990034133195877e-02
-2.766209654510021210e-02
7.010423392057418823e-02
-4.594156891107559204e-02
-1.902139782905578613e-01
4.545625671744346619e-02
-5.239188671112060547e-02
-4.992363229393959045e-02
-7.869069278240203857e-02
-1.355226524174213409e-02
-1.485746726393699646e-02
2.899541705846786499e-02
9.548663347959518433e-02
-3.385272994637489319e-02
4.532340914011001587e-02
4.537140950560569763e-03
4.190069437026977539e-02
-1.453996449708938599e-02
1.354170963168144226e-02
-4.776612669229507446e-02
2.266185730695724487e-02
9.507664293050765991e-02
9.166382253170013428e-02
-7.365611195564270020e-02
-2.948048897087574005e-02
1.432076990604400635e-01
-5.226096138358116150e-03
8.223745226860046387e-02
2.519375085830688477e-02
1.165224518626928329e-02
-2.454590797424316406e-02
3.326035290956497192e-02
5.869207903742790222e-02
-9.350752830505371094e-02
-8.295653760433197021e-02
1.135722845792770386e-01
7.279688026756048203e-03
4.173668101429939270e-02
-3.311518579721450806e-02
9.031216031871736050e-04
-9.224841743707656860e-02
-4.320264607667922974e-02
-7.362435758113861084e-02
1.190794706344604492e-01
1.470008771866559982e-02
5.809742957353591919e-02
-9.655103832483291626e-02
3.811468183994293213e-02
2.259134314954280853e-02
-2.924137981608510017e-03
-3.295860812067985535e-02
5.103435367345809937e-02
1.306757330894470215e-01
5.468045920133590698e-02
-1.512865535914897919e-02
5.196250602602958679e-02
1.985262334346771240e-02
-1.564852893352508545e-01
-7.985212653875350952e-02
-7.248222082853317261e-02
5.885253846645355225e-02
1.695996150374412537e-02
3.815984725952148438e-02
5.109957978129386902e-02
-9.107892960309982300e-02
-2.071603760123252869e-02
3.474858030676841736e-02
-2.600470744073390961e-02
-1.721836999058723450e-02
-4.762984812259674072e-02
7.254179567098617554e-02
-2.411679178476333618e-02
-8.815065771341323853e-02
2.680608443915843964e-02
-7.415517698973417282e-03
1.702843159437179565e-01
-4.133890569210052490e-02
-2.122990228235721588e-02
2.866146969608962536e-04
2.819156832993030548e-02
6.229393184185028076e-02
5.985572189092636108e-02
-6.783994287252426147e-02
-9.146384894847869873e-02
1.404998153448104858e-01
1.813851892948150635e-01
-1.235497556626796722e-02
8.376596122980117798e-02
7.190193980932235718e-02
-2.573687210679054260e-02
-8.233112096786499023e-02
-2.156120724976062775e-02
-4.893939942121505737e-02
2.824938297271728516e-02
-7.291100337170064449e-05
2.563858591020107269e-02
-1.871923170983791351e-02
-5.468518938869237900e-03
1.110870763659477234e-01
5.738609936088323593e-03
4.825955256819725037e-02
7.237698137760162354e-02
5.161333456635475159e-02
1.191192790865898132e-01
-2.158931270241737366e-02
-7.228786125779151917e-03
1.499963086098432541e-02
1.827479526400566101e-02
-3.124921955168247223e-02
1.370459794998168945e-02
-1.252849996089935303e-01
9.717547148466110229e-02
5.544143170118331909e-02
1.075850576162338257e-01
-4.892860073596239090e-03
-3.687416762113571167e-02
1.071719918400049210e-03
4.598303511738777161e-02
-1.869329437613487244e-02
1.241464912891387939e-02
-1.986428909003734589e-02
1.853397488594055176e-02
-3.173529729247093201e-02
1.442207843065261841e-01
1.613431982696056366e-02
-4.376166034489870071e-03
3.677164018154144287e-02
-4.128442332148551941e-02
5.010461807250976562e-02
5.700365081429481506e-02
-7.858109660446643829e-03
-1.268741786479949951e-01
4.693298041820526123e-02
-5.801886320114135742e-02
2.207669615745544434e-02
-6.229628343135118484e-03
9.359455108642578125e-02
8.226996660232543945e-02
5.054010078310966492e-02
-8.980836719274520874e-02
5.795135349035263062e-02
3.112563863396644592e-02
2.939396537840366364e-02
-9.772259742021560669e-03
-3.695333749055862427e-02
-5.544123426079750061e-02
-7.616473734378814697e-02
-2.538523636758327484e-02
4.471064358949661255e-02
-1.536596938967704773e-02
-6.589828431606292725e-02
-1.997929625213146210e-02
7.691885810345411301e-03
9.657806716859340668e-03
2.781248278915882111e-02
-1.981039904057979584e-02
-1.960181817412376404e-02
-6.935007125139236450e-02
-4.906571656465530396e-02
-1.801186054944992065e-02
2.847958542406558990e-02
-2.474610507488250732e-02
6.592004559934139252e-03
9.627417661249637604e-03
