1.439053267240524292e-01
9.373844601213932037e-03
2.976747974753379822e-02
-1.930249296128749847e-02
-2.273942902684211731e-02
-3.110202401876449585e-02
-7.225536555051803589e-02
-4.351973533630371094e-02
3.456355631351470947e-02
4.254113300703465939e-04
-8.174183778464794159e-03
-4.147555679082870483e-02
3.403246868401765823e-03
-7.586090266704559326e-02
7.282635662704706192e-03
-5.143997073173522949e-02
2.225001528859138489e-02
6.543871015310287476e-02
-1.095824968069791794e-02
1.488871034234762192e-02
-2.647270448505878448e-02
-1.292459387332201004e-02
2.421171218156814575e-02
-2.209500782191753387e-02
-3.845540434122085571e-02
-9.367477893829345703e-02
5.272926017642021179e-02
-6.260747462511062622e-02
-1.097756698727607727e-01
-1.011992394924163818e-01
4.130437597632408142e-02
-4.105228558182716370e-02
-1.966096088290214539e-02
-5.835931003093719482e-02
2.228670381009578705e-02
-3.193535143509507179e-03
3.651067242026329041e-02
-3.321651741862297058e-02
-7.055937498807907104e-02
-6.408262252807617188e-02
6.640657037496566772e-02
1.823290623724460602e-02
4.457223042845726013e-02
6.360691785812377930e-02
3.693073615431785583e-02
1.630793698132038116e-02
-1.249361112713813782e-01
4.897149652242660522e-02
-3.502570092678070068e-02
-4.459739848971366882e-02
-1.771970391273498535e-01
6.617110967636108398e-02
1.036204695701599121e-01
-8.922259509563446045e-02
-3.032191842794418335e-02
5.139349028468132019e-02
-3.607692569494247437e-02
-3.858530148863792419e-02
1.479545980691909790e-01
3.125092247501015663e-03
7.028751075267791748e-02
3.064342588186264038e-02
-9.419047087430953979e-02
1.983634941279888153e-02
-7.498718798160552979e-02
-5.385833233594894409e-02
-3.738160803914070129e-02
-1.167919710278511047e-01
1.503155753016471863e-02
-4.717186465859413147e-02
-7.799648493528366089e-02
-1.109486818313598633e-01
1.358638107776641846e-01
-6.888117641210556030e-02
-1.512096226215362549e-01
3.240960463881492615e-02
-5.303378030657768250e-02
9.502065181732177734e-02
7.709712721407413483e-03
-1.983839273452758789e-01
2.816022373735904694e-02
5.014140903949737549e-02
1.982180029153823853e-02
7.427819818258285522e-02
-3.756724670529365540e-02
5.065219849348068237e-02
-2.682526782155036926e-02
5.119681358337402344e-02
4.631384462118148804e-02
-5.008613318204879761e-02
-1.793391704559326172e-01
-2.405350096523761749e-02
-5.725686252117156982e-02
-2.426302246749401093e-02
-5.730616301298141479e-02
-3.672383725643157959e-02
-2.674414962530136108e-02
4.713685065507888794e-02
1.080079451203346252e-01
-8.238998055458068848e-02
7.282816618680953979e-02
-2.486156113445758820e-02
3.892551362514495850e-02
-1.019718591123819351e-02
-5.662803538143634796e-03
-5.720015987753868103e-02
5.998528748750686646e-02
9.002573043107986450e-02
1.227981522679328918e-01
-8.685567229986190796e-02
-1.368476357311010361e-02
1.583501398563385010e-01
4.193689208477735519e-03
1.037347391247749329e-01
1.026604417711496353e-02
-2.669012919068336487e-02
-2.269928902387619019e-02
5.042094364762306213e-02
5.961015820503234863e-02
-7.344429939985275269e-02
-7.218856364488601685e-02
1.167519018054008484e-01
-4.201081115752458572e-03
3.522487357258796692e-02
-4.171897098422050476e-02
-9.120059199631214142e-03
-6.844932585954666138e-02
-6.326249986886978149e-02
-9.392740577459335327e-02
1.237742677330970764e-01
7.441163063049316406e-03
7.850275188684463501e-02
-9.134690463542938232e-02
3.738310560584068298e-02
4.360451176762580872e-02
1.668036729097366333e-02
-7.025589793920516968e-02
1.691081561148166656e-02
1.071239486336708069e-01
4.769602045416831970e-02
1.248019188642501831e-02
3.580718860030174255e-02
6.342437118291854858e-02
-1.479549705982208252e-01
-9.195123612880706787e-02
-5.395463854074478149e-02
7.634382694959640503e-02
4.933546762913465500e-03
-7.317093200981616974e-03
4.041948541998863220e-02
-8.047848939895629883e-02
-6.238260120153427124e-02
2.639332041144371033e-02
-2.632231079041957855e-02
-4.287736862897872925e-02
-4.141393676400184631e-02
8.882508426904678345e-02
-3.712209872901439667e-03
-6.754610687494277954e-02
8.920278400182723999e-03
5.250195506960153580e-03
1.296086758375167847e-01
-3.309920430183410645e-02
-1.699824258685112000e-02
-4.955845884978771210e-03
3.935873508453369141e-03
5.826263874769210815e-02
4.318303987383842468e-02
-4.706975445151329041e-02
-6.184928119182586670e-02
1.279691606760025024e-01
1.320620328187942505e-01
-5.019943043589591980e-02
6.271445006132125854e-02
5.757191032171249390e-02
-3.453388437628746033e-02
-7.277905195951461792e-02
6.621318752877414227e-04
-6.047968566417694092e-02
6.901353131979703903e-03
-2.315906807780265808e-02
2.288635820150375366e-02
-2.371133118867874146e-02
-1.055448967963457108e-02
7.688773423433303833e-02
-2.688637748360633850e-02
3.996728360652923584e-02
5.217512324452400208e-02
1.815888844430446625e-02
1.072412580251693726e-01
-2.242616191506385803e-02
-2.965802513062953949e-02
1.986298337578773499e-02
1.936410367488861084e-02
-1.138564478605985641e-02
5.143665708601474762e-03
-1.308135241270065308e-01
6.360884755849838257e-02
6.140809506177902222e-02
7.355746626853942871e-02
-5.561611149460077286e-03
-2.112214826047420502e-02
6.034965626895427704e-03
4.646517336368560791e-02
-3.454811498522758484e-02
1.400864310562610626e-02
-1.120997313410043716e-02
1.903806254267692566e-02
-2.200575545430183411e-03
9.648256003856658936e-02
-9.817161597311496735e-03
1.599636860191822052e-02
4.257090855389833450e-03
-4.842903837561607361e-02
4.970402270555496216e-02
8.391802757978439331e-02
3.665827214717864990e-02
-9.837051481008529663e-02
7.659543305635452271e-02
-1.368469838052988052e-02
1.968472078442573547e-02
-1.170461717993021011e-02
6.006360426545143127e-02
8.172613382339477539e-02
3.847325220704078674e-02
-1.298480033874511719e-01
1.450163125991821289e-02
2.109020762145519257e-02
6.469240784645080566e-02
-4.786011949181556702e-02
3.417901694774627686e-02
-1.354806777089834213e-02
-7.163560390472412109e-02
-5.365171656012535095e-02
7.213740050792694092e-02
-3.419657051563262939e-02
-7.450508326292037964e-02
-4.448790475726127625e-02
-3.025530278682708740e-02
-3.052604570984840393e-02
2.526788972318172455e-02
8.828664571046829224e-02
-4.871093668043613434e-03
5.835371091961860657e-02
-1.054131165146827698e-01
-2.238078042864799500e-02
-3.938696533441543579e-02
1.211707480251789093e-02
3.197787329554557800e-02
-5.485201999545097351e-02
