1.189262568950653076e-01
-1.397328358143568039e-02
2.159361727535724640e-02
-3.757987171411514282e-02
-3.245815262198448181e-02
-8.017807267606258392e-04
-7.659234851598739624e-02
-4.498772323131561279e-02
5.923508852720260620e-02
4.666811600327491760e-02
1.512717641890048981e-02
-3.994372859597206116e-02
-1.414706930518150330e-02
-7.300306856632232666e-02
-9.664269746281206608e-04
-4.179751127958297729e-02
1.256346143782138824e-02
6.044459342956542969e-02
-4.082985222339630127e-03
-9.170450270175933838e-03
-3.777879104018211365e-02
-5.734981037676334381e-03
3.558047581464052200e-03
-1.733789220452308655e-02
-2.930836379528045654e-02
-1.026542037725448608e-01
2.825429849326610565e-02
-5.495803430676460266e-02
-9.592442959547042847e-02
-1.108120679855346680e-01
7.458465546369552612e-02
-5.512215569615364075e-02
-6.765076518058776855e-02
-5.390136688947677612e-02
4.664933681488037109e-02
-1.594628952443599701e-02
2.657774602994322777e-03
-3.722807392477989197e-02
-4.500208422541618347e-02
-3.249637037515640259e-02
3.774286061525344849e-02
-9.361123666167259216e-03
4.746716842055320740e-02
6.217341125011444092e-02
3.890533745288848877e-02
1.697334274649620056e-02
-1.216032579541206360e-01
3.969449549913406372e-02
-2.558651193976402283e-02
-2.354641258716583252e-02
-1.627598702907562256e-01
6.199272722005844116e-02
1.142852082848548889e-01
-1.063161343336105347e-01
-3.254011645913124084e-02
3.661936894059181213e-02
-1.629833877086639404e-02
2.765658311545848846e-02
1.564591974020004272e-01
-5.681723821908235550e-03
6.075746193528175354e-02
3.821500390768051147e-02
-6.113724038004875183e-02
-2.547647338360548019e-03
-7.618806511163711548e-02
-4.033241793513298035e-02
-5.543974786996841431e-02
-1.107878983020782471e-01
-1.202391088008880615e-02
-4.881524294614791870e-02
-1.176293045282363892e-01
-7.796973735094070435e-02
1.423030048608779907e-01
-8.082070201635360718e-02
-1.408109068870544434e-01
5.035977810621261597e-02
-6.120681390166282654e-02
9.372193366289138794e-02
1.310582738369703293e-02
-1.897632479667663574e-01
4.750468209385871887e-02
5.933950841426849365e-02
2.210532501339912415e-02
7.451520115137100220e-02
-5.091234296560287476e-02
4.881601780652999878e-02
-3.687720000743865967e-02
6.590007990598678589e-02
2.055002935230731964e-02
-4.521733522415161133e-02
-1.556198745965957642e-01
-4.186164960265159607e-02
-5.269079282879829407e-02
-3.479709103703498840e-02
-4.871157929301261902e-02
-6.862519681453704834e-02
-3.215377777814865112e-02
3.066577762365341187e-02
5.861971154808998108e-02
-8.424303680658340454e-02
5.321870371699333191e-02
-8.729710243642330170e-03
1.531578227877616882e-02
-2.930091880261898041e-02
-2.029286511242389679e-02
-7.006121426820755005e-02
6.634057313203811646e-02
8.632721751928329468e-02
1.053529381752014160e-01
-9.284440428018569946e-02
4.274179693311452866e-03
1.438610404729843140e-01
-2.713777497410774231e-02
9.905217587947845459e-02
-2.064054599031805992e-03
-1.849659718573093414e-02
-2.525955252349376678e-02
4.065141454339027405e-02
4.779816791415214539e-02
-6.031860038638114929e-02
-1.802738197147846222e-02
1.098362281918525696e-01
-1.186497858725488186e-03
3.623726591467857361e-02
-5.878653749823570251e-02
1.446666009724140167e-02
-4.198212176561355591e-02
-9.534084051847457886e-02
-9.877057373523712158e-02
9.863160550594329834e-02
1.886250451207160950e-02
8.028449118137359619e-02
-9.422288089990615845e-02
3.475725650787353516e-02
4.575050249695777893e-02
-2.052217721939086914e-03
-6.320419162511825562e-02
-2.937027951702475548e-03
8.122477680444717407e-02
4.224400594830513000e-02
-1.292198663577437401e-03
7.099129259586334229e-02
1.819551922380924225e-02
-1.321381926536560059e-01
-8.658871799707412720e-02
-5.036818981170654297e-02
7.822520285844802856e-02
4.093846306204795837e-03
-1.771742105484008789e-02
-1.216312884935177863e-04
-7.257272303104400635e-02
-6.549347192049026489e-02
-1.671155798248946667e-03
-1.471064705401659012e-02
-3.796200454235076904e-02
-2.392208389937877655e-02
1.046183779835700989e-01
7.434057537466287613e-03
-6.604945659637451172e-02
-1.440050546079874039e-03
1.942529901862144470e-02
1.068933010101318359e-01
-3.335169330239295959e-02
-3.108839690685272217e-02
-4.750399291515350342e-02
-1.498940307646989822e-02
5.236934870481491089e-02
4.074650257825851440e-02
-5.649591237306594849e-02
-7.904986292123794556e-02
1.723328828811645508e-01
1.447924822568893433e-01
-6.563854217529296875e-02
4.442201182246208191e-02
4.218981042504310608e-02
-2.644846774637699127e-02
-8.207781612873077393e-02
2.674945630133152008e-03
-4.241008684039115906e-02
6.534244748763740063e-04
-2.314948663115501404e-02
1.463597826659679413e-02
-5.081614851951599121e-02
7.836234755814075470e-03
5.797918513417243958e-02
-1.591994240880012512e-02
2.338038571178913116e-02
5.707821622490882874e-02
2.245688997209072113e-02
1.240233033895492554e-01
-1.600741408765316010e-02
-2.758932486176490784e-02
4.157039895653724670e-02
3.866876289248466492e-02
-3.569536842405796051e-03
1.208388619124889374e-02
-1.166328266263008118e-01
4.811400920152664185e-02
6.226981803774833679e-02
5.760120227932929993e-02
-3.125386312603950500e-02
-4.463460668921470642e-02
-3.603593632578849792e-02
2.996887639164924622e-02
-4.674211144447326660e-02
-1.481228694319725037e-02
8.102619089186191559e-03
2.929262071847915649e-02
-9.983169846236705780e-03
9.819724410772323608e-02
-5.373358726501464844e-02
4.289731010794639587e-02
4.739643074572086334e-03
-7.311972975730895996e-02
7.672308385372161865e-02
7.839106023311614990e-02
3.898935392498970032e-02
-7.548005878925323486e-02
7.605692744255065918e-02
1.204144582152366638e-02
4.409328848123550415e-02
-1.700656302273273468e-02
4.150204733014106750e-02
7.655184715986251831e-02
2.138639055192470551e-02
-1.588609665632247925e-01
2.139392122626304626e-02
4.147557914257049561e-02
1.055762767791748047e-01
-5.567836388945579529e-02
3.284126520156860352e-02
-1.407071948051452637e-02
-6.103899702429771423e-02
-3.040807694196701050e-02
7.492913305759429932e-02
-3.948720917105674744e-02
-7.186102122068405151e-02
-5.179506167769432068e-02
-4.175464063882827759e-02
-4.300507530570030212e-02
8.559513837099075317e-03
1.170619726181030273e-01
-1.614030078053474426e-02
9.404680132865905762e-02
-1.300830543041229248e-01
-1.474444568157196045e-02
-6.315352767705917358e-02
-2.554428763687610626e-02
3.747217729687690735e-02
-6.201423332095146179e-02
