1.576186120510101318e-01
-3.498187754303216934e-03
4.351750016212463379e-02
-3.302800282835960388e-02
-3.610223531723022461e-02
-4.513928666710853577e-02
-8.745931088924407959e-02
-4.024523869156837463e-02
5.160181596875190735e-02
2.061006240546703339e-02
1.215604413300752640e-02
-3.677765280008316040e-02
7.201797794550657272e-03
-7.890199124813079834e-02
2.421859838068485260e-02
-4.584519192576408386e-02
3.612397238612174988e-02
8.015692234039306641e-02
-8.029172313399612904e-04
-1.026336289942264557e-02
-2.314648032188415527e-02
1.478083548136055470e-03
2.647693827748298645e-02
-1.854156143963336945e-02
-3.129672259092330933e-02
-9.528309851884841919e-02
2.895132265985012054e-02
-5.747466161847114563e-02
-1.014497429132461548e-01
-8.188351243734359741e-02
4.850085824728012085e-02
-3.058893978595733643e-02
-3.390578553080558777e-02
-7.992044836282730103e-02
2.564390189945697784e-02
-5.989952944219112396e-03
3.812687844038009644e-02
-2.671937830746173859e-02
-6.470952183008193970e-02
-5.529937893152236938e-02
7.039357721805572510e-02
-1.699741184711456299e-02
4.126556217670440674e-02
6.867267936468124390e-02
3.200349211692810059e-02
2.510286867618560791e-02
-1.243791654706001282e-01
2.203611284494400024e-02
-2.737144939601421356e-02
-4.072273150086402893e-02
-1.833007633686065674e-01
6.194039434194564819e-02
9.938532114028930664e-02
-7.864389568567276001e-02
-4.729897156357765198e-02
6.039017811417579651e-02
-3.314100578427314758e-02
-9.752255864441394806e-03
1.590742319822311401e-01
-1.631099171936511993e-02
6.219808757305145264e-02
3.850243985652923584e-02
-7.653991878032684326e-02
1.198432501405477524e-02
-6.688775122165679932e-02
-6.908477842807769775e-02
-5.500648915767669678e-02
-1.127567067742347717e-01
9.117782115936279297e-03
-5.562227219343185425e-02
-8.250987529754638672e-02
-1.061352565884590149e-01
1.445834636688232422e-01
-8.153408020734786987e-02
-1.284972578287124634e-01
5.282316729426383972e-02
-8.310895413160324097e-02
7.754258811473846436e-02
1.057461462914943695e-02
-1.927836239337921143e-01
3.830108419060707092e-02
5.788944289088249207e-02
-1.491780159994959831e-03
6.508856266736984253e-02
-5.425089597702026367e-02
5.662392824888229370e-02
-3.988173604011535645e-02
7.334470003843307495e-02
2.305131778120994568e-02
-4.117504507303237915e-02
-1.657651960849761963e-01
-2.853173390030860901e-02
-6.826362013816833496e-02
-2.030000649392604828e-02
-5.103706195950508118e-02
-4.283341020345687866e-02
-3.392080217599868774e-02
3.390363603830337524e-02
8.776341378688812256e-02
-8.942691236734390259e-02
6.796018779277801514e-02
-1.831996627151966095e-02
2.098144777119159698e-02
-8.362679742276668549e-03
-4.969489760696887970e-03
-6.113459914922714233e-02
7.243055105209350586e-02
9.762444347143173218e-02
1.082723736763000488e-01
-9.950103610754013062e-02
-8.206502534449100494e-03
1.460516452789306641e-01
-1.064063515514135361e-02
8.713295310735702515e-02
1.513390894979238510e-02
-4.250921681523323059e-02
-2.353051118552684784e-02
6.103038415312767029e-02
6.445644795894622803e-02
-7.178132236003875732e-02
-6.245455518364906311e-02
1.069315597414970398e-01
1.358554582111537457e-03
4.603075236082077026e-02
-4.601778462529182434e-02
-6.562890484929084778e-03
-5.872610956430435181e-02
-9.003545343875885010e-02
-1.060609295964241028e-01
1.091836541891098022e-01
-3.179728519171476364e-03
8.971221745014190674e-02
-8.693943172693252563e-02
4.068214446306228638e-02
4.314635321497917175e-02
3.869599848985671997e-02
-8.931019902229309082e-02
2.387249656021595001e-02
1.181847751140594482e-01
4.033582285046577454e-02
3.463271260261535645e-02
4.527767747640609741e-02
6.987980008125305176e-02
-1.418728232383728027e-01
-7.042583823204040527e-02
-4.842293635010719299e-02
7.858321070671081543e-02
2.524322830140590668e-03
-2.410239167511463165e-02
3.228607401251792908e-02
-6.452427804470062256e-02
-5.651111155748367310e-02
2.697543799877166748e-02
-3.684037178754806519e-02
-5.274556949734687805e-02
-4.445690289139747620e-02
1.008836328983306885e-01
1.718943379819393158e-02
-7.174136489629745483e-02
4.575979895889759064e-03
-7.505317218601703644e-03
1.071319803595542908e-01
-1.646239683032035828e-02
-3.352382406592369080e-02
-2.152491360902786255e-02
-1.463378779590129852e-02
4.513880982995033264e-02
3.569604083895683289e-02
-2.965908497571945190e-02
-3.858162462711334229e-02
1.342875510454177856e-01
1.183398589491844177e-01
-4.920565336942672729e-02
5.059871822595596313e-02
4.582136869430541992e-02
-1.992773264646530151e-02
-6.469964236021041870e-02
-1.027735136449337006e-02
-4.582939296960830688e-02
-5.326660815626382828e-03
-1.136588305234909058e-02
2.123857289552688599e-02
-2.212946675717830658e-02
-2.304856106638908386e-02
8.313585817813873291e-02
-3.246041759848594666e-02
2.812538854777812958e-02
6.741829961538314819e-02
1.876684278249740601e-02
1.044958308339118958e-01
-2.284946478903293610e-02
-3.541282564401626587e-02
7.730709388852119446e-03
2.400355227291584015e-02
-1.080039143562316895e-02
5.355045665055513382e-03
-1.292738914489746094e-01
4.926917701959609985e-02
5.857899412512779236e-02
5.471249669790267944e-02
-8.040267974138259888e-03
-8.044887334108352661e-03
-7.390879094600677490e-03
2.730060182511806488e-02
-2.375883236527442932e-02
1.228011585772037506e-02
-1.711640274152159691e-03
1.611422933638095856e-02
3.970323130488395691e-03
8.443868160247802734e-02
-1.761914044618606567e-02
2.322456240653991699e-02
5.974615924060344696e-03
-4.573202133178710938e-02
4.589389637112617493e-02
7.486785948276519775e-02
2.328448742628097534e-02
-9.057953208684921265e-02
8.815509080886840820e-02
3.759451443329453468e-03
2.660784497857093811e-02
-7.943964563310146332e-03
5.462715774774551392e-02
8.627312630414962769e-02
1.616275496780872345e-02
-1.187042146921157837e-01
9.963434189558029175e-03
9.376779198646545410e-03
7.074541598558425903e-02
-5.142715200781822205e-02
5.803721770644187927e-02
-5.811856593936681747e-03
-5.705348402261734009e-02
-5.566966161131858826e-02
7.379513978958129883e-02
-3.600820153951644897e-02
-7.181257754564285278e-02
-5.536497384309768677e-02
-3.834947198629379272e-02
-4.219306260347366333e-02
3.482025116682052612e-02
1.174266338348388672e-01
-3.674620063975453377e-03
1.113130971789360046e-01
-1.134768128395080566e-01
-2.968599461019039154e-02
-5.544792860746383667e-02
3.449278324842453003e-02
1.869348250329494476e-02
-7.855883240699768066e-02
