3.488080948591232300e-02
-5.011673644185066223e-02
-2.003040350973606110e-02
-6.654434651136398315e-02
-6.827319413423538208e-02
-7.009783294051885605e-03
-7.201945781707763672e-02
-1.911683753132820129e-02
7.795895636081695557e-02
1.440632194280624390e-01
6.265836954116821289e-02
-5.320883914828300476e-02
-6.620780378580093384e-02
-1.057501360774040222e-01
4.043838381767272949e-02
1.568130217492580414e-02
8.565156906843185425e-02
5.624717101454734802e-02
2.567905746400356293e-02
-8.418115787208080292e-03
-1.861540600657463074e-02
-5.253637954592704773e-02
1.350332517176866531e-02
6.694167852401733398e-02
-6.278408318758010864e-02
-4.565062373876571655e-02
-3.146500885486602783e-02
-9.547810256481170654e-02
8.953459560871124268e-03
-1.028635948896408081e-01
5.985700059682130814e-03
5.204014014452695847e-04
-1.167838182300329208e-02
-1.199197769165039062e-01
6.933091580867767334e-02
-7.733590155839920044e-02
4.343951120972633362e-02
-7.602411508560180664e-02
1.788823865354061127e-02
3.293993696570396423e-02
3.358187619596719742e-03
-5.140411853790283203e-02
3.300712630152702332e-02
1.237341463565826416e-01
8.438338339328765869e-02
-7.702955044806003571e-03
-7.148632407188415527e-02
-7.574499398469924927e-02
-4.004872962832450867e-02
4.727635532617568970e-02
-1.220263615250587463e-01
-1.452911365777254105e-02
1.360534727573394775e-01
-1.141656786203384399e-01
-7.303265482187271118e-02
3.956100344657897949e-02
6.250769644975662231e-02
8.675008267164230347e-02
1.357372552156448364e-01
-5.302868410944938660e-02
8.923479169607162476e-02
1.578118535690009594e-03
-2.798864431679248810e-02
2.480274438858032227e-02
-1.062948629260063171e-01
-6.542630493640899658e-02
-1.163276210427284241e-01
-7.421425729990005493e-02
-7.826378196477890015e-02
-1.403527241200208664e-02
-1.044680774211883545e-01
-9.949262440204620361e-02
4.123211279511451721e-02
-8.497664332389831543e-02
-8.614431321620941162e-02
2.561585605144500732e-02
-1.419929414987564087e-01
5.331213027238845825e-02
4.066548775881528854e-03
-1.420883834362030029e-01
5.130572989583015442e-02
3.528056666254997253e-02
-2.728753536939620972e-02
2.612745761871337891e-02
-2.404969930648803711e-02
1.383098773658275604e-02
-1.022648066282272339e-01
6.981125473976135254e-02
-1.119746244512498379e-03
-1.737412996590137482e-02
-3.340429067611694336e-02
-5.614114552736282349e-02
-4.103143885731697083e-02
-5.466493964195251465e-02
-3.769264742732048035e-02
-8.314933627843856812e-02
-4.601769894361495972e-02
7.012385874986648560e-03
-3.331506624817848206e-02
-5.930442735552787781e-02
1.663478091359138489e-02
-1.869606040418148041e-02
-4.531371966004371643e-02
2.431293390691280365e-02
-5.250211688689887524e-04
1.856126473285257816e-03
1.040112823247909546e-01
6.511638872325420380e-03
2.824146533384919167e-03
-8.659337460994720459e-02
1.686365157365798950e-02
1.479363907128572464e-02
-8.418162912130355835e-02
-1.690048724412918091e-02
-1.830381713807582855e-02
-7.806687615811824799e-03
-6.901866942644119263e-02
5.846143700182437897e-03
-1.259313523769378662e-02
-1.041499152779579163e-02
-1.718197949230670929e-02
8.885350078344345093e-02
6.573529541492462158e-02
6.264880299568176270e-02
-2.000795118510723114e-02
1.272281911224126816e-02
2.174047939479351044e-02
-1.826568543910980225e-01
-8.235963433980941772e-02
1.256499625742435455e-02
1.042136773467063904e-01
6.365328282117843628e-02
-6.704401969909667969e-02
8.806297183036804199e-02
7.356132566928863525e-02
4.671716317534446716e-02
-3.786099702119827271e-02
8.943971246480941772e-02
2.616117708384990692e-02
-6.403885781764984131e-02
1.117883622646331787e-01
8.449290692806243896e-02
-9.394081681966781616e-02
-5.106782540678977966e-02
-3.384921327233314514e-02
-1.631187088787555695e-02
1.460107713937759399e-01
1.772039197385311127e-02
-1.111353375017642975e-02
-1.296384911984205246e-02
-7.089893519878387451e-02
-1.782230916433036327e-03
-8.688636869192123413e-02
2.957144053652882576e-03
-5.298774316906929016e-02
1.543494989164173603e-03
1.197516322135925293e-01
7.887406647205352783e-02
-3.251473978161811829e-02
4.496879875659942627e-02
9.148682467639446259e-03
1.850215345621109009e-02
-1.420466415584087372e-02
-8.322841487824916840e-03
-2.821575617417693138e-03
-2.661926671862602234e-03
-4.135166853666305542e-02
1.003340035676956177e-01
-1.201201677322387695e-01
6.134834606200456619e-03
9.914192557334899902e-02
1.506363004446029663e-01
4.229051247239112854e-02
1.805786415934562683e-02
-1.712844520807266235e-02
4.712610691785812378e-02
-1.288780122995376587e-01
6.684943567961454391e-03
2.633376047015190125e-02
-3.183133900165557861e-03
2.165911905467510223e-02
5.243957415223121643e-02
-4.165789484977722168e-02
-1.932442747056484222e-02
3.269722685217857361e-02
-1.710530556738376617e-02
2.969182468950748444e-02
6.849995255470275879e-02
4.992438480257987976e-02
9.624405950307846069e-02
3.436848893761634827e-02
8.040466345846652985e-03
4.393838718533515930e-02
6.140846386551856995e-02
1.252213679254055023e-02
3.293715417385101318e-02
-8.644575625658035278e-02
-3.193071112036705017e-02
3.013572096824645996e-02
-2.618574909865856171e-02
-1.047492325305938721e-01
-5.500918626785278320e-02
-9.876968711614608765e-02
4.971623048186302185e-02
-1.371680013835430145e-02
-5.569836124777793884e-02
5.257014557719230652e-02
5.075854435563087463e-02
-3.429587557911872864e-02
4.425816703587770462e-03
-5.043472722172737122e-02
1.227703839540481567e-01
7.992388308048248291e-02
-9.902849793434143066e-02
2.750558312982320786e-03
7.488474994897842407e-02
-3.899607807397842407e-02
-3.094171546399593353e-02
8.607056736946105957e-02
6.288649048656225204e-03
3.354980424046516418e-02
7.004805840551853180e-03
-4.198157228529453278e-03
9.151057898998260498e-02
-1.459955703467130661e-02
-1.834524869918823242e-01
6.100076809525489807e-02
7.300694286823272705e-02
9.902387112379074097e-02
-4.243219271302223206e-02
-3.113077580928802490e-02
-2.187432162463665009e-02
8.658716455101966858e-03
2.294748276472091675e-02
8.205227553844451904e-03
-9.370904415845870972e-02
-6.869423389434814453e-02
-3.805595263838768005e-02
5.642114207148551941e-03
2.149867080152034760e-02
-4.027442261576652527e-02
4.716914519667625427e-02
-3.413930907845497131e-02
4.890606552362442017e-02
2.726713940501213074e-02
-4.482207447290420532e-02
-3.598493337631225586e-02
-4.989237710833549500e-02
-1.903131231665611267e-02
-7.358933985233306885e-02
