1.591007858514785767e-01
2.288167178630828857e-02
2.925391867756843567e-02
-2.380719967186450958e-02
-1.693937368690967560e-02
-3.726221621036529541e-02
-7.128534466028213501e-02
-5.088188499212265015e-02
7.502101361751556396e-03
-4.621445666998624802e-03
-3.449540212750434875e-02
-5.628566071391105652e-02
-7.965765544213354588e-04
-7.121693342924118042e-02
-5.288685671985149384e-03
-5.319954082369804382e-02
9.462701156735420227e-03
7.896084338426589966e-02
-8.728139102458953857e-03
3.171897679567337036e-02
-1.170315779745578766e-02
-3.046486899256706238e-02
2.921291813254356384e-02
-2.240629121661186218e-02
-4.964409396052360535e-02
-9.569423645734786987e-02
5.844990909099578857e-02
-5.727185681462287903e-02
-1.200819984078407288e-01
-1.007224246859550476e-01
2.774712629616260529e-02
-4.403701797127723694e-02
-2.685419842600822449e-02
-3.107056766748428345e-02
2.929768525063991547e-02
7.273660041391849518e-03
2.318884246051311493e-02
-5.558695271611213684e-02
-7.623460143804550171e-02
-8.403845876455307007e-02
5.227844044566154480e-02
5.152407661080360413e-02
4.653001204133033752e-02
4.870183020830154419e-02
5.307075381278991699e-02
1.324934884905815125e-02
-1.117936596274375916e-01
1.004045009613037109e-01
-4.202882200479507446e-02
-3.688538074493408203e-02
-1.697957813739776611e-01
6.209100037813186646e-02
1.078829839825630188e-01
-8.904254436492919922e-02
-4.589491058140993118e-03
3.736694157123565674e-02
-3.906887024641036987e-02
-3.704873472452163696e-02
1.518575996160507202e-01
2.277284674346446991e-02
7.264171540737152100e-02
2.463855780661106110e-02
-1.285539716482162476e-01
7.213003933429718018e-03
-8.127908408641815186e-02
-4.572338610887527466e-02
-1.695496775209903717e-02
-1.027384325861930847e-01
1.906461082398891449e-02
-2.924429997801780701e-02
-6.293955445289611816e-02
-9.764973819255828857e-02
1.088901385664939880e-01
-5.493109673261642456e-02
-1.452514231204986572e-01
1.668205484747886658e-02
-1.520973350852727890e-02
1.077564731240272522e-01
9.780880995094776154e-03
-1.828905194997787476e-01
2.034850418567657471e-02
6.037594377994537354e-02
4.849876835942268372e-02
7.568062096834182739e-02
-2.412616834044456482e-02
3.714257851243019104e-02
-1.674627140164375305e-02
3.913442417979240417e-02
6.144231930375099182e-02
-5.652959644794464111e-02
-1.491431891918182373e-01
-3.496095165610313416e-02
-3.928284347057342529e-02
-8.803750388324260712e-03
-5.028054490685462952e-02
-3.440264612436294556e-02
-1.595284976065158844e-02
7.723832130432128906e-02
1.287410259246826172e-01
-9.168349206447601318e-02
7.957929372787475586e-02
-2.469491399824619293e-02
4.946631565690040588e-02
-1.497852243483066559e-02
-7.831956259906291962e-03
-3.623708337545394897e-02
5.635290592908859253e-02
7.004244625568389893e-02
1.324220001697540283e-01
-8.199386298656463623e-02
-1.435784343630075455e-02
1.673825234174728394e-01
1.584567688405513763e-02
1.160865277051925659e-01
-2.965256106108427048e-03
-1.927692326717078686e-03
-9.691034443676471710e-03
4.704372212290763855e-02
4.380900785326957703e-02
-5.826710164546966553e-02
-5.798717215657234192e-02
1.231944710016250610e-01
-8.601762354373931885e-03
3.412810340523719788e-02
-4.612170904874801636e-02
-2.005994133651256561e-02
-5.774341523647308350e-02
-2.558779343962669373e-02
-9.530624002218246460e-02
1.492319852113723755e-01
2.614160440862178802e-02
7.314584404230117798e-02
-1.008518561720848083e-01
3.646147251129150391e-02
4.623858630657196045e-02
-7.048428989946842194e-03
-5.615196749567985535e-02
-4.789801314473152161e-03
8.390913903713226318e-02
5.617662891745567322e-02
-1.579741016030311584e-02
1.923513226211071014e-02
6.184263527393341064e-02
-1.335769742727279663e-01
-1.081856787204742432e-01
-5.107440799474716187e-02
9.793688356876373291e-02
9.027958847582340240e-03
1.235996838659048080e-02
3.609421849250793457e-02
-8.752922713756561279e-02
-8.189678937196731567e-02
2.370228432118892670e-02
6.325981579720973969e-03
-3.217101097106933594e-02
-3.052642382681369781e-02
9.280283749103546143e-02
-1.619042456150054932e-02
-4.716810211539268494e-02
4.745101090520620346e-03
1.535846292972564697e-02
1.181628406047821045e-01
-4.186647757887840271e-02
7.079385221004486084e-03
2.212338149547576904e-03
-3.280028700828552246e-03
5.696937814354896545e-02
5.898537486791610718e-02
-4.398627206683158875e-02
-8.608013391494750977e-02
1.246502697467803955e-01
1.195172369480133057e-01
-4.753852263092994690e-02
6.907297670841217041e-02
6.238559633493423462e-02
-3.035484254360198975e-02
-8.349509537220001221e-02
9.835005737841129303e-03
-8.057695627212524414e-02
1.827907003462314606e-02
-3.265156969428062439e-02
1.595753990113735199e-02
-2.561668166890740395e-03
-7.653538137674331665e-03
5.307483673095703125e-02
-1.645196042954921722e-02
6.599283218383789062e-02
2.782519720494747162e-02
1.521655241958796978e-03
1.028125509619712830e-01
-2.435429580509662628e-02
-1.735340245068073273e-02
2.812352403998374939e-02
1.319140754640102386e-02
-3.714835504069924355e-03
-2.484511118382215500e-03
-1.140309125185012817e-01
7.088823616504669189e-02
6.677644699811935425e-02
7.434292882680892944e-02
7.000479963608086109e-04
-4.290359094738960266e-02
2.498202584683895111e-02
5.611559003591537476e-02
-4.024002328515052795e-02
-4.551916383206844330e-03
-7.078351918607950211e-03
3.788330778479576111e-02
9.580228477716445923e-03
9.186071902513504028e-02
-4.021805245429277420e-03
2.118838950991630554e-02
-1.630988263059407473e-04
-5.767675116658210754e-02
5.354253947734832764e-02
8.219040185213088989e-02
6.374514102935791016e-02
-8.803012222051620483e-02
5.588155239820480347e-02
-1.972363889217376709e-02
1.256313640624284744e-02
-1.454828120768070221e-02
4.887785390019416809e-02
6.049126386642456055e-02
4.679741710424423218e-02
-1.176385954022407532e-01
1.171719189733266830e-02
2.138039283454418182e-02
6.330705434083938599e-02
-6.491064280271530151e-02
2.922014892101287842e-02
-1.787667348980903625e-02
-8.684322983026504517e-02
-5.116840824484825134e-02
6.758043169975280762e-02
-3.483735024929046631e-02
-7.762494683265686035e-02
-3.576323390007019043e-02
-3.959559649229049683e-02
-3.845909610390663147e-02
1.917405426502227783e-02
8.510534465312957764e-02
-1.311104279011487961e-02
5.812069773674011230e-02
-1.208197548985481262e-01
-2.158712409436702728e-02
-5.821888148784637451e-02
-8.371912874281406403e-03
4.047603905200958252e-02
-5.729037523269653320e-02
