5.912571772933006287e-02
-2.772068604826927185e-02
2.506473101675510406e-02
-1.477654906921088696e-03
-3.900623321533203125e-02
1.411261409521102905e-02
-6.322628259658813477e-02
-1.008759904652833939e-02
7.026723772287368774e-02
3.380735591053962708e-02
6.040938571095466614e-02
-5.572231952100992203e-03
3.523077815771102905e-03
-5.761358514428138733e-02
2.425138652324676514e-02
-2.093292959034442902e-02
2.057144045829772949e-02
3.057511150836944580e-02
-1.997838914394378662e-02
-3.930102288722991943e-02
-1.980109699070453644e-02
4.326997697353363037e-02
-1.072031352669000626e-02
-2.758306637406349182e-02
2.905350737273693085e-02
-7.195135205984115601e-02
2.737442729994654655e-03
-3.470459952950477600e-02
-6.899727135896682739e-02
-8.609224110841751099e-02
6.894157826900482178e-02
-1.230832375586032867e-02
-4.452574253082275391e-02
-9.292997419834136963e-02
3.503791615366935730e-02
-2.165798097848892212e-02
1.617486588656902313e-02
-1.889763027429580688e-02
-5.135787650942802429e-02
-7.304241415113210678e-03
7.757319509983062744e-02
-3.945137187838554382e-02
3.345876187086105347e-02
7.972113043069839478e-02
-8.899621665477752686e-03
2.002100460231304169e-02
-1.189538761973381042e-01
-1.862598396837711334e-02
-2.472933009266853333e-02
-3.983283415436744690e-02
-1.804223656654357910e-01
7.061405479907989502e-02
9.743949770927429199e-02
-9.670629352331161499e-02
-6.784721463918685913e-02
7.001751661300659180e-02
-6.904570851475000381e-03
1.827495545148849487e-02
1.724565923213958740e-01
-3.176739811897277832e-02
6.299713253974914551e-02
3.421455994248390198e-02
-2.524435892701148987e-02
3.666617441922426224e-03
-5.707854777574539185e-02
-5.805495753884315491e-02
-8.416979759931564331e-02
-1.130919903516769409e-01
-1.632295735180377960e-02
-8.952917158603668213e-02
-1.149965450167655945e-01
-1.013525277376174927e-01
1.591987460851669312e-01
-1.013563126325607300e-01
-1.328090876340866089e-01
5.967010557651519775e-02
-1.023698151111602783e-01
8.000635355710983276e-02
1.707319542765617371e-02
-2.241511493921279907e-01
6.014969572424888611e-02
4.065818339586257935e-02
-3.548085689544677734e-02
8.313021808862686157e-02
-6.991521269083023071e-02
4.781919345259666443e-02
-7.245164364576339722e-02
1.012068167328834534e-01
2.802547067403793335e-03
-2.668929845094680786e-02
-1.661125123500823975e-01
-6.114785373210906982e-02
-6.428525596857070923e-02
-3.395923227071762085e-02
-5.839895829558372498e-02
-6.043311581015586853e-02
-4.753825441002845764e-02
-6.711393129080533981e-03
2.175496518611907959e-02
-8.220772445201873779e-02
4.792723804712295532e-02
-2.975608408451080322e-02
1.811526599340140820e-03
-1.123765390366315842e-02
-7.498846855014562607e-03
-7.870129495859146118e-02
9.438651055097579956e-02
9.645845741033554077e-02
9.827201813459396362e-02
-9.430733323097229004e-02
1.203618384897708893e-02
1.118082627654075623e-01
-1.533020008355379105e-02
8.626672625541687012e-02
-5.884166341274976730e-03
-6.556829065084457397e-02
-4.375884681940078735e-02
3.810625150799751282e-02
6.425326317548751831e-02
-5.090137571096420288e-02
-3.080038726329803467e-02
8.466158062219619751e-02
7.837926037609577179e-03
3.093405812978744507e-02
-5.014017596840858459e-02
1.054948754608631134e-02
-3.479513898491859436e-02
-1.378506422042846680e-01
-8.850437402725219727e-02
4.484531655907630920e-02
-3.115412779152393341e-03
8.927918970584869385e-02
-7.662627100944519043e-02
3.297207877039909363e-02
3.836697340011596680e-02
4.071143269538879395e-02
-1.011001393198966980e-01
1.965381763875484467e-02
9.347592294216156006e-02
1.156421564519405365e-02
5.846969038248062134e-02
6.935330480337142944e-02
6.664960831403732300e-02
-1.295659840106964111e-01
-5.530693754553794861e-02
-5.150741711258888245e-02
6.026585772633552551e-02
-4.774962144438177347e-04
-5.479616299271583557e-02
2.422988601028919220e-02
-3.684271499514579773e-02
-4.607956111431121826e-02
1.642786711454391479e-02
-4.734120145440101624e-02
-6.458923965692520142e-02
-4.400079697370529175e-02
8.601902425289154053e-02
1.683390699326992035e-02
-7.357383519411087036e-02
6.622896995395421982e-03
1.449743751436471939e-02
7.689751684665679932e-02
-1.569282449781894684e-02
-4.693149775266647339e-02
-2.787995152175426483e-02
-1.990127377212047577e-03
3.853037208318710327e-02
-4.455168382264673710e-04
-4.767806828022003174e-02
-1.577543839812278748e-02
1.441475301980972290e-01
1.121512874960899353e-01
-6.392709165811538696e-02
-4.929851274937391281e-04
2.921826578676700592e-02
-2.350989356637001038e-02
-5.375786870718002319e-02
-6.517074070870876312e-03
-6.248834542930126190e-03
-1.646358333528041840e-02
-2.824739925563335419e-02
2.113166823983192444e-02
-5.710346624255180359e-02
-1.841117069125175476e-02
5.339019000530242920e-02
-4.855589196085929871e-02
-7.370575331151485443e-03
7.886884361505508423e-02
2.578583918511867523e-02
1.045813858509063721e-01
-1.103237830102443695e-02
-3.997731208801269531e-02
1.942305639386177063e-02
3.814258053898811340e-02
-1.252705045044422150e-02
1.001115888357162476e-02
-1.249663978815078735e-01
1.089447177946567535e-02
5.800390243530273438e-02
3.463197126984596252e-02
-3.049834445118904114e-02
-7.835979573428630829e-03
-3.956978768110275269e-02
2.237714827060699463e-02
-4.624175280332565308e-02
2.589884772896766663e-02
6.299370434135198593e-03
2.588720293715596199e-03
1.474659424275159836e-03
6.722632795572280884e-02
-4.788307100534439087e-02
4.323998093605041504e-02
-8.211881853640079498e-03
-5.511749535799026489e-02
4.489554092288017273e-02
9.541533887386322021e-02
1.953679509460926056e-02
-6.571051478385925293e-02
1.166355013847351074e-01
4.809809103608131409e-02
4.754613712430000305e-02
-1.170118246227502823e-02
5.383298546075820923e-02
9.986878186464309692e-02
5.627858452498912811e-03
-1.712145954370498657e-01
-6.809052079916000366e-03
2.001970820128917694e-02
1.143421232700347900e-01
-4.090129211544990540e-02
8.038800954818725586e-02
2.346463315188884735e-02
-3.598690778017044067e-02
-3.898549452424049377e-02
5.113318189978599548e-02
-4.371941462159156799e-02
-4.360140487551689148e-02
-6.539012491703033447e-02
-3.456896543502807617e-02
-5.007074773311614990e-02
1.719212904572486877e-02
1.340065002441406250e-01
-1.476188004016876221e-02
1.264673769474029541e-01
-9.018899500370025635e-02
-2.060000225901603699e-02
-4.802388325333595276e-02
2.495059370994567871e-02
2.729746326804161072e-02
-7.388771325349807739e-02
