1.332444250583648682e-01
-1.854494772851467133e-02
3.846694156527519226e-02
-3.685216978192329407e-02
-4.402071610093116760e-02
-2.041210979223251343e-02
-8.466779440641403198e-02
-4.435265064239501953e-02
6.249314174056053162e-02
3.799575194716453552e-02
2.018672786653041840e-02
-3.652767837047576904e-02
-7.421186659485101700e-03
-8.047442138195037842e-02
1.669442467391490936e-02
-5.373781546950340271e-02
2.503682486712932587e-02
7.427348196506500244e-02
-2.574781887233257294e-03
-1.572626642882823944e-02
-2.830940485000610352e-02
1.145882438868284225e-02
1.931421458721160889e-02
-2.412089146673679352e-02
-2.391220070421695709e-02
-9.710314869880676270e-02
3.183823823928833008e-02
-6.017385795712471008e-02
-1.114819571375846863e-01
-1.049530133605003357e-01
5.533297359943389893e-02
-3.781991451978683472e-02
-5.132941901683807373e-02
-7.259502261877059937e-02
3.610909730195999146e-02
-6.782489828765392303e-03
1.628835126757621765e-02
-2.976759336888790131e-02
-5.438954755663871765e-02
-4.670390859246253967e-02
6.418530642986297607e-02
-5.096524488180875778e-03
4.100639000535011292e-02
7.237382978200912476e-02
2.797696925699710846e-02
1.820631697773933411e-02
-1.221711561083793640e-01
2.827163226902484894e-02
-2.716455049812793732e-02
-3.009155578911304474e-02
-1.804639399051666260e-01
6.881464272737503052e-02
1.070784851908683777e-01
-9.624267369508743286e-02
-4.341533407568931580e-02
5.647847801446914673e-02
-1.885702274739742279e-02
1.019442733377218246e-02
1.704884171485900879e-01
-1.510543748736381531e-02
6.473560631275177002e-02
3.618248924612998962e-02
-7.301437854766845703e-02
-1.477698562666773796e-03
-6.859608739614486694e-02
-6.556570529937744141e-02
-5.674062296748161316e-02
-1.133885905146598816e-01
-8.454650640487670898e-03
-5.477689579129219055e-02
-1.033133491873741150e-01
-1.036255732178688049e-01
1.459126919507980347e-01
-9.437404572963714600e-02
-1.351331323385238647e-01
5.750230699777603149e-02
-7.705206423997879028e-02
8.151587843894958496e-02
2.724895067512989044e-02
-2.091885209083557129e-01
4.326901212334632874e-02
5.511996150016784668e-02
-3.648926212918013334e-04
7.335490733385086060e-02
-5.725340172648429871e-02
4.985405504703521729e-02
-5.149693787097930908e-02
7.113624364137649536e-02
1.531381066888570786e-02
-4.650156572461128235e-02
-1.545459479093551636e-01
-4.713222384452819824e-02
-6.545999646186828613e-02
-3.454949706792831421e-02
-5.885258689522743225e-02
-5.777125433087348938e-02
-2.929880470037460327e-02
3.093606047332286835e-02
5.921105667948722839e-02
-8.511279523372650146e-02
5.291613191366195679e-02
-1.102908421307802200e-02
1.117715146392583847e-02
-1.259892620146274567e-02
1.328675192780792713e-03
-6.161487847566604614e-02
7.409177720546722412e-02
8.821066468954086304e-02
9.556898474693298340e-02
-9.843734651803970337e-02
8.136623539030551910e-03
1.327175199985504150e-01
-1.426488906145095825e-02
9.518439322710037231e-02
5.246561951935291290e-03
-3.152963146567344666e-02
-3.037919662892818451e-02
4.970210790634155273e-02
5.525625497102737427e-02
-5.002027004957199097e-02
-3.797648474574089050e-02
1.028942838311195374e-01
5.755608435720205307e-03
3.875133395195007324e-02
-5.554234236478805542e-02
6.861221510916948318e-03
-4.229320585727691650e-02
-9.369961172342300415e-02
-1.029774844646453857e-01
8.505760133266448975e-02
1.308822352439165115e-02
8.608099818229675293e-02
-8.407756686210632324e-02
4.132325947284698486e-02
3.821803629398345947e-02
1.214206311851739883e-02
-7.897901535034179688e-02
1.870692707598209381e-02
9.284285455942153931e-02
2.782187797129154205e-02
2.981328032910823822e-02
5.720807611942291260e-02
4.719187319278717041e-02
-1.292834877967834473e-01
-7.453145086765289307e-02
-4.660628736019134521e-02
8.365963399410247803e-02
6.334252655506134033e-03
-2.036673761904239655e-02
1.880954205989837646e-02
-5.761053040623664856e-02
-5.623820796608924866e-02
8.875237777829170227e-03
-2.602107077836990356e-02
-4.542932659387588501e-02
-3.483085706830024719e-02
1.008020415902137756e-01
5.797550547868013382e-03
-6.625972688198089600e-02
-1.129516313085332513e-04
1.065509207546710968e-02
9.751441329717636108e-02
-2.134584076702594757e-02
-2.817324921488761902e-02
-2.521721459925174713e-02
-1.506925933063030243e-02
5.072106420993804932e-02
2.966567128896713257e-02
-3.750337660312652588e-02
-4.967785626649856567e-02
1.442289054393768311e-01
1.189897432923316956e-01
-5.562672764062881470e-02
3.671594709157943726e-02
4.024902358651161194e-02
-1.724155992269515991e-02
-7.319442182779312134e-02
-3.916091751307249069e-03
-3.656449541449546814e-02
-6.902521476149559021e-03
-2.335985191166400909e-02
1.800782978534698486e-02
-3.462029248476028442e-02
-1.111996639519929886e-02
5.876405164599418640e-02
-2.647632546722888947e-02
2.914716303348541260e-02
5.940681695938110352e-02
2.676389180123806000e-02
1.118815764784812927e-01
-1.213702466338872910e-02
-2.876379527151584625e-02
1.544192992150783539e-02
3.134638816118240356e-02
-5.786067806184291840e-03
-3.199706552550196648e-03
-1.263192594051361084e-01
4.444101825356483459e-02
6.485825777053833008e-02
4.507357999682426453e-02
-1.426099520176649094e-02
-2.150627039372920990e-02
-1.865977235138416290e-02
2.690650522708892822e-02
-3.500367701053619385e-02
2.081438666209578514e-03
2.908968832343816757e-03
2.367100678384304047e-02
6.292488425970077515e-03
8.677723258733749390e-02
-2.865431085228919983e-02
3.990212827920913696e-02
4.843577742576599121e-03
-6.038221716880798340e-02
6.516458094120025635e-02
8.456154167652130127e-02
4.472062736749649048e-02
-8.287630230188369751e-02
8.492813259363174438e-02
1.772560551762580872e-02
4.150958359241485596e-02
-1.190346386283636093e-02
4.820083826780319214e-02
8.374398201704025269e-02
1.550386939197778702e-02
-1.494015455245971680e-01
7.481345441192388535e-03
2.385101467370986938e-02
9.832228720188140869e-02
-6.199390813708305359e-02
6.342853605747222900e-02
-5.762950517237186432e-03
-6.166321411728858948e-02
-4.262179508805274963e-02
6.841921061277389526e-02
-4.407045245170593262e-02
-6.971287727355957031e-02
-6.604115664958953857e-02
-4.772925749421119690e-02
-4.699632152915000916e-02
2.673148363828659058e-02
1.239065378904342651e-01
-1.200705021619796753e-02
1.140033230185508728e-01
-1.222245320677757263e-01
-2.644461393356323242e-02
-6.016259267926216125e-02
9.002446196973323822e-03
3.143861144781112671e-02
-8.297882974147796631e-02
