1.485157012939453125e-01
-2.570039778947830200e-02
5.454328283667564392e-02
-4.249427467584609985e-02
-4.493333771824836731e-02
-3.006007336080074310e-02
-8.937243372201919556e-02
-4.358633607625961304e-02
5.310641974210739136e-02
4.117103666067123413e-02
2.568911388516426086e-02
-3.930662199854850769e-02
-4.339542705565690994e-03
-7.739052176475524902e-02
2.028548344969749451e-02
-4.852143302559852600e-02
3.128375113010406494e-02
8.700314164161682129e-02
4.493160638958215714e-03
-1.435205154120922089e-02
-2.121188677847385406e-02
1.195348612964153290e-02
2.723743766546249390e-02
-1.117328647524118423e-02
-1.785165630280971527e-02
-9.522369503974914551e-02
1.798065751791000366e-02
-5.655794963240623474e-02
-1.049263328313827515e-01
-8.988233655691146851e-02
4.844595491886138916e-02
-3.222241625189781189e-02
-5.476057529449462891e-02
-8.038614690303802490e-02
3.671101853251457214e-02
-5.668345838785171509e-03
1.797504536807537079e-02
-3.078370541334152222e-02
-5.230798199772834778e-02
-5.935858935117721558e-02
6.693746149539947510e-02
-1.124871335923671722e-02
4.344216734170913696e-02
6.622345745563507080e-02
2.305760420858860016e-02
2.024042792618274689e-02
-1.204507052898406982e-01
3.017615526914596558e-02
-2.786932885646820068e-02
-2.332634292542934418e-02
-1.830868870019912720e-01
6.554102152585983276e-02
9.964135289192199707e-02
-8.198010921478271484e-02
-4.470675438642501831e-02
6.499647349119186401e-02
-1.921600103378295898e-02
2.064867317676544189e-02
1.647090911865234375e-01
-1.544151827692985535e-02
6.455388665199279785e-02
3.822150453925132751e-02
-7.978259772062301636e-02
1.541695673950016499e-03
-6.752353161573410034e-02
-7.117963582277297974e-02
-6.011564284563064575e-02
-1.073469072580337524e-01
5.001492681913077831e-04
-5.562129989266395569e-02
-9.309744834899902344e-02
-1.018206626176834106e-01
1.432902067899703979e-01
-9.522841870784759521e-02
-1.203068122267723083e-01
5.894590541720390320e-02
-7.954876869916915894e-02
8.309278637170791626e-02
2.661752514541149139e-02
-2.084224671125411987e-01
4.168711230158805847e-02
6.331850588321685791e-02
-3.798484569415450096e-03
6.722683459520339966e-02
-5.205518752336502075e-02
5.580608546733856201e-02
-5.270464345812797546e-02
7.988344132900238037e-02
7.473126053810119629e-03
-4.835843294858932495e-02
-1.453798562288284302e-01
-4.708522930741310120e-02
-6.937731802463531494e-02
-2.363152801990509033e-02
-4.695990681648254395e-02
-5.903329700231552124e-02
-2.818883769214153290e-02
3.193344920873641968e-02
5.840380489826202393e-02
-8.282550424337387085e-02
5.627260729670524597e-02
-1.250842027366161346e-02
1.289377734065055847e-02
-1.091793272644281387e-02
-5.409603472799062729e-03
-6.270728260278701782e-02
7.759931683540344238e-02
8.458548784255981445e-02
9.352201223373413086e-02
-1.059519872069358826e-01
9.977526962757110596e-03
1.342739909887313843e-01
-1.752118207514286041e-02
8.586271852254867554e-02
7.694208994507789612e-03
-3.911403939127922058e-02
-1.931178756058216095e-02
6.360030174255371094e-02
5.623125657439231873e-02
-5.100800469517707825e-02
-4.199873283505439758e-02
9.858429431915283203e-02
2.300328807905316353e-03
4.456803947687149048e-02
-5.207999050617218018e-02
-2.509781552362255752e-05
-3.969446942210197449e-02
-9.240815043449401855e-02
-1.065463423728942871e-01
9.553293138742446899e-02
6.266978103667497635e-03
9.195064008235931396e-02
-7.785079628229141235e-02
3.926783055067062378e-02
3.923122584819793701e-02
2.805741690099239349e-02
-8.248537778854370117e-02
1.509276684373617172e-02
1.004859581589698792e-01
2.560656704008579254e-02
3.603981435298919678e-02
5.503384768962860107e-02
5.490722134709358215e-02
-1.274370849132537842e-01
-8.010182529687881470e-02
-4.461150243878364563e-02
8.772598206996917725e-02
3.296553855761885643e-03
-2.956763096153736115e-02
1.874019950628280640e-02
-5.340817198157310486e-02
-5.933544039726257324e-02
8.997347205877304077e-03
-2.461560629308223724e-02
-4.713869094848632812e-02
-3.166396170854568481e-02
1.068743094801902771e-01
1.928753033280372620e-02
-6.545010954141616821e-02
-6.141881749499589205e-05
7.327766157686710358e-03
9.641751646995544434e-02
-2.300626784563064575e-02
-3.182505443692207336e-02
-2.719011344015598297e-02
-2.646739780902862549e-02
4.742528870701789856e-02
3.144197165966033936e-02
-2.732874639332294464e-02
-4.123746231198310852e-02
1.421919912099838257e-01
1.047530099749565125e-01
-5.362579971551895142e-02
3.898482769727706909e-02
3.534004837274551392e-02
-2.045579999685287476e-02
-7.037777453660964966e-02
-4.884396214038133621e-03
-4.927832633256912231e-02
-1.373646128922700882e-02
-1.871782355010509491e-02
1.699220202863216400e-02
-2.387203834950923920e-02
-1.666331477463245392e-02
6.364538520574569702e-02
-3.891301900148391724e-02
3.135760873556137085e-02
6.005223095417022705e-02
1.715530641376972198e-02
1.075492724776268005e-01
-1.871735975146293640e-02
-2.875941805541515350e-02
1.438450254499912262e-02
2.674701623618602753e-02
2.048874506726861000e-03
-4.894728306680917740e-03
-1.259419769048690796e-01
4.439891874790191650e-02
6.337497383356094360e-02
3.801962360739707947e-02
-1.242408994585275650e-02
-1.189956348389387131e-02
-1.454695407301187515e-02
2.355887740850448608e-02
-2.124347910284996033e-02
9.529975359328091145e-04
3.990756347775459290e-03
2.910714969038963318e-02
9.959398768842220306e-03
8.273799717426300049e-02
-3.054789826273918152e-02
3.822019323706626892e-02
1.333190500736236572e-02
-5.831441283226013184e-02
6.198780238628387451e-02
8.508797734975814819e-02
4.351177439093589783e-02
-8.288133144378662109e-02
8.901057392358779907e-02
1.657467521727085114e-02
3.703616559505462646e-02
-1.192538160830736160e-02
4.636934027075767517e-02
8.105014264583587646e-02
1.285987626761198044e-02
-1.383283585309982300e-01
7.864459417760372162e-03
1.798279210925102234e-02
9.272017329931259155e-02
-6.819551438093185425e-02
7.074639946222305298e-02
-4.925298853777348995e-04
-6.013998389244079590e-02
-4.299371689558029175e-02
7.345371693372726440e-02
-4.666962102055549622e-02
-7.602526992559432983e-02
-7.165620476007461548e-02
-5.442643910646438599e-02
-5.520030111074447632e-02
2.732668630778789520e-02
1.274363547563552856e-01
-8.952165953814983368e-03
1.279805153608322144e-01
-1.174825951457023621e-01
-2.435088343918323517e-02
-6.775891780853271484e-02
2.304118126630783081e-02
2.627299726009368896e-02
-9.662944078445434570e-02
