1.261647939682006836e-01
-8.212392218410968781e-03
3.559026494622230530e-02
-3.411726653575897217e-02
-3.081629984080791473e-02
-2.919333986937999725e-02
-8.798131346702575684e-02
-4.904267191886901855e-02
4.791767150163650513e-02
3.647481277585029602e-02
2.557099098339676857e-03
-3.890873119235038757e-02
-1.839172793552279472e-03
-8.059980720281600952e-02
7.483172696083784103e-03
-5.339864268898963928e-02
2.937115170061588287e-02
7.841825485229492188e-02
-1.423134189099073410e-02
-5.369462538510560989e-03
-1.227611023932695389e-02
3.387755015864968300e-03
1.786050759255886078e-02
-2.618792839348316193e-02
-3.662044182419776917e-02
-1.050074324011802673e-01
4.559927806258201599e-02
-6.550536304712295532e-02
-1.153807714581489563e-01
-1.017565578222274780e-01
6.381965428590774536e-02
-3.254213929176330566e-02
-5.529557168483734131e-02
-7.053603231906890869e-02
2.974195778369903564e-02
-1.033316180109977722e-02
1.530484948307275772e-02
-5.091150104999542236e-02
-5.414748191833496094e-02
-5.782182514667510986e-02
6.977859139442443848e-02
-6.114616990089416504e-03
3.645432740449905396e-02
8.586982637643814087e-02
3.461442887783050537e-02
7.169167511165142059e-03
-1.401060521602630615e-01
4.803887382149696350e-02
-2.815892547369003296e-02
-5.507251620292663574e-02
-1.833525747060775757e-01
7.940091937780380249e-02
1.224619969725608826e-01
-1.011511012911796570e-01
-4.176278412342071533e-02
6.154237315058708191e-02
-2.989198453724384308e-02
-1.135395467281341553e-02
1.630453765392303467e-01
-1.686477102339267731e-02
7.397291809320449829e-02
4.972865805029869080e-02
-9.044735878705978394e-02
1.063487608917057514e-03
-6.663305312395095825e-02
-6.593511253595352173e-02
-4.853725805878639221e-02
-1.065958365797996521e-01
-1.211839960888028145e-03
-5.631009116768836975e-02
-8.535232394933700562e-02
-9.819502383470535278e-02
1.276022940874099731e-01
-8.156552165746688843e-02
-1.399510502815246582e-01
5.216985195875167847e-02
-6.753327697515487671e-02
8.053559809923171997e-02
3.816996933892369270e-03
-2.077385336160659790e-01
4.234004393219947815e-02
5.830731615424156189e-02
1.765331812202930450e-02
7.127139717340469360e-02
-5.775347724556922913e-02
5.085425451397895813e-02
-3.991116955876350403e-02
4.963586851954460144e-02
3.661219030618667603e-02
-4.855481907725334167e-02
-1.732433289289474487e-01
-3.477691486477851868e-02
-5.828030779957771301e-02
-2.125531993806362152e-02
-5.987130478024482727e-02
-6.297031044960021973e-02
-2.538283169269561768e-02
2.034127153456211090e-02
7.238046824932098389e-02
-9.597517549991607666e-02
6.185226142406463623e-02
-1.269026380032300949e-02
1.866968721151351929e-02
-2.254567295312881470e-02
1.312167267315089703e-03
-6.295357644557952881e-02
8.462855964899063110e-02
9.130498766899108887e-02
1.080192103981971741e-01
-1.051171943545341492e-01
-1.173054683022201061e-03
1.445061266422271729e-01
-2.574367681518197060e-03
9.750106930732727051e-02
8.202528581023216248e-03
-2.587915584444999695e-02
-1.219321973621845245e-02
4.976186528801918030e-02
5.670477822422981262e-02
-5.800981074571609497e-02
-5.307084694504737854e-02
1.028414070606231689e-01
1.068505458533763885e-02
5.539887398481369019e-02
-6.330796331167221069e-02
-1.022567506879568100e-02
-4.998898506164550781e-02
-8.961652219295501709e-02
-1.055248454213142395e-01
1.056371405720710754e-01
1.052593532949686050e-02
8.953266590833663940e-02
-9.317216277122497559e-02
3.283577412366867065e-02
3.449412435293197632e-02
2.070778235793113708e-02
-7.512508332729339600e-02
1.904889382421970367e-02
9.494546800851821899e-02
4.823805391788482666e-02
2.785879746079444885e-02
4.207751899957656860e-02
6.130997836589813232e-02
-1.418768614530563354e-01
-8.237429708242416382e-02
-5.248161032795906067e-02
9.160380810499191284e-02
9.785298258066177368e-03
1.597196329385042191e-03
2.172796614468097687e-02
-6.893411278724670410e-02
-5.909191817045211792e-02
2.726772986352443695e-02
-1.254683826118707657e-02
-4.420057311654090881e-02
-4.432766512036323547e-02
1.077063679695129395e-01
9.479786269366741180e-03
-6.510998308658599854e-02
8.978491649031639099e-03
-2.848759759217500687e-03
1.059266328811645508e-01
-3.952044621109962463e-02
-3.019827976822853088e-02
-1.867854967713356018e-02
-6.341639440506696701e-03
3.584244847297668457e-02
4.118719324469566345e-02
-5.461296811699867249e-02
-4.566075280308723450e-02
1.438515931367874146e-01
1.141062229871749878e-01
-3.886007145047187805e-02
4.355930536985397339e-02
4.887156188488006592e-02
-3.228071331977844238e-02
-8.150482177734375000e-02
-1.837353222072124481e-02
-3.773082792758941650e-02
8.784018456935882568e-03
-2.750788442790508270e-02
1.984850876033306122e-02
-2.145159430801868439e-02
-1.203371025621891022e-02
7.345762103796005249e-02
-2.897770889103412628e-02
3.448152914643287659e-02
6.187672913074493408e-02
1.917846128344535828e-02
1.116401925683021545e-01
-2.284835837781429291e-02
-1.681544445455074310e-02
9.860348887741565704e-03
2.269904315471649170e-02
-1.681855414062738419e-03
5.646258126944303513e-03
-1.244703158736228943e-01
4.685573279857635498e-02
7.320474833250045776e-02
5.133102461695671082e-02
-1.156352832913398743e-02
-2.025038376450538635e-02
-1.236210204660892487e-02
2.815474197268486023e-02
-2.932822145521640778e-02
7.577620446681976318e-03
-3.371522994711995125e-03
3.404016420245170593e-02
1.607017964124679565e-02
8.955231308937072754e-02
-2.046354673802852631e-02
3.516960516571998596e-02
2.564488211646676064e-03
-5.723261833190917969e-02
4.820564016699790955e-02
7.581513375043869019e-02
3.763686120510101318e-02
-8.931545168161392212e-02
9.024872630834579468e-02
1.764240674674510956e-03
3.769083693623542786e-02
-1.727745868265628815e-02
5.765357986092567444e-02
9.718108922243118286e-02
2.363985404372215271e-02
-1.337928175926208496e-01
1.213873736560344696e-02
1.217577327042818069e-02
7.622747868299484253e-02
-5.043246969580650330e-02
4.292872175574302673e-02
-7.138960529118776321e-03
-5.781762674450874329e-02
-3.750099986791610718e-02
4.450985044240951538e-02
-3.199144825339317322e-02
-5.323826149106025696e-02
-5.788094922900199890e-02
-1.972771249711513519e-02
-4.807667061686515808e-02
1.392494142055511475e-02
7.458630949258804321e-02
-1.614861190319061279e-02
6.401648372411727905e-02
-7.905631512403488159e-02
-1.768104918301105499e-02
-4.937755689024925232e-02
8.613470941781997681e-03
1.162882801145315170e-02
-5.902841314673423767e-02
