2.048226147890090942e-01
-4.557892680168151855e-03
4.574511200189590454e-02
-6.047334522008895874e-02
-4.364475607872009277e-02
-5.968490242958068848e-02
-1.065614446997642517e-01
-5.922473222017288208e-02
6.013899669051170349e-02
5.028061196208000183e-02
-7.677485700696706772e-03
-5.840327963232994080e-02
-4.307243973016738892e-03
-1.027754396200180054e-01
1.566651277244091034e-02
-6.260440498590469360e-02
3.231836482882499695e-02
9.753722697496414185e-02
2.090320177376270294e-02
-9.417847730219364166e-03
-4.285699129104614258e-02
-1.961128413677215576e-02
3.251704201102256775e-02
-1.071781478822231293e-02
-6.672902405261993408e-02
-1.270639300346374512e-01
3.277035057544708252e-02
-7.771276682615280151e-02
-1.234430521726608276e-01
-9.315827488899230957e-02
5.910104140639305115e-02
-6.135039776563644409e-02
-4.869597405195236206e-02
-7.202927768230438232e-02
2.465192787349224091e-02
-1.699757575988769531e-02
4.172695428133010864e-02
-3.255033865571022034e-02
-5.249617993831634521e-02
-6.072549521923065186e-02
4.432791471481323242e-02
-1.757271401584148407e-02
4.493043571710586548e-02
6.004809960722923279e-02
6.021822988986968994e-02
3.201106563210487366e-02
-1.155035123229026794e-01
2.945719100534915924e-02
-3.310755267739295959e-02
-3.258886188268661499e-02
-1.745178252458572388e-01
5.224346369504928589e-02
1.125444620847702026e-01
-8.010548353195190430e-02
-3.460049256682395935e-02
4.399095103144645691e-02
-3.951929882168769836e-02
1.252622436732053757e-02
1.519143581390380859e-01
-9.927346371114253998e-03
5.818638205528259277e-02
3.286027535796165466e-02
-7.918976992368698120e-02
8.429312147200107574e-03
-7.324587553739547729e-02
-6.082832813262939453e-02
-4.693551734089851379e-02
-9.747008234262466431e-02
1.311586890369653702e-02
-2.948067337274551392e-02
-8.416884392499923706e-02
-8.724544197320938110e-02
1.398423761129379272e-01
-7.601970434188842773e-02
-1.217706054449081421e-01
5.063774436712265015e-02
-6.044885143637657166e-02
7.331278920173645020e-02
5.906698759645223618e-03
-1.632970869541168213e-01
4.527718201279640198e-02
6.912682950496673584e-02
2.124452218413352966e-02
5.477967113256454468e-02
-5.009736120700836182e-02
5.633309110999107361e-02
-2.007549069821834564e-02
6.578987091779708862e-02
3.393344208598136902e-02
-3.310411050915718079e-02
-1.570817977190017700e-01
-2.418807893991470337e-02
-6.817492097616195679e-02
-1.470223255455493927e-02
-4.117712751030921936e-02
-5.057459697127342224e-02
-2.201760932803153992e-02
3.917092829942703247e-02
9.692918509244918823e-02
-9.240473061800003052e-02
6.296023726463317871e-02
-6.336374208331108093e-03
2.324157580733299255e-02
-1.744171604514122009e-02
-2.133015543222427368e-02
-4.559667408466339111e-02
4.981052130460739136e-02
8.712930232286453247e-02
9.613504260778427124e-02
-9.442981332540512085e-02
-1.355307456105947495e-02
1.415629833936691284e-01
-3.386963531374931335e-02
7.936216890811920166e-02
8.379916660487651825e-03
-1.439936552196741104e-02
-8.536707609891891479e-03
6.088344752788543701e-02
5.205145850777626038e-02
-6.418520212173461914e-02
-4.575796425342559814e-02
1.064641103148460388e-01
-6.414118688553571701e-03
4.579137265682220459e-02
-3.433792665600776672e-02
6.139833480119705200e-03
-5.190277099609375000e-02
-7.093213498592376709e-02
-1.023803725838661194e-01
1.212974041700363159e-01
-1.638104673475027084e-03
7.369046658277511597e-02
-8.694291859865188599e-02
3.583133220672607422e-02
4.296891018748283386e-02
1.677266694605350494e-02
-7.209058105945587158e-02
1.954371668398380280e-02
1.045606210827827454e-01
5.508386716246604919e-02
1.293937209993600845e-02
4.689093679189682007e-02
3.288561105728149414e-02
-1.315561085939407349e-01
-7.161352783441543579e-02
-5.004492029547691345e-02
8.452239632606506348e-02
2.114269649609923363e-03
-1.369326934218406677e-02
5.904747638851404190e-03
-8.028971403837203979e-02
-5.851679295301437378e-02
9.540292434394359589e-03
-2.446579933166503906e-02
-4.360318556427955627e-02
-2.688750997185707092e-02
1.085865572094917297e-01
3.227435052394866943e-02
-6.000904366374015808e-02
-4.145465325564146042e-03
-6.180196069180965424e-03
9.573294222354888916e-02
-9.441396221518516541e-03
-3.069663047790527344e-02
-3.917834162712097168e-02
-2.038870751857757568e-02
3.709804266691207886e-02
6.011160835623741150e-02
-3.088151477277278900e-02
-5.783829465508460999e-02
1.467458158731460571e-01
1.176262572407722473e-01
-4.753110930323600769e-02
5.974327772855758667e-02
4.272982850670814514e-02
-1.574106141924858093e-02
-6.893366575241088867e-02
-9.829687885940074921e-03
-5.687381327152252197e-02
-4.639697726815938950e-03
-3.162202425301074982e-03
1.609410904347896576e-02
-2.134398557245731354e-02
-1.307378429919481277e-02
8.561392128467559814e-02
-1.716275699436664581e-02
3.647330403327941895e-02
5.687349289655685425e-02
1.969723962247371674e-02
9.879029542207717896e-02
-3.657118976116180420e-02
-2.766682580113410950e-02
2.163130789995193481e-02
1.483353693038225174e-02
-7.649468723684549332e-03
1.209396775811910629e-02
-1.066233739256858826e-01
5.528376251459121704e-02
5.294251069426536560e-02
5.922703817486763000e-02
-1.157234236598014832e-02
-2.599775418639183044e-02
-1.303692720830440521e-02
2.301941253244876862e-02
-2.867599017918109894e-02
-1.565990410745143890e-02
-5.576202180236577988e-03
2.915368229150772095e-02
-2.126530744135379791e-03
8.405408263206481934e-02
-2.753331512212753296e-02
2.415025420486927032e-02
1.108093000948429108e-02
-5.602582916617393494e-02
4.932489991188049316e-02
5.759662389755249023e-02
2.219188213348388672e-02
-7.540410012006759644e-02
5.528168752789497375e-02
-8.183639496564865112e-03
1.414206437766551971e-02
-7.478778716176748276e-03
3.842915594577789307e-02
7.236666232347488403e-02
1.989029720425605774e-02
-1.168413534760475159e-01
3.258112818002700806e-02
1.932103745639324188e-02
7.303451001644134521e-02
-5.402278155088424683e-02
3.022467903792858124e-02
-2.401138469576835632e-02
-6.346984207630157471e-02
-5.258710309863090515e-02
9.480079263448715210e-02
-3.905466943979263306e-02
-9.298080950975418091e-02
-4.665187373757362366e-02
-3.939547389745712280e-02
-4.291458055377006531e-02
3.986284881830215454e-02
1.164698749780654907e-01
-6.063158623874187469e-03
1.190597265958786011e-01
-1.509739458560943604e-01
-2.238528802990913391e-02
-7.046963274478912354e-02
1.415372081100940704e-02
2.723764441907405853e-02
-8.228500187397003174e-02
