1.736855357885360718e-01
-1.794360019266605377e-02
4.157315939664840698e-02
-4.980992525815963745e-02
-5.608123168349266052e-02
-2.778323367238044739e-02
-1.066809222102165222e-01
-5.216121673583984375e-02
8.018246293067932129e-02
5.744030326604843140e-02
2.392903529107570648e-02
-5.446374416351318359e-02
-1.152568589895963669e-02
-9.346682578325271606e-02
1.776978932321071625e-02
-5.068346112966537476e-02
3.208016604185104370e-02
9.569485485553741455e-02
2.185317128896713257e-02
-3.339330106973648071e-02
-4.522804170846939087e-02
2.069847658276557922e-03
9.625567123293876648e-03
-1.854525320231914520e-02
-3.853533789515495300e-02
-1.245564967393875122e-01
2.342610619962215424e-02
-6.814941763877868652e-02
-1.149450466036796570e-01
-1.128360256552696228e-01
7.520512491464614868e-02
-5.740024894475936890e-02
-6.587605923414230347e-02
-7.067711651325225830e-02
2.953092195093631744e-02
-1.749938353896141052e-02
1.941369473934173584e-02
-2.987220697104930878e-02
-4.425662755966186523e-02
-3.977713361382484436e-02
5.434314161539077759e-02
-1.839254237711429596e-02
3.916940093040466309e-02
7.033056020736694336e-02
4.321582987904548645e-02
3.284052386879920959e-02
-1.169901266694068909e-01
2.369640581309795380e-02
-2.624829299747943878e-02
-2.774663083255290985e-02
-1.745724976062774658e-01
5.975291877985000610e-02
1.167859584093093872e-01
-9.723755717277526855e-02
-4.431077092885971069e-02
4.814044386148452759e-02
-3.147819265723228455e-02
2.556937187910079956e-02
1.643434911966323853e-01
-1.623823866248130798e-02
5.561688542366027832e-02
3.923919796943664551e-02
-6.623864918947219849e-02
-7.250234950333833694e-03
-6.676787883043289185e-02
-6.317040324211120605e-02
-5.673437938094139099e-02
-9.771611541509628296e-02
-4.188744816929101944e-03
-4.888782277703285217e-02
-1.052595525979995728e-01
-8.992917090654373169e-02
1.438540667295455933e-01
-9.476584941148757935e-02
-1.291994154453277588e-01
5.168870091438293457e-02
-7.825832813978195190e-02
7.641664892435073853e-02
1.942931115627288818e-02
-1.934342831373214722e-01
4.766393825411796570e-02
5.025111883878707886e-02
5.396476946771144867e-03
7.188141345977783203e-02
-5.966239050030708313e-02
4.832666739821434021e-02
-3.979385644197463989e-02
7.435549795627593994e-02
1.888358034193515778e-02
-3.371591120958328247e-02
-1.405097991228103638e-01
-4.294950142502784729e-02
-6.908289343118667603e-02
-2.778478153049945831e-02
-4.977822676301002502e-02
-5.938853323459625244e-02
-2.472523413598537445e-02
3.032019734382629395e-02
4.986533895134925842e-02
-8.766519278287887573e-02
3.672664612531661987e-02
-1.168705243617296219e-02
5.928891710937023163e-03
-1.658648438751697540e-02
-9.899330325424671173e-03
-5.452381074428558350e-02
6.614291667938232422e-02
8.683369308710098267e-02
8.452620357275009155e-02
-9.284602105617523193e-02
2.695616334676742554e-03
1.205902546644210815e-01
-3.405103087425231934e-02
7.540303468704223633e-02
-4.049575421959161758e-03
-1.534318085759878159e-02
-2.712694369256496429e-02
5.047318339347839355e-02
5.597073584794998169e-02
-4.680320993065834045e-02
-2.098855189979076385e-02
9.673520922660827637e-02
5.249090492725372314e-03
3.398633748292922974e-02
-4.706813395023345947e-02
1.745648309588432312e-02
-3.518495336174964905e-02
-8.756884187459945679e-02
-9.549787640571594238e-02
8.333659917116165161e-02
5.057612899690866470e-03
7.822576165199279785e-02
-8.574748039245605469e-02
3.273979574441909790e-02
4.037124663591384888e-02
9.534287266433238983e-03
-7.754235714673995972e-02
1.492922473698854446e-02
8.634029328823089600e-02
3.101505339145660400e-02
1.832541637122631073e-02
6.082793697714805603e-02
3.251904249191284180e-02
-1.296694278717041016e-01
-6.377743184566497803e-02
-4.990191012620925903e-02
7.946604490280151367e-02
4.954681731760501862e-03
-2.349559962749481201e-02
9.074000641703605652e-03
-5.632703378796577454e-02
-4.439971596002578735e-02
6.291609257459640503e-03
-2.415860444307327271e-02
-4.823047667741775513e-02
-2.843826822936534882e-02
1.024694442749023438e-01
1.765864901244640350e-02
-6.297059357166290283e-02
-4.645078442990779877e-03
1.043664291501045227e-02
8.474438637495040894e-02
-1.017069164663553238e-02
-3.280575573444366455e-02
-4.511515423655509949e-02
-1.658970676362514496e-02
3.987348079681396484e-02
3.244871646165847778e-02
-3.558791428804397583e-02
-5.011752992868423462e-02
1.634335070848464966e-01
1.234036833047866821e-01
-6.050521135330200195e-02
3.404731675982475281e-02
3.352291509509086609e-02
-9.266262874007225037e-03
-6.225601583719253540e-02
-3.934468142688274384e-03
-3.186365962028503418e-02
-1.138781104236841202e-02
-2.016739919781684875e-02
8.627867326140403748e-03
-3.218274936079978943e-02
-1.154667325317859650e-02
6.148372590541839600e-02
-2.627384662628173828e-02
2.272297814488410950e-02
5.768451467156410217e-02
2.364447526633739471e-02
1.134413182735443115e-01
-2.056862041354179382e-02
-2.727412618696689606e-02
2.941900119185447693e-02
3.249602764844894409e-02
-2.930203219875693321e-03
4.376913420855998993e-03
-1.107362359762191772e-01
4.433743655681610107e-02
5.640800297260284424e-02
4.576818272471427917e-02
-2.411203272640705109e-02
-3.731952235102653503e-02
-2.857069298624992371e-02
2.359266765415668488e-02
-3.754225373268127441e-02
-1.105368789285421371e-02
5.096295382827520370e-03
3.397411853075027466e-02
-2.895035548135638237e-03
9.307283163070678711e-02
-4.134681820869445801e-02
4.358956962823867798e-02
5.471590440720319748e-03
-6.434762477874755859e-02
6.256365776062011719e-02
8.005765825510025024e-02
3.724122047424316406e-02
-7.285540550947189331e-02
7.551068812608718872e-02
1.744751818478107452e-02
3.728293627500534058e-02
-1.144030876457691193e-02
3.885075077414512634e-02
7.092649489641189575e-02
1.034536771476268768e-02
-1.449716538190841675e-01
1.246259082108736038e-02
1.907130703330039978e-02
1.006882637739181519e-01
-5.005556717514991760e-02
5.363872647285461426e-02
-9.024505503475666046e-03
-5.689624696969985962e-02
-3.906140103936195374e-02
7.547575235366821289e-02
-4.717171937227249146e-02
-7.430233806371688843e-02
-6.190657615661621094e-02
-5.073952674865722656e-02
-4.847102984786033630e-02
3.135003149509429932e-02
1.365379989147186279e-01
-1.863789744675159454e-02
1.301662921905517578e-01
-1.417066752910614014e-01
-2.418820746243000031e-02
-6.754108518362045288e-02
-1.457466860301792622e-03
3.901625052094459534e-02
-8.822918683290481567e-02
