1.738394200801849365e-01
1.515370700508356094e-02
3.986826539039611816e-02
-2.655383013188838959e-02
-2.121566236019134521e-02
-6.984170526266098022e-02
-7.934902608394622803e-02
-3.483254835009574890e-02
1.999969221651554108e-02
2.284085378050804138e-03
-2.876885607838630676e-02
-4.107009992003440857e-02
2.394726499915122986e-02
-7.960701733827590942e-02
2.267258986830711365e-02
-5.664108693599700928e-02
1.675410196185112000e-02
5.444723740220069885e-02
-1.478586159646511078e-02
1.826524361968040466e-02
-9.607203304767608643e-03
-9.367536753416061401e-03
4.370458051562309265e-02
-2.101920917630195618e-02
-3.135216981172561646e-02
-8.919607847929000854e-02
3.472198545932769775e-02
-6.379207223653793335e-02
-1.152628138661384583e-01
-5.515211075544357300e-02
1.964944787323474884e-02
-1.591317728161811829e-02
-5.557082593441009521e-03
-8.121675252914428711e-02
1.670669578015804291e-02
-1.071152649819850922e-02
5.885201692581176758e-02
-3.393181785941123962e-02
-9.075606614351272583e-02
-6.946748495101928711e-02
6.677318364381790161e-02
-6.830847356468439102e-03
4.939950257539749146e-02
5.654308199882507324e-02
3.126693144440650940e-02
2.661742269992828369e-02
-1.056974977254867554e-01
2.591466344892978668e-02
-4.694052785634994507e-02
-4.297168552875518799e-02
-1.886309087276458740e-01
5.364813283085823059e-02
8.944810926914215088e-02
-6.631154567003250122e-02
-3.430102765560150146e-02
5.902019888162612915e-02
-3.357201814651489258e-02
-3.224896639585494995e-02
1.665766090154647827e-01
1.326682325452566147e-02
6.904936581850051880e-02
7.236714009195566177e-03
-8.801186084747314453e-02
2.847716026008129120e-02
-7.589951157569885254e-02
-5.914304032921791077e-02
-4.189985617995262146e-02
-1.180410906672477722e-01
2.761063911020755768e-02
-4.649451747536659241e-02
-6.665377318859100342e-02
-1.041137203574180603e-01
1.434946209192276001e-01
-6.248801946640014648e-02
-1.245807036757469177e-01
4.470150917768478394e-02
-4.014406353235244751e-02
9.324570000171661377e-02
-3.009975480381399393e-04
-1.716133952140808105e-01
5.190636962652206421e-02
6.781183928251266479e-02
2.318123355507850647e-03
5.921242013573646545e-02
-4.073791950941085815e-02
4.964407160878181458e-02
-2.575376257300376892e-02
7.935295999050140381e-02
4.552508518099784851e-02
-3.584066778421401978e-02
-1.787879616022109985e-01
-3.632101416587829590e-02
-5.064010620117187500e-02
-5.676108412444591522e-04
-3.918718919157981873e-02
-3.392146155238151550e-02
-3.882744163274765015e-02
5.683297663927078247e-02
1.479909569025039673e-01
-1.155942529439926147e-01
1.049585267901420593e-01
-3.777095302939414978e-02
4.383102804422378540e-02
-4.303790163248777390e-03
-1.990501768887042999e-02
-4.557326808571815491e-02
6.005040183663368225e-02
9.578062593936920166e-02
1.407953351736068726e-01
-9.091134369373321533e-02
-2.558438479900360107e-02
1.706759780645370483e-01
3.302229335531592369e-03
1.124891564249992371e-01
8.282516151666641235e-03
-4.512020200490951538e-02
-8.748102001845836639e-03
6.434566527605056763e-02
5.975785478949546814e-02
-7.935202866792678833e-02
-8.314380049705505371e-02
1.159700453281402588e-01
-1.198783703148365021e-02
4.546519741415977478e-02
-2.601396106183528900e-02
-1.451721880584955215e-02
-7.147326320409774780e-02
-6.928791850805282593e-02
-1.077733337879180908e-01
1.405505985021591187e-01
-6.181275006383657455e-03
7.889063656330108643e-02
-9.091882407665252686e-02
4.326421022415161133e-02
5.736592784523963928e-02
4.097252339124679565e-02
-9.329406917095184326e-02
1.939916796982288361e-02
1.145624965429306030e-01
6.684318929910659790e-02
3.225286304950714111e-02
1.748203113675117493e-02
8.805681765079498291e-02
-1.404089033603668213e-01
-8.523213863372802734e-02
-4.478224366903305054e-02
8.195134252309799194e-02
3.220463113393634558e-04
-2.656745910644531250e-02
3.612032160162925720e-02
-9.118098765611648560e-02
-8.391838520765304565e-02
2.363303303718566895e-02
-3.442075848579406738e-02
-5.951097607612609863e-02
-4.312877357006072998e-02
9.575099498033523560e-02
2.918643690645694733e-02
-5.712180212140083313e-02
1.435829326510429382e-03
-1.452457997947931290e-02
9.396717697381973267e-02
-8.087462745606899261e-03
-1.774116978049278259e-02
-7.684151642024517059e-03
-7.630110718309879303e-03
4.045385494828224182e-02
5.381086096167564392e-02
-3.210743144154548645e-02
-3.898460045456886292e-02
9.659401327371597290e-02
9.709161520004272461e-02
-4.730099812150001526e-02
5.921345204114913940e-02
5.439274385571479797e-02
-3.319584578275680542e-02
-6.069172546267509460e-02
-2.503552241250872612e-03
-7.006711512804031372e-02
3.633028361946344376e-03
-7.653505075722932816e-03
3.166115656495094299e-02
-2.124612778425216675e-02
-2.512148022651672363e-02
8.409351110458374023e-02
-2.299638837575912476e-02
3.804494068026542664e-02
5.326898768544197083e-02
6.365440320223569870e-03
7.370556145906448364e-02
-3.349282592535018921e-02
-3.945093601942062378e-02
8.146408945322036743e-03
4.155043046921491623e-03
-1.595404185354709625e-02
1.382560096681118011e-02
-1.126697883009910583e-01
4.578007757663726807e-02
4.902000352740287781e-02
6.308445334434509277e-02
2.708757296204566956e-03
1.188029884360730648e-03
1.572841405868530273e-02
3.179083392024040222e-02
-3.922890871763229370e-02
1.663375459611415863e-02
-1.721501722931861877e-02
2.420468721538782120e-03
1.118972059339284897e-02
5.082589015364646912e-02
-9.259311482310295105e-03
1.028821710497140884e-02
-1.424728985875844955e-02
-3.458576649427413940e-02
2.197473868727684021e-02
5.997918918728828430e-02
2.731855958700180054e-02
-6.782174855470657349e-02
6.603260338306427002e-02
-1.148643065243959427e-02
-6.865553092211484909e-03
3.044020384550094604e-03
3.887229412794113159e-02
8.092679083347320557e-02
2.929247170686721802e-02
-9.217008203268051147e-02
1.056943647563457489e-02
9.660599753260612488e-03
3.849870339035987854e-02
-4.888936877250671387e-02
3.945995867252349854e-02
-9.970113169401884079e-04
-4.662336409091949463e-02
-7.764662802219390869e-02
7.843018323183059692e-02
-3.085421025753021240e-02
-6.726013869047164917e-02
-1.716296188533306122e-02
-2.283340692520141602e-02
-3.563497960567474365e-02
3.279223293066024780e-02
1.077147275209426880e-01
1.556760165840387344e-02
1.084621623158454895e-01
-1.124734356999397278e-01
-1.734061352908611298e-02
-5.616771429777145386e-02
4.948385804891586304e-02
2.523770369589328766e-02
-5.765108019113540649e-02
