2.010115236043930054e-01
8.021547459065914154e-03
5.713466554880142212e-02
-3.927620500326156616e-02
-5.607891082763671875e-02
-5.543420463800430298e-02
-1.177218630909919739e-01
-6.294725090265274048e-02
5.772342160344123840e-02
3.384400159120559692e-02
-8.702366612851619720e-03
-3.851982578635215759e-02
6.475404836237430573e-03
-1.174362599849700928e-01
2.220608294010162354e-02
-7.895468920469284058e-02
3.313427790999412537e-02
9.799905866384506226e-02
6.209792569279670715e-03
-6.459878757596015930e-03
-2.599481306970119476e-02
-1.638985425233840942e-02
4.738167673349380493e-02
-1.859530620276927948e-02
-6.143331155180931091e-02
-1.117432266473770142e-01
5.482435971498489380e-02
-8.303339779376983643e-02
-1.405545324087142944e-01
-1.086451038718223572e-01
4.866344481706619263e-02
-4.625284671783447266e-02
-7.334913592785596848e-03
-8.278150111436843872e-02
1.198256760835647583e-02
-1.192923751659691334e-03
4.062673822045326233e-02
-4.385858774185180664e-02
-6.523542851209640503e-02
-7.271505147218704224e-02
7.594805210828781128e-02
1.682049036026000977e-02
3.876625001430511475e-02
8.557447791099548340e-02
3.903048112988471985e-02
2.041464298963546753e-02
-1.207799613475799561e-01
3.287604451179504395e-02
-2.590278908610343933e-02
-4.316262528300285339e-02
-1.814358979463577271e-01
7.094687223434448242e-02
1.194974333047866821e-01
-7.445124536752700806e-02
-4.141014069318771362e-02
5.754795297980308533e-02
-3.209171444177627563e-02
-2.263450250029563904e-02
1.487906426191329956e-01
-1.372955553233623505e-02
7.086526602506637573e-02
3.022247366607189178e-02
-9.888385981321334839e-02
1.118114311248064041e-02
-6.581684201955795288e-02
-6.963207572698593140e-02
-5.106012523174285889e-02
-9.422925859689712524e-02
1.819285750389099121e-02
-5.416878685355186462e-02
-6.713694334030151367e-02
-1.183757856488227844e-01
1.251116991043090820e-01
-8.232441544532775879e-02
-1.203146651387214661e-01
4.446756467223167419e-02
-6.191831082105636597e-02
6.767323613166809082e-02
1.108599174767732620e-02
-1.876863837242126465e-01
3.255385532975196838e-02
6.101372465491294861e-02
1.972332410514354706e-02
6.404618173837661743e-02
-4.937736317515373230e-02
6.040199473500251770e-02
-4.020229354500770569e-02
3.746452927589416504e-02
4.097656905651092529e-02
-4.196183755993843079e-02
-1.499296724796295166e-01
-2.818196453154087067e-02
-6.193822249770164490e-02
-1.102819386869668961e-02
-5.942308530211448669e-02
-4.250645264983177185e-02
-2.673878334462642670e-02
3.965580463409423828e-02
9.105650335550308228e-02
-8.446963131427764893e-02
6.950493156909942627e-02
-1.563838683068752289e-02
2.812978625297546387e-02
-1.810513320378959179e-03
8.806112222373485565e-03
-3.973938152194023132e-02
6.648476421833038330e-02
8.597489446401596069e-02
1.026389151811599731e-01
-1.015933752059936523e-01
2.689078610274009407e-05
1.362937241792678833e-01
-2.028411952778697014e-03
9.713101387023925781e-02
9.612617082893848419e-03
-2.061996608972549438e-02
-6.428577005863189697e-03
6.366010755300521851e-02
5.206786468625068665e-02
-5.357403680682182312e-02
-6.717991083860397339e-02
9.443657845258712769e-02
5.862612742930650711e-03
6.418035179376602173e-02
-3.902457281947135925e-02
-5.894896108657121658e-03
-4.614702984690666199e-02
-6.910393387079238892e-02
-1.036089360713958740e-01
9.984047710895538330e-02
1.985828019678592682e-02
8.037246018648147583e-02
-8.245848864316940308e-02
4.695086181163787842e-02
2.077688649296760559e-02
2.117634750902652740e-02
-7.204663008451461792e-02
4.854706302285194397e-02
1.189790144562721252e-01
3.280468657612800598e-02
4.645776376128196716e-02
3.969311341643333435e-02
6.567941606044769287e-02
-1.324744522571563721e-01
-8.903741836547851562e-02
-6.405442208051681519e-02
9.788240492343902588e-02
1.682727970182895660e-02
-1.037084404379129410e-02
3.845125809311866760e-02
-5.752414464950561523e-02
-5.507133156061172485e-02
3.042602352797985077e-02
-1.648698374629020691e-02
-3.561770915985107422e-02
-4.267674311995506287e-02
1.050587669014930725e-01
8.314610458910465240e-03
-6.485947966575622559e-02
8.779299445450305939e-03
-4.128498490899801254e-03
9.003941714763641357e-02
-1.852570660412311554e-02
-2.454171516001224518e-02
5.536302924156188965e-03
-5.203645676374435425e-03
3.688662499189376831e-02
4.854319617152214050e-02
-3.505320101976394653e-02
-3.395660966634750366e-02
1.132118925452232361e-01
9.502023458480834961e-02
-2.419880777597427368e-02
3.850489109754562378e-02
5.067481473088264465e-02
-1.614123024046421051e-02
-7.554593682289123535e-02
-2.472105063498020172e-02
-5.767502263188362122e-02
-1.777960686013102531e-03
-1.083557028323411942e-02
3.281997516751289368e-02
-7.501357700675725937e-03
-3.215258941054344177e-02
7.993230223655700684e-02
-2.805682085454463959e-02
5.151111632585525513e-02
6.792858242988586426e-02
2.146895788609981537e-02
8.714583516120910645e-02
-3.029216825962066650e-02
-1.337586622685194016e-02
-5.220113322138786316e-03
8.533389307558536530e-03
-1.094044558703899384e-02
-4.323772620409727097e-03
-1.159157380461692810e-01
4.463582485914230347e-02
7.268457859754562378e-02
4.852221906185150146e-02
2.658992074429988861e-03
-6.293423939496278763e-03
4.081485327333211899e-03
3.200022876262664795e-02
-2.904406562447547913e-02
1.087424159049987793e-02
-3.819494508206844330e-03
2.541803754866123199e-02
2.183368057012557983e-02
7.714907079935073853e-02
-3.292094916105270386e-04
2.492582984268665314e-02
2.211292274296283722e-02
-5.276561155915260315e-02
3.452754393219947815e-02
7.181701064109802246e-02
2.581975609064102173e-02
-8.213356137275695801e-02
6.614625453948974609e-02
-7.238218095153570175e-03
2.422331646084785461e-02
4.434497561305761337e-03
6.979235261678695679e-02
8.953812718391418457e-02
2.332076802849769592e-02
-1.159804761409759521e-01
3.414325043559074402e-02
1.865461096167564392e-02
7.189244031906127930e-02
-6.665632128715515137e-02
4.618460685014724731e-02
-1.525198854506015778e-02
-7.318601012229919434e-02
-5.363041535019874573e-02
4.967382922768592834e-02
-4.935603588819503784e-02
-7.772929221391677856e-02
-5.109490826725959778e-02
-2.464764565229415894e-02
-5.396931245923042297e-02
3.792900964617729187e-02
8.104809373617172241e-02
-2.243150956928730011e-02
8.943744748830795288e-02
-9.862001985311508179e-02
-2.033768966794013977e-02
-4.535453021526336670e-02
2.763873152434825897e-02
1.720720529556274414e-02
-6.925366073846817017e-02
