1.280095577239990234e-01
-1.535938400775194168e-02
4.142425581812858582e-02
-5.031332373619079590e-02
-3.092022985219955444e-02
-2.658104710280895233e-02
-7.655231654644012451e-02
-4.211152344942092896e-02
4.025383666157722473e-02
4.669206589460372925e-02
1.123179215937852859e-02
-4.283588379621505737e-02
-9.747411124408245087e-03
-6.376604735851287842e-02
2.312113530933856964e-03
-2.869030274450778961e-02
2.608709409832954407e-02
8.394278585910797119e-02
-8.863076218403875828e-04
-1.136803347617387772e-02
-1.403158716857433319e-02
-2.441083634039387107e-04
2.153705805540084839e-02
-1.398674491792917252e-02
-2.480277232825756073e-02
-1.071474775671958923e-01
1.576020196080207825e-02
-5.021992325782775879e-02
-9.740025550127029419e-02
-9.144626557826995850e-02
5.963787436485290527e-02
-3.585364297032356262e-02
-7.706660032272338867e-02
-6.177993491291999817e-02
5.204335227608680725e-02
1.324065960943698883e-04
3.859251504763960838e-03
-4.270013794302940369e-02
-4.564118012785911560e-02
-5.529490858316421509e-02
4.583037644624710083e-02
-8.157333359122276306e-03
4.187262803316116333e-02
5.876021087169647217e-02
3.818057850003242493e-02
2.114624157547950745e-02
-1.224145516753196716e-01
5.138308927416801453e-02
-2.367811277508735657e-02
-2.193783223628997803e-02
-1.668623685836791992e-01
6.090267375111579895e-02
9.782440215349197388e-02
-8.640541881322860718e-02
-3.519278019666671753e-02
4.828727245330810547e-02
-1.858288049697875977e-02
3.182012960314750671e-02
1.640132367610931396e-01
-2.097599208354949951e-02
6.597250699996948242e-02
3.724636137485504150e-02
-7.312144339084625244e-02
-1.206048484891653061e-02
-7.291365414857864380e-02
-6.007364019751548767e-02
-5.780119076371192932e-02
-1.003010571002960205e-01
-8.865038864314556122e-03
-4.752780497074127197e-02
-9.700544178485870361e-02
-7.612511515617370605e-02
1.286048293113708496e-01
-8.506441116333007812e-02
-1.215615719556808472e-01
6.234803050756454468e-02
-7.318513095378875732e-02
9.103028476238250732e-02
1.910050958395004272e-02
-1.841383278369903564e-01
4.446179419755935669e-02
7.471335679292678833e-02
1.593147404491901398e-02
5.684350058436393738e-02
-5.454273149371147156e-02
4.614820331335067749e-02
-4.799219220876693726e-02
7.364473491907119751e-02
1.383670419454574585e-02
-4.698548838496208191e-02
-1.364026963710784912e-01
-4.784112423658370972e-02
-5.008940026164054871e-02
-2.569285780191421509e-02
-4.467962682247161865e-02
-6.564336270093917847e-02
-3.129992634057998657e-02
3.072969615459442139e-02
6.129663810133934021e-02
-8.444344997406005859e-02
5.670080706477165222e-02
7.559966179542243481e-04
5.613086279481649399e-03
-1.786324009299278259e-02
-1.234503649175167084e-02
-6.833365559577941895e-02
7.186336070299148560e-02
7.779593020677566528e-02
1.047180667519569397e-01
-1.048368662595748901e-01
1.159645523875951767e-02
1.521745622158050537e-01
-2.190555818378925323e-02
9.250119328498840332e-02
6.959820631891489029e-03
-3.053529746830463409e-02
-1.276290602982044220e-02
4.634249582886695862e-02
3.850051388144493103e-02
-5.075525492429733276e-02
-1.672774553298950195e-02
1.058417111635208130e-01
3.040881594642996788e-03
4.545460641384124756e-02
-6.676984578371047974e-02
-3.857468022033572197e-03
-3.384117409586906433e-02
-9.201827645301818848e-02
-1.107588335871696472e-01
1.133917048573493958e-01
1.973713003098964691e-02
8.878389745950698853e-02
-9.716921299695968628e-02
4.165892302989959717e-02
4.944678023457527161e-02
1.585034467279911041e-02
-7.332248240709304810e-02
-6.535553839057683945e-03
8.583115041255950928e-02
4.141186922788619995e-02
7.765998132526874542e-03
6.164035573601722717e-02
3.808614611625671387e-02
-1.176441833376884460e-01
-8.067308366298675537e-02
-4.001774638891220093e-02
9.244152903556823730e-02
7.181458640843629837e-04
-1.801689155399799347e-02
-2.039053797489032149e-04
-6.469366699457168579e-02
-7.539748400449752808e-02
7.288039661943912506e-03
-6.561891641467809677e-03
-4.464974999427795410e-02
-1.943914219737052917e-02
1.129502207040786743e-01
1.336717791855335236e-02
-6.063973531126976013e-02
-4.613551311194896698e-03
8.732760325074195862e-03
9.936478734016418457e-02
-2.776802331209182739e-02
-3.127424791455268860e-02
-4.253500327467918396e-02
-3.390297293663024902e-02
4.337081685662269592e-02
5.063852295279502869e-02
-4.294346272945404053e-02
-7.121150195598602295e-02
1.623978763818740845e-01
1.182257533073425293e-01
-5.836563184857368469e-02
5.323432385921478271e-02
3.661614656448364258e-02
-2.075885795056819916e-02
-7.947453111410140991e-02
4.070937167853116989e-03
-5.110823735594749451e-02
1.352229039184749126e-03
-1.619068719446659088e-02
9.510814212262630463e-03
-2.638468891382217407e-02
-1.491433009505271912e-03
5.600034072995185852e-02
-2.472441084682941437e-02
3.243567794561386108e-02
5.417299270629882812e-02
1.693003438413143158e-02
1.210468485951423645e-01
-1.714916154742240906e-02
-3.191572427749633789e-02
3.141440823674201965e-02
3.991966694593429565e-02
-2.097512362524867058e-03
3.940182738006114960e-03
-1.295570582151412964e-01
5.503404140472412109e-02
6.655808538198471069e-02
4.515542834997177124e-02
-2.627022005617618561e-02
-2.943540178239345551e-02
-1.273693796247243881e-02
2.242674306035041809e-02
-2.218191139400005341e-02
-5.192156415432691574e-03
1.349283009767532349e-02
3.396857902407646179e-02
8.378735743463039398e-03
8.390698581933975220e-02
-3.722585737705230713e-02
4.241931810975074768e-02
3.916885238140821457e-03
-7.076674699783325195e-02
6.971998512744903564e-02
7.912031561136245728e-02
4.602795466780662537e-02
-8.413892239332199097e-02
8.420017361640930176e-02
1.936541125178337097e-02
4.832476004958152771e-02
-1.902049407362937927e-02
3.916865959763526917e-02
7.554864138364791870e-02
2.116113714873790741e-02
-1.567872613668441772e-01
1.723232865333557129e-02
2.449664846062660217e-02
1.013399288058280945e-01
-7.716310024261474609e-02
5.615518242120742798e-02
-6.351700052618980408e-03
-7.544358074665069580e-02
-3.576719015836715698e-02
7.257719337940216064e-02
-4.083001241087913513e-02
-7.434313744306564331e-02
-7.136956602334976196e-02
-5.773949250578880310e-02
-6.182183325290679932e-02
1.092901453375816345e-02
1.276728957891464233e-01
-1.361924782395362854e-02
1.251313984394073486e-01
-1.291192770004272461e-01
-3.121143393218517303e-02
-8.650008589029312134e-02
1.452757860533893108e-03
2.919133752584457397e-02
-9.089759737253189087e-02
