1.741497665643692017e-01
-2.166890352964401245e-02
3.297019377350807190e-02
-6.274399161338806152e-02
-5.203757435083389282e-02
-2.524113841354846954e-02
-1.136216223239898682e-01
-5.484294518828392029e-02
8.869048953056335449e-02
9.299322217702865601e-02
1.261877827346324921e-02
-4.061054438352584839e-02
-1.360325142741203308e-02
-1.138086915016174316e-01
1.445044577121734619e-02
-6.086045876145362854e-02
2.221938408911228180e-02
6.346891075372695923e-02
2.078414335846900940e-02
-2.855321019887924194e-02
-5.976404994726181030e-02
-1.968398503959178925e-02
1.999255083501338959e-02
-4.715355578809976578e-03
-5.821972340345382690e-02
-1.186366677284240723e-01
1.775446534156799316e-02
-6.998343765735626221e-02
-9.804817289113998413e-02
-9.557230770587921143e-02
9.129681438207626343e-02
-7.840666919946670532e-02
-6.631277501583099365e-02
-8.666648715734481812e-02
3.906682878732681274e-02
-4.696513712406158447e-02
2.429695054888725281e-02
-2.941180951893329620e-02
-3.079080767929553986e-02
-2.310956083238124847e-02
1.753381639719009399e-02
-6.084366515278816223e-02
5.035793781280517578e-02
6.621616333723068237e-02
5.844724923372268677e-02
3.006708994507789612e-02
-1.176820993423461914e-01
-1.697294041514396667e-02
-1.992016844451427460e-02
-2.259450964629650116e-02
-1.576050072908401489e-01
5.342623963952064514e-02
1.255821734666824341e-01
-9.142752736806869507e-02
-4.907512292265892029e-02
3.322996571660041809e-02
-1.669895276427268982e-02
5.974661558866500854e-02
1.468908041715621948e-01
-1.875601336359977722e-02
4.904220625758171082e-02
4.156149923801422119e-02
-2.636197954416275024e-02
7.183196488767862320e-03
-7.353897392749786377e-02
-3.701651841402053833e-02
-7.321948558092117310e-02
-9.342204034328460693e-02
-8.415161864832043648e-04
-4.055282846093177795e-02
-1.205255314707756042e-01
-6.268929690122604370e-02
1.548648476600646973e-01
-7.301786541938781738e-02
-1.095761135220527649e-01
6.308641284704208374e-02
-6.332895904779434204e-02
6.347072124481201172e-02
-2.183509059250354767e-03
-1.423319578170776367e-01
6.884386390447616577e-02
7.104779779911041260e-02
2.373904734849929810e-02
5.064836889505386353e-02
-5.665840953588485718e-02
6.576578319072723389e-02
-2.024847641587257385e-02
6.946618854999542236e-02
1.479085255414247513e-02
-2.533275634050369263e-02
-1.620372682809829712e-01
-1.803946867585182190e-02
-6.316278874874114990e-02
-2.065538428723812103e-02
-3.179483488202095032e-02
-7.506871223449707031e-02
-3.971687331795692444e-02
7.236182224005460739e-03
6.126646324992179871e-02
-9.169348329305648804e-02
5.962810665369033813e-02
-3.919594921171665192e-03
1.317447982728481293e-02
-3.889811411499977112e-02
-4.211966320872306824e-02
-6.233332678675651550e-02
4.735360667109489441e-02
9.831672161817550659e-02
8.577188104391098022e-02
-9.895534813404083252e-02
-7.277029566466808319e-03
1.275063157081604004e-01
-6.576596200466156006e-02
7.635937631130218506e-02
3.848642110824584961e-03
-1.810151338577270508e-02
-1.119596511125564575e-02
5.536055564880371094e-02
4.954933002591133118e-02
-7.250659167766571045e-02
-1.876412332057952881e-02
9.833753854036331177e-02
-9.103796444833278656e-03
5.372485518455505371e-02
-3.088020533323287964e-02
3.257768601179122925e-02
-4.262657091021537781e-02
-1.182717606425285339e-01
-1.030289903283119202e-01
9.444390982389450073e-02
-3.761687781661748886e-03
7.347987592220306396e-02
-8.213475346565246582e-02
3.613613173365592957e-02
4.400856047868728638e-02
1.668653264641761780e-02
-6.788211315870285034e-02
2.345866523683071136e-02
1.034176498651504517e-01
5.377680435776710510e-02
1.853099092841148376e-02
8.605627715587615967e-02
-1.236643362790346146e-02
-1.302662640810012817e-01
-7.096129655838012695e-02
-5.896656215190887451e-02
7.386418431997299194e-02
4.134811926633119583e-03
-3.287698701024055481e-02
-2.524287067353725433e-02
-7.853920757770538330e-02
-5.862532556056976318e-02
-1.566910371184349060e-02
-3.358353674411773682e-02
-4.079107940196990967e-02
-1.914799772202968597e-02
1.145445406436920166e-01
5.628274753689765930e-02
-6.977730244398117065e-02
-5.754296202212572098e-03
-8.046025177463889122e-04
7.514374703168869019e-02
-7.604022976011037827e-03
-5.799203738570213318e-02
-7.417237758636474609e-02
-2.372000366449356079e-02
2.546891197562217712e-02
5.521305277943611145e-02
-4.743668809533119202e-02
-5.978109315037727356e-02
1.784687936305999756e-01
1.337500363588333130e-01
-5.229774489998817444e-02
3.522993996739387512e-02
3.557838872075080872e-02
-2.095008827745914459e-02
-7.508330047130584717e-02
-1.997771672904491425e-02
-3.689247369766235352e-02
-1.383614726364612579e-02
6.601825356483459473e-03
2.351249195635318756e-02
-6.568723171949386597e-02
1.444569206796586514e-03
9.377237409353256226e-02
-3.519157180562615395e-04
6.886564660817384720e-03
8.565991371870040894e-02
3.598519042134284973e-02
9.799565374851226807e-02
-3.502495959401130676e-02
-2.284874580800533295e-02
3.544800728559494019e-02
2.344860881567001343e-02
-1.166161987930536270e-02
3.616442903876304626e-02
-8.188798278570175171e-02
2.698235772550106049e-02
4.337549582123756409e-02
4.830146208405494690e-02
-3.971021249890327454e-02
-2.733123674988746643e-02
-6.380769610404968262e-02
7.532791350968182087e-04
-4.550548642873764038e-02
-3.156027942895889282e-02
6.679770536720752716e-03
1.514919288456439972e-02
-1.660911366343498230e-02
7.460091263055801392e-02
-7.048597186803817749e-02
3.866743296384811401e-02
1.858494803309440613e-02
-6.597949564456939697e-02
5.640712380409240723e-02
3.388508036732673645e-02
-9.168276563286781311e-03
-4.199805110692977905e-02
4.824004322290420532e-02
-1.448276569135487080e-03
2.226176299154758453e-02
-4.498898051679134369e-03
2.930903062224388123e-02
8.413595706224441528e-02
-2.148370258510112762e-04
-1.173313856124877930e-01
5.664749816060066223e-02
4.521613940596580505e-02
8.569402247667312622e-02
-3.423258662223815918e-02
2.934543008450418711e-04
-2.445340901613235474e-02
-2.282894775271415710e-02
-3.180932253599166870e-02
8.669855445623397827e-02
-3.509024530649185181e-02
-7.644605636596679688e-02
-2.449100092053413391e-02
-1.855223253369331360e-02
-3.538006171584129333e-02
2.331047505140304565e-02
1.037099659442901611e-01
-8.898845873773097992e-03
1.151220574975013733e-01
-1.436527669429779053e-01
1.746303052641451359e-03
-6.131187081336975098e-02
-1.369275432080030441e-02
1.970746368169784546e-02
-5.264636129140853882e-02
