1.738254129886627197e-01
-8.447596803307533264e-03
3.974200785160064697e-02
-4.822671040892601013e-02
-5.045298859477043152e-02
-3.643787652254104614e-02
-1.018264144659042358e-01
-5.311457812786102295e-02
7.086203992366790771e-02
5.077974870800971985e-02
6.928711198270320892e-03
-4.807566478848457336e-02
-7.027641870081424713e-03
-9.933026880025863647e-02
1.668869331479072571e-02
-5.866626277565956116e-02
2.941632457077503204e-02
8.575393259525299072e-02
1.343573164194822311e-02
-1.998211443424224854e-02
-4.073621705174446106e-02
-8.244345895946025848e-03
2.361556701362133026e-02
-1.972254179418087006e-02
-4.884021356701850891e-02
-1.173608675599098206e-01
3.528595715761184692e-02
-7.098719477653503418e-02
-1.182340011000633240e-01
-1.072013527154922485e-01
6.599762290716171265e-02
-5.641038715839385986e-02
-4.927869513630867004e-02
-7.266966253519058228e-02
2.856641449034214020e-02
-1.574120484292507172e-02
2.794935926795005798e-02
-3.202374279499053955e-02
-5.138529464602470398e-02
-4.741589725017547607e-02
5.284824222326278687e-02
-1.314861048012971878e-02
4.188198223710060120e-02
7.103763520717620850e-02
4.699271544814109802e-02
2.911037020385265350e-02
-1.191780194640159607e-01
2.180954441428184509e-02
-2.621182240545749664e-02
-3.205156326293945312e-02
-1.737601011991500854e-01
6.086740270256996155e-02
1.152316480875015259e-01
-9.204548597335815430e-02
-4.147234186530113220e-02
4.673117771744728088e-02
-3.075349144637584686e-02
1.103480067104101181e-02
1.600786894559860229e-01
-1.537600159645080566e-02
6.000564247369766235e-02
3.576754033565521240e-02
-6.900820136070251465e-02
1.228696433827280998e-03
-7.198682427406311035e-02
-6.179463118314743042e-02
-5.489534884691238403e-02
-1.027370393276214600e-01
1.734387013129889965e-03
-4.671319201588630676e-02
-9.891106933355331421e-02
-9.572672843933105469e-02
1.426993906497955322e-01
-8.553051948547363281e-02
-1.300312280654907227e-01
5.386822670698165894e-02
-7.111642509698867798e-02
7.539825141429901123e-02
1.497058104723691940e-02
-1.843024194240570068e-01
4.546582326292991638e-02
5.649906769394874573e-02
1.457959879189729691e-02
6.484126299619674683e-02
-5.600234866142272949e-02
5.346379429101943970e-02
-3.521226719021797180e-02
6.300597637891769409e-02
2.538341470062732697e-02
-3.751739114522933960e-02
-1.539352387189865112e-01
-3.257152438163757324e-02
-6.502049416303634644e-02
-2.618767321109771729e-02
-5.317259207367897034e-02
-5.498319864273071289e-02
-2.843455970287322998e-02
3.272190317511558533e-02
7.338472455739974976e-02
-8.970159292221069336e-02
5.439860746264457703e-02
-1.021551992744207382e-02
1.514112018048763275e-02
-1.576843671500682831e-02
-9.240307845175266266e-03
-5.393918976187705994e-02
6.109340488910675049e-02
9.250182658433914185e-02
9.686644375324249268e-02
-9.618920087814331055e-02
-1.805070438422262669e-03
1.358409970998764038e-01
-2.748691104352474213e-02
8.750975131988525391e-02
4.622042179107666016e-03
-1.984376646578311920e-02
-2.270476147532463074e-02
5.289381369948387146e-02
5.490472540259361267e-02
-5.878039821982383728e-02
-3.843253478407859802e-02
1.043756753206253052e-01
2.657011384144425392e-03
4.351744428277015686e-02
-4.388586059212684631e-02
1.163539104163646698e-02
-4.637256264686584473e-02
-8.730341494083404541e-02
-1.039521321654319763e-01
9.840577840805053711e-02
8.635138161480426788e-03
8.027271181344985962e-02
-9.113701432943344116e-02
4.083321243524551392e-02
4.045252874493598938e-02
1.313186530023813248e-02
-7.620809227228164673e-02
2.547550760209560394e-02
1.002414077520370483e-01
3.993059322237968445e-02
2.131065912544727325e-02
5.863523855805397034e-02
3.611076623201370239e-02
-1.355203986167907715e-01
-7.316212356090545654e-02
-5.413729697465896606e-02
8.448016643524169922e-02
6.476602517068386078e-03
-1.683620549738407135e-02
1.417836174368858337e-02
-6.703747063875198364e-02
-5.388440564274787903e-02
9.751182049512863159e-03
-2.569298259913921356e-02
-4.460536316037178040e-02
-3.191070258617401123e-02
1.052478998899459839e-01
1.800852827727794647e-02
-6.663669645786285400e-02
-1.282124896533787251e-03
3.334422130137681961e-03
9.511420875787734985e-02
-1.303157955408096313e-02
-3.345533832907676697e-02
-3.496680408716201782e-02
-1.369528938084840775e-02
4.233650490641593933e-02
4.529884457588195801e-02
-4.089063033461570740e-02
-5.520701408386230469e-02
1.538716703653335571e-01
1.266603916883468628e-01
-5.122435837984085083e-02
4.510315135121345520e-02
4.413772746920585632e-02
-1.441658847033977509e-02
-7.215037196874618530e-02
-9.728289209306240082e-03
-4.271974042057991028e-02
-5.967594683170318604e-03
-1.322037540376186371e-02
1.876383833587169647e-02
-3.189700469374656677e-02
-1.296770665794610977e-02
7.568566501140594482e-02
-1.839317567646503448e-02
2.981802076101303101e-02
6.432312726974487305e-02
2.971531264483928680e-02
1.091507077217102051e-01
-2.326527051627635956e-02
-2.669676765799522400e-02
2.154253236949443817e-02
2.581725083291530609e-02
-8.943562395870685577e-03
7.645626086741685867e-03
-1.157599091529846191e-01
4.946002736687660217e-02
5.814272165298461914e-02
5.355109646916389465e-02
-1.884097419679164886e-02
-2.874361164867877960e-02
-2.114973589777946472e-02
2.416976168751716614e-02
-3.812592104077339172e-02
-5.359745118767023087e-03
1.616237568669021130e-03
2.551715634763240814e-02
1.138288294896483421e-03
8.957775682210922241e-02
-3.119374439120292664e-02
3.532527759671211243e-02
8.657500147819519043e-03
-6.074403598904609680e-02
5.698566511273384094e-02
7.065303623676300049e-02
2.895441465079784393e-02
-7.773901522159576416e-02
6.903134286403656006e-02
4.600994288921356201e-03
3.098706342279911041e-02
-7.359792944043874741e-03
4.686944186687469482e-02
8.111967146396636963e-02
1.619321480393409729e-02
-1.356988698244094849e-01
2.516767941415309906e-02
2.405885048210620880e-02
8.811102807521820068e-02
-5.302664637565612793e-02
4.115770757198333740e-02
-1.595696434378623962e-02
-5.912142619490623474e-02
-4.584271088242530823e-02
7.410608977079391479e-02
-4.305735975503921509e-02
-7.591971755027770996e-02
-5.095225572586059570e-02
-3.798167034983634949e-02
-4.336145520210266113e-02
3.094611316919326782e-02
1.143722832202911377e-01
-1.382497046142816544e-02
1.106703281402587891e-01
-1.317737549543380737e-01
-2.266736701130867004e-02
-5.848540738224983215e-02
4.629978444427251816e-03
3.132807090878486633e-02
-7.333803921937942505e-02
