1.978166699409484863e-01
9.136997396126389503e-04
4.822790995240211487e-02
-5.039094015955924988e-02
-5.084031820297241211e-02
-6.261232495307922363e-02
-1.089056283235549927e-01
-5.264949426054954529e-02
6.054587662220001221e-02
4.111174866557121277e-02
1.409449760103598237e-04
-4.935637488961219788e-02
5.561125464737415314e-03
-9.814083576202392578e-02
2.738930471241474152e-02
-5.105933919548988342e-02
4.140117019414901733e-02
9.571143984794616699e-02
1.312861219048500061e-02
-1.904271729290485382e-02
-2.953904680907726288e-02
-1.855930685997009277e-02
3.740417584776878357e-02
-2.198167890310287476e-02
-5.426152795553207397e-02
-1.108838468790054321e-01
3.539609909057617188e-02
-6.224699690937995911e-02
-1.072753295302391052e-01
-8.383094519376754761e-02
6.011999025940895081e-02
-4.763961210846900940e-02
-4.293237254023551941e-02
-7.996949553489685059e-02
2.653148211538791656e-02
-1.230285968631505966e-02
3.663377836346626282e-02
-2.962606772780418396e-02
-5.619363486766815186e-02
-6.062124297022819519e-02
5.569390952587127686e-02
-2.525323629379272461e-02
3.938495740294456482e-02
7.129225879907608032e-02
5.331885442137718201e-02
3.198344632983207703e-02
-1.245410442352294922e-01
1.784389279782772064e-02
-1.903931610286235809e-02
-3.584612160921096802e-02
-1.705405414104461670e-01
5.674514546990394592e-02
1.057006716728210449e-01
-7.806722819805145264e-02
-5.022386461496353149e-02
4.916277155280113220e-02
-3.744722157716751099e-02
-8.432629518210887909e-03
1.550446748733520508e-01
-1.391319930553436279e-02
5.295990779995918274e-02
4.380669072270393372e-02
-7.222358882427215576e-02
4.387677647173404694e-03
-6.718400120735168457e-02
-6.698433309793472290e-02
-5.131329223513603210e-02
-1.010286286473274231e-01
1.038919854909181595e-02
-5.019391328096389771e-02
-8.392322063446044922e-02
-9.550549834966659546e-02
1.365410387516021729e-01
-7.415219396352767944e-02
-1.161392107605934143e-01
5.761602893471717834e-02
-7.696530222892761230e-02
6.825885921716690063e-02
8.716383948922157288e-03
-1.639131456613540649e-01
3.728345036506652832e-02
5.812205746769905090e-02
1.719430647790431976e-02
5.341999605298042297e-02
-5.274189636111259460e-02
5.767486989498138428e-02
-2.578998543322086334e-02
5.715858191251754761e-02
2.536026388406753540e-02
-4.153198748826980591e-02
-1.543232351541519165e-01
-1.431872881948947906e-02
-6.067017465829849243e-02
-1.403862517327070236e-02
-4.765675216913223267e-02
-4.266715422272682190e-02
-3.651302307844161987e-02
3.682461380958557129e-02
9.395394474267959595e-02
-9.620046615600585938e-02
6.565234810113906860e-02
-1.401866599917411804e-02
1.587837934494018555e-02
-1.626108214259147644e-02
-7.295879069715738297e-03
-5.901043862104415894e-02
6.200120598077774048e-02
1.034613177180290222e-01
1.070986762642860413e-01
-1.006709635257720947e-01
-9.262939915060997009e-03
1.479545682668685913e-01
-2.380651421844959259e-02
8.317242562770843506e-02
1.743047311902046204e-02
-2.972948923707008362e-02
-1.701389253139495850e-02
6.402731686830520630e-02
6.281532347202301025e-02
-7.797793298959732056e-02
-5.514270067214965820e-02
1.115684434771537781e-01
1.050635706633329391e-03
5.431150272488594055e-02
-4.431606829166412354e-02
1.847117091529071331e-03
-5.945803970098495483e-02
-8.641839772462844849e-02
-1.165289431810379028e-01
1.199762746691703796e-01
-2.260801382362842560e-03
9.097479283809661865e-02
-9.559141099452972412e-02
4.745842888951301575e-02
4.771317541599273682e-02
3.780403733253479004e-02
-8.479854464530944824e-02
3.249017521739006042e-02
1.186125725507736206e-01
4.966690763831138611e-02
2.656297385692596436e-02
5.213071405887603760e-02
5.451761186122894287e-02
-1.457154899835586548e-01
-7.028561830520629883e-02
-5.215799808502197266e-02
8.271797746419906616e-02
1.078192237764596939e-02
-1.546285673975944519e-02
2.262611314654350281e-02
-7.013312727212905884e-02
-5.793430656194686890e-02
2.575206756591796875e-02
-3.284773230552673340e-02
-4.899238049983978271e-02
-3.889479860663414001e-02
1.075765565037727356e-01
2.497861720621585846e-02
-7.224433124065399170e-02
-2.879465173464268446e-04
-1.642365753650665283e-02
1.016526743769645691e-01
-1.192719675600528717e-02
-3.754566237330436707e-02
-3.628747537732124329e-02
-1.800841651856899261e-02
3.837638348340988159e-02
4.670334979891777039e-02
-3.234190493822097778e-02
-4.993136227130889893e-02
1.466334164142608643e-01
1.248195096850395203e-01
-4.400759935379028320e-02
5.817471072077751160e-02
5.190728604793548584e-02
-1.293563377112150192e-02
-6.860628724098205566e-02
-1.537818368524312973e-02
-4.782048985362052917e-02
-1.526821637526154518e-03
-1.338504604063928127e-03
2.239280194044113159e-02
-2.411752939224243164e-02
-2.015183493494987488e-02
9.507119655609130859e-02
-1.470284536480903625e-02
2.757881022989749908e-02
7.262519001960754395e-02
2.511021308600902557e-02
1.034845858812332153e-01
-2.439908869564533234e-02
-3.031811304390430450e-02
8.192148059606552124e-03
2.558402903378009796e-02
-1.291687786579132080e-02
1.160896010696887970e-02
-1.163220256567001343e-01
5.318545177578926086e-02
5.390739068388938904e-02
5.452541261911392212e-02
-1.411454752087593079e-02
-1.370267849415540695e-02
-1.419760286808013916e-02
1.545501127839088440e-02
-2.511473000049591064e-02
4.197722300887107849e-03
4.309196025133132935e-03
1.548482850193977356e-02
3.417402738705277443e-03
8.724655956029891968e-02
-2.484109066426753998e-02
2.576447464525699615e-02
9.449515491724014282e-03
-4.540896043181419373e-02
4.568935185670852661e-02
5.280521884560585022e-02
1.424459367990493774e-02
-8.226748555898666382e-02
6.727312505245208740e-02
-9.152098558843135834e-03
2.556799910962581635e-02
-2.714195288717746735e-03
4.998321086168289185e-02
8.247633278369903564e-02
8.589039556682109833e-03
-9.435630589723587036e-02
2.356148324906826019e-02
9.139929898083209991e-03
5.584876239299774170e-02
-4.581604897975921631e-02
3.723147884011268616e-02
-1.835353672504425049e-02
-4.665255919098854065e-02
-5.447434261441230774e-02
6.628755480051040649e-02
-3.632754087448120117e-02
-6.829913705587387085e-02
-3.919114917516708374e-02
-3.147202357649803162e-02
-3.949469327926635742e-02
3.393445909023284912e-02
1.131674423813819885e-01
-7.540586404502391815e-03
1.063015982508659363e-01
-1.212989017367362976e-01
-2.847436256706714630e-02
-5.655236169695854187e-02
2.315904386341571808e-02
1.889177039265632629e-02
-6.461731344461441040e-02
