1.827834546566009521e-01
-1.375036779791116714e-02
4.501838609576225281e-02
-5.539197474718093872e-02
-5.506691336631774902e-02
-3.908893093466758728e-02
-1.220688447356224060e-01
-6.264017522335052490e-02
8.349445462226867676e-02
7.141210138797760010e-02
6.156660150736570358e-03
-4.918032884597778320e-02
-6.737518589943647385e-03
-1.120813339948654175e-01
1.900295354425907135e-02
-6.999924778938293457e-02
3.187541663646697998e-02
8.927606046199798584e-02
1.281669829040765762e-02
-2.551748231053352356e-02
-3.943671658635139465e-02
-4.699216224253177643e-03
2.345157228410243988e-02
-2.161297574639320374e-02
-5.425705388188362122e-02
-1.274637579917907715e-01
3.785689175128936768e-02
-8.209952712059020996e-02
-1.300248205661773682e-01
-1.102258712053298950e-01
7.902172952890396118e-02
-5.539422854781150818e-02
-5.901665613055229187e-02
-8.259557187557220459e-02
2.402481436729431152e-02
-2.624847367405891418e-02
2.189059369266033173e-02
-4.064511135220527649e-02
-4.538711532950401306e-02
-4.578286036849021912e-02
5.546181276440620422e-02
-2.757789380848407745e-02
3.964543715119361877e-02
8.482996374368667603e-02
4.652056843042373657e-02
2.450999617576599121e-02
-1.254375278949737549e-01
1.579292863607406616e-02
-2.351416274905204773e-02
-3.849032893776893616e-02
-1.746777147054672241e-01
6.849590688943862915e-02
1.300117224454879761e-01
-1.000751107931137085e-01
-5.078407377004623413e-02
5.179015174508094788e-02
-2.725593559443950653e-02
1.885821297764778137e-02
1.635360866785049438e-01
-1.604628376662731171e-02
6.210843101143836975e-02
4.212010279297828674e-02
-6.621756404638290405e-02
-8.236282155849039555e-04
-6.725531816482543945e-02
-6.298732757568359375e-02
-5.854242667555809021e-02
-9.811746329069137573e-02
-1.940003858180716634e-05
-4.914205893874168396e-02
-9.941775351762771606e-02
-9.302429109811782837e-02
1.386814266443252563e-01
-8.805429190397262573e-02
-1.254144757986068726e-01
5.757642537355422974e-02
-6.807617843151092529e-02
6.612001359462738037e-02
8.466052822768688202e-03
-1.838920861482620239e-01
5.636553838849067688e-02
5.799689516425132751e-02
1.357856858521699905e-02
6.570069491863250732e-02
-6.288058310747146606e-02
5.505736172199249268e-02
-3.371293097734451294e-02
5.740468204021453857e-02
2.777470462024211884e-02
-3.621809184551239014e-02
-1.560825109481811523e-01
-3.449500724673271179e-02
-6.571764498949050903e-02
-1.987450569868087769e-02
-5.101268365979194641e-02
-6.746599823236465454e-02
-2.814056910574436188e-02
2.110896259546279907e-02
6.615203619003295898e-02
-1.043367683887481689e-01
5.345024913549423218e-02
-9.918955154716968536e-03
1.032741460949182510e-02
-2.271035872399806976e-02
-7.246345747262239456e-03
-5.348521098494529724e-02
7.094389945268630981e-02
9.552294015884399414e-02
9.093075990676879883e-02
-1.014559641480445862e-01
-1.577423099661245942e-04
1.296589672565460205e-01
-3.033399023115634918e-02
8.740355074405670166e-02
2.897047903388738632e-03
-1.593921519815921783e-02
-1.480567734688520432e-02
5.347092449665069580e-02
5.645500868558883667e-02
-5.636118724942207336e-02
-3.697915002703666687e-02
9.764656424522399902e-02
8.302536793053150177e-03
5.551883205771446228e-02
-4.891865700483322144e-02
1.403776463121175766e-02
-4.035178199410438538e-02
-9.755580872297286987e-02
-1.066040173172950745e-01
8.975141495466232300e-02
5.031733773648738861e-03
8.189595490694046021e-02
-9.027200937271118164e-02
3.738763183355331421e-02
3.647126257419586182e-02
1.292205229401588440e-02
-7.641419768333435059e-02
3.140097483992576599e-02
9.516678750514984131e-02
4.559196904301643372e-02
3.368376567959785461e-02
5.637005716562271118e-02
3.316873311996459961e-02
-1.367443948984146118e-01
-6.993209570646286011e-02
-5.418263003230094910e-02
9.080292284488677979e-02
1.198447030037641525e-02
-1.256768405437469482e-02
5.904426332563161850e-03
-6.574545800685882568e-02
-5.107860639691352844e-02
9.964845143258571625e-03
-2.216717973351478577e-02
-4.505701735615730286e-02
-3.670388087630271912e-02
1.100537553429603577e-01
3.002665378153324127e-02
-6.415329128503799438e-02
-1.764927525073289871e-03
-4.600022919476032257e-03
7.712426781654357910e-02
-1.481387484818696976e-02
-3.850980103015899658e-02
-4.156978055834770203e-02
-1.325178518891334534e-02
2.846170216798782349e-02
4.229657351970672607e-02
-4.609484598040580750e-02
-4.037646204233169556e-02
1.539807468652725220e-01
1.159328147768974304e-01
-4.498297348618507385e-02
3.379807993769645691e-02
4.064723104238510132e-02
-1.834297738969326019e-02
-7.307689636945724487e-02
-2.242944389581680298e-02
-3.033356182277202606e-02
-4.963560029864311218e-03
-1.539194211363792419e-02
2.343803644180297852e-02
-3.408929333090782166e-02
-1.459435001015663147e-02
8.070560544729232788e-02
-1.476016081869602203e-02
2.563156746327877045e-02
6.847640126943588257e-02
2.922373265027999878e-02
1.025085747241973877e-01
-2.447674423456192017e-02
-1.736549288034439087e-02
1.437052804976701736e-02
2.382742054760456085e-02
-5.400880705565214157e-03
1.507200207561254501e-02
-1.040758341550827026e-01
3.863323852419853210e-02
6.216698139905929565e-02
4.360516741871833801e-02
-1.946751587092876434e-02
-2.311061508953571320e-02
-3.365790098905563354e-02
1.324032805860042572e-02
-3.952780738472938538e-02
-1.019282918423414230e-02
-1.758991507813334465e-03
2.969693765044212341e-02
8.786940015852451324e-03
8.006501942873001099e-02
-3.646699339151382446e-02
4.362317919731140137e-02
5.316604860126972198e-03
-6.022879481315612793e-02
5.083116516470909119e-02
6.038204953074455261e-02
2.553609758615493774e-02
-6.556603312492370605e-02
6.854476034641265869e-02
2.774131484329700470e-03
3.060454130172729492e-02
-5.489935167133808136e-03
4.337707161903381348e-02
8.997187763452529907e-02
8.279643952846527100e-03
-1.213020160794258118e-01
2.676647156476974487e-02
1.988172531127929688e-02
7.987013459205627441e-02
-4.237659648060798645e-02
3.434890508651733398e-02
-1.348174363374710083e-02
-4.055750370025634766e-02
-3.878463059663772583e-02
5.514492094516754150e-02
-3.910885006189346313e-02
-5.932382121682167053e-02
-4.232313483953475952e-02
-2.286119386553764343e-02
-4.372046515345573425e-02
2.594536915421485901e-02
9.183342754840850830e-02
-1.442016661167144775e-02
1.013548672199249268e-01
-1.087234169244766235e-01
-1.152424979954957962e-02
-5.327577516436576843e-02
5.817427881993353367e-04
1.896639168262481689e-02
-6.103849038481712341e-02
