2.097321450710296631e-01
-1.760331168770790100e-02
4.898819327354431152e-02
-8.234138786792755127e-02
-6.202933564782142639e-02
-5.268606171011924744e-02
-1.153197959065437317e-01
-7.092493772506713867e-02
7.643162459135055542e-02
7.587070763111114502e-02
1.324660982936620712e-02
-6.881745904684066772e-02
-2.014908567070960999e-02
-1.022903397679328918e-01
1.207102183252573013e-02
-4.663485661149024963e-02
4.407431930303573608e-02
1.286032199859619141e-01
3.683872893452644348e-02
-3.587038442492485046e-02
-5.040096119046211243e-02
-2.762068249285221100e-02
2.468757145106792450e-02
-1.508568041026592255e-02
-7.522743940353393555e-02
-1.425099968910217285e-01
2.584102191030979156e-02
-6.645884364843368530e-02
-1.118914112448692322e-01
-1.088877245783805847e-01
8.742636442184448242e-02
-8.228998631238937378e-02
-9.202533960342407227e-02
-5.766830220818519592e-02
4.148512333631515503e-02
-1.289030909538269043e-02
1.220238115638494492e-02
-3.062409535050392151e-02
-2.280351519584655762e-02
-5.345994234085083008e-02
2.539343386888504028e-02
-2.766750939190387726e-02
3.477857261896133423e-02
6.088816747069358826e-02
7.560990005731582642e-02
3.481607139110565186e-02
-1.209024414420127869e-01
3.849172964692115784e-02
-1.266529038548469543e-02
-1.931484416127204895e-02
-1.493764072656631470e-01
4.892735183238983154e-02
1.111824288964271545e-01
-8.489462733268737793e-02
-3.660879284143447876e-02
2.842895500361919403e-02
-3.967106342315673828e-02
3.688591346144676208e-02
1.431683450937271118e-01
-2.662822045385837555e-02
4.397909715771675110e-02
5.534984543919563293e-02
-6.705604493618011475e-02
-1.904027350246906281e-02
-6.395532935857772827e-02
-5.884568020701408386e-02
-4.919733479619026184e-02
-7.570704072713851929e-02
-5.894604604691267014e-03
-2.886383235454559326e-02
-9.550490230321884155e-02
-6.320492178201675415e-02
1.206096261739730835e-01
-7.875393331050872803e-02
-1.036544069647789001e-01
5.894611403346061707e-02
-7.775812596082687378e-02
6.188303977251052856e-02
1.754574850201606750e-02
-1.410363316535949707e-01
3.233558684587478638e-02
6.243341416120529175e-02
3.526119515299797058e-02
4.852109029889106750e-02
-5.434580892324447632e-02
5.106106773018836975e-02
-2.245388180017471313e-02
5.383607000112533569e-02
1.658935844898223877e-02
-3.899878263473510742e-02
-1.201089024543762207e-01
-1.752963848412036896e-02
-6.199205666780471802e-02
-2.413009852170944214e-02
-4.222828149795532227e-02
-5.486724898219108582e-02
-1.857617869973182678e-02
2.738221921026706696e-02
5.193496122956275940e-02
-7.114946842193603516e-02
2.855730056762695312e-02
1.592198200523853302e-02
-3.055062610656023026e-03
-2.945309877395629883e-02
-1.529455091804265976e-02
-5.503331869840621948e-02
4.501763731241226196e-02
7.798249274492263794e-02
6.997540593147277832e-02
-9.484148025512695312e-02
5.590500077232718468e-04
1.190504953265190125e-01
-5.360695347189903259e-02
5.665000528097152710e-02
1.075685210525989532e-02
4.077313351444900036e-04
-1.170521788299083710e-02
5.177999660372734070e-02
4.197960719466209412e-02
-5.121482163667678833e-02
-3.803662955760955811e-03
1.008570864796638489e-01
3.665816271677613258e-03
4.336237162351608276e-02
-5.237433686852455139e-02
1.505418214946985245e-02
-3.524088114500045776e-02
-7.449820637702941895e-02
-1.021076813340187073e-01
1.055535003542900085e-01
5.520361475646495819e-03
7.843741029500961304e-02
-8.926875889301300049e-02
3.619866073131561279e-02
4.180924966931343079e-02
8.405436761677265167e-03
-5.791987478733062744e-02
1.017371285706758499e-02
8.524464070796966553e-02
4.375217109918594360e-02
-6.057965103536844254e-03
6.923832744359970093e-02
6.353368517011404037e-04
-1.151340529322624207e-01
-5.812453478574752808e-02
-4.506355524063110352e-02
7.910894602537155151e-02
8.716002106666564941e-03
-2.892852993682026863e-03
-1.580822840332984924e-02
-6.241174414753913879e-02
-4.672367125749588013e-02
5.776325706392526627e-03
-1.023810449987649918e-02
-3.460047021508216858e-02
-1.063400879502296448e-02
1.113317236304283142e-01
2.186330966651439667e-02
-5.999861657619476318e-02
-9.671040810644626617e-03
-2.139227231964468956e-03
9.278791397809982300e-02
-1.429771538823843002e-02
-3.598714247345924377e-02
-6.460810452699661255e-02
-3.291273117065429688e-02
3.619818016886711121e-02
5.334546789526939392e-02
-2.781350351870059967e-02
-7.682129740715026855e-02
1.789198368787765503e-01
1.276163309812545776e-01
-4.857179149985313416e-02
5.888157337903976440e-02
3.406304866075515747e-02
-1.153073157183825970e-03
-7.308258116245269775e-02
-5.760190077126026154e-03
-4.105356708168983459e-02
-4.149855580180883408e-03
7.351135136559605598e-04
-2.558642532676458359e-03
-2.521394193172454834e-02
7.243973086588084698e-04
7.442857325077056885e-02
-7.784991525113582611e-03
2.568282186985015869e-02
5.515464395284652710e-02
2.463120780885219574e-02
1.169227436184883118e-01
-2.382225170731544495e-02
-2.489822357892990112e-02
3.045576997101306915e-02
3.935428708791732788e-02
-3.758753417059779167e-03
6.993359420448541641e-03
-1.046438664197921753e-01
6.255710124969482422e-02
5.211569741368293762e-02
4.743267223238945007e-02
-2.826155163347721100e-02
-4.182271286845207214e-02
-2.590589039027690887e-02
8.502075448632240295e-03
-1.321377046406269073e-02
-2.808681875467300415e-02
1.609574072062969208e-02
4.018312320113182068e-02
-8.770403452217578888e-03
1.040116772055625916e-01
-4.239431768655776978e-02
3.695964440703392029e-02
2.187488041818141937e-02
-6.485097110271453857e-02
7.046889513731002808e-02
5.080141127109527588e-02
2.333048358559608459e-02
-7.795762270689010620e-02
5.030538141727447510e-02
1.878567418316379189e-04
4.429394006729125977e-02
-1.599757745862007141e-02
3.315158560872077942e-02
5.811406672000885010e-02
6.507959216833114624e-03
-1.269843280315399170e-01
3.486995026469230652e-02
1.820109039545059204e-02
8.916401863098144531e-02
-5.863498896360397339e-02
3.142528235912322998e-02
-3.433071076869964600e-02
-7.053894549608230591e-02
-3.123497776687145233e-02
8.899568766355514526e-02
-4.410406947135925293e-02
-9.381759166717529297e-02
-6.818938255310058594e-02
-5.945274978876113892e-02
-5.212265253067016602e-02
3.418557718396186829e-02
1.409665942192077637e-01
-2.239284291863441467e-02
1.299021095037460327e-01
-1.721578538417816162e-01
-3.854713588953018188e-02
-8.827496320009231567e-02
-1.018993649631738663e-02
3.119501098990440369e-02
-9.676977246999740601e-02
