7.259347289800643921e-02
-9.739155881106853485e-03
7.181558292359113693e-03
-5.325520876795053482e-03
-2.856126055121421814e-02
9.729177691042423248e-03
-5.791882053017616272e-02
-2.167076431214809418e-02
6.488519161939620972e-02
2.299367636442184448e-02
3.219469264149665833e-02
-7.004032842814922333e-03
1.735426136292517185e-03
-6.321932375431060791e-02
1.481226924806833267e-02
-3.110765479505062103e-02
2.416563406586647034e-02
2.563340775668621063e-02
-2.380620874464511871e-02
-1.561569981276988983e-02
-3.944006562232971191e-02
4.215676337480545044e-03
-3.556814743205904961e-03
-2.620887197554111481e-02
-1.142275240272283554e-02
-6.530087441205978394e-02
3.381471335887908936e-02
-3.608784824609756470e-02
-6.049885973334312439e-02
-9.520478546619415283e-02
7.062098383903503418e-02
-3.948147594928741455e-02
-3.593490272760391235e-02
-7.367168366909027100e-02
3.753754869103431702e-02
-2.637657150626182556e-02
2.562652900815010071e-02
-1.400224585086107254e-02
-4.801652580499649048e-02
-1.728166081011295319e-02
5.563315004110336304e-02
-3.393752127885818481e-02
3.976170346140861511e-02
7.608890533447265625e-02
2.412073127925395966e-02
1.322385575622320175e-02
-1.360897272825241089e-01
-1.215928699821233749e-02
-1.466397754848003387e-02
-4.553237557411193848e-02
-1.684810817241668701e-01
6.880469620227813721e-02
1.080124303698539734e-01
-9.736771881580352783e-02
-5.618028715252876282e-02
4.911879077553749084e-02
-1.768546178936958313e-02
-8.626253344118595123e-03
1.447063386440277100e-01
-2.332548610866069794e-02
5.701531097292900085e-02
5.426457151770591736e-02
-3.232964128255844116e-02
1.701886579394340515e-02
-6.762069463729858398e-02
-4.189701005816459656e-02
-6.407079100608825684e-02
-1.247003525495529175e-01
-1.000307127833366394e-02
-6.786821037530899048e-02
-1.111072301864624023e-01
-9.901217371225357056e-02
1.561608463525772095e-01
-7.194419205188751221e-02
-1.475053131580352783e-01
5.134626105427742004e-02
-9.107974171638488770e-02
7.769189029932022095e-02
3.552106441929936409e-03
-1.911779791116714478e-01
4.060708358883857727e-02
4.039479419589042664e-02
1.245997264049947262e-03
7.214778661727905273e-02
-5.628317594528198242e-02
5.877345800399780273e-02
-3.540204837918281555e-02
5.892154946923255920e-02
1.668013259768486023e-02
-4.182928428053855896e-02
-1.967496573925018311e-01
-1.278417743742465973e-02
-5.793278291821479797e-02
-4.355366900563240051e-02
-6.334196776151657104e-02
-4.930676892399787903e-02
-4.736736789345741272e-02
4.288028459995985031e-03
6.472349911928176880e-02
-7.366900146007537842e-02
6.460680067539215088e-02
-1.617378555238246918e-02
2.007348462939262390e-02
-2.435741201043128967e-02
-1.248437911272048950e-02
-8.513719588518142700e-02
7.034897804260253906e-02
1.158462315797805786e-01
1.128042340278625488e-01
-9.487642347812652588e-02
-7.029549684375524521e-03
1.433117836713790894e-01
-1.642320863902568817e-02
9.641863405704498291e-02
1.415495760738849640e-02
-4.828219488263130188e-02
-4.096589982509613037e-02
4.159068688750267029e-02
7.158811390399932861e-02
-9.044733643531799316e-02
-5.819435045123100281e-02
1.121075078845024109e-01
3.042143303900957108e-03
3.970308601856231689e-02
-5.044583976268768311e-02
1.161392312496900558e-02
-7.128976285457611084e-02
-1.272871047258377075e-01
-9.602249413728713989e-02
8.822725713253021240e-02
-2.554606413468718529e-03
8.782627433538436890e-02
-9.121793508529663086e-02
3.993080928921699524e-02
4.429325088858604431e-02
3.596970811486244202e-02
-8.136778324842453003e-02
2.929640561342239380e-02
1.219009384512901306e-01
4.099054262042045593e-02
2.806083671748638153e-02
7.755003869533538818e-02
4.123469814658164978e-02
-1.577936857938766479e-01
-7.056656479835510254e-02
-6.066066399216651917e-02
5.515195056796073914e-02
6.882478483021259308e-03
-2.568368986248970032e-02
2.691577747464179993e-02
-7.251193374395370483e-02
-4.989712685346603394e-02
1.960452646017074585e-02
-4.921474307775497437e-02
-4.841041937470436096e-02
-4.900282993912696838e-02
8.736296743154525757e-02
7.688661571592092514e-03
-9.189405292272567749e-02
1.515718549489974976e-02
2.068992005661129951e-03
1.296485662460327148e-01
-3.379591181874275208e-02
-4.974041134119033813e-02
-3.127092495560646057e-02
5.172338802367448807e-03
5.695688351988792419e-02
2.104060538113117218e-02
-6.049050763249397278e-02
-5.465802922844886780e-02
1.576001048088073730e-01
1.613872945308685303e-01
-5.377525836229324341e-02
4.156323149800300598e-02
5.206495895981788635e-02
-3.385976329445838928e-02
-7.339256256818771362e-02
-1.206409279257059097e-02
-2.520987577736377716e-02
1.278993091545999050e-03
-1.037084870040416718e-02
2.857201918959617615e-02
-6.511417031288146973e-02
-4.381934646517038345e-03
8.729894459247589111e-02
-1.904477924108505249e-02
1.462424173951148987e-03
9.117451310157775879e-02
3.967053815722465515e-02
1.210862621665000916e-01
-1.484258100390434265e-02
-3.461710363626480103e-02
2.285447157919406891e-02
3.902767971158027649e-02
-2.451816760003566742e-02
2.358104661107063293e-02
-1.293296962976455688e-01
4.388391226530075073e-02
5.406079068779945374e-02
7.018657028675079346e-02
-2.946298569440841675e-02
-1.557849626988172531e-02
-4.289865493774414062e-02
2.384674549102783203e-02
-4.076359793543815613e-02
1.697938889265060425e-02
-1.264868769794702530e-03
-5.841047968715429306e-03
-2.321517467498779297e-02
1.034705266356468201e-01
-4.041465744376182556e-02
2.427821233868598938e-02
1.018973626196384430e-02
-5.162956193089485168e-02
5.648916959762573242e-02
6.876882910728454590e-02
-4.711790010333061218e-03
-8.823067694902420044e-02
9.195339679718017578e-02
8.903475827537477016e-04
4.161331057548522949e-02
-7.478273473680019379e-03
6.666755676269531250e-02
1.019551157951354980e-01
1.615926250815391541e-02
-1.308120191097259521e-01
2.209220454096794128e-02
3.159800171852111816e-02
7.686248421669006348e-02
-2.066704258322715759e-02
2.277171425521373749e-02
-1.107991952449083328e-02
-3.303777426481246948e-02
-3.483037278056144714e-02
6.166638806462287903e-02
-2.624990418553352356e-02
-5.127098038792610168e-02
-3.698262572288513184e-02
-1.187177840620279312e-02
-1.898378692567348480e-02
1.776006445288658142e-02
9.139686077833175659e-02
-9.301427751779556274e-03
5.450133979320526123e-02
-9.077380597591400146e-02
-1.746202632784843445e-02
-2.159196697175502777e-02
2.813560422509908676e-03
1.357009448111057281e-02
-2.885635383427143097e-02
