2.529313564300537109e-01
-8.466247236356139183e-04
5.774737149477005005e-02
-4.734390228986740112e-02
-1.131633296608924866e-01
-5.011061578989028931e-02
-1.751186549663543701e-01
-7.579900324344635010e-02
1.487366855144500732e-01
8.851543068885803223e-02
1.126810535788536072e-02
-2.821668796241283417e-02
5.261742975562810898e-03
-1.736694127321243286e-01
5.389690026640892029e-02
-1.154291108250617981e-01
4.315626248717308044e-02
1.050372421741485596e-01
3.646628558635711670e-02
-5.900609865784645081e-02
-7.324951142072677612e-02
-3.495326731353998184e-03
3.145623207092285156e-02
-2.518390305340290070e-02
-7.749570906162261963e-02
-1.314029991626739502e-01
5.634716525673866272e-02
-1.111163049936294556e-01
-1.651596128940582275e-01
-1.366624236106872559e-01
8.638305962085723877e-02
-6.774549186229705811e-02
9.233209304511547089e-03
-1.082175597548484802e-01
-1.953207328915596008e-02
-3.294367715716362000e-02
5.584419891238212585e-02
-2.090294472873210907e-02
-4.440131410956382751e-02
-2.460277639329433441e-02
8.009063452482223511e-02
-1.661820337176322937e-02
2.816854231059551239e-02
1.144293993711471558e-01
3.367472440004348755e-02
3.911220282316207886e-02
-9.587930142879486084e-02
-5.074898153543472290e-02
-6.192239932715892792e-03
-3.852337226271629333e-02
-1.662326604127883911e-01
6.621580570936203003e-02
1.448480337858200073e-01
-7.697769999504089355e-02
-7.237736135721206665e-02
4.848076030611991882e-02
-2.610999159514904022e-02
2.543654525652527809e-03
1.345207989215850830e-01
-3.091237321496009827e-02
4.674720391631126404e-02
2.764419466257095337e-02
-4.380369186401367188e-02
7.359552197158336639e-03
-4.750680178403854370e-02
-7.339218258857727051e-02
-6.636438518762588501e-02
-7.508900016546249390e-02
9.571003727614879608e-03
-6.053295731544494629e-02
-8.465332537889480591e-02
-1.271431595087051392e-01
1.339394003152847290e-01
-1.023638695478439331e-01
-9.781589359045028687e-02
5.013431236147880554e-02
-8.499898016452789307e-02
1.318808924406766891e-02
1.261756289750337601e-02
-1.596862971782684326e-01
5.244090408086776733e-02
2.916366048157215118e-02
-1.226604729890823364e-02
6.331554800271987915e-02
-7.350059598684310913e-02
6.472732126712799072e-02
-3.927050158381462097e-02
1.740120351314544678e-02
2.265008725225925446e-02
-7.184219080954790115e-03
-1.151680126786231995e-01
-2.088221162557601929e-02
-7.657497376203536987e-02
-1.847050338983535767e-02
-6.665466725826263428e-02
-4.670861363410949707e-02
-2.725660987198352814e-02
1.292963605374097824e-02
4.744991660118103027e-02
-9.111764281988143921e-02
3.540848195552825928e-02
-1.052493695169687271e-02
5.460038781166076660e-03
8.413379080593585968e-03
2.353321388363838196e-02
-1.824849285185337067e-02
6.081827357411384583e-02
1.044839397072792053e-01
5.536878108978271484e-02
-9.136867523193359375e-02
8.143417537212371826e-03
7.619419693946838379e-02
-2.473543956875801086e-02
7.064880430698394775e-02
-4.246562253683805466e-03
-7.655363297089934349e-04
-2.481331489980220795e-02
5.662041157484054565e-02
6.716233491897583008e-02
-3.824089467525482178e-02
-5.525630339980125427e-02
5.831402167677879333e-02
2.725887484848499298e-02
6.930382549762725830e-02
-1.905136182904243469e-02
3.817969933152198792e-02
-2.478682436048984528e-02
-9.564179182052612305e-02
-8.728517591953277588e-02
1.840505376458168030e-02
1.491683255881071091e-02
5.755072087049484253e-02
-6.991921365261077881e-02
5.032594129443168640e-02
-3.155562561005353928e-03
1.148270070552825928e-02
-7.921000570058822632e-02
1.064925044775009155e-01
1.211798042058944702e-01
8.959698490798473358e-03
8.836957067251205444e-02
6.252066791057586670e-02
3.985041379928588867e-02
-1.306143403053283691e-01
-4.012868925929069519e-02
-7.866325974464416504e-02
8.284308761358261108e-02
3.066787682473659515e-02
-2.797257900238037109e-02
4.202943295240402222e-02
-2.713587135076522827e-02
-5.694590043276548386e-03
2.319028601050376892e-02
-4.107838496565818787e-02
-3.702700883150100708e-02
-5.511121451854705811e-02
8.890613913536071777e-02
2.611489407718181610e-02
-7.187219709157943726e-02
5.089465528726577759e-03
-1.068199984729290009e-02
2.713590487837791443e-02
1.973181962966918945e-02
-4.644347354769706726e-02
-3.097423585131764412e-03
7.537337020039558411e-03
1.469007134437561035e-02
1.850559376180171967e-02
-3.055067546665668488e-02
2.029471285641193390e-02
9.997462481260299683e-02
8.529049158096313477e-02
-1.302615925669670105e-02
-1.354108657687902451e-02
3.399632871150970459e-02
1.628632843494415283e-02
-4.687412828207015991e-02
-5.556474626064300537e-02
-3.808718640357255936e-03
-1.996047422289848328e-02
-1.501422026194632053e-03
4.989245906472206116e-02
-2.454151213169097900e-02
-5.296341702342033386e-02
8.405795693397521973e-02
-9.078873321413993835e-03
2.455204166471958160e-02
9.511303901672363281e-02
5.167058855295181274e-02
6.650713831186294556e-02
-2.581332251429557800e-02
5.640716408379375935e-04
-2.196181751787662506e-02
1.034523732960224152e-02
-2.183294668793678284e-02
5.990277044475078583e-03
-7.443467527627944946e-02
1.182595081627368927e-02
6.141216680407524109e-02
2.874581329524517059e-02
-6.393395364284515381e-03
-1.855012844316661358e-03
-4.251929372549057007e-02
3.656392917037010193e-03
-5.334020406007766724e-02
2.412262139841914177e-03
-9.257335215806961060e-03
1.563483849167823792e-02
1.546223834156990051e-02
6.457387655973434448e-02
-8.684869855642318726e-03
4.164814576506614685e-02
2.575217373669147491e-02
-5.020197853446006775e-02
1.977746747434139252e-02
4.904561862349510193e-02
-9.949861094355583191e-03
-3.947316110134124756e-02
4.331370815634727478e-02
3.016248811036348343e-03
2.597590163350105286e-02
3.577421978116035461e-02
6.939496845006942749e-02
9.344247728586196899e-02
-1.289073657244443893e-02
-7.641724497079849243e-02
4.747078567743301392e-02
1.646379195153713226e-02
7.051888853311538696e-02
-2.253436110913753510e-02
3.579804301261901855e-02
-1.613128557801246643e-02
-2.003330551087856293e-02
-4.441652074456214905e-02
1.544401235878467560e-02
-5.760563910007476807e-02
-4.950352385640144348e-02
-1.965015940368175507e-02
8.423610590398311615e-03
-3.798652067780494690e-02
5.828374624252319336e-02
6.636079400777816772e-02
-3.503742069005966187e-02
1.037262827157974243e-01
-8.077394962310791016e-02
-3.415131242945790291e-03
-8.058318868279457092e-03
1.733672060072422028e-02
7.372847758233547211e-03
-3.910909593105316162e-02
