1.708333641290664673e-01
2.789228782057762146e-02
3.517797961831092834e-02
-2.411678619682788849e-02
-6.702133454382419586e-03
-8.525441586971282959e-02
-6.412476301193237305e-02
-3.446223959326744080e-02
-1.098990160971879959e-02
-1.198805868625640869e-02
-5.180598795413970947e-02
-4.599109292030334473e-02
2.621502615511417389e-02
-7.145150005817413330e-02
6.570463068783283234e-03
-5.535220727324485779e-02
1.770584844052791595e-02
6.495458632707595825e-02
-2.623862586915493011e-02
3.948515281081199646e-02
1.461489312350749969e-02
-1.680617220699787140e-02
4.791576042771339417e-02
-2.117069438099861145e-02
-5.247348546981811523e-02
-8.884324133396148682e-02
4.588631540536880493e-02
-5.590910464525222778e-02
-1.191487833857536316e-01
-4.665992408990859985e-02
1.434475369751453400e-02
-1.255148928612470627e-02
1.054315129294991493e-03
-6.371153891086578369e-02
1.626826263964176178e-02
5.109274759888648987e-03
6.317540258169174194e-02
-4.927448928356170654e-02
-9.171540290117263794e-02
-8.950509130954742432e-02
6.371339410543441772e-02
1.819061301648616791e-02
4.781348258256912231e-02
4.450282081961631775e-02
4.189189895987510681e-02
1.201709453016519547e-02
-1.063223853707313538e-01
6.984533369541168213e-02
-5.589211359620094299e-02
-6.140698119997978210e-02
-1.850747168064117432e-01
5.291739851236343384e-02
9.133543074131011963e-02
-5.692218616604804993e-02
-1.811521686613559723e-02
5.166250839829444885e-02
-4.175778478384017944e-02
-5.786544829607009888e-02
1.527233123779296875e-01
1.455623377114534378e-02
7.097403705120086670e-02
1.068315096199512482e-02
-1.197693347930908203e-01
2.124570310115814209e-02
-7.453731447458267212e-02
-5.884798616170883179e-02
-1.989192701876163483e-02
-9.679310768842697144e-02
3.820386901497840881e-02
-2.908357046544551849e-02
-3.672935068607330322e-02
-9.382267296314239502e-02
1.144604831933975220e-01
-4.325422644615173340e-02
-1.149628981947898865e-01
3.653972595930099487e-02
-1.790590211749076843e-02
8.823648840188980103e-02
-1.165526267141103745e-02
-1.546728163957595825e-01
3.639855980873107910e-02
7.510938495397567749e-02
2.409505844116210938e-02
4.964074492454528809e-02
-3.306861966848373413e-02
4.147164896130561829e-02
-9.865824133157730103e-03
5.456611886620521545e-02
6.182097271084785461e-02
-3.633227944374084473e-02
-1.716752201318740845e-01
-2.792375907301902771e-02
-4.335958883166313171e-02
1.807083375751972198e-02
-3.724254295229911804e-02
-2.599139139056205750e-02
-2.007989026606082916e-02
6.187726557254791260e-02
1.718468070030212402e-01
-1.108440160751342773e-01
1.138480007648468018e-01
-2.773500233888626099e-02
5.500866100192070007e-02
-9.422646835446357727e-03
-2.237738668918609619e-02
-3.355173021554946899e-02
6.205215677618980408e-02
8.384038507938385010e-02
1.475932896137237549e-01
-8.880546689033508301e-02
-2.887685969471931458e-02
1.757941842079162598e-01
2.591254375874996185e-02
1.117159947752952576e-01
1.055483054369688034e-02
-3.314302489161491394e-02
8.962390944361686707e-03
6.420855224132537842e-02
5.377406626939773560e-02
-7.435813546180725098e-02
-9.899338334798812866e-02
1.144336014986038208e-01
-1.581865921616554260e-02
5.388714745640754700e-02
-3.045805171132087708e-02
-3.971227258443832397e-02
-7.112192362546920776e-02
-3.686587885022163391e-02
-1.006197109818458557e-01
1.683306992053985596e-01
1.194755313917994499e-03
7.514801621437072754e-02
-9.730845689773559570e-02
3.776930272579193115e-02
4.271853342652320862e-02
3.727490082383155823e-02
-7.900976389646530151e-02
1.366237271577119827e-02
1.123924851417541504e-01
8.013557642698287964e-02
1.384859811514616013e-02
-6.914656143635511398e-03
9.997016936540603638e-02
-1.352072358131408691e-01
-8.567526191473007202e-02
-4.861434549093246460e-02
9.233035892248153687e-02
-1.721250009723007679e-03
-3.099768655374646187e-04
4.215415939688682556e-02
-9.677004069089889526e-02
-9.352396428585052490e-02
4.837977141141891479e-02
-1.232679840177297592e-02
-4.847967997193336487e-02
-4.285372421145439148e-02
9.447102248668670654e-02
1.621958799660205841e-02
-4.609450697898864746e-02
5.684509407728910446e-03
-1.657665520906448364e-02
1.038406565785408020e-01
-2.891984954476356506e-02
-6.627442780882120132e-03
1.927016675472259521e-02
-4.907501395791769028e-03
3.503192588686943054e-02
7.082377374172210693e-02
-3.260832279920578003e-02
-4.654207453131675720e-02
8.212854713201522827e-02
7.978899776935577393e-02
-3.108003735542297363e-02
7.661427557468414307e-02
6.290160119533538818e-02
-3.468427434563636780e-02
-7.189258933067321777e-02
-7.209211122244596481e-03
-8.593513071537017822e-02
2.103156596422195435e-02
-1.133783999830484390e-02
2.457841299474239349e-02
1.019755005836486816e-02
-2.449018135666847229e-02
8.371099829673767090e-02
-3.099857829511165619e-02
5.808405205607414246e-02
3.909394517540931702e-02
-5.658568814396858215e-03
7.252103835344314575e-02
-4.617628827691078186e-02
-3.085649199783802032e-02
1.086937263607978821e-03
-1.204019039869308472e-02
-9.145485237240791321e-03
7.298775482922792435e-03
-1.101546287536621094e-01
5.117497593164443970e-02
5.768007040023803711e-02
7.202737033367156982e-02
1.825588382780551910e-02
-5.706704221665859222e-03
3.828380256891250610e-02
4.403190687298774719e-02
-3.034005872905254364e-02
1.169429160654544830e-02
-1.749532110989093781e-02
1.777436397969722748e-02
2.099168300628662109e-02
5.691408738493919373e-02
8.178847841918468475e-03
-3.860612632706761360e-03
-1.435449998825788498e-02
-3.920347243547439575e-02
7.187150418758392334e-03
5.653956159949302673e-02
2.956129051744937897e-02
-8.310359716415405273e-02
6.248515099287033081e-02
-2.478256076574325562e-02
-1.462547946721315384e-02
-6.222154945135116577e-03
5.053460597991943359e-02
8.019577711820602417e-02
3.773067891597747803e-02
-8.377458155155181885e-02
1.089741382747888565e-02
-3.489690832793712616e-03
2.864315733313560486e-02
-6.084756180644035339e-02
3.066485188901424408e-02
-8.689743466675281525e-03
-7.320363819599151611e-02
-7.761076092720031738e-02
7.904106378555297852e-02
-2.573546953499317169e-02
-7.725217193365097046e-02
-2.184656634926795959e-02
-1.019246596843004227e-02
-4.472938552498817444e-02
3.620088845491409302e-02
8.347152173519134521e-02
5.721883382648229599e-03
8.111111074686050415e-02
-1.110624000430107117e-01
-2.608638443052768707e-02
-6.866224855184555054e-02
4.953709989786148071e-02
1.463217753916978836e-02
-6.466210633516311646e-02
