1.657939106225967407e-01
-8.516889065504074097e-03
4.531235247850418091e-02
-4.198227822780609131e-02
-5.140885338187217712e-02
-2.934119850397109985e-02
-1.067171916365623474e-01
-5.840240046381950378e-02
6.483713537454605103e-02
4.637175798416137695e-02
5.552181974053382874e-03
-4.630530253052711487e-02
-6.887769326567649841e-03
-1.030375882983207703e-01
1.473375968635082245e-02
-6.849096715450286865e-02
2.379934675991535187e-02
8.911144733428955078e-02
5.878495518118143082e-03
-1.354267261922359467e-02
-2.709181234240531921e-02
-3.018469549715518951e-03
2.725572511553764343e-02
-2.271643839776515961e-02
-4.266996309161186218e-02
-1.137542873620986938e-01
4.415167495608329773e-02
-7.576512545347213745e-02
-1.327377408742904663e-01
-1.155017912387847900e-01
6.158171966671943665e-02
-4.789819195866584778e-02
-4.339779913425445557e-02
-7.216387987136840820e-02
2.647195570170879364e-02
-9.175741113722324371e-03
1.536562107503414154e-02
-4.739059135317802429e-02
-5.781079828739166260e-02
-5.436186492443084717e-02
6.642270088195800781e-02
6.071090232580900192e-03
4.118250682950019836e-02
8.110553026199340820e-02
3.599113598465919495e-02
1.935930550098419189e-02
-1.216613352298736572e-01
4.016594588756561279e-02
-2.826188690960407257e-02
-3.554013371467590332e-02
-1.792949736118316650e-01
7.270590960979461670e-02
1.204188689589500427e-01
-9.888897091150283813e-02
-3.734761849045753479e-02
5.453765764832496643e-02
-2.574856393039226532e-02
3.968183416873216629e-03
1.662557423114776611e-01
-1.019974518567323685e-02
6.995987892150878906e-02
3.388826176524162292e-02
-8.888819068670272827e-02
-1.461557927541434765e-03
-6.945533305406570435e-02
-6.521999090909957886e-02
-5.413172394037246704e-02
-1.017209514975547791e-01
2.294993028044700623e-03
-5.618845671415328979e-02
-9.443359076976776123e-02
-1.045920997858047485e-01
1.330783665180206299e-01
-9.088472276926040649e-02
-1.327063292264938354e-01
4.862852394580841064e-02
-6.112740188837051392e-02
8.053836971521377563e-02
1.834810152649879456e-02
-2.064781486988067627e-01
4.365219175815582275e-02
5.563762411475181580e-02
1.646081544458866119e-02
7.550942152738571167e-02
-5.402328446507453918e-02
5.186334624886512756e-02
-4.777267575263977051e-02
5.561983957886695862e-02
2.985248528420925140e-02
-4.543172568082809448e-02
-1.466985493898391724e-01
-4.509967938065528870e-02
-6.344963610172271729e-02
-2.202800288796424866e-02
-5.823641270399093628e-02
-6.006371974945068359e-02
-2.563199587166309357e-02
3.536903113126754761e-02
6.360846012830734253e-02
-9.150088578462600708e-02
5.433001369237899780e-02
-1.725412160158157349e-02
1.823242381215095520e-02
-1.411846280097961426e-02
2.008086768910288811e-03
-4.909778013825416565e-02
7.384440302848815918e-02
8.313572406768798828e-02
9.740401059389114380e-02
-9.947146475315093994e-02
5.332401022315025330e-03
1.302746087312698364e-01
-1.184325106441974640e-02
9.606957435607910156e-02
4.322002132539637387e-05
-1.802765391767024994e-02
-1.965090632438659668e-02
5.290579423308372498e-02
5.123254656791687012e-02
-4.430376365780830383e-02
-3.960740938782691956e-02
9.767359495162963867e-02
7.306871004402637482e-03
4.824726656079292297e-02
-5.003947764635086060e-02
3.376166103407740593e-03
-3.574136644601821899e-02
-8.090759068727493286e-02
-1.039766073226928711e-01
8.772641420364379883e-02
2.041470631957054138e-02
8.306533098220825195e-02
-8.516702800989151001e-02
3.943344205617904663e-02
3.145486488938331604e-02
6.574454717338085175e-03
-7.283119857311248779e-02
2.550959028303623199e-02
8.992014080286026001e-02
2.892067097127437592e-02
3.090128302574157715e-02
4.999905824661254883e-02
4.944703727960586548e-02
-1.312012225389480591e-01
-8.712372928857803345e-02
-5.569060519337654114e-02
9.520480036735534668e-02
1.141550485044717789e-02
-1.214084029197692871e-02
2.253429777920246124e-02
-5.572068691253662109e-02
-5.627471581101417542e-02
1.221343036741018295e-02
-1.386474072933197021e-02
-3.958537802100181580e-02
-3.576150536537170410e-02
1.073619052767753601e-01
8.083944208920001984e-03
-6.023288518190383911e-02
2.255345694720745087e-03
1.073295529931783676e-02
8.569216728210449219e-02
-2.211710810661315918e-02
-2.519035711884498596e-02
-1.854244060814380646e-02
-9.803500957787036896e-03
3.966739028692245483e-02
4.023921117186546326e-02
-4.408882558345794678e-02
-4.633126035332679749e-02
1.418584436178207397e-01
1.094665229320526123e-01
-4.480198025703430176e-02
3.077102825045585632e-02
4.436278715729713440e-02
-1.893236488103866577e-02
-7.745628058910369873e-02
-1.273050438612699509e-02
-4.260933771729469299e-02
-5.275561474263668060e-03
-2.885634079575538635e-02
2.188588120043277740e-02
-2.428646571934223175e-02
-1.696700043976306915e-02
6.246352195739746094e-02
-2.563052438199520111e-02
3.942725434899330139e-02
5.842946469783782959e-02
2.306108921766281128e-02
1.035848259925842285e-01
-1.889828406274318695e-02
-1.594630442559719086e-02
1.290605962276458740e-02
2.116795256733894348e-02
-3.873100795317441225e-04
-2.399757737293839455e-03
-1.151745766401290894e-01
4.065070673823356628e-02
6.934841722249984741e-02
4.205948114395141602e-02
-1.297506690025329590e-02
-2.568147517740726471e-02
-1.356734894216060638e-02
3.128973767161369324e-02
-4.117409139871597290e-02
-2.307841496076434851e-04
3.894443856552243233e-03
3.484746813774108887e-02
1.934760436415672302e-02
8.278597891330718994e-02
-2.454200014472007751e-02
4.316578060388565063e-02
8.627933450043201447e-03
-6.182872131466865540e-02
5.511364340782165527e-02
8.198295533657073975e-02
4.706005379557609558e-02
-7.523260265588760376e-02
7.592675089836120605e-02
1.043045986443758011e-02
3.546744212508201599e-02
-1.026848517358303070e-02
5.200383439660072327e-02
8.558043837547302246e-02
1.915971376001834869e-02
-1.444495171308517456e-01
1.715612784028053284e-02
2.429354749619960785e-02
9.485623240470886230e-02
-6.319440901279449463e-02
5.456642434000968933e-02
-7.354008033871650696e-03
-6.380015611648559570e-02
-4.435383528470993042e-02
5.338779836893081665e-02
-4.686957225203514099e-02
-6.768284738063812256e-02
-5.811816081404685974e-02
-3.607612475752830505e-02
-5.264559015631675720e-02
2.291004732251167297e-02
9.894809871912002563e-02
-1.989395357668399811e-02
9.903158992528915405e-02
-1.082203164696693420e-01
-1.703131943941116333e-02
-5.544975399971008301e-02
3.635454224422574043e-03
3.057589940726757050e-02
-7.398444414138793945e-02
