1.641394197940826416e-01
1.098549738526344299e-02
4.054170474410057068e-02
-4.322805628180503845e-02
-2.669714018702507019e-02
-5.798524990677833557e-02
-9.002042561769485474e-02
-5.606598034501075745e-02
3.441567346453666687e-02
2.817064709961414337e-02
-7.519649807363748550e-03
-4.578555375337600708e-02
3.493682947009801865e-03
-8.843504637479782104e-02
3.514957381412386894e-03
-4.178600385785102844e-02
3.798573464155197144e-02
9.272169321775436401e-02
-4.719952121376991272e-03
-6.157429888844490051e-03
-1.860187202692031860e-02
-2.836509607732295990e-02
3.121921420097351074e-02
-2.489543519914150238e-02
-6.615258008241653442e-02
-1.233928725123405457e-01
4.874681681394577026e-02
-6.562355160713195801e-02
-1.090756729245185852e-01
-9.677349776029586792e-02
6.783701479434967041e-02
-5.317273363471031189e-02
-4.484963789582252502e-02
-6.463106721639633179e-02
2.706325240433216095e-02
-2.587774535641074181e-03
3.377962857484817505e-02
-4.524580016732215881e-02
-4.996242001652717590e-02
-7.096254080533981323e-02
5.383873730897903442e-02
-6.116953678429126740e-03
3.000245988368988037e-02
7.564485818147659302e-02
5.845732986927032471e-02
1.742718927562236786e-02
-1.388081759214401245e-01
5.274790897965431213e-02
-2.606660686433315277e-02
-5.658438429236412048e-02
-1.665822565555572510e-01
6.451342254877090454e-02
1.126322299242019653e-01
-8.149405568838119507e-02
-3.984926640987396240e-02
4.572539031505584717e-02
-4.570708796381950378e-02
-2.955952845513820648e-02
1.397021561861038208e-01
-2.310922555625438690e-02
6.831530481576919556e-02
4.839463531970977783e-02
-8.580707013607025146e-02
5.753371864557266235e-03
-6.752181053161621094e-02
-5.759494379162788391e-02
-4.801413789391517639e-02
-8.818997442722320557e-02
9.825034998357295990e-03
-4.973198845982551575e-02
-6.527134776115417480e-02
-8.743595331907272339e-02
1.165371760725975037e-01
-6.445065140724182129e-02
-1.302912980318069458e-01
4.691739007830619812e-02
-6.718882173299789429e-02
7.691831886768341064e-02
-6.443972233682870865e-03
-1.686162948608398438e-01
2.850577980279922485e-02
6.675668805837631226e-02
3.994245082139968872e-02
5.657453835010528564e-02
-5.083014070987701416e-02
5.203718319535255432e-02
-2.228285931050777435e-02
4.426578804850578308e-02
5.447788164019584656e-02
-4.143960028886795044e-02
-1.765749007463455200e-01
-1.506647188216447830e-02
-4.859356209635734558e-02
-1.337942946702241898e-02
-5.580862239003181458e-02
-4.083037748932838440e-02
-2.765445038676261902e-02
2.214786410331726074e-02
9.400961548089981079e-02
-7.849404960870742798e-02
6.526893377304077148e-02
-5.552117712795734406e-03
2.217310667037963867e-02
-2.452717162668704987e-02
-8.354752324521541595e-03
-6.063736602663993835e-02
6.211160495877265930e-02
8.385133743286132812e-02
1.129272580146789551e-01
-9.717982262372970581e-02
-1.180220954120159149e-02
1.515113413333892822e-01
-1.417830586433410645e-02
8.759351819753646851e-02
1.522810943424701691e-02
-2.546793408691883087e-02
-8.701479528099298477e-04
4.921862110495567322e-02
4.817950725555419922e-02
-7.255654782056808472e-02
-5.327185615897178650e-02
1.077594757080078125e-01
-1.193230040371417999e-03
5.650451779365539551e-02
-5.167560651898384094e-02
-1.596098206937313080e-02
-6.045144796371459961e-02
-7.325292378664016724e-02
-1.010830551385879517e-01
1.303600519895553589e-01
4.434674512594938278e-03
8.619892597198486328e-02
-9.884414076805114746e-02
3.663364425301551819e-02
3.640576452016830444e-02
2.884276024997234344e-02
-6.473887711763381958e-02
1.761614717543125153e-02
1.083276048302650452e-01
6.194984167814254761e-02
1.161938440054655075e-02
4.063657298684120178e-02
5.498194694519042969e-02
-1.335474997758865356e-01
-8.009010553359985352e-02
-5.741036310791969299e-02
8.470521867275238037e-02
7.722152397036552429e-03
7.252197246998548508e-03
1.477548480033874512e-02
-7.821856439113616943e-02
-6.128794327378273010e-02
4.098813980817794800e-02
-1.044364646077156067e-02
-4.195723310112953186e-02
-3.469385951757431030e-02
1.046751216053962708e-01
1.025166083127260208e-02
-6.375347822904586792e-02
9.794493205845355988e-03
-1.405378989875316620e-02
1.165041327476501465e-01
-3.353307396173477173e-02
-2.737189643085002899e-02
-2.023625746369361877e-02
-3.555610775947570801e-03
3.284744545817375183e-02
6.112924218177795410e-02
-5.117180570960044861e-02
-6.713022291660308838e-02
1.470768749713897705e-01
1.195209100842475891e-01
-3.032749518752098083e-02
6.723468750715255737e-02
5.685824155807495117e-02
-2.843001112341880798e-02
-8.287341892719268799e-02
-1.538378000259399414e-02
-5.516285076737403870e-02
1.452368032187223434e-02
-4.171229898929595947e-03
1.322877686470746994e-02
-1.458691712468862534e-02
-1.103811524808406830e-02
9.379953891038894653e-02
-2.605284191668033600e-02
3.731827437877655029e-02
6.210285797715187073e-02
1.463021431118249893e-02
1.064231917262077332e-01
-3.547149524092674255e-02
-2.682923711836338043e-02
1.405493821948766708e-02
2.084595151245594025e-02
-1.611570082604885101e-02
1.357456576079130173e-02
-1.283749490976333618e-01
6.195301190018653870e-02
6.801118701696395874e-02
6.760585308074951172e-02
-1.081406138837337494e-02
-2.108700014650821686e-02
4.560891073197126389e-03
3.039024025201797485e-02
-1.618304289877414703e-02
9.552987292408943176e-03
-1.042219693772494793e-03
2.499114163219928741e-02
5.489813163876533508e-03
9.259204566478729248e-02
-1.429982949048280716e-02
1.486722379922866821e-02
1.086633931845426559e-02
-5.394464358687400818e-02
3.592278063297271729e-02
6.279711425304412842e-02
1.221465226262807846e-02
-9.912288188934326172e-02
7.419336587190628052e-02
-1.315199397504329681e-02
2.999717183411121368e-02
-1.583414524793624878e-02
6.644824892282485962e-02
9.155984967947006226e-02
3.435106948018074036e-02
-1.333119124174118042e-01
3.527148440480232239e-02
1.333003118634223938e-02
6.827130168676376343e-02
-5.792054161429405212e-02
2.441967092454433441e-02
-2.459017373621463776e-02
-8.733518421649932861e-02
-4.509378969669342041e-02
6.508739292621612549e-02
-3.498807549476623535e-02
-8.183015137910842896e-02
-5.902443826198577881e-02
-2.611822262406349182e-02
-5.264784768223762512e-02
2.591133117675781250e-02
8.586432039737701416e-02
-2.076792530715465546e-02
6.924890726804733276e-02
-1.108351722359657288e-01
-3.401635214686393738e-02
-5.961594730615615845e-02
1.809483952820301056e-02
1.658323593437671661e-02
-6.735915690660476685e-02
