1.622920632362365723e-01
-7.389109581708908081e-03
4.136456549167633057e-02
-4.329934716224670410e-02
-4.586003348231315613e-02
-3.490226343274116516e-02
-9.609794616699218750e-02
-5.148784816265106201e-02
5.919492244720458984e-02
4.117149114608764648e-02
9.195686317980289459e-03
-4.640114307403564453e-02
-5.347807891666889191e-03
-9.099892526865005493e-02
1.483704056590795517e-02
-5.358421057462692261e-02
2.750350721180438995e-02
8.688236773014068604e-02
5.340099800378084183e-03
-1.604779623448848724e-02
-2.903508953750133514e-02
-6.049270275980234146e-03
2.366699464619159698e-02
-2.459822781383991241e-02
-4.096167907118797302e-02
-1.115180775523185730e-01
3.633826225996017456e-02
-6.472562998533248901e-02
-1.170406639575958252e-01
-1.051487177610397339e-01
6.164009124040603638e-02
-4.822593927383422852e-02
-5.163063481450080872e-02
-6.782007217407226562e-02
3.268610686063766479e-02
-8.509705774486064911e-03
2.007047459483146667e-02
-3.715773671865463257e-02
-5.491586774587631226e-02
-5.340598896145820618e-02
5.787122249603271484e-02
-4.855638835579156876e-03
3.980126231908798218e-02
7.160795480012893677e-02
4.196025058627128601e-02
2.430433034896850586e-02
-1.214394718408584595e-01
3.700029850006103516e-02
-2.675010077655315399e-02
-3.293462097644805908e-02
-1.743305325508117676e-01
6.418241560459136963e-02
1.113833934068679810e-01
-9.358626604080200195e-02
-3.943315148353576660e-02
4.943256080150604248e-02
-2.950913645327091217e-02
4.220939707010984421e-03
1.646451950073242188e-01
-1.312756817787885666e-02
6.321829557418823242e-02
3.686565533280372620e-02
-7.852242141962051392e-02
-1.748775364831089973e-03
-7.046184688806533813e-02
-6.236433610320091248e-02
-5.330539494752883911e-02
-1.040334999561309814e-01
8.761196659179404378e-05
-5.224860832095146179e-02
-9.441926330327987671e-02
-9.799097478389739990e-02
1.363245397806167603e-01
-8.545681834220886230e-02
-1.312922537326812744e-01
5.128184333443641663e-02
-6.961283832788467407e-02
8.176515251398086548e-02
1.765913143754005432e-02
-1.936358362436294556e-01
4.003563150763511658e-02
5.741672590374946594e-02
1.619027927517890930e-02
7.053989917039871216e-02
-5.390242114663124084e-02
4.909706860780715942e-02
-4.135085269808769226e-02
6.426174938678741455e-02
2.729895338416099548e-02
-4.302773624658584595e-02
-1.512074172496795654e-01
-3.942899405956268311e-02
-6.062241271138191223e-02
-2.412012964487075806e-02
-5.574274808168411255e-02
-5.245914682745933533e-02
-2.868359908461570740e-02
3.578725829720497131e-02
7.177991420030593872e-02
-8.987443149089813232e-02
5.530228838324546814e-02
-1.275888364762067795e-02
1.515745371580123901e-02
-1.636928319931030273e-02
-4.348051268607378006e-03
-5.562696605920791626e-02
6.791724264621734619e-02
8.657905459403991699e-02
1.018699780106544495e-01
-9.657087922096252441e-02
6.926450878381729126e-04
1.374706923961639404e-01
-1.820236630737781525e-02
9.226405620574951172e-02
3.369226353242993355e-03
-2.385851740837097168e-02
-2.229412645101547241e-02
5.077861994504928589e-02
5.262857675552368164e-02
-5.515004694461822510e-02
-3.702529519796371460e-02
1.057820022106170654e-01
3.215435426682233810e-03
4.248120263218879700e-02
-5.144090577960014343e-02
4.013929981738328934e-03
-4.436533898115158081e-02
-8.323012292385101318e-02
-1.044123619794845581e-01
1.001519933342933655e-01
1.219318062067031860e-02
8.539095520973205566e-02
-9.161265939474105835e-02
4.024798050522804260e-02
4.079645872116088867e-02
1.322675030678510666e-02
-7.605939358472824097e-02
1.815953478217124939e-02
9.407071769237518311e-02
3.731074184179306030e-02
2.037073485553264618e-02
5.327631533145904541e-02
4.748194664716720581e-02
-1.320762783288955688e-01
-7.778182625770568848e-02
-5.169907212257385254e-02
8.822154998779296875e-02
8.024759590625762939e-03
-1.317480020225048065e-02
1.698859408497810364e-02
-6.346695870161056519e-02
-5.854025855660438538e-02
1.547880843281745911e-02
-1.938933879137039185e-02
-4.483237490057945251e-02
-3.279982507228851318e-02
1.046760156750679016e-01
9.285163134336471558e-03
-6.261316686868667603e-02
2.121251454809680581e-04
5.521942861378192902e-03
9.560046344995498657e-02
-1.975477859377861023e-02
-2.677210979163646698e-02
-2.853746525943279266e-02
-1.371942088007926941e-02
4.471252113580703735e-02
4.117269441485404968e-02
-4.021402075886726379e-02
-5.695515125989913940e-02
1.499329507350921631e-01
1.204243823885917664e-01
-5.088863149285316467e-02
4.399971291422843933e-02
4.589428752660751343e-02
-1.673298142850399017e-02
-7.498685270547866821e-02
-6.660429295152425766e-03
-4.415866732597351074e-02
-3.354421118274331093e-03
-1.972023211419582367e-02
1.659665629267692566e-02
-2.775859460234642029e-02
-1.269717887043952942e-02
6.808695197105407715e-02
-2.258133701980113983e-02
3.292170539498329163e-02
5.770410969853401184e-02
2.240673638880252838e-02
1.096429899334907532e-01
-1.945402659475803375e-02
-2.702272497117519379e-02
1.881985366344451904e-02
2.855509519577026367e-02
-6.990261841565370560e-03
2.420253818854689598e-03
-1.212182268500328064e-01
5.005894228816032410e-02
6.335335969924926758e-02
5.050566047430038452e-02
-1.587940566241741180e-02
-2.804071083664894104e-02
-1.238217111676931381e-02
2.806315012276172638e-02
-3.578457236289978027e-02
-8.564480813220143318e-04
4.278740379959344864e-03
2.770376391708850861e-02
8.031549863517284393e-03
8.779489994049072266e-02
-2.819543145596981049e-02
3.723395243287086487e-02
5.240390077233314514e-03
-5.983766540884971619e-02
5.799463018774986267e-02
7.768841832876205444e-02
3.874950483441352844e-02
-8.082877844572067261e-02
7.520408183336257935e-02
8.933243341743946075e-03
3.537789732217788696e-02
-1.118938159197568893e-02
4.896185919642448425e-02
8.144352585077285767e-02
1.964938268065452576e-02
-1.421251296997070312e-01
1.626230031251907349e-02
2.088806219398975372e-02
9.128759056329727173e-02
-6.084159761667251587e-02
5.269810929894447327e-02
-1.198867242783308029e-02
-6.691198796033859253e-02
-4.620794951915740967e-02
6.914188712835311890e-02
-4.423273727297782898e-02
-7.500746846199035645e-02
-5.873303860425949097e-02
-4.410455003380775452e-02
-4.915424063801765442e-02
2.757508493959903717e-02
1.196822151541709900e-01
-1.554962992668151855e-02
1.118007451295852661e-01
-1.291001290082931519e-01
-2.745600417256355286e-02
-6.335701048374176025e-02
7.257855031639337540e-03
3.221190720796585083e-02
-7.919625937938690186e-02
