2.218583524227142334e-01
-6.103193387389183044e-03
5.010994896292686462e-02
-5.588626489043235779e-02
-7.220092415809631348e-02
-3.491527959704399109e-02
-1.351399719715118408e-01
-7.323099672794342041e-02
8.640593290328979492e-02
6.613788753747940063e-02
1.791234011761844158e-03
-5.649371817708015442e-02
-1.113918144255876541e-02
-1.248133108019828796e-01
2.030297555029392242e-02
-8.219282329082489014e-02
2.297305129468441010e-02
1.044774577021598816e-01
2.527894638478755951e-02
-2.100599184632301331e-02
-5.150328576564788818e-02
-2.137964777648448944e-02
2.929922938346862793e-02
-1.958616264164447784e-02
-6.315428763628005981e-02
-1.266741305589675903e-01
4.473446309566497803e-02
-8.221430331468582153e-02
-1.422393321990966797e-01
-1.274715065956115723e-01
7.163753360509872437e-02
-7.308363169431686401e-02
-4.699925333261489868e-02
-6.730664521455764771e-02
2.600896358489990234e-02
-1.903939247131347656e-02
1.638905517756938934e-02
-4.190328717231750488e-02
-5.085839331150054932e-02
-5.243537575006484985e-02
4.852688312530517578e-02
3.406509524211287498e-03
4.606717079877853394e-02
7.571612298488616943e-02
5.281731113791465759e-02
2.962493710219860077e-02
-1.094056218862533569e-01
3.360436111688613892e-02
-2.210005186498165131e-02
-1.887138001620769501e-02
-1.696616262197494507e-01
6.296082586050033569e-02
1.302149593830108643e-01
-9.709706157445907593e-02
-3.646557033061981201e-02
3.746323660016059875e-02
-2.532976120710372925e-02
2.304668352007865906e-02
1.599296927452087402e-01
7.531580631621181965e-04
5.771598964929580688e-02
3.375218436121940613e-02
-8.318275958299636841e-02
-4.801981151103973389e-03
-7.100478559732437134e-02
-5.412518978118896484e-02
-5.139844492077827454e-02
-9.332658350467681885e-02
3.984367940574884415e-03
-4.255420342087745667e-02
-1.001711040735244751e-01
-9.686150401830673218e-02
1.329896301031112671e-01
-8.592722564935684204e-02
-1.217974200844764709e-01
4.168906807899475098e-02
-5.054865032434463501e-02
7.422054558992385864e-02
2.221202664077281952e-02
-1.766765564680099487e-01
4.329928755760192871e-02
5.547605827450752258e-02
2.589559368789196014e-02
7.447598129510879517e-02
-4.930080845952033997e-02
5.325386300683021545e-02
-3.218982741236686707e-02
4.781932756304740906e-02
2.804241701960563660e-02
-4.233643785119056702e-02
-1.243760585784912109e-01
-4.026297107338905334e-02
-6.112773716449737549e-02
-1.760284416377544403e-02
-4.959173500537872314e-02
-5.721856653690338135e-02
-2.513132989406585693e-02
4.938622191548347473e-02
7.104950398206710815e-02
-9.464693814516067505e-02
5.151313543319702148e-02
-1.238706987351179123e-02
1.903476379811763763e-02
-1.861812174320220947e-02
-5.291515961289405823e-03
-3.698808327317237854e-02
5.907772481441497803e-02
8.326104283332824707e-02
8.914925903081893921e-02
-9.395624697208404541e-02
2.459855051711201668e-03
1.241012662649154663e-01
-2.699910849332809448e-02
9.261677414178848267e-02
-7.766032125800848007e-03
2.502211602404713631e-03
-1.886939443647861481e-02
5.537462979555130005e-02
5.032470077276229858e-02
-4.617864638566970825e-02
-2.673574723303318024e-02
1.003945395350456238e-01
3.732197219505906105e-03
4.814634099602699280e-02
-4.205853864550590515e-02
2.065780758857727051e-02
-3.217967599630355835e-02
-7.258022576570510864e-02
-1.018393337726593018e-01
8.814444392919540405e-02
2.255732752382755280e-02
7.509756833314895630e-02
-8.613982796669006348e-02
4.385910555720329285e-02
3.396896272897720337e-02
-7.209071423858404160e-03
-6.377895921468734741e-02
2.848442457616329193e-02
8.975601196289062500e-02
3.238410875201225281e-02
2.014436200261116028e-02
6.132045760750770569e-02
2.312145382165908813e-02
-1.279482394456863403e-01
-8.459907770156860352e-02
-5.968204885721206665e-02
9.643549472093582153e-02
1.936119422316551208e-02
-1.523495744913816452e-02
1.192037109285593033e-02
-6.018026918172836304e-02
-5.483930185437202454e-02
8.517199312336742878e-04
-1.076730992645025253e-02
-3.307228907942771912e-02
-2.772003784775733948e-02
1.063628569245338440e-01
1.316896919161081314e-02
-5.784368142485618591e-02
-4.315095022320747375e-03
1.369377598166465759e-02
7.085606455802917480e-02
-1.313444599509239197e-02
-2.264199219644069672e-02
-3.221430256962776184e-02
-1.521555520594120026e-02
4.132808372378349304e-02
4.061227291822433472e-02
-3.530198335647583008e-02
-5.594038218259811401e-02
1.487267017364501953e-01
1.162898093461990356e-01
-4.733880609273910522e-02
2.829140238463878632e-02
4.222771152853965759e-02
-8.123205974698066711e-03
-7.500324398279190063e-02
-1.201872620731592178e-02
-4.599522054195404053e-02
-8.871635422110557556e-03
-1.920945756137371063e-02
2.377094142138957977e-02
-3.036498650908470154e-02
-1.619781181216239929e-02
5.983725190162658691e-02
-6.789109203964471817e-03
3.988682478666305542e-02
5.738626420497894287e-02
2.321040071547031403e-02
9.828444570302963257e-02
-2.067674323916435242e-02
-1.008643861860036850e-02
2.131043188273906708e-02
2.388418093323707581e-02
-3.517083823680877686e-03
2.226989483460783958e-03
-9.190694242715835571e-02
4.222130402922630310e-02
6.233668699860572815e-02
4.386557266116142273e-02
-1.755387336015701294e-02
-3.693404421210289001e-02
-2.658421546220779419e-02
2.316470816731452942e-02
-4.828502237796783447e-02
-2.287002094089984894e-02
4.822654183954000473e-03
3.460118919610977173e-02
6.974759045988321304e-03
8.376501500606536865e-02
-3.590125590562820435e-02
4.761132970452308655e-02
1.603977568447589874e-02
-6.654125452041625977e-02
6.228318437933921814e-02
6.645961850881576538e-02
3.989472985267639160e-02
-5.567895248532295227e-02
4.701593145728111267e-02
-2.250802499474957585e-04
2.988097444176673889e-02
2.073351060971617699e-03
4.124081507325172424e-02
6.801404803991317749e-02
9.680167771875858307e-03
-1.150309816002845764e-01
2.961254864931106567e-02
3.088856115937232971e-02
8.882153779268264771e-02
-5.472117662429809570e-02
3.609627485275268555e-02
-1.964844949543476105e-02
-5.299921333789825439e-02
-3.940247371792793274e-02
6.073905155062675476e-02
-5.158179253339767456e-02
-7.514534145593643188e-02
-3.780621290206909180e-02
-3.992954269051551819e-02
-4.518670588731765747e-02
3.216437622904777527e-02
1.127165108919143677e-01
-2.385328896343708038e-02
1.155235543847084045e-01
-1.399621218442916870e-01
-1.154838688671588898e-02
-5.917369574308395386e-02
-1.578638330101966858e-02
3.617087751626968384e-02
-6.626326590776443481e-02
