1.967123597860336304e-01
-4.579786676913499832e-03
4.347580298781394958e-02
-5.188429355621337891e-02
-6.274983286857604980e-02
-7.313302159309387207e-02
-1.106959134340286255e-01
-5.347660183906555176e-02
9.123738855123519897e-02
5.035663768649101257e-02
4.046971909701824188e-03
-3.339898213744163513e-02
9.336854331195354462e-03
-1.155638024210929871e-01
3.669898211956024170e-02
-7.029109448194503784e-02
5.698250606656074524e-02
1.007191464304924011e-01
1.126057095825672150e-02
-3.228823840618133545e-02
-4.492689669132232666e-02
-3.701338544487953186e-03
3.060449101030826569e-02
-2.413892373442649841e-02
-7.408390194177627563e-02
-1.157762482762336731e-01
4.566462710499763489e-02
-7.868929952383041382e-02
-1.185988932847976685e-01
-8.889257907867431641e-02
7.068541646003723145e-02
-4.909782856702804565e-02
-2.432049997150897980e-02
-9.346805512905120850e-02
4.014817066490650177e-03
-1.674639247357845306e-02
6.641160696744918823e-02
-1.156750693917274475e-02
-4.500392824411392212e-02
-4.558826982975006104e-02
6.813350319862365723e-02
-3.867968171834945679e-02
2.719699405133724213e-02
8.807457983493804932e-02
4.753259569406509399e-02
2.838764525949954987e-02
-1.246141046285629272e-01
-1.935565471649169922e-02
-1.471718121320009232e-02
-5.536207184195518494e-02
-1.724297851324081421e-01
5.771792680025100708e-02
1.147696226835250854e-01
-6.579968333244323730e-02
-6.326884031295776367e-02
5.211031809449195862e-02
-4.494896531105041504e-02
-2.256728895008563995e-02
1.318034231662750244e-01
-4.346273839473724365e-02
4.620384797453880310e-02
5.212717130780220032e-02
-5.354237928986549377e-02
1.048662886023521423e-02
-5.596451088786125183e-02
-8.154707401990890503e-02
-5.208247154951095581e-02
-9.370028227567672729e-02
8.148913271725177765e-03
-4.823765531182289124e-02
-7.122512906789779663e-02
-1.094629764556884766e-01
1.381502151489257812e-01
-8.137273788452148438e-02
-1.109925284981727600e-01
6.727507710456848145e-02
-1.064115837216377258e-01
2.923391014337539673e-02
-1.435354235582053661e-03
-1.551564931869506836e-01
3.581396862864494324e-02
4.795221239328384399e-02
-2.710428787395358086e-03
4.209987074136734009e-02
-7.155571132898330688e-02
6.456308811902999878e-02
-2.175521105527877808e-02
3.547812998294830322e-02
2.220038883388042450e-02
-1.995914056897163391e-02
-1.660050600767135620e-01
5.701013840734958649e-03
-7.684607058763504028e-02
-2.423918060958385468e-02
-6.367933005094528198e-02
-3.780026361346244812e-02
-2.620799653232097626e-02
5.721342749893665314e-03
8.341921865940093994e-02
-8.195641636848449707e-02
5.298743396997451782e-02
7.098165806382894516e-03
9.008917957544326782e-03
-6.678578909486532211e-03
7.484990637749433517e-03
-5.208896845579147339e-02
6.052501499652862549e-02
1.142308712005615234e-01
8.081158250570297241e-02
-1.014327779412269592e-01
-1.203186344355344772e-02
1.232437267899513245e-01
-2.109200321137905121e-02
6.510181725025177002e-02
2.551480196416378021e-02
-2.817156910896301270e-02
-1.906299218535423279e-02
6.143474951386451721e-02
7.535658031702041626e-02
-7.739622145891189575e-02
-7.857659459114074707e-02
9.052509814500808716e-02
1.602062024176120758e-02
6.441739201545715332e-02
-3.705926984548568726e-02
5.370439495891332626e-03
-6.546803563833236694e-02
-9.594900161027908325e-02
-1.034087911248207092e-01
9.131480753421783447e-02
-1.012541912496089935e-02
7.851617038249969482e-02
-8.857016265392303467e-02
4.479242116212844849e-02
2.017060853540897369e-02
4.649477079510688782e-02
-8.730921149253845215e-02
7.282784581184387207e-02
1.405356824398040771e-01
4.816097021102905273e-02
5.241141095757484436e-02
5.209077522158622742e-02
5.924308300018310547e-02
-1.474645733833312988e-01
-3.396694362163543701e-02
-6.177296116948127747e-02
7.046941667795181274e-02
9.209419600665569305e-03
-7.212253753095865250e-03
3.610829636454582214e-02
-6.353817880153656006e-02
-2.609513513743877411e-02
4.495669528841972351e-02
-4.927342757582664490e-02
-5.043621361255645752e-02
-5.465911328792572021e-02
9.816189110279083252e-02
2.930145524442195892e-02
-8.125440776348114014e-02
9.021704085171222687e-03
-3.325890749692916870e-02
1.008153557777404785e-01
-3.813987364992499352e-03
-5.314724519848823547e-02
-1.550567243248224258e-02
-5.108888261020183563e-03
2.950313128530979156e-02
4.279174655675888062e-02
-3.136184439063072205e-02
-1.732519268989562988e-02
1.230413541197776794e-01
1.161037459969520569e-01
-1.984580047428607941e-02
5.221940577030181885e-02
4.893338680267333984e-02
-1.669035176746547222e-03
-6.156399473547935486e-02
-4.222718998789787292e-02
-2.624033205211162567e-02
-2.218192821601405740e-04
1.284169778227806091e-02
2.850047871470451355e-02
-1.545859500765800476e-02
-3.404601663351058960e-02
1.174972057342529297e-01
-2.014776878058910370e-02
2.198139019310474396e-02
9.025511145591735840e-02
4.417600110173225403e-02
9.966118633747100830e-02
-3.311050683259963989e-02
-2.785271964967250824e-02
-1.569710858166217804e-02
1.598238013684749603e-02
-2.245021983981132507e-02
1.157479081302881241e-02
-1.207587793469429016e-01
5.193231254816055298e-02
5.669438466429710388e-02
5.969323217868804932e-02
-1.457552891224622726e-03
-5.705723306164145470e-04
-1.821483857929706573e-02
7.593976799398660660e-03
-1.669401675462722778e-02
1.254085544496774673e-02
-1.028255745768547058e-02
1.292370911687612534e-02
-1.853020279668271542e-03
9.482172876596450806e-02
-3.420723835006356239e-03
1.341246347874403000e-02
1.741825416684150696e-02
-4.111500084400177002e-02
2.670338377356529236e-02
4.459998756647109985e-02
-1.790776289999485016e-02
-9.332076460123062134e-02
7.090878486633300781e-02
-1.250954996794462204e-02
2.552393078804016113e-02
7.334989029914140701e-03
7.231872528791427612e-02
1.031969711184501648e-01
3.179662162438035011e-03
-8.490710705518722534e-02
3.765041381120681763e-02
-2.447182079777121544e-03
5.156885832548141479e-02
-3.045487403869628906e-02
3.221365064382553101e-02
-2.767304331064224243e-02
-4.674382880330085754e-02
-5.395326390862464905e-02
6.121469661593437195e-02
-3.459947928786277771e-02
-7.069309055805206299e-02
-4.420765861868858337e-02
-2.696883631870150566e-03
-3.326151520013809204e-02
5.598058179020881653e-02
8.362887799739837646e-02
-1.137189380824565887e-02
8.747149258852005005e-02
-9.733214974403381348e-02
-3.481756523251533508e-02
-3.153797984123229980e-02
4.376859217882156372e-02
-5.642781499773263931e-03
-6.169825419783592224e-02
