1.687094122171401978e-01
-2.381681231781840324e-03
4.681571200489997864e-02
-4.108950495719909668e-02
-4.206856340169906616e-02
-4.927251487970352173e-02
-9.268613904714584351e-02
-4.754328727722167969e-02
5.096130818128585815e-02
3.003953397274017334e-02
1.278589363209903240e-03
-4.096790030598640442e-02
2.795826410874724388e-03
-9.042622148990631104e-02
1.921124197542667389e-02
-5.413810908794403076e-02
3.693595528602600098e-02
8.943976461887359619e-02
2.570699667558073997e-03
-7.682946044951677322e-03
-2.212356217205524445e-02
-6.874342449009418488e-03
3.613116219639778137e-02
-1.616956107318401337e-02
-4.471871256828308105e-02
-1.024822294712066650e-01
3.895311057567596436e-02
-6.480178982019424438e-02
-1.128565669059753418e-01
-9.101831167936325073e-02
4.887147992849349976e-02
-3.820806369185447693e-02
-3.448890522122383118e-02
-7.739585638046264648e-02
2.629991620779037476e-02
-4.568202421069145203e-03
3.534694015979766846e-02
-3.469491377472877502e-02
-6.195756793022155762e-02
-6.446335464715957642e-02
6.789203733205795288e-02
-6.621995009481906891e-03
4.186438769102096558e-02
7.198409736156463623e-02
3.912350535392761230e-02
2.339859865605831146e-02
-1.271580308675765991e-01
2.952202223241329193e-02
-2.601966448128223419e-02
-4.216440021991729736e-02
-1.814358383417129517e-01
6.514227390289306641e-02
1.059202328324317932e-01
-7.795985043048858643e-02
-4.175947606563568115e-02
5.830493196845054626e-02
-3.419664502143859863e-02
-1.108623761683702469e-02
1.549112051725387573e-01
-1.979144103825092316e-02
6.544438004493713379e-02
4.045878723263740540e-02
-8.595133572816848755e-02
7.021445780992507935e-03
-6.946649402379989624e-02
-7.169184833765029907e-02
-5.124602466821670532e-02
-1.051846891641616821e-01
1.094021368771791458e-02
-5.072864145040512085e-02
-7.848270982503890991e-02
-1.061995550990104675e-01
1.347476392984390259e-01
-7.951691746711730957e-02
-1.247000619769096375e-01
5.482764914631843567e-02
-7.700812071561813354e-02
7.483481615781784058e-02
1.108316145837306976e-02
-1.884423792362213135e-01
3.480551019310951233e-02
5.990798026323318481e-02
1.119431853294372559e-02
5.827349796891212463e-02
-5.229695886373519897e-02
5.809226632118225098e-02
-3.767908364534378052e-02
5.646463111042976379e-02
2.570201456546783447e-02
-4.536655545234680176e-02
-1.593768000602722168e-01
-2.292686514556407928e-02
-6.560263782739639282e-02
-1.921731233596801758e-02
-5.376181006431579590e-02
-4.529018327593803406e-02
-2.903282456099987030e-02
3.499459102749824524e-02
8.766151964664459229e-02
-8.595075458288192749e-02
6.791346520185470581e-02
-1.108653005212545395e-02
2.242952026426792145e-02
-9.124470874667167664e-03
-1.980971079319715500e-03
-5.669454857707023621e-02
6.908430904150009155e-02
9.589725732803344727e-02
1.064456999301910400e-01
-1.037467196583747864e-01
-5.207384005188941956e-03
1.474119573831558228e-01
-9.470034390687942505e-03
8.885423839092254639e-02
1.686729677021503448e-02
-3.260984271764755249e-02
-1.614281348884105682e-02
6.264337897300720215e-02
5.900032073259353638e-02
-6.667143851518630981e-02
-6.302446871995925903e-02
1.053494587540626526e-01
5.105411168187856674e-03
5.422039702534675598e-02
-4.673492163419723511e-02
-7.957256399095058441e-03
-5.661733821034431458e-02
-8.336942642927169800e-02
-1.100791469216346741e-01
1.144637241959571838e-01
6.872868631035089493e-03
8.894703537225723267e-02
-9.027346223592758179e-02
4.402573779225349426e-02
3.863667324185371399e-02
3.376981616020202637e-02
-8.232179284095764160e-02
3.112364932894706726e-02
1.181223541498184204e-01
4.032641649246215820e-02
3.126716986298561096e-02
4.703162238001823425e-02
6.321917474269866943e-02
-1.412927508354187012e-01
-7.837196439504623413e-02
-5.275775119662284851e-02
8.731110394001007080e-02
5.766343791037797928e-03
-1.428382284939289093e-02
3.197088092565536499e-02
-6.501787900924682617e-02
-5.901092663407325745e-02
2.588154748082160950e-02
-2.701856754720211029e-02
-4.570352286100387573e-02
-4.111305624246597290e-02
1.061634942889213562e-01
1.514078211039304733e-02
-7.257404923439025879e-02
5.345172248780727386e-03
-6.156225223094224930e-03
1.102493926882743835e-01
-2.057652547955513000e-02
-3.336562961339950562e-02
-1.703765429556369781e-02
-1.583250798285007477e-02
4.288418963551521301e-02
4.678253829479217529e-02
-3.464435040950775146e-02
-4.454965516924858093e-02
1.357460021972656250e-01
1.162922903895378113e-01
-3.923941403627395630e-02
5.417166650295257568e-02
4.821315407752990723e-02
-1.992202177643775940e-02
-7.307248562574386597e-02
-1.436669472604990005e-02
-5.234256386756896973e-02
-1.522368635050952435e-03
-1.024414505809545517e-02
2.250377461314201355e-02
-1.576593145728111267e-02
-2.254070155322551727e-02
8.487885445356369019e-02
-2.795487828552722931e-02
3.713481500744819641e-02
6.847175955772399902e-02
2.484829165041446686e-02
1.062200814485549927e-01
-2.442828379571437836e-02
-2.699216455221176147e-02
5.778016056865453720e-03
2.043681219220161438e-02
-8.046066388487815857e-03
1.862138393335044384e-03
-1.282575428485870361e-01
5.411168932914733887e-02
6.114573031663894653e-02
5.363638699054718018e-02
-8.063475601375102997e-03
-1.063711848109960556e-02
-3.214812837541103363e-03
2.645557187497615814e-02
-2.136758714914321899e-02
1.070132665336132050e-02
3.378926485311239958e-04
2.255886234343051910e-02
1.079355459660291672e-02
8.863329887390136719e-02
-1.231173332780599594e-02
2.476199530065059662e-02
1.302647124975919724e-02
-5.011966452002525330e-02
4.581592231988906860e-02
7.136065512895584106e-02
2.551129087805747986e-02
-9.346710145473480225e-02
8.092484623193740845e-02
-3.398571163415908813e-03
2.907855994999408722e-02
-7.352948188781738281e-03
5.932908132672309875e-02
8.757884800434112549e-02
1.823079586029052734e-02
-1.168467998504638672e-01
1.990606077015399933e-02
1.172219868749380112e-02
6.832104176282882690e-02
-5.753806233406066895e-02
4.808585718274116516e-02
-1.157377846539020538e-02
-6.181707978248596191e-02
-5.209690704941749573e-02
6.518869102001190186e-02
-3.761712089180946350e-02
-7.069879770278930664e-02
-5.421563237905502319e-02
-3.302337601780891418e-02
-4.537818953394889832e-02
3.125509992241859436e-02
9.582855552434921265e-02
-9.982283227145671844e-03
9.479517489671707153e-02
-1.031724736094474792e-01
-2.715603262186050415e-02
-5.232423916459083557e-02
2.837696112692356110e-02
1.551159191876649857e-02
-7.284155488014221191e-02
