1.755239516496658325e-01
-4.091305192559957504e-03
3.628668189048767090e-02
-4.486131668090820312e-02
-4.865901172161102295e-02
-3.983170911669731140e-02
-1.012408286333084106e-01
-5.202201753854751587e-02
7.345515489578247070e-02
4.568292945623397827e-02
1.243670238181948662e-03
-4.655471071600914001e-02
-3.420215100049972534e-03
-1.009079143404960632e-01
1.691271178424358368e-02
-6.165559962391853333e-02
3.304271772503852844e-02
8.288516104221343994e-02
1.002348028123378754e-02
-1.630782894790172577e-02
-4.384567216038703918e-02
-8.367608301341533661e-03
2.266515046358108521e-02
-2.012479305267333984e-02
-5.382772162556648254e-02
-1.182552799582481384e-01
4.193390160799026489e-02
-7.507787644863128662e-02
-1.206351220607757568e-01
-1.081796064972877502e-01
6.633365899324417114e-02
-5.520353838801383972e-02
-4.060086235404014587e-02
-7.480295747518539429e-02
2.139732986688613892e-02
-1.823233813047409058e-02
3.866437077522277832e-02
-2.841197326779365540e-02
-5.341025069355964661e-02
-4.824921116232872009e-02
5.725449323654174805e-02
-1.341648679226636887e-02
4.162537679076194763e-02
7.359347492456436157e-02
4.802706837654113770e-02
2.879840880632400513e-02
-1.227159798145294189e-01
1.632559299468994141e-02
-2.696040831506252289e-02
-4.042345285415649414e-02
-1.768604815006256104e-01
6.261917948722839355e-02
1.184750646352767944e-01
-9.098219126462936401e-02
-4.447870329022407532e-02
4.765236377716064453e-02
-3.530569374561309814e-02
-2.579431748017668724e-03
1.549440622329711914e-01
-1.685267873108386993e-02
6.098981946706771851e-02
3.655013814568519592e-02
-6.887547671794891357e-02
6.798896472901105881e-03
-7.225807011127471924e-02
-6.258118897676467896e-02
-5.061874911189079285e-02
-1.045656278729438782e-01
5.398202221840620041e-03
-4.402788728475570679e-02
-9.396951645612716675e-02
-1.005967035889625549e-01
1.431485116481781006e-01
-8.206783980131149292e-02
-1.347620040178298950e-01
5.209370702505111694e-02
-7.203666865825653076e-02
7.128221541643142700e-02
9.404260665178298950e-03
-1.811433136463165283e-01
4.497445002198219299e-02
5.223070085048675537e-02
1.203049719333648682e-02
6.213451176881790161e-02
-5.691844969987869263e-02
5.474779382348060608e-02
-2.743978053331375122e-02
5.429729074239730835e-02
3.054377436637878418e-02
-3.497359529137611389e-02
-1.636419296264648438e-01
-2.362830750644207001e-02
-6.658689677715301514e-02
-2.638423442840576172e-02
-5.584035441279411316e-02
-5.099926888942718506e-02
-2.677853591740131378e-02
3.038439527153968811e-02
8.493866771459579468e-02
-9.063750505447387695e-02
5.776512995362281799e-02
-9.358254261314868927e-03
1.916123367846012115e-02
-1.296216808259487152e-02
-7.539050653576850891e-03
-5.378117412328720093e-02
5.948584899306297302e-02
9.924827516078948975e-02
1.002191007137298584e-01
-9.533440321683883667e-02
-7.129701785743236542e-03
1.408345103263854980e-01
-2.207755111157894135e-02
8.842057734727859497e-02
7.825434207916259766e-03
-1.854270882904529572e-02
-2.215438894927501678e-02
5.322406813502311707e-02
6.043656542897224426e-02
-6.587326526641845703e-02
-5.305203422904014587e-02
1.059471145272254944e-01
4.884128458797931671e-03
4.544271156191825867e-02
-4.124998673796653748e-02
9.922964498400688171e-03
-5.561529472470283508e-02
-8.612503856420516968e-02
-1.011838242411613464e-01
1.029035821557044983e-01
4.986775107681751251e-03
7.695510238409042358e-02
-9.435640275478363037e-02
4.166332259774208069e-02
3.894210606813430786e-02
1.688927225768566132e-02
-7.720896601676940918e-02
3.388756513595581055e-02
1.088440939784049988e-01
4.651692509651184082e-02
2.370733954012393951e-02
5.425778403878211975e-02
4.038598015904426575e-02
-1.441933959722518921e-01
-6.882135570049285889e-02
-5.725119635462760925e-02
8.040971308946609497e-02
6.739372853189706802e-03
-1.385380513966083527e-02
2.233964949846267700e-02
-7.308863848447799683e-02
-5.036968737840652466e-02
1.710293628275394440e-02
-3.137578442692756653e-02
-4.645473137497901917e-02
-3.741550073027610779e-02
1.003444790840148926e-01
1.823116652667522430e-02
-7.126297056674957275e-02
1.682025380432605743e-03
-2.557474421337246895e-03
1.031706333160400391e-01
-1.434284914284944534e-02
-3.582422062754631042e-02
-2.860128507018089294e-02
-6.951980292797088623e-03
4.213305562734603882e-02
4.624728858470916748e-02
-4.433402791619300842e-02
-5.009467154741287231e-02
1.471404433250427246e-01
1.310113817453384399e-01
-4.766245558857917786e-02
5.051309615373611450e-02
4.681001976132392883e-02
-1.722173206508159637e-02
-7.011446356773376465e-02
-1.318101864308118820e-02
-4.173871874809265137e-02
-1.340220449492335320e-03
-1.077814772725105286e-02
2.237640880048274994e-02
-2.994036860764026642e-02
-1.484597753733396530e-02
8.477158844470977783e-02
-1.798922754824161530e-02
2.903564274311065674e-02
6.793446093797683716e-02
3.366531059145927429e-02
1.093059778213500977e-01
-2.605817466974258423e-02
-2.665915526449680328e-02
1.874424889683723450e-02
2.343241497874259949e-02
-1.287609711289405823e-02
1.152714993804693222e-02
-1.180250048637390137e-01
5.374263972043991089e-02
5.697214230895042419e-02
6.106145307421684265e-02
-1.620328798890113831e-02
-2.496439404785633087e-02
-1.940739899873733521e-02
2.480238303542137146e-02
-3.703024610877037048e-02
-5.438720108941197395e-04
-5.428223870694637299e-03
2.254531718790531158e-02
-2.845793263986706734e-03
9.299183636903762817e-02
-2.462504804134368896e-02
2.884225733578205109e-02
7.491743657737970352e-03
-5.760058388113975525e-02
5.057113617658615112e-02
6.794332712888717651e-02
2.093402482569217682e-02
-8.331748098134994507e-02
6.911735981702804565e-02
-3.535018768161535263e-03
2.670377679169178009e-02
-4.200287628918886185e-03
5.254599824547767639e-02
8.586606383323669434e-02
1.790503785014152527e-02
-1.251163929700851440e-01
2.663335762917995453e-02
1.968006603419780731e-02
7.522097975015640259e-02
-4.191547259688377380e-02
3.097885102033615112e-02
-1.758760586380958557e-02
-5.517963692545890808e-02
-4.706502705812454224e-02
7.126560062170028687e-02
-3.830983489751815796e-02
-7.145495712757110596e-02
-4.330653697252273560e-02
-2.607747726142406464e-02
-3.561733290553092957e-02
3.379724919795989990e-02
9.791418910026550293e-02
-1.064977608621120453e-02
9.217666834592819214e-02
-1.196537688374519348e-01
-2.103597670793533325e-02
-4.720686748623847961e-02
7.603430189192295074e-03
2.555024437606334686e-02
-6.150278449058532715e-02
