1.759022176265716553e-01
-8.467610925436019897e-03
4.709115251898765564e-02
-5.373033881187438965e-02
-5.440148338675498962e-02
-3.660219535231590271e-02
-1.060362607240676880e-01
-5.369850248098373413e-02
6.502193957567214966e-02
5.825307220220565796e-02
5.230431910604238510e-03
-4.520093277096748352e-02
-9.332497604191303253e-03
-1.003163754940032959e-01
1.747191511094570160e-02
-5.783727020025253296e-02
2.597469836473464966e-02
9.023081511259078979e-02
1.392024941742420197e-02
-2.055644989013671875e-02
-2.935037389397621155e-02
-1.284220535308122635e-02
3.203690797090530396e-02
-1.991419494152069092e-02
-4.507453739643096924e-02
-1.095757260918617249e-01
3.182476386427879333e-02
-6.372460722923278809e-02
-1.175897344946861267e-01
-1.024685129523277283e-01
6.044500693678855896e-02
-5.180231109261512756e-02
-5.755165591835975647e-02
-6.867679208517074585e-02
4.027519375085830688e-02
-1.132769510149955750e-02
1.344579271972179413e-02
-3.999078646302223206e-02
-5.282765626907348633e-02
-5.369085818529129028e-02
4.682609438896179199e-02
-9.116643108427524567e-03
4.445608705282211304e-02
6.883191317319869995e-02
4.720659554004669189e-02
2.975235693156719208e-02
-1.151534467935562134e-01
3.198454156517982483e-02
-2.074817940592765808e-02
-2.062727883458137512e-02
-1.671245247125625610e-01
6.023485586047172546e-02
1.130121946334838867e-01
-8.921823650598526001e-02
-3.754229843616485596e-02
4.423188418149948120e-02
-2.216738648712635040e-02
2.663828432559967041e-02
1.679072231054306030e-01
-1.495330315083265305e-02
5.957040563225746155e-02
3.549223765730857849e-02
-7.323854416608810425e-02
-6.997420452535152435e-03
-7.359811663627624512e-02
-6.108530238270759583e-02
-5.917238071560859680e-02
-9.992171823978424072e-02
-7.766681956127285957e-04
-4.918397963047027588e-02
-9.944576770067214966e-02
-9.262105822563171387e-02
1.348868012428283691e-01
-8.498465269804000854e-02
-1.179531738162040710e-01
5.723111703991889954e-02
-6.752789020538330078e-02
7.833084464073181152e-02
2.130802534520626068e-02
-1.796500533819198608e-01
4.364898055791854858e-02
6.585271656513214111e-02
2.254165522754192352e-02
6.441320478916168213e-02
-5.338874459266662598e-02
5.093079805374145508e-02
-4.336014017462730408e-02
6.292472034692764282e-02
1.778662018477916718e-02
-4.297764226794242859e-02
-1.334163248538970947e-01
-3.997083008289337158e-02
-5.657304823398590088e-02
-2.193370461463928223e-02
-5.141923204064369202e-02
-5.694910138845443726e-02
-3.360724821686744690e-02
4.101527854800224304e-02
6.909031420946121216e-02
-9.510676562786102295e-02
5.842971056699752808e-02
-7.726536132395267487e-03
1.181885600090026855e-02
-1.678671501576900482e-02
-7.371488958597183228e-03
-5.143902078270912170e-02
6.359994411468505859e-02
8.600096404552459717e-02
9.956225007772445679e-02
-1.015055179595947266e-01
4.311932716518640518e-03
1.393142640590667725e-01
-2.727822028100490570e-02
9.454268217086791992e-02
1.702958019450306892e-03
-2.043960057199001312e-02
-1.903197541832923889e-02
5.374163016676902771e-02
4.620724171400070190e-02
-5.335902050137519836e-02
-2.498376928269863129e-02
1.053839102387428284e-01
3.595782211050391197e-03
4.979214444756507874e-02
-5.155254527926445007e-02
9.856555610895156860e-03
-3.667664527893066406e-02
-8.767845481634140015e-02
-1.140266209840774536e-01
1.016895547509193420e-01
2.018425799906253815e-02
8.781969547271728516e-02
-9.523435682058334351e-02
4.758056625723838806e-02
4.329629242420196533e-02
9.519828483462333679e-03
-7.706170529127120972e-02
2.056200429797172546e-02
9.501846134662628174e-02
3.496438637375831604e-02
2.062775008380413055e-02
6.394129246473312378e-02
3.639932349324226379e-02
-1.258060634136199951e-01
-8.127889037132263184e-02
-5.185536667704582214e-02
9.936028718948364258e-02
1.039361674338579178e-02
-1.724082604050636292e-02
8.408793248236179352e-03
-6.187873333692550659e-02
-6.593302637338638306e-02
4.804838448762893677e-03
-1.504214107990264893e-02
-4.252912849187850952e-02
-2.738755196332931519e-02
1.136941164731979370e-01
1.633851975202560425e-02
-6.149791926145553589e-02
-4.463260062038898468e-03
6.628449074923992157e-03
8.171533048152923584e-02
-1.206921227276325226e-02
-3.057767637073993683e-02
-3.863941505551338196e-02
-2.737553417682647705e-02
4.153561219573020935e-02
4.862889647483825684e-02
-3.558036312460899353e-02
-6.209564954042434692e-02
1.570171564817428589e-01
1.185877919197082520e-01
-4.964210093021392822e-02
4.095348715782165527e-02
4.485523328185081482e-02
-9.723336435854434967e-03
-7.920903712511062622e-02
-9.300516918301582336e-03
-4.681887477636337280e-02
-7.722522597759962082e-03
-1.450854912400245667e-02
1.989228464663028717e-02
-2.987174317240715027e-02
-1.388251315802335739e-02
6.734417378902435303e-02
-1.073768548667430878e-02
3.658428415656089783e-02
6.286845356225967407e-02
2.725310623645782471e-02
1.076432541012763977e-01
-1.776080019772052765e-02
-2.371325343847274780e-02
1.984901726245880127e-02
3.144655376672744751e-02
-7.113422267138957977e-03
3.882931079715490341e-03
-1.121071875095367432e-01
4.745865240693092346e-02
6.078460067510604858e-02
4.218091815710067749e-02
-2.200855687260627747e-02
-3.014905005693435669e-02
-1.847722195088863373e-02
1.924353465437889099e-02
-3.872803226113319397e-02
-1.006499771028757095e-02
1.262849010527133942e-02
2.784779109060764313e-02
1.395080424845218658e-02
7.961699366569519043e-02
-3.434952720999717712e-02
4.658918082714080811e-02
9.929066523909568787e-03
-6.445161998271942139e-02
6.373637914657592773e-02
6.794934719800949097e-02
3.866605460643768311e-02
-6.795693188905715942e-02
6.515733152627944946e-02
1.111493818461894989e-02
3.610555455088615417e-02
-6.233511492609977722e-03
4.203933104872703552e-02
7.876288145780563354e-02
1.205995585769414902e-02
-1.305795311927795410e-01
2.559952437877655029e-02
2.736863866448402405e-02
9.303513914346694946e-02
-6.737959384918212891e-02
5.091209337115287781e-02
-1.376193948090076447e-02
-5.831895023584365845e-02
-4.332540929317474365e-02
6.681897491216659546e-02
-4.575342312455177307e-02
-7.399913668632507324e-02
-4.996771365404129028e-02
-4.725521802902221680e-02
-5.198138952255249023e-02
2.562008053064346313e-02
1.198467165231704712e-01
-1.602638885378837585e-02
1.283480674028396606e-01
-1.346719264984130859e-01
-2.275015227496623993e-02
-6.931717693805694580e-02
1.457311795093119144e-03
2.933905459940433502e-02
-7.803229987621307373e-02
