1.659173220396041870e-01
8.737211115658283234e-03
4.242854565382003784e-02
-4.515478014945983887e-02
-2.598872408270835876e-02
-5.124787241220474243e-02
-8.569961786270141602e-02
-5.716729536652565002e-02
2.218108624219894409e-02
2.143409103155136108e-02
-5.713708698749542236e-03
-5.265486612915992737e-02
-1.215374213643372059e-03
-7.565372437238693237e-02
2.565754111856222153e-03
-3.884558007121086121e-02
2.518753521144390106e-02
9.478022903203964233e-02
-2.381081227213144302e-03
2.243479713797569275e-03
-1.318105403333902359e-02
-2.880521304905414581e-02
3.041752055287361145e-02
-2.868970856070518494e-02
-5.350296944379806519e-02
-1.135390624403953552e-01
3.949036076664924622e-02
-5.360750108957290649e-02
-1.080776974558830261e-01
-9.133911877870559692e-02
5.480410158634185791e-02
-4.990834742784500122e-02
-5.592108890414237976e-02
-4.901384189724922180e-02
4.239561781287193298e-02
5.777487996965646744e-03
1.513734087347984314e-02
-4.817159101366996765e-02
-5.497952923178672791e-02
-7.254147529602050781e-02
4.471970349550247192e-02
7.771249394863843918e-03
3.566417098045349121e-02
5.974719673395156860e-02
5.708517506718635559e-02
1.674615032970905304e-02
-1.239435821771621704e-01
7.781232893466949463e-02
-2.848499082028865814e-02
-3.424441069364547729e-02
-1.626062989234924316e-01
5.834450572729110718e-02
1.011190488934516907e-01
-8.443947136402130127e-02
-2.564260549843311310e-02
3.845250979065895081e-02
-3.742604330182075500e-02
-1.030685752630233765e-02
1.564816981554031372e-01
-3.861451288685202599e-03
6.592445075511932373e-02
3.968898206949234009e-02
-9.935930371284484863e-02
-1.449025003239512444e-03
-6.934410333633422852e-02
-5.090806260704994202e-02
-4.185264930129051208e-02
-9.489082545042037964e-02
4.686541855335235596e-03
-4.345623031258583069e-02
-7.227453589439392090e-02
-8.173535764217376709e-02
1.132861599326133728e-01
-6.483174860477447510e-02
-1.247805505990982056e-01
3.939594700932502747e-02
-5.170905590057373047e-02
9.259159117937088013e-02
8.883004076778888702e-03
-1.688335090875625610e-01
2.484420128166675568e-02
7.310821115970611572e-02
4.259793087840080261e-02
6.739534437656402588e-02
-4.182188212871551514e-02
4.377645626664161682e-02
-3.057495504617691040e-02
6.035644561052322388e-02
4.645209014415740967e-02
-5.014526098966598511e-02
-1.515534967184066772e-01
-3.598141297698020935e-02
-4.447275772690773010e-02
-1.105002220720052719e-02
-4.882526397705078125e-02
-4.094372317194938660e-02
-2.765193581581115723e-02
4.613639041781425476e-02
9.682741016149520874e-02
-8.368479460477828979e-02
6.721839308738708496e-02
-8.814033120870590210e-03
2.202763594686985016e-02
-2.387230284512042999e-02
-1.119333971291780472e-02
-5.460652709007263184e-02
6.067651510238647461e-02
6.839665770530700684e-02
1.161461845040321350e-01
-9.162296354770660400e-02
-7.320820819586515427e-03
1.518928855657577515e-01
-1.242519542574882507e-02
9.680979698896408081e-02
7.623775396496057510e-03
-2.092442288994789124e-02
-6.014736369252204895e-03
4.687482863664627075e-02
3.795357793569564819e-02
-6.005754321813583374e-02
-3.123652935028076172e-02
1.170869693160057068e-01
-7.976188324391841888e-03
4.462712258100509644e-02
-5.870160460472106934e-02
-1.497904304414987564e-02
-4.817109182476997375e-02
-5.928041413426399231e-02
-1.037783399224281311e-01
1.326554864645004272e-01
1.267426926642656326e-02
8.662258833646774292e-02
-9.632679820060729980e-02
3.724611550569534302e-02
4.611799865961074829e-02
1.242863107472658157e-02
-6.141061708331108093e-02
-6.873536854982376099e-03
8.818568289279937744e-02
5.505827441811561584e-02
-2.203328302130103111e-03
3.850027546286582947e-02
5.013468116521835327e-02
-1.187505498528480530e-01
-8.910319209098815918e-02
-4.552669823169708252e-02
9.145256131887435913e-02
9.086060337722301483e-03
4.006919451057910919e-03
5.686120595782995224e-03
-7.570070028305053711e-02
-7.663208246231079102e-02
2.799281291663646698e-02
1.642311923205852509e-03
-3.846335038542747498e-02
-2.342003583908081055e-02
1.068695858120918274e-01
6.592634017579257488e-04
-4.891779646277427673e-02
4.952886374667286873e-04
-1.756811434461269528e-05
1.053070127964019775e-01
-3.336533159017562866e-02
-1.067413017153739929e-02
-2.437276765704154968e-02
-1.621995680034160614e-02
4.606765881180763245e-02
5.532912537455558777e-02
-3.714123740792274475e-02
-8.262424170970916748e-02
1.456832438707351685e-01
1.134991720318794250e-01
-4.569080099463462830e-02
6.485832482576370239e-02
5.251415073871612549e-02
-2.349008433520793915e-02
-8.402731269598007202e-02
2.280893502756953239e-03
-6.404063850641250610e-02
1.015586219727993011e-02
-1.465591415762901306e-02
7.594990078359842300e-03
-1.616371236741542816e-02
-5.092596635222434998e-03
6.530869752168655396e-02
-2.016659267246723175e-02
4.455747455358505249e-02
4.074739664793014526e-02
-8.561130962334573269e-04
1.044852212071418762e-01
-2.557571046054363251e-02
-2.834561280906200409e-02
2.213510684669017792e-02
2.815109863877296448e-02
-9.913710877299308777e-03
3.453671233728528023e-03
-1.209045201539993286e-01
6.307634711265563965e-02
6.859986484050750732e-02
5.972052365541458130e-02
-8.692018687725067139e-03
-3.086582757532596588e-02
1.051368378102779388e-02
3.496777638792991638e-02
-2.172577753663063049e-02
-4.696791060268878937e-03
6.273964885622262955e-03
3.064102865755558014e-02
7.884670980274677277e-03
8.478739857673645020e-02
-2.113111130893230438e-02
2.445633895695209503e-02
5.904220044612884521e-03
-5.776061117649078369e-02
5.423297360539436340e-02
6.967874616384506226e-02
4.066808521747589111e-02
-8.621291071176528931e-02
6.465310603380203247e-02
-2.907482441514730453e-03
3.199674189090728760e-02
-1.824486069381237030e-02
4.695678874850273132e-02
6.971152871847152710e-02
3.448576480150222778e-02
-1.419477760791778564e-01
2.125896699726581573e-02
1.946720667183399200e-02
8.419037610292434692e-02
-7.728084176778793335e-02
4.535921663045883179e-02
-2.263367734849452972e-02
-9.585124254226684570e-02
-4.853383451700210571e-02
8.128692954778671265e-02
-4.171030968427658081e-02
-9.490882605314254761e-02
-6.586719304323196411e-02
-5.563969165086746216e-02
-5.825377628207206726e-02
2.636897750198841095e-02
1.336190998554229736e-01
-1.787478849291801453e-02
1.111867353320121765e-01
-1.552098244428634644e-01
-4.101245105266571045e-02
-8.769159764051437378e-02
8.243109099566936493e-03
3.318730369210243225e-02
-8.905422687530517578e-02
