1.574963927268981934e-01
-1.181232184171676636e-02
3.660995513200759888e-02
-3.197067603468894958e-02
-6.633441895246505737e-02
-1.750287599861621857e-02
-1.112533584237098694e-01
-5.248307436704635620e-02
9.777098894119262695e-02
5.000932887196540833e-02
2.966962940990924835e-02
-2.986075170338153839e-02
-3.308334387838840485e-03
-1.061221659183502197e-01
2.649298496544361115e-02
-6.411950290203094482e-02
3.527424111962318420e-02
8.205767720937728882e-02
4.053444601595401764e-03
-3.721302747726440430e-02
-4.942987114191055298e-02
7.153437472879886627e-03
9.513460099697113037e-03
-3.175127133727073669e-02
-3.818969056010246277e-02
-1.116065457463264465e-01
4.394631832838058472e-02
-7.204575836658477783e-02
-1.202355846762657166e-01
-1.288218647241592407e-01
8.162208646535873413e-02
-5.343531072139739990e-02
-3.726159781217575073e-02
-8.132450282573699951e-02
1.975108496844768524e-02
-1.737981475889682770e-02
2.527738735079765320e-02
-2.237773872911930084e-02
-4.577546566724777222e-02
-3.112560510635375977e-02
7.237040996551513672e-02
-1.275378465652465820e-02
3.243605792522430420e-02
9.428174048662185669e-02
2.898441441357135773e-02
2.318461239337921143e-02
-1.262453049421310425e-01
-3.249068977311253548e-04
-1.553480140864849091e-02
-4.194689169526100159e-02
-1.771888583898544312e-01
7.327785342931747437e-02
1.245989948511123657e-01
-9.971190989017486572e-02
-5.964798852801322937e-02
5.269542708992958069e-02
-2.525201067328453064e-02
-2.402442740276455879e-03
1.562833636999130249e-01
-2.693493850529193878e-02
5.914247781038284302e-02
4.481882601976394653e-02
-5.574303865432739258e-02
5.247998633421957493e-04
-5.948440730571746826e-02
-6.398851424455642700e-02
-6.272819638252258301e-02
-1.042171791195869446e-01
-8.263720199465751648e-03
-6.520570069551467896e-02
-1.032704487442970276e-01
-1.132550314068794250e-01
1.446539312601089478e-01
-9.768433123826980591e-02
-1.355109810829162598e-01
5.230088904500007629e-02
-9.215608239173889160e-02
6.150786951184272766e-02
1.990631408989429474e-02
-2.010747045278549194e-01
4.124736040830612183e-02
3.671771660447120667e-02
-4.412462469190359116e-03
7.793318480253219604e-02
-6.631675362586975098e-02
5.376841500401496887e-02
-4.723228514194488525e-02
4.951518401503562927e-02
2.178868651390075684e-02
-3.489267081022262573e-02
-1.556025892496109009e-01
-3.377409279346466064e-02
-6.848248839378356934e-02
-3.697095438838005066e-02
-6.968174874782562256e-02
-5.116249620914459229e-02
-3.086370043456554413e-02
1.464633364230394363e-02
4.633767530322074890e-02
-7.996494323015213013e-02
3.983471542596817017e-02
-1.012590434402227402e-02
6.430904380977153778e-03
-1.078342273831367493e-02
9.962505660951137543e-03
-5.852046981453895569e-02
7.381989806890487671e-02
1.000147908926010132e-01
8.502362668514251709e-02
-9.452659636735916138e-02
7.603245787322521210e-03
1.128595918416976929e-01
-1.716480217874050140e-02
8.526110649108886719e-02
2.879422158002853394e-03
-2.336443588137626648e-02
-3.584402427077293396e-02
4.466672241687774658e-02
6.506296992301940918e-02
-5.265313759446144104e-02
-4.322475567460060120e-02
9.162244945764541626e-02
1.629087515175342560e-02
4.420271515846252441e-02
-5.098462104797363281e-02
1.875412464141845703e-02
-4.284513741731643677e-02
-1.048491299152374268e-01
-9.189854562282562256e-02
5.844545736908912659e-02
1.043345313519239426e-02
7.957740873098373413e-02
-8.468711376190185547e-02
4.122770950198173523e-02
2.570854686200618744e-02
1.426626369357109070e-02
-7.821365445852279663e-02
4.660151526331901550e-02
1.042475104331970215e-01
2.227102033793926239e-02
4.524877667427062988e-02
6.669760495424270630e-02
4.344283789396286011e-02
-1.397409588098526001e-01
-5.920663848519325256e-02
-6.157648935914039612e-02
7.384465634822845459e-02
1.650743186473846436e-02
-2.039335109293460846e-02
2.889222279191017151e-02
-4.777189716696739197e-02
-3.205152601003646851e-02
2.151615545153617859e-02
-3.374486416578292847e-02
-4.384933039546012878e-02
-4.546924307942390442e-02
9.113550931215286255e-02
2.588621340692043304e-03
-7.705188542604446411e-02
6.637447047978639603e-03
5.136104300618171692e-03
8.984433859586715698e-02
-1.718858256936073303e-02
-3.770586103200912476e-02
-2.011306397616863251e-02
2.775091677904129028e-03
4.383493959903717041e-02
1.586800441145896912e-02
-4.545224457979202271e-02
-3.144572302699089050e-02
1.425188630819320679e-01
1.257518976926803589e-01
-4.474144801497459412e-02
2.063802443444728851e-02
3.958209976553916931e-02
-1.104174461215734482e-02
-6.447183340787887573e-02
-1.982038281857967377e-02
-1.601221598684787750e-02
-7.092530373483896255e-03
-1.792654022574424744e-02
2.519590966403484344e-02
-4.015953466296195984e-02
-2.060513570904731750e-02
6.896998733282089233e-02
-2.352070435881614685e-02
1.737044751644134521e-02
7.645501196384429932e-02
3.757826611399650574e-02
1.092613711953163147e-01
-1.439404021948575974e-02
-2.243779040873050690e-02
8.931347168982028961e-03
3.450730070471763611e-02
-1.673747785389423370e-02
3.537029260769486427e-03
-1.189756169915199280e-01
3.837212547659873962e-02
6.557098031044006348e-02
4.902330785989761353e-02
-1.847865991294384003e-02
-1.939459517598152161e-02
-3.300388902425765991e-02
2.177018299698829651e-02
-4.071461409330368042e-02
8.729593828320503235e-03
-1.544514554552733898e-03
1.698009297251701355e-02
-1.292823231779038906e-03
9.513321518898010254e-02
-2.562873065471649170e-02
3.868771716952323914e-02
1.204399392008781433e-02
-5.841075628995895386e-02
5.262025818228721619e-02
7.938216626644134521e-02
1.834742724895477295e-02
-7.920513302087783813e-02
8.086869120597839355e-02
1.304442901164293289e-02
4.718883708119392395e-02
7.662607822567224503e-04
6.494424492120742798e-02
9.183678030967712402e-02
9.551838040351867676e-03
-1.388559788465499878e-01
1.868779212236404419e-02
2.057461068034172058e-02
9.349789470434188843e-02
-3.865052759647369385e-02
4.991232976317405701e-02
-1.161815505474805832e-02
-5.143195018172264099e-02
-3.705917298793792725e-02
4.881861060857772827e-02
-4.771819338202476501e-02
-6.109650805592536926e-02
-5.721135437488555908e-02
-2.727692760527133942e-02
-4.104526340961456299e-02
3.531011939048767090e-02
1.091855466365814209e-01
-2.656217478215694427e-02
9.650632739067077637e-02
-1.092267408967018127e-01
-2.476252242922782898e-02
-3.680837899446487427e-02
4.775888752192258835e-03
2.479645982384681702e-02
-6.214258819818496704e-02
