1.529032588005065918e-01
-5.531871225684881210e-03
3.395313397049903870e-02
-3.886536508798599243e-02
-4.498752951622009277e-02
-3.437920287251472473e-02
-9.556920081377029419e-02
-4.794413596391677856e-02
7.021138817071914673e-02
4.562097787857055664e-02
9.135342203080654144e-03
-3.584241867065429688e-02
-1.083344919607043266e-03
-9.670180082321166992e-02
1.743599399924278259e-02
-5.463595688343048096e-02
3.305202350020408630e-02
7.328720390796661377e-02
6.862062145955860615e-04
-2.018651925027370453e-02
-3.653542324900627136e-02
-5.992911756038665771e-03
2.145262621343135834e-02
-2.438258565962314606e-02
-4.673200473189353943e-02
-1.096336990594863892e-01
4.011810943484306335e-02
-6.740365177392959595e-02
-1.090518906712532043e-01
-1.029737070202827454e-01
7.109715789556503296e-02
-5.012459307909011841e-02
-4.213367402553558350e-02
-7.976093888282775879e-02
2.624963223934173584e-02
-1.821611821651458740e-02
3.319389000535011292e-02
-2.975555881857872009e-02
-5.063048377633094788e-02
-4.330850392580032349e-02
5.812938511371612549e-02
-2.245610952377319336e-02
3.756982460618019104e-02
7.998389750719070435e-02
4.302388429641723633e-02
2.358067035675048828e-02
-1.296164095401763916e-01
9.905016981065273285e-03
-2.234060131013393402e-02
-4.480716586112976074e-02
-1.745477318763732910e-01
6.629571318626403809e-02
1.176539883017539978e-01
-9.204581379890441895e-02
-5.113340169191360474e-02
5.063794925808906555e-02
-3.032134287059307098e-02
-3.540804609656333923e-03
1.549428552389144897e-01
-2.360683679580688477e-02
6.164908781647682190e-02
4.306181892752647400e-02
-5.929128080606460571e-02
6.105562672019004822e-03
-6.859247386455535889e-02
-6.073243170976638794e-02
-5.907966569066047668e-02
-1.052055284380912781e-01
2.447835868224501610e-04
-5.488386377692222595e-02
-9.568146616220474243e-02
-9.885744005441665649e-02
1.432145088911056519e-01
-8.135495334863662720e-02
-1.334510147571563721e-01
5.689538270235061646e-02
-7.993652671575546265e-02
6.926045566797256470e-02
6.682770326733589172e-03
-1.835447549819946289e-01
4.526361078023910522e-02
5.407721921801567078e-02
1.230242103338241577e-02
6.268081814050674438e-02
-6.078194081783294678e-02
5.666833743453025818e-02
-3.409102186560630798e-02
5.614362657070159912e-02
2.891447767615318298e-02
-3.587303310632705688e-02
-1.728460192680358887e-01
-2.291534096002578735e-02
-6.292141228914260864e-02
-2.733937650918960571e-02
-5.909672379493713379e-02
-5.286324769258499146e-02
-3.450879082083702087e-02
1.778705231845378876e-02
7.529039680957794189e-02
-8.825252950191497803e-02
5.972410738468170166e-02
-9.670185856521129608e-03
1.530143432319164276e-02
-1.817434653639793396e-02
-6.149034481495618820e-03
-6.261703372001647949e-02
6.642399728298187256e-02
1.015717536211013794e-01
1.022763997316360474e-01
-9.897143393754959106e-02
-4.249619785696268082e-03
1.392575949430465698e-01
-2.249617874622344971e-02
9.021190553903579712e-02
1.068301871418952942e-02
-2.974135801196098328e-02
-2.258900552988052368e-02
5.035533010959625244e-02
6.006436049938201904e-02
-6.966879963874816895e-02
-5.073706060647964478e-02
1.048916131258010864e-01
5.117458757013082504e-03
5.074789375066757202e-02
-4.659838974475860596e-02
7.356134708970785141e-03
-5.519793182611465454e-02
-1.011976599693298340e-01
-1.046778261661529541e-01
9.771053493022918701e-02
3.839608514681458473e-03
8.430510014295578003e-02
-9.368740022182464600e-02
4.209278151392936707e-02
3.756124526262283325e-02
2.502369135618209839e-02
-7.932774722576141357e-02
3.507665917277336121e-02
1.120594665408134460e-01
4.510638117790222168e-02
3.081020712852478027e-02
5.985887721180915833e-02
4.374875128269195557e-02
-1.431595534086227417e-01
-6.890750676393508911e-02
-5.879551544785499573e-02
7.925411313772201538e-02
8.162581361830234528e-03
-1.419944316148757935e-02
1.914755813777446747e-02
-6.973236799240112305e-02
-5.155270919203758240e-02
2.146985195577144623e-02
-3.258895874023437500e-02
-4.711187630891799927e-02
-4.063222557306289673e-02
1.027648895978927612e-01
1.856325753033161163e-02
-7.444139569997787476e-02
5.099385045468807220e-03
-5.806743633002042770e-03
1.029458269476890564e-01
-1.830047555267810822e-02
-4.088116437196731567e-02
-2.969757094979286194e-02
-5.465610884130001068e-03
3.954537212848663330e-02
4.296570643782615662e-02
-4.927362501621246338e-02
-4.892442375421524048e-02
1.510183066129684448e-01
1.309698820114135742e-01
-4.373210668563842773e-02
4.517150670289993286e-02
4.899484664201736450e-02
-1.994711160659790039e-02
-7.454697042703628540e-02
-1.850853487849235535e-02
-3.582947328686714172e-02
-4.686490501626394689e-05
-8.352706208825111389e-03
2.409383654594421387e-02
-3.712115064263343811e-02
-1.426140218973159790e-02
8.883670717477798462e-02
-1.973938941955566406e-02
2.272776328027248383e-02
7.665915042161941528e-02
3.434786573052406311e-02
1.091186329722404480e-01
-2.460989356040954590e-02
-2.766960859298706055e-02
1.385492086410522461e-02
2.625655569136142731e-02
-1.593494601547718048e-02
1.421807799488306046e-02
-1.219275742769241333e-01
4.666948318481445312e-02
6.054779142141342163e-02
5.812813341617584229e-02
-1.834313571453094482e-02
-1.882699690759181976e-02
-2.427753992378711700e-02
2.134340256452560425e-02
-3.569270670413970947e-02
5.913538392633199692e-03
-7.139227818697690964e-04
1.581497117877006531e-02
-6.196206668391823769e-04
9.008666127920150757e-02
-2.776750363409519196e-02
2.916494756937026978e-02
8.136884309351444244e-03
-5.605797469615936279e-02
4.759075492620468140e-02
6.506294757127761841e-02
1.210966333746910095e-02
-8.366034179925918579e-02
7.713195681571960449e-02
7.528606802225112915e-04
3.307592496275901794e-02
-6.382391788065433502e-03
5.858907848596572876e-02
9.577797353267669678e-02
1.657662726938724518e-02
-1.318015307188034058e-01
2.886723168194293976e-02
2.125321887433528900e-02
7.905709743499755859e-02
-4.334944114089012146e-02
3.368806466460227966e-02
-1.618389785289764404e-02
-5.376690998673439026e-02
-4.495246335864067078e-02
6.383184343576431274e-02
-3.707613795995712280e-02
-6.694355607032775879e-02
-4.725528880953788757e-02
-2.203254587948322296e-02
-3.937100246548652649e-02
2.923586778342723846e-02
9.590847790241241455e-02
-1.364959497004747391e-02
8.875039964914321899e-02
-1.102197244763374329e-01
-2.279656194150447845e-02
-4.595425352454185486e-02
1.171496883034706116e-02
1.905153878033161163e-02
-5.878398567438125610e-02
