1.446999609470367432e-01
-9.769374504685401917e-03
3.346577286720275879e-02
-3.562058880925178528e-02
-3.419283777475357056e-02
-2.414304018020629883e-02
-8.633337169885635376e-02
-4.154868051409721375e-02
5.327366665005683899e-02
3.730382770299911499e-02
1.627956517040729523e-02
-4.092180728912353516e-02
-2.264259383082389832e-03
-7.746142148971557617e-02
1.136429887264966965e-02
-4.135595262050628662e-02
2.307820878922939301e-02
6.871553510427474976e-02
-2.718228613957762718e-03
-1.182659622281789780e-02
-3.059510886669158936e-02
-3.478626953437924385e-03
1.369057781994342804e-02
-1.844438724219799042e-02
-2.784667350351810455e-02
-1.028047502040863037e-01
2.363931387662887573e-02
-5.437017604708671570e-02
-9.671226143836975098e-02
-9.449833631515502930e-02
6.598868966102600098e-02
-4.575135931372642517e-02
-5.566351488232612610e-02
-7.084333151578903198e-02
3.958047181367874146e-02
-1.759713143110275269e-02
2.061059512197971344e-02
-3.305424749851226807e-02
-5.467654392123222351e-02
-4.393583163619041443e-02
5.141414701938629150e-02
-2.102975919842720032e-02
4.612656682729721069e-02
6.386917829513549805e-02
3.592620417475700378e-02
2.211046591401100159e-02
-1.241070404648780823e-01
3.003428690135478973e-02
-3.037568368017673492e-02
-3.405484557151794434e-02
-1.765876859426498413e-01
6.216603145003318787e-02
1.089892461895942688e-01
-9.499971568584442139e-02
-4.246655106544494629e-02
4.895240813493728638e-02
-2.526195161044597626e-02
1.377943251281976700e-02
1.625656783580780029e-01
-8.125116117298603058e-03
6.238613277673721313e-02
3.911222144961357117e-02
-6.649342179298400879e-02
5.403996445238590240e-03
-7.296099513769149780e-02
-5.065377429127693176e-02
-5.919387936592102051e-02
-1.103484854102134705e-01
8.931997581385076046e-04
-5.420627072453498840e-02
-1.022950485348701477e-01
-8.800849318504333496e-02
1.476750969886779785e-01
-7.866215705871582031e-02
-1.332198977470397949e-01
4.956890642642974854e-02
-6.669831275939941406e-02
9.084713459014892578e-02
9.332184679806232452e-03
-1.915049552917480469e-01
4.859611019492149353e-02
6.086053699254989624e-02
1.130697131156921387e-02
7.351221889257431030e-02
-5.117636546492576599e-02
5.235173925757408142e-02
-3.599626570940017700e-02
7.946379482746124268e-02
2.481119148433208466e-02
-4.206715524196624756e-02
-1.664810925722122192e-01
-3.879941627383232117e-02
-5.881615355610847473e-02
-2.131935954093933105e-02
-4.472625255584716797e-02
-5.685314908623695374e-02
-3.531684353947639465e-02
3.156047314405441284e-02
7.589608430862426758e-02
-9.144996106624603271e-02
6.408498436212539673e-02
-1.940445601940155029e-02
2.044107578694820404e-02
-2.379454486072063446e-02
-2.245656587183475494e-02
-6.695111095905303955e-02
6.958548724651336670e-02
9.137782454490661621e-02
1.107506453990936279e-01
-9.548525512218475342e-02
-5.364129785448312759e-03
1.451848298311233521e-01
-2.299791574478149414e-02
9.252371639013290405e-02
2.721305936574935913e-03
-3.278728201985359192e-02
-2.246824838221073151e-02
5.236006900668144226e-02
5.709280818700790405e-02
-6.772793084383010864e-02
-3.770576789975166321e-02
1.092667356133460999e-01
-5.313843488693237305e-03
3.938094899058341980e-02
-4.908461496233940125e-02
4.974266048520803452e-03
-5.065910518169403076e-02
-9.655219316482543945e-02
-1.004581525921821594e-01
1.077915281057357788e-01
1.873817644082009792e-03
8.669108152389526367e-02
-8.991968631744384766e-02
3.513710200786590576e-02
4.901371523737907410e-02
2.251717634499073029e-02
-7.851448655128479004e-02
4.635510500520467758e-03
9.768250584602355957e-02
4.538760334253311157e-02
1.537061110138893127e-02
5.803878977894783020e-02
4.234251752495765686e-02
-1.378568857908248901e-01
-8.031635731458663940e-02
-5.122689157724380493e-02
7.745997607707977295e-02
2.192003419622778893e-03
-2.577575482428073883e-02
1.032883301377296448e-02
-7.125967741012573242e-02
-6.541343778371810913e-02
1.131250802427530289e-02
-2.609148435294628143e-02
-4.876885935664176941e-02
-3.165848553180694580e-02
1.029646396636962891e-01
1.966017112135887146e-02
-6.674230098724365234e-02
7.726267795078456402e-04
7.212828379124403000e-03
1.018570214509963989e-01
-2.519682794809341431e-02
-3.319682180881500244e-02
-4.021606221795082092e-02
-1.461427845060825348e-02
4.527942091226577759e-02
3.710208088159561157e-02
-4.354963451623916626e-02
-5.870785191655158997e-02
1.582209467887878418e-01
1.285543739795684814e-01
-6.049703061580657959e-02
4.512630030512809753e-02
4.300106316804885864e-02
-2.833537198603153229e-02
-7.227628678083419800e-02
-1.552206231281161308e-03
-4.507288336753845215e-02
-4.511498380452394485e-03
-1.734061539173126221e-02
1.630419492721557617e-02
-4.179716855287551880e-02
-6.273654755204916000e-03
7.088188827037811279e-02
-2.630931511521339417e-02
2.108581177890300751e-02
6.248056888580322266e-02
1.538949459791183472e-02
1.102678179740905762e-01
-2.286683954298496246e-02
-3.286568820476531982e-02
3.040365688502788544e-02
3.015322238206863403e-02
-6.872613448649644852e-03
1.451569609344005585e-02
-1.166065633296966553e-01
4.351837188005447388e-02
5.675112828612327576e-02
5.551753938198089600e-02
-2.366536855697631836e-02
-2.692999318242073059e-02
-2.521982975304126740e-02
2.692984975874423981e-02
-3.757863491773605347e-02
-4.453821573406457901e-03
2.818025415763258934e-03
1.983652077615261078e-02
-5.025647114962339401e-03
8.618389070034027100e-02
-4.437384381890296936e-02
3.396062552928924561e-02
3.369980957359075546e-03
-5.951044708490371704e-02
5.757489427924156189e-02
7.446096837520599365e-02
2.758060023188591003e-02
-7.508724182844161987e-02
8.161164820194244385e-02
7.850910536944866180e-03
3.017905354499816895e-02
-1.384161133319139481e-02
4.290315508842468262e-02
8.120186626911163330e-02
1.745366305112838745e-02
-1.386607140302658081e-01
1.469713356345891953e-02
2.566357888281345367e-02
8.730858564376831055e-02
-4.929883778095245361e-02
4.150968790054321289e-02
-7.125447969883680344e-03
-5.312702804803848267e-02
-4.258058965206146240e-02
7.852058112621307373e-02
-3.832281380891799927e-02
-7.186202704906463623e-02
-4.983917996287345886e-02
-4.040797427296638489e-02
-4.360362514853477478e-02
2.168084681034088135e-02
1.256739944219589233e-01
-9.553964249789714813e-03
1.115474551916122437e-01
-1.308211237192153931e-01
-1.875485107302665710e-02
-6.522343307733535767e-02
4.979291465133428574e-03
3.131121397018432617e-02
-7.154703885316848755e-02
