1.871108561754226685e-01
-1.450064312666654587e-02
5.336467549204826355e-02
-5.325788259506225586e-02
-6.347595900297164917e-02
-3.678457066416740417e-02
-1.274210512638092041e-01
-6.900151073932647705e-02
8.387587964534759521e-02
5.657241120934486389e-02
3.248269110918045044e-02
-5.969968438148498535e-02
-6.217281799763441086e-03
-9.086483716964721680e-02
2.224098518490791321e-02
-4.327438771724700928e-02
4.095242172479629517e-02
1.259442269802093506e-01
1.145809423178434372e-02
-4.577928408980369568e-02
-2.819284237921237946e-02
3.090936923399567604e-03
2.072185976430773735e-03
-4.060177132487297058e-02
-3.668624535202980042e-02
-1.422833651304244995e-01
3.102398477494716644e-02
-6.784946471452713013e-02
-1.316786408424377441e-01
-1.282610297203063965e-01
9.074703603982925415e-02
-4.719571024179458618e-02
-8.594969660043716431e-02
-5.849881842732429504e-02
3.050991147756576538e-02
-4.807361401617527008e-03
-3.419341985136270523e-03
-4.274630546569824219e-02
-3.948365151882171631e-02
-5.098721385002136230e-02
6.727273017168045044e-02
-6.729666143655776978e-03
2.150918729603290558e-02
8.586014062166213989e-02
3.956665471196174622e-02
2.811758592724800110e-02
-1.200790852308273315e-01
5.625616386532783508e-02
-1.375944726169109344e-02
-3.210766613483428955e-02
-1.615670621395111084e-01
6.827121227979660034e-02
1.193417683243751526e-01
-1.084074676036834717e-01
-5.444945394992828369e-02
5.022248998284339905e-02
-3.371451422572135925e-02
7.341006305068731308e-03
1.695715039968490601e-01
-1.278410665690898895e-02
5.782457068562507629e-02
4.960034787654876709e-02
-7.809875160455703735e-02
-2.380509488284587860e-02
-5.614826083183288574e-02
-6.900322437286376953e-02
-5.108525976538658142e-02
-8.968231081962585449e-02
-1.402840670198202133e-02
-6.552974879741668701e-02
-9.380307048559188843e-02
-9.628165513277053833e-02
1.167124360799789429e-01
-1.014001294970512390e-01
-1.277385056018829346e-01
4.951696097850799561e-02
-8.383110910654067993e-02
7.467596977949142456e-02
2.520395629107952118e-02
-2.042891979217529297e-01
3.725038096308708191e-02
4.522027820348739624e-02
7.519143633544445038e-03
8.662538975477218628e-02
-5.917354300618171692e-02
3.216012567281723022e-02
-4.879020527005195618e-02
6.233189627528190613e-02
2.720620483160018921e-02
-4.335293918848037720e-02
-1.144436970353126526e-01
-5.693804472684860229e-02
-5.366024002432823181e-02
-2.225748449563980103e-02
-5.720077455043792725e-02
-5.637243762612342834e-02
-1.928335987031459808e-02
3.141774609684944153e-02
2.985899709165096283e-02
-9.962829947471618652e-02
2.033022604882717133e-02
-1.233782432973384857e-02
-9.701964445412158966e-03
-1.852183789014816284e-02
1.430294662714004517e-02
-5.463410541415214539e-02
8.766619861125946045e-02
7.450747489929199219e-02
8.377131819725036621e-02
-8.914567530155181885e-02
1.529544126242399216e-02
1.078317388892173767e-01
-1.359212491661310196e-02
7.575930655002593994e-02
-1.020097453147172928e-02
-8.585497736930847168e-03
-2.599243819713592529e-02
3.661061823368072510e-02
5.301945284008979797e-02
-3.501622378826141357e-02
-4.783158190548419952e-03
8.948282897472381592e-02
2.032889425754547119e-02
3.366720303893089294e-02
-7.514388114213943481e-02
8.795329369604587555e-03
-2.176994271576404572e-02
-7.553330063819885254e-02
-9.357636421918869019e-02
7.188306003808975220e-02
1.194474101066589355e-02
8.580677956342697144e-02
-9.480578452348709106e-02
3.058873675763607025e-02
3.989445045590400696e-02
1.280279946513473988e-03
-7.585290074348449707e-02
5.037639755755662918e-03
5.889191478490829468e-02
2.777555212378501892e-02
2.170893363654613495e-02
4.962733387947082520e-02
5.294230580329895020e-02
-1.226097047328948975e-01
-5.449886247515678406e-02
-4.136299714446067810e-02
8.702073246240615845e-02
1.973077096045017242e-02
-6.123546510934829712e-03
1.002693083137273788e-02
-3.815522417426109314e-02
-4.001023992896080017e-02
2.933218702673912048e-02
-2.820388413965702057e-03
-4.683462157845497131e-02
-3.368295356631278992e-02
9.404575079679489136e-02
-4.421863704919815063e-03
-5.338394641876220703e-02
-4.821414593607187271e-03
4.188642371445894241e-03
6.781957298517227173e-02
-2.545071579515933990e-02
-1.858187094330787659e-02
-4.305326193571090698e-02
-1.281762029975652695e-02
3.326950967311859131e-02
8.349556475877761841e-03
-3.598304465413093567e-02
-4.304774105548858643e-02
1.566161513328552246e-01
1.044584363698959351e-01
-5.938370153307914734e-02
2.568920329213142395e-02
3.361807391047477722e-02
-3.344494616612792015e-03
-5.722229927778244019e-02
-3.812393639236688614e-03
-1.373242679983377457e-02
-3.491266863420605659e-03
-3.309955447912216187e-02
3.190948395058512688e-03
-1.348418556153774261e-02
-1.386102009564638138e-02
4.143796861171722412e-02
-2.185516618192195892e-02
2.168541960418224335e-02
3.992996737360954285e-02
5.680346861481666565e-03
1.160189211368560791e-01
-4.971443209797143936e-03
-2.241940051317214966e-02
1.831494085490703583e-02
5.281691998243331909e-02
-8.886030409485101700e-04
-3.192581934854388237e-03
-1.150692105293273926e-01
4.802626743912696838e-02
7.354402542114257812e-02
3.754434362053871155e-02
-1.985755003988742828e-02
-3.935450315475463867e-02
-1.980664767324924469e-02
1.944703422486782074e-02
-3.117892518639564514e-02
-5.663380958139896393e-03
4.832123406231403351e-03
4.599124193191528320e-02
1.311200298368930817e-02
9.366898238658905029e-02
-3.492353484034538269e-02
5.950517579913139343e-02
-7.540917955338954926e-03
-6.041227653622627258e-02
6.563787162303924561e-02
8.776943385601043701e-02
5.885412916541099548e-02
-7.102721184492111206e-02
8.241760730743408203e-02
2.485148608684539795e-02
5.726317688822746277e-02
-1.415936928242444992e-02
4.265576228499412537e-02
6.867916136980056763e-02
7.252926006913185120e-03
-1.305857896804809570e-01
-1.012575905770063400e-02
1.334744971245527267e-03
9.610419720411300659e-02
-5.007554590702056885e-02
7.435594499111175537e-02
-5.505431443452835083e-03
-6.135278940200805664e-02
-2.734372019767761230e-02
3.215217217803001404e-02
-5.046769976615905762e-02
-5.098005756735801697e-02
-7.015966624021530151e-02
-5.671803280711174011e-02
-5.702323094010353088e-02
2.063589170575141907e-02
1.394773870706558228e-01
-3.472628816962242126e-02
1.214224696159362793e-01
-1.160770431160926819e-01
-3.333771973848342896e-02
-6.812804192304611206e-02
-1.148311048746109009e-02
3.659846261143684387e-02
-8.174127340316772461e-02
