1.560723632574081421e-01
-2.649503527209162712e-03
4.006892815232276917e-02
-2.807141654193401337e-02
-5.892566218972206116e-02
-2.960641309618949890e-02
-1.140189468860626221e-01
-4.379212856292724609e-02
8.862099051475524902e-02
5.557260662317276001e-02
1.538955233991146088e-02
-1.675149425864219666e-02
8.150672540068626404e-03
-1.145629957318305969e-01
3.194981068372726440e-02
-6.396774947643280029e-02
3.262080252170562744e-02
6.075166910886764526e-02
-1.589307910762727261e-03
-3.088734112679958344e-02
-3.568140044808387756e-02
4.867062671110033989e-04
2.570573985576629639e-02
-2.315269969403743744e-02
-3.702363371849060059e-02
-9.947539120912551880e-02
3.816362097859382629e-02
-7.054675370454788208e-02
-1.105925440788269043e-01
-1.004918813705444336e-01
7.395008206367492676e-02
-4.061891511082649231e-02
-1.836211606860160828e-02
-1.022721678018569946e-01
1.651506312191486359e-02
-2.824287675321102142e-02
3.973699733614921570e-02
-3.123187460005283356e-02
-5.578990653157234192e-02
-3.265542164444923401e-02
7.114148885011672974e-02
-3.247297927737236023e-02
3.793854266405105591e-02
9.584138542413711548e-02
2.809524908661842346e-02
2.659683488309383392e-02
-1.259545683860778809e-01
-2.399215474724769592e-02
-1.512134354561567307e-02
-4.758087918162345886e-02
-1.777811199426651001e-01
7.231445610523223877e-02
1.245721429586410522e-01
-8.754092454910278320e-02
-6.766025722026824951e-02
5.900536850094795227e-02
-2.031936869025230408e-02
-1.119731314247474074e-04
1.554586142301559448e-01
-2.947403118014335632e-02
6.315229833126068115e-02
3.806091845035552979e-02
-4.302348196506500244e-02
1.375652756541967392e-02
-6.419070065021514893e-02
-6.192174181342124939e-02
-7.552050054073333740e-02
-1.032901406288146973e-01
4.643479362130165100e-03
-7.329751551151275635e-02
-9.692876785993576050e-02
-1.104100644588470459e-01
1.489165872335433960e-01
-8.643088489770889282e-02
-1.231260523200035095e-01
5.998683720827102661e-02
-8.583173155784606934e-02
5.708764120936393738e-02
2.131218789145350456e-03
-1.846228539943695068e-01
5.688222870230674744e-02
5.116300284862518311e-02
-1.252219080924987793e-03
6.382109969854354858e-02
-6.573283672332763672e-02
6.437386572360992432e-02
-4.442936182022094727e-02
5.302869528532028198e-02
2.332976460456848145e-02
-2.746948972344398499e-02
-1.694249808788299561e-01
-2.353117614984512329e-02
-6.339164823293685913e-02
-2.032744325697422028e-02
-5.904627963900566101e-02
-5.501738190650939941e-02
-4.601604491472244263e-02
6.667010951787233353e-03
6.717797368764877319e-02
-9.707128256559371948e-02
6.712839007377624512e-02
-2.090491726994514465e-02
1.584250293672084808e-02
-1.167589705437421799e-02
-2.001181012019515038e-03
-5.984838306903839111e-02
7.564306259155273438e-02
1.113623380661010742e-01
1.033081710338592529e-01
-1.045431569218635559e-01
-4.725063990917988122e-05
1.303817480802536011e-01
-1.941632665693759918e-02
9.306698292493820190e-02
7.749764248728752136e-03
-4.035972431302070618e-02
-2.317604050040245056e-02
5.474835261702537537e-02
6.530269980430603027e-02
-7.099214196205139160e-02
-5.961933732032775879e-02
9.144080430269241333e-02
1.023310143500566483e-02
6.445731222629547119e-02
-3.793442994356155396e-02
1.274422369897365570e-02
-4.920535162091255188e-02
-1.221695542335510254e-01
-1.067414358258247375e-01
7.446958124637603760e-02
4.604950081557035446e-03
8.514591306447982788e-02
-8.853481709957122803e-02
4.814207553863525391e-02
2.980089373886585236e-02
3.737291693687438965e-02
-9.116372466087341309e-02
5.977710336446762085e-02
1.263361573219299316e-01
3.384780883789062500e-02
6.344623118638992310e-02
6.649414449930191040e-02
5.542204529047012329e-02
-1.473083645105361938e-01
-6.782058626413345337e-02
-6.913894414901733398e-02
8.154088258743286133e-02
1.398916076868772507e-02
-3.213057667016983032e-02
3.009068034589290619e-02
-5.585755780339241028e-02
-4.724320396780967712e-02
2.369314990937709808e-02
-4.296603798866271973e-02
-5.045923218131065369e-02
-5.155237019062042236e-02
1.021281406283378601e-01
2.939514257013797760e-02
-8.121259510517120361e-02
9.384186007082462311e-03
-1.001594308763742447e-02
7.731484621763229370e-02
-8.603182621300220490e-03
-5.320080742239952087e-02
-2.250204049050807953e-02
-1.410519704222679138e-03
2.697691135108470917e-02
3.281060606241226196e-02
-5.018277093768119812e-02
-1.808698289096355438e-02
1.367266476154327393e-01
1.167695075273513794e-01
-3.470409661531448364e-02
1.856493204832077026e-02
4.759822413325309753e-02
-1.751130446791648865e-02
-6.789468228816986084e-02
-3.476537764072418213e-02
-2.430268935859203339e-02
-8.431519381701946259e-03
-5.689267069101333618e-03
4.176164418458938599e-02
-4.327020421624183655e-02
-2.970429137349128723e-02
9.479872882366180420e-02
-1.954756118357181549e-02
1.479198038578033447e-02
9.841495007276535034e-02
4.091194644570350647e-02
9.255278855562210083e-02
-2.519086748361587524e-02
-2.146113477647304535e-02
3.801184357143938541e-04
2.211944200098514557e-02
-2.125464566051959991e-02
2.057616226375102997e-02
-1.102774664759635925e-01
2.330963872373104095e-02
6.129669770598411560e-02
4.560628905892372131e-02
-2.119687572121620178e-02
-5.671099061146378517e-04
-3.658870980143547058e-02
1.240496058017015457e-02
-4.575972631573677063e-02
1.613586209714412689e-02
-3.009718202520161867e-04
4.021703731268644333e-03
9.520179592072963715e-03
6.953205168247222900e-02
-2.886435575783252716e-02
3.446572273969650269e-02
1.140630897134542465e-02
-5.115516111254692078e-02
3.174602985382080078e-02
5.894789844751358032e-02
-5.641410592943429947e-03
-6.380447000265121460e-02
7.940093427896499634e-02
6.389328744262456894e-03
3.054292313754558563e-02
7.570316549390554428e-03
6.649906933307647705e-02
1.101365983486175537e-01
4.410381894558668137e-03
-1.127102971076965332e-01
3.583323955535888672e-02
2.319366298615932465e-02
7.337769865989685059e-02
-3.304350003600120544e-02
3.560669347643852234e-02
-4.605924710631370544e-03
-2.765529416501522064e-02
-4.653638973832130432e-02
3.725556284189224243e-02
-3.901068493723869324e-02
-4.728488996624946594e-02
-2.992237731814384460e-02
-9.516903082840144634e-04
-3.977472707629203796e-02
2.800044976174831390e-02
7.440111786127090454e-02
-1.668889261782169342e-02
8.877871930599212646e-02
-7.650887221097946167e-02
-7.576876785606145859e-03
-2.633847109973430634e-02
2.262418158352375031e-02
5.975364241749048233e-03
-3.892696648836135864e-02
