1.959915459156036377e-01
-1.403359416872262955e-02
3.990183398127555847e-02
-6.304254382848739624e-02
-5.358376726508140564e-02
-4.545050859451293945e-02
-1.135976240038871765e-01
-6.224966421723365784e-02
8.051431924104690552e-02
6.828340142965316772e-02
4.516273736953735352e-03
-5.819487944245338440e-02
-1.046471297740936279e-02
-1.080862358212471008e-01
1.525864377617835999e-02
-6.471689790487289429e-02
3.121508844196796417e-02
9.306492656469345093e-02
2.114502340555191040e-02
-2.447227947413921356e-02
-5.121720582246780396e-02
-1.205677259713411331e-02
2.161491103470325470e-02
-1.840338297188282013e-02
-6.377112865447998047e-02
-1.340581476688385010e-01
3.186355531215667725e-02
-7.850850373506546021e-02
-1.240657716989517212e-01
-1.068779900670051575e-01
7.908473163843154907e-02
-6.906200945377349854e-02
-6.398115307092666626e-02
-7.419707626104354858e-02
2.917402796447277069e-02
-2.513674460351467133e-02
2.946122735738754272e-02
-3.000555187463760376e-02
-4.217595979571342468e-02
-4.296846687793731689e-02
3.996754065155982971e-02
-3.025968559086322784e-02
4.242731258273124695e-02
6.834056973457336426e-02
5.848635360598564148e-02
3.048553690314292908e-02
-1.182341128587722778e-01
1.685694791376590729e-02
-2.777346223592758179e-02
-3.098925575613975525e-02
-1.702486276626586914e-01
5.567903071641921997e-02
1.209858879446983337e-01
-9.405847638845443726e-02
-4.283080622553825378e-02
4.012968018651008606e-02
-3.281744942069053650e-02
2.506892755627632141e-02
1.579962521791458130e-01
-1.377007924020290375e-02
5.408151820302009583e-02
3.833189979195594788e-02
-6.123574823141098022e-02
-1.324277021922171116e-03
-7.005061209201812744e-02
-5.668048560619354248e-02
-5.334787443280220032e-02
-9.644436836242675781e-02
-4.086168191861361265e-04
-3.550976514816284180e-02
-1.034852266311645508e-01
-8.050188422203063965e-02
1.435724645853042603e-01
-8.251469582319259644e-02
-1.229169666767120361e-01
5.748726800084114075e-02
-6.655170023441314697e-02
6.789873540401458740e-02
1.027591340243816376e-02
-1.651034355163574219e-01
5.329871177673339844e-02
6.016143783926963806e-02
1.748045533895492554e-02
5.866203829646110535e-02
-5.880760028958320618e-02
5.346874892711639404e-02
-2.323917672038078308e-02
6.566719710826873779e-02
2.565707266330718994e-02
-3.176961466670036316e-02
-1.534163504838943481e-01
-2.938218973577022552e-02
-6.729382276535034180e-02
-2.308920025825500488e-02
-4.479834809899330139e-02
-6.098744645714759827e-02
-2.477834001183509827e-02
2.709728479385375977e-02
7.387834042310714722e-02
-9.354620426893234253e-02
5.038333684206008911e-02
-2.829786157235503197e-03
1.088485866785049438e-02
-2.489685267210006714e-02
-1.940378174185752869e-02
-5.186415836215019226e-02
5.440519750118255615e-02
9.141094982624053955e-02
8.658163249492645264e-02
-9.330449253320693970e-02
-6.157081108540296555e-03
1.285170912742614746e-01
-4.203775897622108459e-02
7.893973588943481445e-02
4.001610912382602692e-03
-1.059659291058778763e-02
-1.708788052201271057e-02
5.307950824499130249e-02
5.346166715025901794e-02
-5.909472703933715820e-02
-2.930915169417858124e-02
1.025914251804351807e-01
-6.681993254460394382e-04
4.345044493675231934e-02
-4.097507521510124207e-02
1.926182582974433899e-02
-4.433764889836311340e-02
-8.761947602033615112e-02
-1.006621271371841431e-01
9.884369373321533203e-02
1.478768681408837438e-04
7.419803738594055176e-02
-8.786501735448837280e-02
3.578839823603630066e-02
4.154600575566291809e-02
9.093498811125755310e-03
-6.992328912019729614e-02
2.088532783091068268e-02
9.329248219728469849e-02
5.137573182582855225e-02
1.391012407839298248e-02
5.969346314668655396e-02
1.657667011022567749e-02
-1.302275955677032471e-01
-6.370483338832855225e-02
-5.047184973955154419e-02
7.937327772378921509e-02
5.770076531916856766e-03
-1.495422236621379852e-02
-4.308255389332771301e-03
-7.432325929403305054e-02
-5.204542726278305054e-02
3.279252443462610245e-03
-2.504920028150081635e-02
-4.360505193471908569e-02
-2.518107742071151733e-02
1.068922653794288635e-01
3.125881776213645935e-02
-6.196066737174987793e-02
-7.038928568363189697e-03
-1.465128152631223202e-03
8.584247529506683350e-02
-9.131611324846744537e-03
-3.632852807641029358e-02
-5.087534710764884949e-02
-1.616659015417098999e-02
3.498289361596107483e-02
4.944592341780662537e-02
-3.916575387120246887e-02
-5.719263479113578796e-02
1.597390323877334595e-01
1.249148994684219360e-01
-5.273289605975151062e-02
4.733522608876228333e-02
3.879074007272720337e-02
-1.323068235069513321e-02
-7.018151879310607910e-02
-1.057682465761899948e-02
-3.835324570536613464e-02
-5.614459514617919922e-03
-6.392889190465211868e-03
1.387403625994920731e-02
-3.746245801448822021e-02
-6.476103793829679489e-03
7.950370013713836670e-02
-1.133578829467296600e-02
2.329643443226814270e-02
6.114875897765159607e-02
2.778866514563560486e-02
1.050949692726135254e-01
-2.882050350308418274e-02
-2.578168548643589020e-02
2.641077153384685516e-02
2.373401075601577759e-02
-7.189141120761632919e-03
1.518095843493938446e-02
-1.014110147953033447e-01
4.629105702042579651e-02
5.261739715933799744e-02
5.275030061602592468e-02
-2.118140459060668945e-02
-3.284698352217674255e-02
-3.240253776311874390e-02
1.505121868103742599e-02
-3.747581690549850464e-02
-2.040641941130161285e-02
-4.141901445109397173e-04
2.762982435524463654e-02
-7.070621941238641739e-03
8.689755201339721680e-02
-4.276810958981513977e-02
3.501705452799797058e-02
6.877340376377105713e-03
-6.208608672022819519e-02
5.631271749734878540e-02
5.590950697660446167e-02
2.094882540404796600e-02
-6.741236150264739990e-02
5.703925341367721558e-02
1.903142256196588278e-04
2.598304860293865204e-02
-7.845973595976829529e-03
3.456955775618553162e-02
7.525184750556945801e-02
1.007034908980131149e-02
-1.264678686857223511e-01
3.038044087588787079e-02
2.384024113416671753e-02
8.361071348190307617e-02
-4.523273184895515442e-02
2.725597843527793884e-02
-2.316449023783206940e-02
-5.194365978240966797e-02
-4.233062267303466797e-02
8.490165323019027710e-02
-4.048836976289749146e-02
-8.081804960966110229e-02
-4.574527218937873840e-02
-3.559448942542076111e-02
-4.133119434118270874e-02
3.489745780825614929e-02
1.219709813594818115e-01
-1.116241142153739929e-02
1.198171377182006836e-01
-1.511049717664718628e-01
-2.013341896235942841e-02
-6.842878460884094238e-02
-2.250727498903870583e-03
3.098280914127826691e-02
-7.516645640134811401e-02
