1.346224844455718994e-01
4.227166995406150818e-02
8.339758031070232391e-03
8.684308268129825592e-03
-4.389026667922735214e-03
-3.267814218997955322e-02
-5.705073848366737366e-02
-4.017621651291847229e-02
2.520491369068622589e-02
-3.553885966539382935e-02
-5.637598037719726562e-02
-4.012272506952285767e-02
9.130928665399551392e-03
-8.434437215328216553e-02
-3.696257481351494789e-03
-7.541327923536300659e-02
1.870180107653141022e-02
4.328946024179458618e-02
-1.014856249094009399e-02
4.436904191970825195e-02
-3.968744724988937378e-02
-2.823476307094097137e-02
2.318179793655872345e-02
-1.549855433404445648e-02
-6.788588315248489380e-02
-8.529359102249145508e-02
9.720193594694137573e-02
-8.970587700605392456e-02
-1.255533099174499512e-01
-1.106074526906013489e-01
1.159674767404794693e-02
-4.219921678304672241e-02
4.221684113144874573e-02
-3.720434382557868958e-02
-2.542600594460964203e-02
-6.094837095588445663e-03
7.608531415462493896e-02
-3.432253003120422363e-02
-8.513934910297393799e-02
-7.492614537477493286e-02
7.770262658596038818e-02
6.155257299542427063e-02
3.794042766094207764e-02
6.372433155775070190e-02
4.509082064032554626e-02
1.528542395681142807e-02
-1.091250479221343994e-01
5.062459781765937805e-02
-4.549299553036689758e-02
-7.187774032354354858e-02
-1.637714207172393799e-01
6.546299904584884644e-02
1.166874542832374573e-01
-8.129679411649703979e-02
-1.234948821365833282e-02
4.748855903744697571e-02
-5.833559483289718628e-02
-1.072542443871498108e-01
1.022366359829902649e-01
1.706671342253684998e-02
7.598805427551269531e-02
1.431798376142978668e-02
-1.144217029213905334e-01
4.463950917124748230e-02
-7.622167468070983887e-02
-4.794216528534889221e-02
5.748950643464922905e-04
-1.084341630339622498e-01
3.897374123334884644e-02
-1.862138509750366211e-02
-3.541668877005577087e-02
-1.330121904611587524e-01
1.099523380398750305e-01
-4.275408759713172913e-02
-1.763861924409866333e-01
-4.482781514525413513e-03
-1.630581915378570557e-02
7.894113659858703613e-02
-1.624208129942417145e-02
-1.829843968152999878e-01
1.393318176269531250e-02
2.176181226968765259e-02
3.302985429763793945e-02
6.606116145849227905e-02
-2.124588191509246826e-02
4.672773182392120361e-02
1.234087441116571426e-02
-5.974514409899711609e-03
8.867596834897994995e-02
-3.806225582957267761e-02
-1.963438391685485840e-01
1.107713952660560608e-02
-5.311753973364830017e-02
-2.389387600123882294e-02
-6.937519460916519165e-02
-1.026981137692928314e-02
-3.265009261667728424e-03
5.817316472530364990e-02
1.481777280569076538e-01
-7.512606680393218994e-02
7.544116675853729248e-02
-3.444153442978858948e-02
7.221245020627975464e-02
9.339503012597560883e-03
1.083683222532272339e-02
-2.104089781641960144e-02
3.417463228106498718e-02
8.908180892467498779e-02
1.202660351991653442e-01
-5.959910526871681213e-02
-4.115173593163490295e-02
1.572008132934570312e-01
3.534077480435371399e-02
1.047791764140129089e-01
8.376011624932289124e-03
6.040292326360940933e-03
-1.571054197847843170e-02
3.998251259326934814e-02
6.357359886169433594e-02
-7.792391628026962280e-02
-1.255773603916168213e-01
1.051654145121574402e-01
7.306192419491708279e-04
2.914814092218875885e-02
-8.128955960273742676e-03
-1.478076353669166565e-02
-9.200264513492584229e-02
-6.956941913813352585e-03
-6.323084980249404907e-02
1.295487284660339355e-01
9.153685532510280609e-03
4.271964356303215027e-02
-8.962684869766235352e-02
2.856739237904548645e-02
2.438546530902385712e-02
-2.815169747918844223e-03
-5.094680562615394592e-02
4.890339821577072144e-02
1.134122684597969055e-01
6.070869043469429016e-02
5.602522753179073334e-03
-3.728485899046063423e-03
7.570020109415054321e-02
-1.606200486421585083e-01
-8.926060050725936890e-02
-6.559760868549346924e-02
6.821294873952865601e-02
7.666239980608224869e-03
2.451577782630920410e-02
8.228387683629989624e-02
-9.965659677982330322e-02
-3.603605553507804871e-02
4.127215966582298279e-02
-2.932234294712543488e-02
-3.141443803906440735e-02
-6.034047901630401611e-02
5.583705008029937744e-02
-1.852869614958763123e-02
-6.539899110794067383e-02
2.283364348113536835e-02
-2.425180282443761826e-03
1.438265144824981689e-01
-3.087162971496582031e-02
-8.411846647504717112e-05
3.935027867555618286e-02
4.288788139820098877e-02
5.376970767974853516e-02
5.955021083354949951e-02
-6.173558533191680908e-02
-4.922727495431900024e-02
7.575597614049911499e-02
1.310959011316299438e-01
-2.092475816607475281e-02
7.506886869668960571e-02
7.343318313360214233e-02
-4.099183902144432068e-02
-6.236273422837257385e-02
-1.228042598813772202e-02
-6.592677533626556396e-02
2.427181042730808258e-02
-2.733291499316692352e-02
3.683333843946456909e-02
7.084452547132968903e-03
-2.171614393591880798e-02
9.147871285676956177e-02
-1.835745759308338165e-02
6.421305984258651733e-02
4.307097196578979492e-02
3.182779625058174133e-02
8.608926087617874146e-02
-3.438686579465866089e-02
-8.833744563162326813e-03
9.088950231671333313e-03
-1.321783475577831268e-02
-1.783615909516811371e-02
9.235095232725143433e-03
-1.152647212147712708e-01
8.019348233938217163e-02
5.460389330983161926e-02
1.016275435686111450e-01
1.828459836542606354e-02
-2.400299347937107086e-02
3.268172591924667358e-02
6.818519532680511475e-02
-4.342615231871604919e-02
2.808214351534843445e-02
-4.657399654388427734e-02
2.069683186709880829e-02
-5.185572896152734756e-03
1.028396636247634888e-01
3.838554397225379944e-02
-1.135903969407081604e-02
1.059867208823561668e-03
-2.913448214530944824e-02
1.748254336416721344e-02
7.762037962675094604e-02
2.694659680128097534e-02
-1.088294163346290588e-01
5.132124945521354675e-02
-5.336830765008926392e-02
-1.895166561007499695e-02
4.965035477653145790e-04
7.936657965183258057e-02
8.083778619766235352e-02
6.443681567907333374e-02
-7.820191979408264160e-02
2.485562860965728760e-02
1.300036441534757614e-02
1.083472277969121933e-02
-6.919038016349077225e-03
-1.623476855456829071e-02
-2.388121373951435089e-02
-6.518946588039398193e-02
-5.640366673469543457e-02
4.095804318785667419e-02
-1.312783174216747284e-02
-4.960485920310020447e-02
2.309301635250449181e-03
2.231061458587646484e-02
1.077578775584697723e-02
2.832322753965854645e-02
-3.517727926373481750e-02
8.030051831156015396e-04
-6.369271874427795410e-02
-2.023808658123016357e-02
3.081371542066335678e-03
3.604309260845184326e-02
6.014524027705192566e-03
1.811069063842296600e-02
1.202681940048933029e-02
