1.189808845520019531e-01
-1.192367449402809143e-02
3.038732334971427917e-02
-2.796136587858200073e-02
-3.741299360990524292e-02
-1.980019360780715942e-02
-8.000168949365615845e-02
-3.701821342110633850e-02
6.376072019338607788e-02
3.448484838008880615e-02
2.094397135078907013e-02
-2.990196458995342255e-02
-4.426899249665439129e-04
-7.868456095457077026e-02
1.662296243011951447e-02
-4.510783404111862183e-02
2.638741582632064819e-02
5.829559639096260071e-02
-1.092497166246175766e-02
-1.893041841685771942e-02
-2.705428563058376312e-02
1.178673189133405685e-02
1.450052205473184586e-02
-2.836823463439941406e-02
-2.145627327263355255e-02
-9.783781319856643677e-02
3.181502968072891235e-02
-5.867871642112731934e-02
-1.018666774034500122e-01
-1.000110432505607605e-01
6.530643254518508911e-02
-3.469023481011390686e-02
-4.420575499534606934e-02
-7.951245456933975220e-02
3.203951939940452576e-02
-1.308504026383161545e-02
2.415654622018337250e-02
-2.712191455066204071e-02
-5.534646660089492798e-02
-3.626289591193199158e-02
6.544771790504455566e-02
-1.975824125111103058e-02
3.794212266802787781e-02
7.709367573261260986e-02
2.470971271395683289e-02
1.896532066166400909e-02
-1.270787119865417480e-01
1.188711915165185928e-02
-2.622898854315280914e-02
-4.243400692939758301e-02
-1.780538856983184814e-01
6.954955309629440308e-02
1.062760651111602783e-01
-9.761181473731994629e-02
-5.258903652429580688e-02
5.726834014058113098e-02
-2.127709239721298218e-02
-2.587133320048451424e-03
1.656909286975860596e-01
-2.054973691701889038e-02
6.561816483736038208e-02
3.651383519172668457e-02
-5.561721324920654297e-02
4.688938613981008530e-03
-6.789576262235641479e-02
-6.137272343039512634e-02
-6.342137604951858521e-02
-1.144885644316673279e-01
-5.772769451141357422e-03
-6.407276540994644165e-02
-1.039667949080467224e-01
-1.021633818745613098e-01
1.493263244628906250e-01
-8.868422359228134155e-02
-1.391603350639343262e-01
5.924153327941894531e-02
-8.257430046796798706e-02
7.927264273166656494e-02
1.540867425501346588e-02
-2.039658278226852417e-01
4.887686297297477722e-02
5.048043280839920044e-02
-3.570771543309092522e-03
7.114336639642715454e-02
-6.198216974735260010e-02
5.079981684684753418e-02
-4.816844314336776733e-02
7.251999527215957642e-02
2.147834748029708862e-02
-3.979742899537086487e-02
-1.732568293809890747e-01
-3.974476084113121033e-02
-6.208439543843269348e-02
-3.322853893041610718e-02
-6.042220070958137512e-02
-5.590419843792915344e-02
-3.724389150738716125e-02
1.699029467999935150e-02
6.398501992225646973e-02
-8.823466300964355469e-02
5.822392553091049194e-02
-1.626999862492084503e-02
1.189354714006185532e-02
-1.508406456559896469e-02
-4.128563217818737030e-03
-7.003588974475860596e-02
7.599497586488723755e-02
9.794775396585464478e-02
1.054379418492317200e-01
-9.665659070014953613e-02
2.712355460971593857e-03
1.374993175268173218e-01
-1.435066200792789459e-02
9.554986655712127686e-02
8.608262054622173309e-03
-4.243478551506996155e-02
-3.197428956627845764e-02
4.521105810999870300e-02
6.053382158279418945e-02
-6.309552490711212158e-02
-4.619466885924339294e-02
1.033678874373435974e-01
5.242335144430398941e-03
4.039653763175010681e-02
-5.267640948295593262e-02
5.424736998975276947e-03
-5.015330761671066284e-02
-1.083125621080398560e-01
-1.015838161110877991e-01
8.503468334674835205e-02
4.618609324097633362e-03
8.693682402372360229e-02
-8.985551446676254272e-02
4.070264846086502075e-02
4.096649587154388428e-02
2.487093023955821991e-02
-8.450870215892791748e-02
2.361850254237651825e-02
1.004637107253074646e-01
3.557860106229782104e-02
3.521901369094848633e-02
5.824267119169235229e-02
5.269031226634979248e-02
-1.386065483093261719e-01
-6.869263947010040283e-02
-5.128898844122886658e-02
7.423426955938339233e-02
3.936313558369874954e-03
-2.392452582716941833e-02
2.150589972734451294e-02
-6.147594004869461060e-02
-5.459473654627799988e-02
1.788124255836009979e-02
-3.551930561661720276e-02
-5.183994024991989136e-02
-4.108494520187377930e-02
9.664878249168395996e-02
1.154379639774560928e-02
-7.271549850702285767e-02
3.745021531358361244e-03
2.880657790228724480e-03
1.009433642029762268e-01
-2.148558199405670166e-02
-3.713141009211540222e-02
-2.709824405610561371e-02
-4.514889325946569443e-03
4.483653232455253601e-02
2.893106639385223389e-02
-4.970826581120491028e-02
-4.376854747533798218e-02
1.461015194654464722e-01
1.266781538724899292e-01
-5.501103773713111877e-02
3.727696090936660767e-02
4.418382048606872559e-02
-2.457794919610023499e-02
-7.028997689485549927e-02
-8.438129909336566925e-03
-2.926625125110149384e-02
-3.648334881290793419e-03
-1.965047605335712433e-02
2.206259407103061676e-02
-4.328110069036483765e-02
-1.142412982881069183e-02
7.319998741149902344e-02
-2.803382836282253265e-02
1.677152514457702637e-02
7.004548609256744385e-02
3.091784007847309113e-02
1.114763095974922180e-01
-1.486490294337272644e-02
-3.462107107043266296e-02
1.613764651119709015e-02
3.224845230579376221e-02
-1.305239275097846985e-02
9.407744742929935455e-03
-1.304664611816406250e-01
3.985916823148727417e-02
6.183189526200294495e-02
5.199486762285232544e-02
-1.977259665727615356e-02
-1.570002362132072449e-02
-2.395797707140445709e-02
2.522797510027885437e-02
-3.880624100565910339e-02
1.354017481207847595e-02
5.429292796179652214e-04
1.216935832053422928e-02
2.409329637885093689e-03
8.426203578710556030e-02
-3.165112435817718506e-02
3.408336639404296875e-02
-1.745823654346168041e-03
-5.592361837625503540e-02
5.275566503405570984e-02
8.000586181879043579e-02
2.644005045294761658e-02
-8.440514653921127319e-02
9.286360442638397217e-02
1.553443074226379395e-02
3.964260593056678772e-02
-1.180867943912744522e-02
5.462957918643951416e-02
9.616391360759735107e-02
1.686867140233516693e-02
-1.514091342687606812e-01
1.089070551097393036e-02
2.186815626919269562e-02
9.084329754114151001e-02
-4.810059815645217896e-02
5.279793590307235718e-02
-3.343749558553099632e-03
-5.351907387375831604e-02
-4.592973366379737854e-02
6.242540478706359863e-02
-3.825841844081878662e-02
-6.007838994264602661e-02
-5.712914839386940002e-02
-3.132491558790206909e-02
-4.201812669634819031e-02
2.246348187327384949e-02
1.118999645113945007e-01
-1.014980394393205643e-02
9.939409792423248291e-02
-1.067996472120285034e-01
-2.504666522145271301e-02
-4.977425560355186462e-02
1.439828053116798401e-02
2.699481137096881866e-02
-6.645653396844863892e-02
