2.314855158329010010e-01
-6.267648655921220779e-03
5.801547691226005554e-02
-5.703654512763023376e-02
-8.011293411254882812e-02
-6.485409289598464966e-02
-1.502773314714431763e-01
-5.820235610008239746e-02
1.083367541432380676e-01
7.998743653297424316e-02
-6.538705900311470032e-03
-5.551226809620857239e-02
5.148824770003557205e-03
-1.296356916427612305e-01
4.284842684864997864e-02
-7.867799699306488037e-02
5.240265280008316040e-02
1.043094620108604431e-01
3.969065099954605103e-02
-4.340990260243415833e-02
-4.431084170937538147e-02
6.022751913405954838e-04
3.492521122097969055e-02
-1.452177856117486954e-02
-6.086051464080810547e-02
-1.321920752525329590e-01
3.496966883540153503e-02
-9.459400177001953125e-02
-1.376576125621795654e-01
-9.876215457916259766e-02
6.914445012807846069e-02
-4.333678632974624634e-02
-2.662872523069381714e-02
-1.067114770412445068e-01
-6.790329702198505402e-03
-3.227546066045761108e-02
5.350327119231224060e-02
-2.948601730167865753e-02
-4.924640432000160217e-02
-4.944353178143501282e-02
7.122804224491119385e-02
-3.199601545929908752e-02
3.509971871972084045e-02
9.449860453605651855e-02
4.923308640718460083e-02
4.681174084544181824e-02
-1.110743358731269836e-01
-2.806234732270240784e-02
-1.432399079203605652e-02
-3.744278103113174438e-02
-1.739923506975173950e-01
6.170272827148437500e-02
1.303541362285614014e-01
-8.211919665336608887e-02
-6.963589042425155640e-02
6.276285648345947266e-02
-3.607458248734474182e-02
-7.251225179061293602e-04
1.562320888042449951e-01
-1.701161079108715057e-02
4.970012977719306946e-02
3.235283866524696350e-02
-5.860576033592224121e-02
4.170794971287250519e-03
-6.244396790862083435e-02
-8.699658513069152832e-02
-5.179658532142639160e-02
-8.895489573478698730e-02
1.770257577300071716e-02
-5.102004110813140869e-02
-8.994562923908233643e-02
-1.098343133926391602e-01
1.397999078035354614e-01
-9.464041143655776978e-02
-1.088121384382247925e-01
6.491830199956893921e-02
-7.772636413574218750e-02
3.671522065997123718e-02
8.338025771081447601e-03
-1.681161075830459595e-01
6.223973259329795837e-02
3.936402127146720886e-02
-5.468258168548345566e-03
4.243395850062370300e-02
-6.584379076957702637e-02
5.925135686993598938e-02
-2.193104289472103119e-02
3.784437477588653564e-02
1.819970272481441498e-02
-2.148227207362651825e-02
-1.320613324642181396e-01
-1.176187861710786819e-02
-7.284302264451980591e-02
-1.028940360993146896e-02
-4.842856153845787048e-02
-6.174588948488235474e-02
-3.014131449162960052e-02
2.834324352443218231e-02
7.265803217887878418e-02
-1.186434254050254822e-01
4.498961195349693298e-02
-2.238436974585056305e-02
5.303070880472660065e-03
4.247949458658695221e-03
6.805970799177885056e-03
-4.175246506929397583e-02
6.463669985532760620e-02
1.167920157313346863e-01
8.292439579963684082e-02
-1.013009175658226013e-01
1.280508702620863914e-03
1.237421035766601562e-01
-2.821947820484638214e-02
7.036539912223815918e-02
8.550390601158142090e-03
-9.902259334921836853e-03
-1.631905511021614075e-02
7.103757560253143311e-02
7.367204129695892334e-02
-5.971432104706764221e-02
-6.354470551013946533e-02
8.403935283422470093e-02
1.948268897831439972e-02
6.351897120475769043e-02
-2.940433286130428314e-02
2.465367130935192108e-02
-4.152341559529304504e-02
-9.006842970848083496e-02
-1.153071150183677673e-01
8.028396219015121460e-02
-1.568219275213778019e-03
7.244604080915451050e-02
-9.071609377861022949e-02
4.744672402739524841e-02
3.197906911373138428e-02
3.292297199368476868e-02
-9.571884572505950928e-02
7.394661009311676025e-02
1.170262023806571960e-01
3.769288212060928345e-02
6.271255016326904297e-02
4.875109717249870300e-02
5.209729075431823730e-02
-1.568901389837265015e-01
-5.140708759427070618e-02
-6.139364093542098999e-02
8.830950409173965454e-02
1.683898828923702240e-02
-2.294279076159000397e-02
3.770030662417411804e-02
-5.291147157549858093e-02
-2.956699766218662262e-02
2.029807679355144501e-02
-4.455107077956199646e-02
-5.300744995474815369e-02
-4.958467558026313782e-02
1.062741875648498535e-01
4.589176923036575317e-02
-7.500169426202774048e-02
-6.315189879387617111e-03
-2.340131998062133789e-02
6.049658730626106262e-02
1.519042067229747772e-02
-5.699311569333076477e-02
-3.669891878962516785e-02
-1.025952305644750595e-02
1.208246964961290359e-02
4.262571036815643311e-02
-3.643408790230751038e-02
-2.043938729912042618e-03
1.321088671684265137e-01
1.054481044411659241e-01
-4.003199189901351929e-02
3.205846622586250305e-02
4.113039001822471619e-02
2.669940004125237465e-03
-4.642359167337417603e-02
-3.699008002877235413e-02
-2.559715695679187775e-02
-1.345787942409515381e-02
-5.543113686144351959e-03
3.706985339522361755e-02
-1.282075885683298111e-02
-3.899492695927619934e-02
9.960876405239105225e-02
-1.270046178251504898e-02
2.602145448327064514e-02
8.897894620895385742e-02
4.826525598764419556e-02
9.161352366209030151e-02
-2.795443683862686157e-02
-1.183135621249675751e-02
1.283506426261737943e-04
1.335710100829601288e-02
-7.032966241240501404e-03
1.411317382007837296e-02
-9.090023487806320190e-02
3.540275245904922485e-02
5.153064429759979248e-02
3.611272573471069336e-02
-1.665648445487022400e-02
-8.122394792735576630e-03
-3.628048300743103027e-02
6.353170028887689114e-04
-4.246737062931060791e-02
3.508883761242032051e-03
-5.908489692956209183e-03
2.379109896719455719e-02
1.405146718025207520e-02
7.581664621829986572e-02
-2.230411022901535034e-02
4.190037399530410767e-02
5.325915757566690445e-03
-4.538567736744880676e-02
3.175471723079681396e-02
4.627190157771110535e-02
1.244894415140151978e-02
-5.846974253654479980e-02
6.038000807166099548e-02
-6.638492923229932785e-03
1.517425384372472763e-02
1.578952185809612274e-02
4.407865926623344421e-02
9.047845751047134399e-02
-8.803724311292171478e-03
-6.396301835775375366e-02
2.816115319728851318e-02
1.041523180902004242e-03
4.365767911076545715e-02
-1.812983863055706024e-02
2.944868616759777069e-02
-9.866569191217422485e-03
-4.262690898030996323e-03
-5.195720121264457703e-02
2.577668614685535431e-02
-3.899291902780532837e-02
-3.431892767548561096e-02
-1.301804091781377792e-02
7.785875350236892700e-04
-2.977464534342288971e-02
3.590646386146545410e-02
6.691925227642059326e-02
-1.069658808410167694e-02
9.441285580396652222e-02
-7.001013308763504028e-02
-1.287992694415152073e-03
-2.377804927527904510e-02
1.824829913675785065e-02
1.261065062135457993e-02
-3.890701010823249817e-02
