1.440224200487136841e-01
-5.964627023786306381e-03
3.474413231015205383e-02
-3.984984755516052246e-02
-4.200471565127372742e-02
-1.984487287700176239e-02
-9.274119138717651367e-02
-5.402588099241256714e-02
5.892806127667427063e-02
4.258640855550765991e-02
1.515676174312829971e-02
-4.011880606412887573e-02
-9.144335985183715820e-03
-8.672650903463363647e-02
5.965543445199728012e-03
-4.683625698089599609e-02
2.198955230414867401e-02
8.046212047338485718e-02
-2.138593699783086777e-03
-1.832826435565948486e-02
-3.144878521561622620e-02
-1.128432899713516235e-02
1.518100779503583908e-02
-2.965686470270156860e-02
-4.191626608371734619e-02
-1.140558198094367981e-01
3.829646483063697815e-02
-5.995678529143333435e-02
-1.101003065705299377e-01
-1.171281784772872925e-01
7.406904548406600952e-02
-5.668267980217933655e-02
-5.991594865918159485e-02
-6.036228686571121216e-02
4.199559614062309265e-02
-7.133940234780311584e-03
7.326677441596984863e-03
-4.014889895915985107e-02
-4.581551253795623779e-02
-4.620476067066192627e-02
4.942927882075309753e-02
-2.596964593976736069e-03
3.647748753428459167e-02
7.494977861642837524e-02
4.294668883085250854e-02
1.763012073934078217e-02
-1.272032856941223145e-01
4.451923072338104248e-02
-2.256664074957370758e-02
-3.383255004882812500e-02
-1.656345278024673462e-01
6.810535490512847900e-02
1.167583614587783813e-01
-1.011860519647598267e-01
-3.955949842929840088e-02
4.100026935338973999e-02
-2.508215233683586121e-02
9.500403888523578644e-03
1.597484946250915527e-01
-1.702828146517276764e-02
6.516049057245254517e-02
4.216457530856132507e-02
-7.031767815351486206e-02
-6.844322197139263153e-03
-6.966011971235275269e-02
-5.009175464510917664e-02
-5.949916690587997437e-02
-9.990379959344863892e-02
-1.031198259443044662e-02
-5.558943003416061401e-02
-9.985547512769699097e-02
-8.886830508708953857e-02
1.309426128864288330e-01
-8.289286494255065918e-02
-1.348986327648162842e-01
4.839534685015678406e-02
-6.884872913360595703e-02
8.492284268140792847e-02
1.639256812632083893e-02
-1.891767233610153198e-01
3.915653377771377563e-02
5.918397381901741028e-02
2.500439062714576721e-02
7.529463618993759155e-02
-5.526725947856903076e-02
4.626255854964256287e-02
-4.223954305052757263e-02
6.094023957848548889e-02
3.251729160547256470e-02
-4.454785585403442383e-02
-1.532778888940811157e-01
-4.322301596403121948e-02
-5.178621038794517517e-02
-2.855444513261318207e-02
-5.870699137449264526e-02
-5.431425943970680237e-02
-3.126736357808113098e-02
2.765619941055774689e-02
5.970872938632965088e-02
-8.066502213478088379e-02
5.104915425181388855e-02
-7.192263379693031311e-03
1.086953468620777130e-02
-2.528883889317512512e-02
-5.837575532495975494e-03
-6.152629479765892029e-02
6.897187232971191406e-02
7.952024787664413452e-02
1.009356826543807983e-01
-9.421640634536743164e-02
5.253805778920650482e-03
1.338550448417663574e-01
-1.995820738375186920e-02
9.569108486175537109e-02
7.004929939284920692e-04
-2.136349678039550781e-02
-2.180017344653606415e-02
3.920629993081092834e-02
4.443704336881637573e-02
-5.326798558235168457e-02
-2.228590659797191620e-02
1.061768904328346252e-01
2.153966808691620827e-03
4.270094633102416992e-02
-6.024517491459846497e-02
5.266136024147272110e-03
-4.026797041296958923e-02
-8.991622179746627808e-02
-9.826910495758056641e-02
9.220401197671890259e-02
1.932781375944614410e-02
8.544299006462097168e-02
-9.243401885032653809e-02
3.928660973906517029e-02
3.813982009887695312e-02
3.508917987346649170e-03
-6.492910534143447876e-02
8.133527822792530060e-03
8.526417613029479980e-02
3.842894732952117920e-02
1.169786788523197174e-02
6.225623935461044312e-02
3.352034091949462891e-02
-1.232000365853309631e-01
-8.077384531497955322e-02
-5.379669368267059326e-02
8.571283519268035889e-02
1.140513177961111069e-02
-8.159220218658447266e-03
5.721868947148323059e-03
-6.302978843450546265e-02
-6.080908328294754028e-02
1.428018976002931595e-02
-9.718154557049274445e-03
-3.821559250354766846e-02
-2.711939625442028046e-02
1.026255264878273010e-01
2.951335045509040356e-04
-6.169728934764862061e-02
2.615078818053007126e-03
1.224410068243741989e-02
9.672180563211441040e-02
-2.983656711876392365e-02
-2.547782473266124725e-02
-3.140087425708770752e-02
-8.708036504685878754e-03
4.443914443254470825e-02
3.888832032680511475e-02
-5.061687156558036804e-02
-6.994993239641189575e-02
1.592204123735427856e-01
1.268898099660873413e-01
-5.037601292133331299e-02
3.961505740880966187e-02
4.536614567041397095e-02
-2.067355811595916748e-02
-8.249427378177642822e-02
-3.660473041236400604e-03
-3.937457129359245300e-02
2.472451655194163322e-03
-1.927484571933746338e-02
1.327408291399478912e-02
-3.819292411208152771e-02
-5.054665263742208481e-03
5.956400930881500244e-02
-1.912589184939861298e-02
2.909328415989875793e-02
5.765806511044502258e-02
2.084693498909473419e-02
1.134811416268348694e-01
-1.740259490907192230e-02
-2.599499933421611786e-02
2.639677189290523529e-02
3.510512411594390869e-02
-1.137661188840866089e-02
5.230750888586044312e-03
-1.213491111993789673e-01
4.848085716366767883e-02
6.864220649003982544e-02
5.285830050706863403e-02
-2.223546989262104034e-02
-3.550976142287254333e-02
-1.993085443973541260e-02
2.939258515834808350e-02
-3.708186745643615723e-02
-3.994144499301910400e-03
8.919632993638515472e-03
2.495481632649898529e-02
2.227358752861618996e-03
9.001705795526504517e-02
-3.541832789778709412e-02
3.927374258637428284e-02
7.724184542894363403e-03
-6.735526770353317261e-02
6.254579126834869385e-02
7.799642533063888550e-02
3.437014296650886536e-02
-8.027567714452743530e-02
7.467577606439590454e-02
1.245685014873743057e-02
4.598118364810943604e-02
-1.408003270626068115e-02
5.225360020995140076e-02
8.223492652177810669e-02
2.402578294277191162e-02
-1.615592688322067261e-01
2.289170585572719574e-02
3.074596449732780457e-02
1.045033484697341919e-01
-6.415695697069168091e-02
4.493678361177444458e-02
-1.618690229952335358e-02
-7.807513326406478882e-02
-3.544458001852035522e-02
6.651843339204788208e-02
-4.624028503894805908e-02
-7.781518250703811646e-02
-6.505173444747924805e-02
-4.686282202601432800e-02
-5.357148125767707825e-02
2.209732867777347565e-02
1.231279820203781128e-01
-2.562407962977886200e-02
1.074001491069793701e-01
-1.386610120534896851e-01
-3.049484826624393463e-02
-6.792216002941131592e-02
-7.967486046254634857e-03
3.487523272633552551e-02
-7.681723684072494507e-02
