1.448815166950225830e-01
-6.547573488205671310e-03
3.849131986498832703e-02
-4.976784437894821167e-02
-3.225156664848327637e-02
-3.933816403150558472e-02
-9.538012742996215820e-02
-5.669580027461051941e-02
4.704348742961883545e-02
5.319443717598915100e-02
3.014712361618876457e-03
-4.479772597551345825e-02
-5.507491063326597214e-03
-8.652346581220626831e-02
4.270879551768302917e-03
-4.607638716697692871e-02
3.124187141656875610e-02
8.527499437332153320e-02
-3.991275560110807419e-03
-1.380906719714403152e-02
-1.732216775417327881e-02
-1.559525635093450546e-02
2.333186753094196320e-02
-2.533129975199699402e-02
-5.222877487540245056e-02
-1.167391538619995117e-01
3.850951418280601501e-02
-6.168399378657341003e-02
-1.066039577126502991e-01
-9.624813497066497803e-02
7.535757124423980713e-02
-4.905008897185325623e-02
-7.190474867820739746e-02
-6.735191494226455688e-02
3.998164087533950806e-02
-1.371461898088455200e-02
1.003386545926332474e-02
-5.196982249617576599e-02
-4.301907494664192200e-02
-5.726246535778045654e-02
4.768542200326919556e-02
-2.267765253782272339e-02
3.416829183697700500e-02
7.958091795444488525e-02
5.372748523950576782e-02
1.305100787431001663e-02
-1.391545087099075317e-01
4.696867614984512329e-02
-2.212079986929893494e-02
-4.574699699878692627e-02
-1.677365899085998535e-01
6.954110413789749146e-02
1.214075088500976562e-01
-9.679026156663894653e-02
-4.187576845288276672e-02
4.790689051151275635e-02
-3.084345348179340363e-02
6.663967855274677277e-03
1.582847386598587036e-01
-2.088481932878494263e-02
6.694475561380386353e-02
5.507831275463104248e-02
-7.688819617033004761e-02
-5.734952166676521301e-03
-6.785819679498672485e-02
-5.687348172068595886e-02
-5.526183545589447021e-02
-9.531939774751663208e-02
-4.821490962058305740e-03
-5.146217718720436096e-02
-8.790269494056701660e-02
-7.871846854686737061e-02
1.221740543842315674e-01
-7.325799018144607544e-02
-1.274047493934631348e-01
5.703569948673248291e-02
-6.796786189079284668e-02
7.720883190631866455e-02
7.066145772114396095e-04
-1.787454783916473389e-01
4.277854040265083313e-02
6.958195567131042480e-02
3.475414216518402100e-02
6.121292710304260254e-02
-5.848574638366699219e-02
5.130406469106674194e-02
-3.210881724953651428e-02
5.437459796667098999e-02
3.606468811631202698e-02
-4.598904401063919067e-02
-1.668839603662490845e-01
-2.940119244158267975e-02
-5.085307732224464417e-02
-1.761965826153755188e-02
-5.263249948620796204e-02
-6.287427991628646851e-02
-3.121809288859367371e-02
1.727372966706752777e-02
7.136197388172149658e-02
-9.394115209579467773e-02
6.138926744461059570e-02
-3.646009368821978569e-03
1.172292139381170273e-02
-3.476838022470474243e-02
-9.919133968651294708e-03
-6.555063277482986450e-02
7.534006237983703613e-02
8.731066435575485229e-02
1.054711937904357910e-01
-1.055009141564369202e-01
-2.600139472633600235e-03
1.456251442432403564e-01
-2.394044585525989532e-02
9.273682534694671631e-02
9.294317103922367096e-03
-2.443263493478298187e-02
-5.048908293247222900e-03
4.867210239171981812e-02
4.747814685106277466e-02
-6.479518860578536987e-02
-3.254023939371109009e-02
1.078793108463287354e-01
3.841362427920103073e-03
5.974603071808815002e-02
-6.391136348247528076e-02
-5.580662284046411514e-03
-4.748076945543289185e-02
-9.479283541440963745e-02
-1.126395091414451599e-01
1.157157570123672485e-01
8.659642189741134644e-03
9.358114749193191528e-02
-9.804109483957290649e-02
3.564065694808959961e-02
4.045842587947845459e-02
2.099022082984447479e-02
-6.846507638692855835e-02
1.030739955604076385e-02
9.374320507049560547e-02
5.747045949101448059e-02
1.454275567084550858e-02
5.323273688554763794e-02
4.049295186996459961e-02
-1.315897107124328613e-01
-8.104277402162551880e-02
-5.168791860342025757e-02
9.423984587192535400e-02
1.044394634664058685e-02
4.418876953423023224e-03
-1.549241715110838413e-03
-7.441722601652145386e-02
-6.616057455539703369e-02
2.211439982056617737e-02
-6.335500162094831467e-03
-4.202806204557418823e-02
-3.298396244645118713e-02
1.168274208903312683e-01
1.944107934832572937e-02
-6.157777085900306702e-02
4.193774890154600143e-03
-7.948304526507854462e-03
9.951822459697723389e-02
-3.441873192787170410e-02
-3.350717201828956604e-02
-3.988490253686904907e-02
-1.562597043812274933e-02
3.025633841753005981e-02
5.392491817474365234e-02
-5.362728610634803772e-02
-6.607217341661453247e-02
1.648508310317993164e-01
1.213581189513206482e-01
-3.849420323967933655e-02
5.166235938668251038e-02
5.016396939754486084e-02
-2.786044590175151825e-02
-8.920599520206451416e-02
-1.832828857004642487e-02
-4.233322665095329285e-02
9.444170631468296051e-03
-1.263544242829084396e-02
1.433494966477155685e-02
-2.883001416921615601e-02
-6.017500068992376328e-03
8.198403567075729370e-02
-1.748751103878021240e-02
3.096282854676246643e-02
6.457047909498214722e-02
1.822653971612453461e-02
1.127028390765190125e-01
-2.687477134168148041e-02
-2.008968219161033630e-02
1.723223924636840820e-02
2.732670679688453674e-02
-6.720650475472211838e-03
1.450087688863277435e-02
-1.182802990078926086e-01
4.974519833922386169e-02
6.932465732097625732e-02
5.145220831036567688e-02
-1.923013664782047272e-02
-2.791344001889228821e-02
-1.941631734371185303e-02
1.912101916968822479e-02
-2.599200792610645294e-02
-4.676779266446828842e-03
6.927214097231626511e-03
3.109377436339855194e-02
1.083261147141456604e-02
8.723022788763046265e-02
-3.420166298747062683e-02
3.607823327183723450e-02
6.389888003468513489e-03
-6.146744266152381897e-02
5.207530036568641663e-02
5.930289253592491150e-02
2.461965940892696381e-02
-8.258211612701416016e-02
7.729398459196090698e-02
-2.768245176412165165e-04
3.915863856673240662e-02
-1.843907870352268219e-02
5.103982612490653992e-02
9.286964684724807739e-02
2.023952640593051910e-02
-1.338299214839935303e-01
2.776416018605232239e-02
1.872687414288520813e-02
8.052013069391250610e-02
-5.725815892219543457e-02
3.099191747605800629e-02
-1.815963909029960632e-02
-6.332235783338546753e-02
-3.434335067868232727e-02
5.605321004986763000e-02
-3.227660804986953735e-02
-6.473726779222488403e-02
-5.574234575033187866e-02
-2.800561115145683289e-02
-5.293392762541770935e-02
1.442404929548501968e-02
8.942088484764099121e-02
-1.912346482276916504e-02
8.314780145883560181e-02
-1.068821400403976440e-01
-2.336045540869235992e-02
-6.523980200290679932e-02
1.456120167858898640e-03
1.289633382111787796e-02
-6.440684944391250610e-02
