1.616365313529968262e-01
-8.638433180749416351e-03
3.439661487936973572e-02
-3.944962099194526672e-02
-6.298509240150451660e-02
-2.506896294653415680e-02
-1.140937209129333496e-01
-4.414096474647521973e-02
9.622767567634582520e-02
7.298380136489868164e-02
1.707371510565280914e-02
-2.194875851273536682e-02
-4.230637860018759966e-04
-1.166815012693405151e-01
2.946678176522254944e-02
-6.279926002025604248e-02
2.807821333408355713e-02
5.870295688509941101e-02
9.745581075549125671e-03
-3.744790330529212952e-02
-4.770506545901298523e-02
-5.454880185425281525e-03
2.170806378126144409e-02
-1.746721006929874420e-02
-4.213602095842361450e-02
-1.021496430039405823e-01
2.877582423388957977e-02
-6.751129031181335449e-02
-1.038218736648559570e-01
-9.898830950260162354e-02
7.986918091773986816e-02
-5.426592752337455750e-02
-3.364208340644836426e-02
-9.745245426893234253e-02
2.563364990055561066e-02
-3.684490919113159180e-02
3.461402654647827148e-02
-2.780007012188434601e-02
-4.778651148080825806e-02
-2.237161807715892792e-02
5.145389214158058167e-02
-4.518997669219970703e-02
4.272510856389999390e-02
8.574023842811584473e-02
3.935533389449119568e-02
3.264984861016273499e-02
-1.192121878266334534e-01
-3.069249726831912994e-02
-1.403442211449146271e-02
-3.532648459076881409e-02
-1.704867333173751831e-01
6.307612359523773193e-02
1.267513185739517212e-01
-8.871405571699142456e-02
-6.211557239294052124e-02
4.779263958334922791e-02
-1.704947091639041901e-02
2.693675644695758820e-02
1.568639874458312988e-01
-2.890982292592525482e-02
5.474569648504257202e-02
3.848379850387573242e-02
-3.035473264753818512e-02
8.541303686797618866e-03
-6.824734807014465332e-02
-5.442640185356140137e-02
-7.738119363784790039e-02
-1.011024266481399536e-01
-1.725387701299041510e-04
-6.256587803363800049e-02
-1.110009253025054932e-01
-9.572984278202056885e-02
1.546887010335922241e-01
-8.442337810993194580e-02
-1.167235150933265686e-01
6.392460316419601440e-02
-8.386521041393280029e-02
5.638189241290092468e-02
3.443109802901744843e-03
-1.685620993375778198e-01
6.254231184720993042e-02
5.608254671096801758e-02
5.038063041865825653e-03
5.914978310465812683e-02
-6.632289290428161621e-02
6.485651433467864990e-02
-3.950470313429832458e-02
6.073103845119476318e-02
1.471215765923261642e-02
-2.371167391538619995e-02
-1.613051742315292358e-01
-2.278256602585315704e-02
-6.378677487373352051e-02
-2.360401488840579987e-02
-5.269200354814529419e-02
-6.175601482391357422e-02
-4.673751816153526306e-02
9.037037380039691925e-03
6.223325431346893311e-02
-9.823309630155563354e-02
6.399005651473999023e-02
-1.419171690940856934e-02
1.206656079739332199e-02
-1.879031769931316376e-02
-1.459780335426330566e-02
-5.902398750185966492e-02
6.604992598295211792e-02
1.123739182949066162e-01
9.730660170316696167e-02
-1.035889610648155212e-01
-8.122220169752836227e-04
1.286501437425613403e-01
-3.918923065066337585e-02
8.943159133195877075e-02
3.803877625614404678e-03
-3.238155692815780640e-02
-2.462505735456943512e-02
5.477926507592201233e-02
6.101182475686073303e-02
-7.112943381071090698e-02
-4.129942879080772400e-02
9.519375860691070557e-02
6.064577959477901459e-03
6.136330962181091309e-02
-3.513742238283157349e-02
2.533081173896789551e-02
-4.567082971334457397e-02
-1.270682066679000854e-01
-1.098874956369400024e-01
7.638933509588241577e-02
5.411228630691766739e-03
8.241980522871017456e-02
-9.052619338035583496e-02
4.797898977994918823e-02
3.584312275052070618e-02
2.939125522971153259e-02
-8.813746273517608643e-02
5.287793278694152832e-02
1.213369295001029968e-01
3.615823388099670410e-02
4.989818856120109558e-02
8.001054078340530396e-02
3.038466721773147583e-02
-1.428243964910507202e-01
-6.523387134075164795e-02
-6.720470637083053589e-02
8.129354566335678101e-02
1.172942947596311569e-02
-3.569980338215827942e-02
1.250211149454116821e-02
-6.130917742848396301e-02
-5.026923492550849915e-02
7.640403695404529572e-03
-4.262983053922653198e-02
-4.862549528479576111e-02
-4.153540357947349548e-02
1.083220392465591431e-01
3.869419544935226440e-02
-8.043017983436584473e-02
2.768266014754772186e-03
-5.465832538902759552e-03
7.242315262556076050e-02
-1.612728228792548180e-03
-5.737753212451934814e-02
-4.333541169762611389e-02
-1.180307101458311081e-02
2.778013050556182861e-02
3.986340761184692383e-02
-4.795143380761146545e-02
-3.300934284925460815e-02
1.564560830593109131e-01
1.285952925682067871e-01
-4.217592999339103699e-02
2.057775110006332397e-02
4.346187040209770203e-02
-1.179665792733430862e-02
-7.013281434774398804e-02
-3.101135045289993286e-02
-2.487571164965629578e-02
-1.237646304070949554e-02
1.630194456083700061e-04
3.770425543189048767e-02
-5.388922244310379028e-02
-2.228468842804431915e-02
9.326394647359848022e-02
-8.647278882563114166e-03
1.118415873497724533e-02
9.921175241470336914e-02
4.518499597907066345e-02
9.702575206756591797e-02
-2.622649259865283966e-02
-2.272575907409191132e-02
1.242479775100946426e-02
2.565920539200305939e-02
-2.055172622203826904e-02
2.570135891437530518e-02
-9.961372613906860352e-02
2.347505465149879456e-02
5.311982706189155579e-02
4.569367319345474243e-02
-3.019963018596172333e-02
-1.360866613686084747e-02
-5.080944672226905823e-02
6.350612267851829529e-03
-5.155374482274055481e-02
-7.883180514909327030e-04
5.629364866763353348e-03
5.284976679831743240e-03
4.796853463631123304e-04
7.258411496877670288e-02
-4.469725862145423889e-02
4.006145521998405457e-02
1.402632985264062881e-02
-5.870706215500831604e-02
4.316545650362968445e-02
4.962522909045219421e-02
-8.240139111876487732e-03
-5.330520868301391602e-02
6.764324754476547241e-02
8.543504402041435242e-03
2.999176830053329468e-02
7.482973858714103699e-03
5.381736904382705688e-02
1.003679931163787842e-01
-2.096295356750488281e-03
-1.133816912770271301e-01
4.350066557526588440e-02
3.235393390059471130e-02
8.236180245876312256e-02
-3.377265855669975281e-02
2.630519121885299683e-02
-1.117199938744306564e-02
-2.121965773403644562e-02
-4.208642244338989258e-02
5.317685380578041077e-02
-3.938991576433181763e-02
-5.460247397422790527e-02
-2.397841773927211761e-02
-7.995177991688251495e-03
-3.726232796907424927e-02
2.837026491761207581e-02
9.033997356891632080e-02
-1.615222357213497162e-02
1.075071245431900024e-01
-1.033931523561477661e-01
-4.912938456982374191e-03
-3.736273571848869324e-02
8.382011204957962036e-03
1.136863790452480316e-02
-4.177327454090118408e-02
