1.477721631526947021e-01
3.590733930468559265e-02
1.321072503924369812e-02
-5.823956336826086044e-03
-7.615257985889911652e-03
-4.142261669039726257e-02
-6.141815707087516785e-02
-4.218860715627670288e-02
2.104818262159824371e-02
-1.993904262781143188e-02
-5.081606656312942505e-02
-4.227121546864509583e-02
8.687529712915420532e-03
-8.634448051452636719e-02
-1.416664337739348412e-03
-6.774637848138809204e-02
1.852285303175449371e-02
4.803776368498802185e-02
-1.172118447721004486e-02
3.966986387968063354e-02
-3.176515921950340271e-02
-3.244411945343017578e-02
2.771368250250816345e-02
-1.759918779134750366e-02
-6.681022047996520996e-02
-8.640079200267791748e-02
8.080487698316574097e-02
-7.574813812971115112e-02
-1.187106296420097351e-01
-9.599216282367706299e-02
1.975501887500286102e-02
-4.466107860207557678e-02
1.911508291959762573e-02
-4.115490615367889404e-02
-5.614799913018941879e-03
-8.096232078969478607e-03
6.448540091514587402e-02
-3.676778823137283325e-02
-8.231430500745773315e-02
-7.378669828176498413e-02
6.323205679655075073e-02
4.000091925263404846e-02
4.222271218895912170e-02
5.924326926469802856e-02
5.198856815695762634e-02
1.662349887192249298e-02
-1.144366040825843811e-01
5.311070010066032410e-02
-4.224880784749984741e-02
-6.256408989429473877e-02
-1.663367301225662231e-01
6.160208955407142639e-02
1.125291213393211365e-01
-7.953612506389617920e-02
-1.404529064893722534e-02
4.409370571374893188e-02
-5.161914974451065063e-02
-7.830172032117843628e-02
1.174781769514083862e-01
1.166641432791948318e-02
7.192982733249664307e-02
2.277488075196743011e-02
-1.080834418535232544e-01
3.593463450670242310e-02
-7.863583415746688843e-02
-4.729553684592247009e-02
-1.150537561625242233e-02
-1.100369393825531006e-01
3.499496728181838989e-02
-2.484477870166301727e-02
-4.767047986388206482e-02
-1.179200261831283569e-01
1.179007887840270996e-01
-4.270872101187705994e-02
-1.639664620161056519e-01
1.267692912369966507e-02
-2.587203867733478546e-02
8.469264209270477295e-02
-1.593646407127380371e-02
-1.738305240869522095e-01
2.049454487860202789e-02
4.024963080883026123e-02
3.895174711942672729e-02
6.297783553600311279e-02
-2.497115172445774078e-02
5.146759003400802612e-02
4.229347687214612961e-03
1.272228453308343887e-02
7.681345939636230469e-02
-4.194301366806030273e-02
-1.935475021600723267e-01
5.273720715194940567e-03
-5.192179977893829346e-02
-1.746487803757190704e-02
-6.246778741478919983e-02
-2.074636146426200867e-02
-1.559229567646980286e-02
5.648655444383621216e-02
1.500798016786575317e-01
-8.659909665584564209e-02
8.729539066553115845e-02
-2.795958705246448517e-02
6.574785709381103516e-02
-4.068186040967702866e-03
-3.530689282342791557e-03
-3.462912514805793762e-02
4.142079874873161316e-02
9.238976240158081055e-02
1.303408294916152954e-01
-7.291804999113082886e-02
-3.893253579735755920e-02
1.662264466285705566e-01
1.862307079136371613e-02
1.096084192395210266e-01
1.173171773552894592e-02
-6.701191887259483337e-03
-1.244880165904760361e-02
4.638965800404548645e-02
6.237323954701423645e-02
-8.660024404525756836e-02
-1.087213456630706787e-01
1.168085187673568726e-01
-4.638371057808399200e-03
3.858268260955810547e-02
-2.059316262602806091e-02
-1.644243858754634857e-02
-9.023735672235488892e-02
-2.940720878541469574e-02
-8.361586183309555054e-02
1.483523249626159668e-01
7.705040276050567627e-03
5.677815526723861694e-02
-9.590808302164077759e-02
3.351724520325660706e-02
3.528479486703872681e-02
8.319263346493244171e-03
-5.940934270620346069e-02
3.770967945456504822e-02
1.178678944706916809e-01
6.541639566421508789e-02
1.784251187928020954e-03
1.102622691541910172e-02
7.046157121658325195e-02
-1.598298102617263794e-01
-9.422408789396286011e-02
-6.445837020874023438e-02
7.629884034395217896e-02
5.283076781779527664e-03
1.938107237219810486e-02
6.456878781318664551e-02
-1.030639111995697021e-01
-5.472939833998680115e-02
3.500559926033020020e-02
-2.473884262144565582e-02
-3.622360154986381531e-02
-5.358787253499031067e-02
7.719332724809646606e-02
-6.341514643281698227e-03
-6.714922189712524414e-02
1.933741383254528046e-02
-4.497434012591838837e-03
1.432310342788696289e-01
-3.164949268102645874e-02
-8.856984786689281464e-03
2.114164456725120544e-02
2.462887018918991089e-02
5.433034151792526245e-02
6.661557406187057495e-02
-5.820341035723686218e-02
-6.137511134147644043e-02
1.013697460293769836e-01
1.341855376958847046e-01
-2.656365185976028442e-02
7.914847880601882935e-02
7.323304563760757446e-02
-4.008559882640838623e-02
-7.474018633365631104e-02
-1.209756825119256973e-02
-7.318684458732604980e-02
2.302697859704494476e-02
-1.903265900909900665e-02
3.570261597633361816e-02
-4.136852454394102097e-03
-1.844496838748455048e-02
9.700091928243637085e-02
-1.285482570528984070e-02
5.741600692272186279e-02
4.908039420843124390e-02
2.618923038244247437e-02
9.433452785015106201e-02
-3.328440710902214050e-02
-1.623071171343326569e-02
1.295834407210350037e-02
-5.382626317441463470e-03
-1.763866282999515533e-02
1.207287423312664032e-02
-1.176329851150512695e-01
7.625298202037811279e-02
5.672629922628402710e-02
9.972020238637924194e-02
7.428756915032863617e-03
-2.611753530800342560e-02
2.409178577363491058e-02
5.890200659632682800e-02
-4.145789891481399536e-02
1.776693202555179596e-02
-3.458224982023239136e-02
1.960283517837524414e-02
-3.095024731010198593e-03
9.866759181022644043e-02
1.958448253571987152e-02
-3.708502044901251793e-03
4.317337181419134140e-03
-3.643169999122619629e-02
2.703255042433738708e-02
6.756469607353210449e-02
2.519940398633480072e-02
-1.020946502685546875e-01
5.445544049143791199e-02
-4.718333482742309570e-02
-1.108781527727842331e-02
-1.994152087718248367e-03
7.213684171438217163e-02
8.372382074594497681e-02
5.324464663863182068e-02
-8.470449596643447876e-02
3.091386333107948303e-02
1.611037179827690125e-02
2.026748098433017731e-02
-2.142335660755634308e-02
-8.960860781371593475e-03
-2.617503143846988678e-02
-6.327015161514282227e-02
-5.625851452350616455e-02
5.699032545089721680e-02
-1.731226220726966858e-02
-6.060013547539710999e-02
-2.252051606774330139e-03
1.056465972214937210e-02
-2.413667971268296242e-03
2.449804544448852539e-02
1.241940073668956757e-03
1.927777077071368694e-03
-2.235765010118484497e-02
-5.386231839656829834e-02
-3.455491736531257629e-03
8.011851459741592407e-03
7.979745045304298401e-03
1.781531423330307007e-02
-3.705776995047926903e-03
