1.625779420137405396e-01
-1.019736984744668007e-03
5.254897102713584900e-02
-3.567490354180335999e-02
-4.389231652021408081e-02
-4.592951387166976929e-02
-9.560268372297286987e-02
-4.041026532649993896e-02
3.716898709535598755e-02
3.331716358661651611e-02
1.709952484816312790e-03
-3.695289418101310730e-02
7.468512747436761856e-03
-8.979217708110809326e-02
2.308419719338417053e-02
-5.133857578039169312e-02
1.907492429018020630e-02
7.620340585708618164e-02
-9.520289022475481033e-04
-6.397997960448265076e-03
-2.704783808439970016e-03
-3.257958218455314636e-03
4.249690845608711243e-02
-1.857704296708106995e-02
-2.368590980768203735e-02
-9.278429299592971802e-02
2.372488565742969513e-02
-5.575459450483322144e-02
-1.135674491524696350e-01
-7.550428062677383423e-02
3.953512758016586304e-02
-2.461684495210647583e-02
-2.895030193030834198e-02
-8.367089927196502686e-02
3.524426370859146118e-02
-4.899708554148674011e-03
2.350486442446708679e-02
-4.929377138614654541e-02
-7.331983745098114014e-02
-6.110686063766479492e-02
6.658156961202621460e-02
-3.278364427387714386e-03
4.669899865984916687e-02
6.653673946857452393e-02
2.830316685140132904e-02
2.459289319813251495e-02
-1.113946810364723206e-01
3.487526252865791321e-02
-3.240877017378807068e-02
-2.928825654089450836e-02
-1.821280419826507568e-01
6.293195486068725586e-02
9.806776046752929688e-02
-7.778492569923400879e-02
-3.826791048049926758e-02
5.985955148935317993e-02
-2.011160925030708313e-02
7.389445323497056961e-03
1.764411479234695435e-01
-6.841966882348060608e-03
6.997965276241302490e-02
2.005928568542003632e-02
-8.706231415271759033e-02
4.514385480433702469e-03
-7.171087712049484253e-02
-6.531857699155807495e-02
-6.180720776319503784e-02
-1.028956845402717590e-01
1.363087166100740433e-02
-6.311748176813125610e-02
-8.513220399618148804e-02
-9.988114237785339355e-02
1.355604380369186401e-01
-8.080886304378509521e-02
-1.111869439482688904e-01
5.439873412251472473e-02
-5.702732875943183899e-02
8.912451565265655518e-02
1.539288274943828583e-02
-1.923075765371322632e-01
4.825479909777641296e-02
7.090060412883758545e-02
1.048735342919826508e-02
6.568638980388641357e-02
-4.762186110019683838e-02
5.371957644820213318e-02
-5.537942051887512207e-02
7.976158708333969116e-02
2.192470803856849670e-02
-4.296373948454856873e-02
-1.406898796558380127e-01
-5.071991309523582458e-02
-5.661343783140182495e-02
-2.951810369268059731e-03
-4.381933063268661499e-02
-5.238732323050498962e-02
-3.949451446533203125e-02
4.480544105172157288e-02
8.660590648651123047e-02
-1.022318452596664429e-01
8.083327114582061768e-02
-2.969274483621120453e-02
2.487373352050781250e-02
-8.592700585722923279e-03
-1.139754522591829300e-02
-5.038991197943687439e-02
7.606327533721923828e-02
8.296187967061996460e-02
1.200707331299781799e-01
-1.047219708561897278e-01
2.194802742451429367e-03
1.467452645301818848e-01
-8.107059635221958160e-03
1.023277193307876587e-01
3.188815433531999588e-03
-4.327035322785377502e-02
-1.300409715622663498e-02
6.446922570466995239e-02
4.750352352857589722e-02
-5.246744677424430847e-02
-4.602703079581260681e-02
1.030895113945007324e-01
-3.967456985265016556e-03
5.403194949030876160e-02
-4.227324947714805603e-02
-9.632010012865066528e-03
-3.777920082211494446e-02
-8.553735166788101196e-02
-1.169815361499786377e-01
1.077133491635322571e-01
1.504322513937950134e-02
9.212002903223037720e-02
-8.595432341098785400e-02
4.631952568888664246e-02
4.332540556788444519e-02
3.276149556040763855e-02
-8.954188227653503418e-02
1.937121339142322540e-02
1.022562533617019653e-01
3.119535744190216064e-02
4.016141965985298157e-02
4.406361654400825500e-02
7.373064756393432617e-02
-1.266609877347946167e-01
-9.436471015214920044e-02
-5.192666500806808472e-02
9.899777919054031372e-02
5.935894791036844254e-03
-3.186719492077827454e-02
2.551509998738765717e-02
-5.564847961068153381e-02
-7.919343560934066772e-02
1.617488265037536621e-02
-1.880065537989139557e-02
-4.898779839277267456e-02
-3.315389528870582581e-02
1.136457771062850952e-01
2.276781946420669556e-02
-5.695637315511703491e-02
-5.465157446451485157e-04
4.565098322927951813e-03
7.523663341999053955e-02
-1.382721774280071259e-02
-2.782922238111495972e-02
-1.640187203884124756e-02
-2.311966754496097565e-02
3.609782829880714417e-02
4.735570400953292847e-02
-3.135794028639793396e-02
-3.919763118028640747e-02
1.281620860099792480e-01
9.040341526269912720e-02
-4.679834842681884766e-02
3.329245746135711670e-02
4.687721282243728638e-02
-1.999071054160594940e-02
-7.432828843593597412e-02
-8.204404264688491821e-03
-5.984991416335105896e-02
-1.011268142610788345e-02
-2.087853848934173584e-02
2.734227105975151062e-02
-2.092621289193630219e-02
-2.577272988855838776e-02
6.525750458240509033e-02
-3.165349364280700684e-02
3.912988305091857910e-02
6.279996782541275024e-02
1.058096531778573990e-02
8.797634392976760864e-02
-2.462946809828281403e-02
-2.631695009768009186e-02
8.529165759682655334e-03
1.584318280220031738e-02
-2.523542614653706551e-03
4.951082519255578518e-04
-1.139815375208854675e-01
3.120267763733863831e-02
6.297811865806579590e-02
3.479989990592002869e-02
-1.207848638296127319e-02
-8.162294514477252960e-03
-5.040599498897790909e-04
2.798399142920970917e-02
-3.963863104581832886e-02
8.968504145741462708e-03
1.103818323463201523e-02
2.057955041527748108e-02
3.062186762690544128e-02
5.620443448424339294e-02
-2.558180689811706543e-02
3.684356436133384705e-02
3.967020660638809204e-03
-5.357143655419349670e-02
4.153661057353019714e-02
7.537499815225601196e-02
4.129125550389289856e-02
-6.442231684923171997e-02
7.764783501625061035e-02
1.652851514518260956e-02
2.428644150495529175e-02
-6.381982937455177307e-03
4.498170316219329834e-02
8.423160761594772339e-02
1.549536269158124924e-02
-1.344292014837265015e-01
1.436973642557859421e-02
2.049444615840911865e-02
8.839477598667144775e-02
-7.887907326221466064e-02
7.034160941839218140e-02
3.875516820698976517e-03
-5.990505218505859375e-02
-6.357114762067794800e-02
6.427157670259475708e-02
-4.821369796991348267e-02
-7.314983755350112915e-02
-5.250414460897445679e-02
-4.283976927399635315e-02
-6.354756653308868408e-02
2.372913807630538940e-02
1.260277628898620605e-01
-1.065966021269559860e-02
1.396823823451995850e-01
-1.221237480640411377e-01
-2.108540572226047516e-02
-7.496607303619384766e-02
3.276111185550689697e-02
2.743806131184101105e-02
-8.584225922822952271e-02
