1.489241421222686768e-01
-8.217521011829376221e-03
3.941172733902931213e-02
-4.411653801798820496e-02
-3.895027190446853638e-02
-3.780247643589973450e-02
-9.610962867736816406e-02
-4.973918944597244263e-02
5.951676517724990845e-02
5.097531899809837341e-02
1.058476604521274567e-02
-3.963912278413772583e-02
-2.645612228661775589e-03
-9.207049012184143066e-02
1.102049462497234344e-02
-4.689993709325790405e-02
3.306836634874343872e-02
7.874774187803268433e-02
-7.645242149010300636e-04
-1.959865540266036987e-02
-2.615413069725036621e-02
-7.805589586496353149e-03
2.280649729073047638e-02
-2.232266962528228760e-02
-4.607835039496421814e-02
-1.178268715739250183e-01
3.342785313725471497e-02
-6.572163850069046021e-02
-1.072399839758872986e-01
-9.927654266357421875e-02
7.689975202083587646e-02
-4.937314987182617188e-02
-5.352774262428283691e-02
-8.044680953025817871e-02
3.169079497456550598e-02
-1.592723280191421509e-02
2.581820823252201080e-02
-3.891201317310333252e-02
-4.523181915283203125e-02
-4.878104478120803833e-02
5.353695899248123169e-02
-2.469625137746334076e-02
3.566052764654159546e-02
8.012989163398742676e-02
4.482255131006240845e-02
1.973114348948001862e-02
-1.342786997556686401e-01
2.217647060751914978e-02
-2.375967055559158325e-02
-4.589194431900978088e-02
-1.721591651439666748e-01
6.780624389648437500e-02
1.160228252410888672e-01
-9.165257215499877930e-02
-5.112394690513610840e-02
5.148203298449516296e-02
-3.009012341499328613e-02
1.567355007864534855e-03
1.555323898792266846e-01
-2.492085285484790802e-02
6.527890264987945557e-02
4.425539448857307434e-02
-6.274809688329696655e-02
2.939699916169047356e-03
-6.796803325414657593e-02
-5.933273583650588989e-02
-6.202548742294311523e-02
-9.747067093849182129e-02
1.349625759758055210e-03
-5.905939638614654541e-02
-9.396329522132873535e-02
-8.804181218147277832e-02
1.372644305229187012e-01
-8.049651235342025757e-02
-1.279940456151962280e-01
5.979415401816368103e-02
-7.622769474983215332e-02
7.336789369583129883e-02
2.883561421185731888e-03
-1.830460727214813232e-01
4.741527885198593140e-02
6.352944672107696533e-02
1.968489773571491241e-02
5.990035459399223328e-02
-5.898686870932579041e-02
5.513536557555198669e-02
-3.592779859900474548e-02
6.013996899127960205e-02
3.180256113409996033e-02
-3.711555898189544678e-02
-1.712928116321563721e-01
-2.664317935705184937e-02
-5.821910500526428223e-02
-2.066619880497455597e-02
-5.308710411190986633e-02
-5.980028957128524780e-02
-3.435398638248443604e-02
1.147444546222686768e-02
6.749789416790008545e-02
-8.697577565908432007e-02
5.771661922335624695e-02
-9.613404050469398499e-03
1.237276569008827209e-02
-2.446081675589084625e-02
-1.296938210725784302e-02
-6.770272552967071533e-02
6.902515143156051636e-02
9.197920560836791992e-02
1.031161919236183167e-01
-1.019459739327430725e-01
-2.091530041070654988e-04
1.392145901918411255e-01
-2.633877471089363098e-02
8.595298975706100464e-02
1.059786602854728699e-02
-3.136809915304183960e-02
-1.174483355134725571e-02
5.083489790558815002e-02
5.300119146704673767e-02
-6.561954319477081299e-02
-4.116659983992576599e-02
1.010602265596389771e-01
1.809017150662839413e-03
5.342327803373336792e-02
-5.148345604538917542e-02
2.273797988891601562e-03
-4.816385358572006226e-02
-1.004742383956909180e-01
-1.051595434546470642e-01
1.028595045208930969e-01
3.457343438640236855e-03
8.641561120748519897e-02
-9.223636239767074585e-02
3.755040094256401062e-02
3.723566979169845581e-02
2.749536745250225067e-02
-7.495947927236557007e-02
2.288016490638256073e-02
1.034200489521026611e-01
4.817334935069084167e-02
2.755886502563953400e-02
5.826628580689430237e-02
4.197278618812561035e-02
-1.359344124794006348e-01
-7.451988011598587036e-02
-5.718030408024787903e-02
8.149289339780807495e-02
6.338817998766899109e-03
-1.311239972710609436e-02
7.686259690672159195e-03
-6.788703054189682007e-02
-5.725125968456268311e-02
2.232356369495391846e-02
-2.338967658579349518e-02
-4.646725952625274658e-02
-3.368982300162315369e-02
1.088466346263885498e-01
2.290731482207775116e-02
-6.808676570653915405e-02
3.553913207724690437e-03
-6.196987815201282501e-03
9.922804683446884155e-02
-2.465749531984329224e-02
-4.260233417153358459e-02
-3.571936115622520447e-02
-9.626323357224464417e-03
3.150884062051773071e-02
4.811872169375419617e-02
-5.177576467394828796e-02
-5.245984718203544617e-02
1.572166383266448975e-01
1.205780282616615295e-01
-4.414539039134979248e-02
4.647833853960037231e-02
4.651347175240516663e-02
-2.506926655769348145e-02
-7.749491184949874878e-02
-1.723300851881504059e-02
-4.031389579176902771e-02
4.745234036818146706e-04
-9.301585145294666290e-03
1.820726692676544189e-02
-3.427808359265327454e-02
-8.697064593434333801e-03
8.679832518100738525e-02
-2.537299320101737976e-02
2.240203134715557098e-02
7.337936758995056152e-02
2.540456689894199371e-02
1.083120927214622498e-01
-2.888799086213111877e-02
-2.759041637182235718e-02
1.805946230888366699e-02
2.576073072850704193e-02
-1.222250144928693771e-02
1.541677396744489670e-02
-1.212783679366111755e-01
4.284156858921051025e-02
6.419422477483749390e-02
5.296611040830612183e-02
-2.237346768379211426e-02
-1.850799657404422760e-02
-2.284083701670169830e-02
2.002927847206592560e-02
-2.973477356135845184e-02
3.392290091142058372e-03
3.744183341041207314e-03
2.178269065916538239e-02
4.067078698426485062e-03
8.536980301141738892e-02
-3.528327494859695435e-02
3.062167577445507050e-02
8.597358129918575287e-03
-5.950645729899406433e-02
4.644650965929031372e-02
6.473725289106369019e-02
1.428888551890850067e-02
-8.142468333244323730e-02
8.033496141433715820e-02
4.534245003014802933e-03
3.627059236168861389e-02
-1.393412891775369644e-02
5.514783784747123718e-02
9.643159806728363037e-02
1.895910315215587616e-02
-1.443276107311248779e-01
3.133800253272056580e-02
2.202878519892692566e-02
8.581340312957763672e-02
-5.306806787848472595e-02
3.456868603825569153e-02
-1.491645071655511856e-02
-6.219664588570594788e-02
-4.188158735632896423e-02
6.426949054002761841e-02
-3.934101387858390808e-02
-7.278878986835479736e-02
-5.766646191477775574e-02
-2.571307867765426636e-02
-5.138058215379714966e-02
2.166029252111911774e-02
1.014217361807823181e-01
-1.786725036799907684e-02
9.453159570693969727e-02
-1.137467250227928162e-01
-2.321678027510643005e-02
-5.996245890855789185e-02
1.181312277913093567e-02
2.051274478435516357e-02
-6.921762973070144653e-02
