1.732406914234161377e-01
5.349068436771631241e-03
3.689067810773849487e-02
-3.794286027550697327e-02
-4.225748032331466675e-02
-3.843455761671066284e-02
-9.420604258775711060e-02
-5.454348400235176086e-02
5.588134005665779114e-02
2.599121816456317902e-02
-2.646179404109716415e-03
-5.024843290448188782e-02
-4.041797481477260590e-03
-9.060745686292648315e-02
1.302663888782262802e-02
-5.157023668289184570e-02
3.303213045001029968e-02
9.318882226943969727e-02
7.679339963942766190e-03
-9.082047268748283386e-03
-3.663349896669387817e-02
-2.041035331785678864e-02
2.331676706671714783e-02
-2.527237311005592346e-02
-5.381737649440765381e-02
-1.125647276639938354e-01
5.094336345791816711e-02
-6.600310653448104858e-02
-1.147616133093833923e-01
-1.122391894459724426e-01
5.760026723146438599e-02
-5.598850920796394348e-02
-4.327125847339630127e-02
-5.619089305400848389e-02
2.625226788222789764e-02
-6.575598381459712982e-03
2.870364300906658173e-02
-3.474604710936546326e-02
-5.691855400800704956e-02
-6.230484694242477417e-02
5.818392336368560791e-02
7.654202636331319809e-03
3.756974264979362488e-02
7.022540271282196045e-02
5.349414423108100891e-02
2.677234448492527008e-02
-1.260135918855667114e-01
4.535385593771934509e-02
-2.341417223215103149e-02
-3.892761096358299255e-02
-1.706305295228958130e-01
6.369722634553909302e-02
1.147076264023780823e-01
-9.250866621732711792e-02
-3.545828536152839661e-02
4.446442425251007080e-02
-4.148752242326736450e-02
-1.849749684333801270e-02
1.503753960132598877e-01
-1.155949011445045471e-02
6.272850930690765381e-02
4.388625547289848328e-02
-8.730888366699218750e-02
2.387554151937365532e-03
-7.305131107568740845e-02
-6.013764068484306335e-02
-4.204437881708145142e-02
-1.040601432323455811e-01
4.388508852571249008e-03
-4.335315153002738953e-02
-8.250432461500167847e-02
-1.037794426083564758e-01
1.284633725881576538e-01
-7.491008192300796509e-02
-1.435846388339996338e-01
3.951993212103843689e-02
-6.768538057804107666e-02
8.150105923414230347e-02
1.269982382655143738e-02
-1.854023039340972900e-01
2.716132067143917084e-02
4.940884187817573547e-02
2.686385624110698700e-02
6.881067156791687012e-02
-4.751453921198844910e-02
4.890805855393409729e-02
-2.467796206474304199e-02
4.540918394923210144e-02
4.034008085727691650e-02
-4.639534279704093933e-02
-1.565163582563400269e-01
-2.147336862981319427e-02
-5.712848156690597534e-02
-2.655261196196079254e-02
-6.084991618990898132e-02
-3.873362019658088684e-02
-2.599496953189373016e-02
4.425336793065071106e-02
8.884193748235702515e-02
-8.466950803995132446e-02
5.617148429155349731e-02
-1.108779199421405792e-02
2.386138588190078735e-02
-1.447341404855251312e-02
1.202959218062460423e-03
-5.222366377711296082e-02
5.978789180517196655e-02
9.063713997602462769e-02
1.069001629948616028e-01
-9.166024625301361084e-02
-9.692278690636157990e-03
1.469021886587142944e-01
-1.031418796628713608e-02
9.192645549774169922e-02
7.375708315521478653e-03
-1.342694461345672607e-02
-2.386822551488876343e-02
4.824899137020111084e-02
5.651874095201492310e-02
-6.704917550086975098e-02
-5.152727290987968445e-02
1.140672490000724792e-01
4.932587500661611557e-03
4.029446095228195190e-02
-4.814276471734046936e-02
-4.498819471336901188e-04
-5.951351299881935120e-02
-6.746311485767364502e-02
-1.011973470449447632e-01
1.166594475507736206e-01
1.227094605565071106e-02
8.222717046737670898e-02
-9.889401495456695557e-02
4.200698435306549072e-02
4.378932714462280273e-02
1.152887288480997086e-02
-7.121750712394714355e-02
2.210344001650810242e-02
1.039267331361770630e-01
4.516369104385375977e-02
7.708036806434392929e-03
4.940621927380561829e-02
4.903220012784004211e-02
-1.429349333047866821e-01
-7.918375730514526367e-02
-5.573891103267669678e-02
8.572463691234588623e-02
1.145177707076072693e-02
2.881737891584634781e-04
3.033688291907310486e-02
-7.377150654792785645e-02
-5.381287261843681335e-02
2.448144182562828064e-02
-1.977576687932014465e-02
-4.148813337087631226e-02
-3.719419613480567932e-02
9.718654304742813110e-02
-6.509055965580046177e-04
-6.859575957059860229e-02
5.800511687994003296e-03
2.098043216392397881e-03
1.162107735872268677e-01
-2.442920207977294922e-02
-2.178310230374336243e-02
-2.236749604344367981e-02
-5.556635092943906784e-03
5.067292600870132446e-02
4.592617601156234741e-02
-4.397183656692504883e-02
-6.757777184247970581e-02
1.501541733741760254e-01
1.381584703922271729e-01
-4.540960118174552917e-02
5.953437834978103638e-02
5.455617234110832214e-02
-1.733203791081905365e-02
-7.549089193344116211e-02
-5.645103752613067627e-03
-4.932234063744544983e-02
6.362666841596364975e-03
-1.624963805079460144e-02
1.778488606214523315e-02
-1.935737021267414093e-02
-1.515453215688467026e-02
7.628800719976425171e-02
-1.510447543114423752e-02
3.955667465925216675e-02
5.815376713871955872e-02
2.598203346133232117e-02
1.159041896462440491e-01
-2.038810960948467255e-02
-2.440431527793407440e-02
2.070199325680732727e-02
2.867223881185054779e-02
-1.260506920516490936e-02
3.978602122515439987e-03
-1.255050450563430786e-01
6.868359446525573730e-02
6.227843090891838074e-02
6.727349758148193359e-02
-1.274398714303970337e-02
-3.375452384352684021e-02
-3.812643699347972870e-03
3.374935686588287354e-02
-3.154187276959419250e-02
3.443259280174970627e-03
-2.383194630965590477e-03
2.643229067325592041e-02
-8.636530837975442410e-04
1.038425043225288391e-01
-1.440185122191905975e-02
2.841063402593135834e-02
8.446433581411838531e-03
-5.473180487751960754e-02
5.630181729793548584e-02
7.541045546531677246e-02
3.346044942736625671e-02
-9.495450556278228760e-02
6.872355192899703979e-02
-8.982817642390727997e-03
3.093416430056095123e-02
-8.708034642040729523e-03
5.788179486989974976e-02
7.748737931251525879e-02
2.715466171503067017e-02
-1.213860139250755310e-01
2.011669427156448364e-02
1.621806621551513672e-02
7.089848071336746216e-02
-4.763782769441604614e-02
3.446809202432632446e-02
-2.107941545546054840e-02
-6.974592059850692749e-02
-4.443864524364471436e-02
6.352710723876953125e-02
-3.684999421238899231e-02
-7.125293463468551636e-02
-4.725620895624160767e-02
-3.772037476301193237e-02
-3.478434309363365173e-02
2.972014248371124268e-02
9.505783766508102417e-02
-1.632340624928474426e-02
7.570116966962814331e-02
-1.168419197201728821e-01
-2.896406687796115875e-02
-4.556213691830635071e-02
1.628272468224167824e-03
2.932671830058097839e-02
-6.031196191906929016e-02
