1.491818130016326904e-01
-3.904256736859679222e-03
3.449560701847076416e-02
-3.040246106684207916e-02
-3.907123208045959473e-02
-2.784320712089538574e-02
-9.502702951431274414e-02
-5.352783575654029846e-02
5.924663692712783813e-02
2.935287915170192719e-02
1.188086025649681687e-05
-4.752307757735252380e-02
-3.567925887182354927e-03
-8.856362104415893555e-02
1.128228195011615753e-02
-6.534937769174575806e-02
2.739899791777133942e-02
8.349066972732543945e-02
-2.871848875656723976e-03
-6.436049938201904297e-03
-2.810303308069705963e-02
3.027797909453511238e-03
1.424388214945793152e-02
-2.944997698068618774e-02
-4.097502678632736206e-02
-1.095089763402938843e-01
5.409673228859901428e-02
-7.450710982084274292e-02
-1.294497251510620117e-01
-1.158112958073616028e-01
5.630350857973098755e-02
-3.985860198736190796e-02
-4.416378960013389587e-02
-6.271702796220779419e-02
1.881739683449268341e-02
-1.001288648694753647e-02
2.207358926534652710e-02
-4.292109236121177673e-02
-6.082124635577201843e-02
-5.748775601387023926e-02
7.453961670398712158e-02
9.597868658602237701e-03
3.726838156580924988e-02
8.297754824161529541e-02
3.655680269002914429e-02
1.523534487932920456e-02
-1.283024400472640991e-01
4.839487746357917786e-02
-3.239227086305618286e-02
-4.930504038929939270e-02
-1.854778677225112915e-01
7.547321915626525879e-02
1.258931010961532593e-01
-1.054711714386940002e-01
-3.659090399742126465e-02
5.832535028457641602e-02
-3.486948460340499878e-02
-1.911884173750877380e-02
1.656588166952133179e-01
-6.000343244522809982e-03
7.080791890621185303e-02
4.110094159841537476e-02
-9.733625501394271851e-02
2.249473007395863533e-03
-6.809554994106292725e-02
-6.683059036731719971e-02
-3.951929509639739990e-02
-1.110258251428604126e-01
4.613479832187294960e-04
-4.834565892815589905e-02
-8.543566614389419556e-02
-1.117072552442550659e-01
1.309460550546646118e-01
-8.652227371931076050e-02
-1.509061455726623535e-01
3.960496559739112854e-02
-6.184650585055351257e-02
8.182408660650253296e-02
1.306191831827163696e-02
-2.147991061210632324e-01
3.845138847827911377e-02
4.534717649221420288e-02
1.260217186063528061e-02
8.192908018827438354e-02
-5.560454726219177246e-02
4.603683203458786011e-02
-3.582032024860382080e-02
4.864430055022239685e-02
4.130138829350471497e-02
-4.629160463809967041e-02
-1.655899882316589355e-01
-4.012516885995864868e-02
-6.390757858753204346e-02
-2.697611786425113678e-02
-6.567399948835372925e-02
-5.293150618672370911e-02
-1.881550066173076630e-02
3.813090175390243530e-02
7.862755656242370605e-02
-9.776495397090911865e-02
5.437598004937171936e-02
-1.765938289463520050e-02
2.261879481375217438e-02
-1.330100465565919876e-02
9.197734296321868896e-03
-4.876767471432685852e-02
7.762995362281799316e-02
8.986542373895645142e-02
1.026513651013374329e-01
-9.387832134962081909e-02
-4.900609608739614487e-03
1.372190713882446289e-01
5.327262333594262600e-04
9.973409771919250488e-02
-1.704246096778661013e-04
-1.316330768167972565e-02
-2.321500144898891449e-02
4.703507572412490845e-02
6.080976501107215881e-02
-5.165982618927955627e-02
-5.546033382415771484e-02
1.045516133308410645e-01
1.172764319926500320e-02
4.203817620873451233e-02
-5.490618199110031128e-02
-9.218241902999579906e-04
-5.110122263431549072e-02
-7.180821895599365234e-02
-9.707671403884887695e-02
9.678830951452255249e-02
1.247555203735828400e-02
8.125349134206771851e-02
-9.208076447248458862e-02
3.284512087702751160e-02
3.427780047059059143e-02
5.092991981655359268e-03
-7.447122037410736084e-02
2.384027652442455292e-02
8.960208296775817871e-02
4.173802584409713745e-02
2.397183328866958618e-02
3.594368696212768555e-02
6.131026893854141235e-02
-1.433864682912826538e-01
-7.823243737220764160e-02
-5.233905464410781860e-02
9.061117470264434814e-02
1.198613736778497696e-02
2.696482697501778603e-03
3.317649662494659424e-02
-6.829544901847839355e-02
-4.951787367463111877e-02
2.375202067196369171e-02
-1.590872555971145630e-02
-4.446862265467643738e-02
-4.648065939545631409e-02
9.715713560581207275e-02
-1.334126456640660763e-03
-6.230004131793975830e-02
6.116504315286874771e-03
5.429756827652454376e-03
1.024670824408531189e-01
-2.848078310489654541e-02
-1.754866912961006165e-02
-1.138006523251533508e-02
1.165908877737820148e-03
4.529745876789093018e-02
3.432764485478401184e-02
-4.803849384188652039e-02
-4.563424736261367798e-02
1.355861574411392212e-01
1.197617202997207642e-01
-4.485245421528816223e-02
4.120886698365211487e-02
4.882553592324256897e-02
-2.410140633583068848e-02
-7.335487753152847290e-02
-1.188216079026460648e-02
-3.602771833539009094e-02
5.757925100624561310e-03
-3.364225104451179504e-02
1.937917806208133698e-02
-1.806060783565044403e-02
-1.745662465691566467e-02
6.395665556192398071e-02
-2.517851814627647400e-02
4.078728705644607544e-02
5.097678303718566895e-02
2.173808589577674866e-02
1.100459471344947815e-01
-1.856288686394691467e-02
-1.656303554773330688e-02
1.177329104393720627e-02
2.103093825280666351e-02
-2.828444121405482292e-03
-1.375447609461843967e-03
-1.208897754549980164e-01
5.339579656720161438e-02
6.962855905294418335e-02
5.572599172592163086e-02
-4.826029296964406967e-03
-3.040351346135139465e-02
-7.056688424199819565e-03
3.657649457454681396e-02
-3.971606120467185974e-02
4.955764394253492355e-03
-1.054329331964254379e-02
3.516509383916854858e-02
1.111088227480649948e-02
9.515739977359771729e-02
-1.238227449357509613e-02
3.635585680603981018e-02
-1.432410790584981441e-03
-5.545405671000480652e-02
5.221118032932281494e-02
8.543521165847778320e-02
4.985582455992698669e-02
-8.849644660949707031e-02
8.114919811487197876e-02
2.543601440265774727e-04
3.003943711519241333e-02
-1.068088319152593613e-02
5.488948523998260498e-02
8.537106961011886597e-02
2.628878504037857056e-02
-1.304921358823776245e-01
4.137508571147918701e-03
1.138317119330167770e-02
7.709439843893051147e-02
-4.489808157086372375e-02
4.723119735717773438e-02
-9.202627465128898621e-03
-6.067708507180213928e-02
-4.197996109724044800e-02
4.902664944529533386e-02
-3.685337677597999573e-02
-5.595834553241729736e-02
-5.158607661724090576e-02
-2.832662127912044525e-02
-3.834234923124313354e-02
2.605889178812503815e-02
8.292723447084426880e-02
-1.506256218999624252e-02
6.948091834783554077e-02
-9.187173098325729370e-02
-1.874355040490627289e-02
-4.095301404595375061e-02
2.663876395672559738e-03
2.525516413152217865e-02
-6.005332991480827332e-02
