9.090357273817062378e-02
-6.245179101824760437e-03
9.317762218415737152e-03
-2.498832158744335175e-02
-5.642270669341087341e-02
-6.535546854138374329e-03
-6.629300862550735474e-02
-1.424444373697042465e-02
8.277540653944015503e-02
5.207425728440284729e-02
3.288662806153297424e-02
-9.834030643105506897e-03
-4.391653928905725479e-03
-7.479158788919448853e-02
2.703745290637016296e-02
-2.367372810840606689e-02
2.631358616054058075e-02
4.350499436259269714e-02
4.205073695629835129e-03
-5.384895578026771545e-02
-3.598647937178611755e-02
5.000676494091749191e-03
7.567873690277338028e-04
-2.776393666863441467e-02
-1.649780198931694031e-02
-7.031766325235366821e-02
1.514791697263717651e-02
-2.675576880574226379e-02
-6.070422008633613586e-02
-8.278331160545349121e-02
6.782647967338562012e-02
-3.753693029284477234e-02
-5.056523159146308899e-02
-7.359080016613006592e-02
4.455772414803504944e-02
-2.420065551996231079e-02
2.293056622147560120e-02
-1.841655559837818146e-02
-4.623821750283241272e-02
-5.919530522078275681e-03
4.675593227148056030e-02
-4.466285929083824158e-02
3.241480514407157898e-02
7.259316742420196533e-02
4.208375513553619385e-02
3.928717970848083496e-02
-1.150522828102111816e-01
-2.569998800754547119e-02
-6.862813606858253479e-03
-2.975709922611713409e-02
-1.631565690040588379e-01
5.172453820705413818e-02
1.104903519153594971e-01
-8.814729005098342896e-02
-5.315083265304565430e-02
3.948112204670906067e-02
-1.920917071402072906e-02
2.863833308219909668e-02
1.691004931926727295e-01
-4.520326480269432068e-02
4.333733767271041870e-02
4.788225889205932617e-02
-1.763092540204524994e-02
-1.350472122430801392e-02
-6.752391904592514038e-02
-5.940186232328414917e-02
-7.297231256961822510e-02
-1.054550409317016602e-01
-2.383501455187797546e-02
-6.208399310708045959e-02
-1.201879680156707764e-01
-8.800747245550155640e-02
1.503846943378448486e-01
-8.460830152034759521e-02
-1.205089092254638672e-01
7.168915122747421265e-02
-1.117976829409599304e-01
5.812642723321914673e-02
1.553891506046056747e-02
-1.712272316217422485e-01
4.852091893553733826e-02
4.529412835836410522e-02
2.380424179136753082e-03
5.646372586488723755e-02
-7.526402920484542847e-02
5.014843121170997620e-02
-5.366212502121925354e-02
7.160507887601852417e-02
-3.618945134803652763e-03
-2.131320349872112274e-02
-1.463257521390914917e-01
-2.738858200609683990e-02
-5.593220889568328857e-02
-4.222477599978446960e-02
-6.766716390848159790e-02
-4.934054240584373474e-02
-5.040560290217399597e-02
1.370554789900779724e-02
4.487755894660949707e-02
-8.966477960348129272e-02
5.177926272153854370e-02
-4.370436538010835648e-03
-3.665540600195527077e-03
-1.624023914337158203e-02
-4.345360677689313889e-03
-6.555417925119400024e-02
7.138759642839431763e-02
1.179196164011955261e-01
1.017996221780776978e-01
-9.973046928644180298e-02
4.095254000276327133e-03
1.299396157264709473e-01
-3.628737106919288635e-02
9.097113460302352905e-02
-3.738029627129435539e-04
-4.001904651522636414e-02
-4.761410132050514221e-02
4.160022735595703125e-02
5.934245884418487549e-02
-6.776203215122222900e-02
-2.060822024941444397e-02
1.074702739715576172e-01
1.387111749500036240e-02
4.680282622575759888e-02
-5.087940767407417297e-02
2.354642562568187714e-02
-4.846753552556037903e-02
-1.339569091796875000e-01
-1.196871623396873474e-01
7.415611296892166138e-02
1.713356375694274902e-02
9.363712370395660400e-02
-1.077815666794776917e-01
5.331097915768623352e-02
4.494107887148857117e-02
3.142917901277542114e-02
-9.990952163934707642e-02
4.190665856003761292e-02
1.136075109243392944e-01
2.462223917245864868e-02
2.883866429328918457e-02
8.985531330108642578e-02
4.008401557803153992e-02
-1.381784826517105103e-01
-4.544773325324058533e-02
-5.918751657009124756e-02
7.987494766712188721e-02
7.785338442772626877e-03
-2.882935851812362671e-02
1.828679814934730530e-02
-5.469754338264465332e-02
-4.934542253613471985e-02
1.420757826417684555e-02
-4.203660786151885986e-02
-5.472159758210182190e-02
-4.119352623820304871e-02
1.078842878341674805e-01
1.504391804337501526e-02
-8.616955578327178955e-02
3.250847803428769112e-03
9.153648279607295990e-04
8.847250789403915405e-02
4.030557814985513687e-03
-5.523435398936271667e-02
-4.818169772624969482e-02
-1.930061727762222290e-02
4.198760911822319031e-02
3.605327382683753967e-02
-4.391422122716903687e-02
-5.742388963699340820e-02
1.789859682321548462e-01
1.549935936927795410e-01
-4.977809265255928040e-02
2.791286818683147430e-02
4.887591674923896790e-02
9.204102680087089539e-03
-7.326098531484603882e-02
-1.892136223614215851e-02
-1.271239016205072403e-02
-5.885029677301645279e-03
-9.934140834957361221e-04
2.391698025166988373e-02
-5.231374502182006836e-02
-2.164023928344249725e-02
7.571535557508468628e-02
-6.506496574729681015e-03
8.459420874714851379e-03
9.949858486652374268e-02
5.517789721488952637e-02
1.238398030400276184e-01
-1.218234933912754059e-02
-3.511255979537963867e-02
1.799288764595985413e-02
4.565646126866340637e-02
-2.620942704379558563e-02
1.384703814983367920e-02
-1.192174106836318970e-01
3.761215880513191223e-02
4.901453107595443726e-02
5.163491144776344299e-02
-3.549898788332939148e-02
-3.793053701519966125e-02
-4.556073993444442749e-02
1.070815697312355042e-02
-5.450971424579620361e-02
8.429059758782386780e-03
2.396317012608051300e-02
1.330269966274499893e-03
-2.840608824044466019e-03
9.369143843650817871e-02
-4.218889772891998291e-02
4.531579092144966125e-02
4.555082414299249649e-03
-6.378781795501708984e-02
5.929734557867050171e-02
6.044154986739158630e-02
1.771012553945183754e-03
-7.163974642753601074e-02
8.248178660869598389e-02
3.289206326007843018e-02
4.970136657357215881e-02
6.350043695420026779e-04
5.610625818371772766e-02
9.082601219415664673e-02
-5.579539109021425247e-03
-1.346145868301391602e-01
2.264349162578582764e-02
2.434949390590190887e-02
1.039124503731727600e-01
-4.493769630789756775e-02
5.223494395613670349e-02
-8.877269923686981201e-03
-3.348487988114356995e-02
-4.200616106390953064e-02
5.796951800584793091e-02
-3.698799759149551392e-02
-4.761667922139167786e-02
-3.954195231199264526e-02
-2.961170859634876251e-02
-3.926272317767143250e-02
2.803783863782882690e-02
1.269634068012237549e-01
-2.341083437204360962e-02
1.272906512022018433e-01
-1.204092800617218018e-01
-3.038276545703411102e-02
-4.623516649007797241e-02
5.252127535641193390e-03
1.708949171006679535e-02
-5.387628078460693359e-02
