1.528763175010681152e-01
-4.264305345714092255e-03
4.218342527747154236e-02
-4.221820831298828125e-02
-4.170193895697593689e-02
-5.106864869594573975e-02
-1.048649773001670837e-01
-4.703324660658836365e-02
6.789963692426681519e-02
5.132678896188735962e-02
-7.624934078194200993e-04
-4.448164626955986023e-02
3.647804027423262596e-03
-9.712773561477661133e-02
1.602361910045146942e-02
-5.654374510049819946e-02
4.056762531399726868e-02
8.773356676101684570e-02
-2.643009647727012634e-03
-2.443279884755611420e-02
-1.838349364697933197e-02
1.236403360962867737e-02
1.930712722241878510e-02
-2.942082844674587250e-02
-4.627295210957527161e-02
-1.338289231061935425e-01
4.065994918346405029e-02
-8.408708870410919189e-02
-1.336306780576705933e-01
-1.033969819545745850e-01
7.328221946954727173e-02
-3.058905713260173798e-02
-4.833119362592697144e-02
-8.862421661615371704e-02
1.024902239441871643e-02
-1.698468066751956940e-02
3.973183408379554749e-02
-4.430202394723892212e-02
-5.294452980160713196e-02
-5.494498088955879211e-02
7.825560867786407471e-02
-1.847004517912864685e-02
2.723445184528827667e-02
9.322345256805419922e-02
3.690920770168304443e-02
2.223505452275276184e-02
-1.329195052385330200e-01
2.208253182470798492e-02
-3.200208023190498352e-02
-6.571688503026962280e-02
-1.884055435657501221e-01
7.539529353380203247e-02
1.264601349830627441e-01
-9.606543928384780884e-02
-5.718844756484031677e-02
6.724178791046142578e-02
-3.958352282643318176e-02
-1.735170185565948486e-02
1.672837287187576294e-01
-3.146083280444145203e-02
7.470919191837310791e-02
3.639453649520874023e-02
-7.411155104637145996e-02
4.215313820168375969e-04
-6.389189511537551880e-02
-7.823747396469116211e-02
-5.347505211830139160e-02
-9.205262362957000732e-02
4.124173894524574280e-03
-5.546101555228233337e-02
-7.920037955045700073e-02
-1.001616790890693665e-01
1.304876059293746948e-01
-9.080402553081512451e-02
-1.340639442205429077e-01
6.006540730595588684e-02
-7.582885771989822388e-02
6.358319520950317383e-02
8.484510472044348717e-04
-1.968933790922164917e-01
5.851947888731956482e-02
5.209757015109062195e-02
1.019332325085997581e-03
6.013071537017822266e-02
-7.137746363878250122e-02
4.568817839026451111e-02
-3.645084425806999207e-02
5.385103076696395874e-02
4.287504032254219055e-02
-2.545790746808052063e-02
-1.709984689950942993e-01
-3.761410713195800781e-02
-6.301999092102050781e-02
-1.560548320412635803e-02
-6.078631058335304260e-02
-5.952870473265647888e-02
-2.107729949057102203e-02
8.068367838859558105e-03
7.507558166980743408e-02
-1.063210219144821167e-01
5.353458598256111145e-02
-1.287106797099113464e-02
1.068556029349565506e-02
-1.073521003127098083e-02
3.621503245085477829e-03
-5.327951535582542419e-02
8.097936958074569702e-02
9.498488903045654297e-02
1.006654202938079834e-01
-1.016578450798988342e-01
-1.187367714010179043e-03
1.340508311986923218e-01
-7.164544891566038132e-03
8.601670712232589722e-02
5.661656614392995834e-03
-2.554704993963241577e-02
-9.701235219836235046e-03
4.641830176115036011e-02
5.886946618556976318e-02
-5.114405974745750427e-02
-5.680909752845764160e-02
9.071081131696701050e-02
1.625705696642398834e-02
5.565691739320755005e-02
-5.086777359247207642e-02
-4.717518575489521027e-03
-4.533744603395462036e-02
-9.180955588817596436e-02
-9.926992654800415039e-02
9.277537465095520020e-02
5.704081850126385689e-04
7.947643846273422241e-02
-9.793598949909210205e-02
3.355723991990089417e-02
3.032308444380760193e-02
2.707646042108535767e-02
-8.761766552925109863e-02
3.768972679972648621e-02
9.576639533042907715e-02
5.196829512715339661e-02
4.471086338162422180e-02
3.255483135581016541e-02
6.874183565378189087e-02
-1.383022069931030273e-01
-5.467211827635765076e-02
-5.391922965645790100e-02
8.925850689411163330e-02
5.474034231156110764e-03
-4.082527011632919312e-03
2.475462853908538818e-02
-6.442876905202865601e-02
-4.604958370327949524e-02
3.571400046348571777e-02
-2.228722535073757172e-02
-5.602271854877471924e-02
-4.643857479095458984e-02
1.019338145852088928e-01
2.373699657618999481e-02
-6.277465075254440308e-02
4.413559101521968842e-03
-1.452223397791385651e-02
8.208265155553817749e-02
-1.682025752961635590e-02
-3.835679590702056885e-02
-1.824460923671722412e-02
6.268654251471161842e-04
1.686011254787445068e-02
4.546774178743362427e-02
-5.359035357832908630e-02
-2.110370621085166931e-02
1.330134719610214233e-01
9.867305308580398560e-02
-3.671979531645774841e-02
3.891949728131294250e-02
4.327187314629554749e-02
-2.119834907352924347e-02
-6.512091308832168579e-02
-2.574450895190238953e-02
-2.304736897349357605e-02
4.811979364603757858e-03
-1.954983361065387726e-02
2.084024436771869659e-02
-1.279074791818857193e-02
-2.275579236447811127e-02
8.244061470031738281e-02
-3.510889410972595215e-02
2.743721567094326019e-02
6.592992693185806274e-02
2.923919074237346649e-02
1.000104695558547974e-01
-3.219541907310485840e-02
-2.227872610092163086e-02
5.600310862064361572e-03
1.727001927793025970e-02
-9.674993343651294708e-03
1.292973291128873825e-02
-1.215192377567291260e-01
4.096989706158638000e-02
6.777437776327133179e-02
4.882233217358589172e-02
-1.198712456971406937e-02
-1.337437238544225693e-02
-1.003222633153200150e-02
2.047887817025184631e-02
-3.198237344622612000e-02
1.530620548874139786e-02
-1.170363184064626694e-02
3.075111657381057739e-02
2.006725408136844635e-02
7.430887222290039062e-02
-1.226197648793458939e-02
3.142486885190010071e-02
-9.488637559115886688e-03
-5.501710996031761169e-02
2.671053633093833923e-02
7.255879789590835571e-02
2.591590024530887604e-02
-8.488215506076812744e-02
8.860841393470764160e-02
9.016596712172031403e-03
2.939376980066299438e-02
-1.070046145468950272e-02
5.592690780758857727e-02
1.042073145508766174e-01
2.110029384493827820e-02
-1.380572617053985596e-01
1.531840488314628601e-02
-1.939227222464978695e-03
7.330790907144546509e-02
-4.100315272808074951e-02
4.490450024604797363e-02
-3.155963262543082237e-03
-5.662628263235092163e-02
-4.673597216606140137e-02
4.221156239509582520e-02
-3.574710339307785034e-02
-4.918086156249046326e-02
-5.570880323648452759e-02
-9.758230298757553101e-03
-5.349444970488548279e-02
2.786160446703433990e-02
7.357916235923767090e-02
-1.592640019953250885e-02
8.423904329538345337e-02
-7.945057749748229980e-02
-2.187663130462169647e-02
-4.854543879628181458e-02
2.559610642492771149e-02
1.359630189836025238e-02
-6.597185879945755005e-02
