1.696272194385528564e-01
-1.001524459570646286e-02
3.086301311850547791e-02
-5.056963115930557251e-02
-4.309085756540298462e-02
-2.823286689817905426e-02
-9.920240938663482666e-02
-5.760577321052551270e-02
7.364945858716964722e-02
5.433161184191703796e-02
3.784623695537447929e-03
-5.350226536393165588e-02
-1.329602021723985672e-02
-9.782068431377410889e-02
6.761745549738407135e-03
-5.935387313365936279e-02
2.748925238847732544e-02
8.153939992189407349e-02
1.318528968840837479e-02
-1.516256015747785568e-02
-5.340400338172912598e-02
-1.385643146932125092e-02
1.405161805450916290e-02
-1.830379292368888855e-02
-5.852572247385978699e-02
-1.270026564598083496e-01
4.028190672397613525e-02
-7.655084878206253052e-02
-1.176687628030776978e-01
-1.179939582943916321e-01
7.688876241445541382e-02
-7.012212276458740234e-02
-5.910757556557655334e-02
-6.401288509368896484e-02
2.784496173262596130e-02
-2.264144271612167358e-02
2.702050283551216125e-02
-2.981406264007091522e-02
-4.303750023245811462e-02
-4.370966553688049316e-02
4.159669578075408936e-02
-1.486581470817327499e-02
4.284395650029182434e-02
6.888960301876068115e-02
5.571306869387626648e-02
2.597673237323760986e-02
-1.240072473883628845e-01
2.625338360667228699e-02
-2.846328169107437134e-02
-3.524720668792724609e-02
-1.692530214786529541e-01
6.103109568357467651e-02
1.229755878448486328e-01
-1.006573215126991272e-01
-3.804161399602890015e-02
3.914825990796089172e-02
-3.428152576088905334e-02
1.172963902354240417e-02
1.510002613067626953e-01
-1.142500527203083038e-02
5.926498770713806152e-02
3.951524198055267334e-02
-6.517444550991058350e-02
3.327504266053438187e-03
-7.406803965568542480e-02
-5.108166858553886414e-02
-4.896974191069602966e-02
-1.025796160101890564e-01
-1.735185360303148627e-04
-3.668727353215217590e-02
-1.035668402910232544e-01
-8.696594089269638062e-02
1.431992352008819580e-01
-8.003964275121688843e-02
-1.403801441192626953e-01
4.767873883247375488e-02
-6.297227740287780762e-02
7.745451480150222778e-02
8.646644651889801025e-03
-1.779021471738815308e-01
4.700302332639694214e-02
5.441101267933845520e-02
2.296969480812549591e-02
6.633242964744567871e-02
-5.333786085247993469e-02
5.218710377812385559e-02
-2.118719369173049927e-02
5.663451179862022400e-02
3.405382484197616577e-02
-3.650674968957901001e-02
-1.662895679473876953e-01
-2.575987763702869415e-02
-6.412821263074874878e-02
-3.108981251716613770e-02
-5.151741579174995422e-02
-5.836054682731628418e-02
-2.351497486233711243e-02
2.802725881338119507e-02
7.453115284442901611e-02
-8.533768355846405029e-02
4.873002693057060242e-02
-5.368658341467380524e-03
1.812183111906051636e-02
-2.414443530142307281e-02
-1.714066788554191589e-02
-5.680745467543601990e-02
5.251666903495788574e-02
9.044266492128372192e-02
9.262377023696899414e-02
-8.965423703193664551e-02
-7.257889490574598312e-03
1.356332898139953613e-01
-3.421348333358764648e-02
8.462190628051757812e-02
3.046643920242786407e-03
-7.751243188977241516e-03
-2.034981735050678253e-02
4.602678120136260986e-02
5.392667278647422791e-02
-6.217905879020690918e-02
-3.494569659233093262e-02
1.067117974162101746e-01
-3.052390238735824823e-04
3.720670193433761597e-02
-4.340416193008422852e-02
1.744481362402439117e-02
-5.112325027585029602e-02
-8.284546434879302979e-02
-9.344134479761123657e-02
1.029293611645698547e-01
4.412183072417974472e-03
7.139142602682113647e-02
-9.143113344907760620e-02
3.356098011136054993e-02
4.153783619403839111e-02
1.796222291886806488e-03
-6.412535160779953003e-02
1.766103133559226990e-02
9.278120845556259155e-02
5.110555142164230347e-02
5.706107709556818008e-03
6.042569503188133240e-02
1.577203534543514252e-02
-1.373599469661712646e-01
-7.216689735651016235e-02
-5.465419590473175049e-02
7.595885545015335083e-02
5.199118517339229584e-03
-8.996450342237949371e-03
3.427200019359588623e-03
-7.898122817277908325e-02
-4.984506964683532715e-02
4.826640244573354721e-03
-2.375917509198188782e-02
-4.105126857757568359e-02
-2.719058096408843994e-02
1.004654839634895325e-01
1.787142455577850342e-02
-6.596662849187850952e-02
-1.549341948702931404e-03
5.680086091160774231e-03
1.052656024694442749e-01
-1.978357881307601929e-02
-3.270326554775238037e-02
-4.352816566824913025e-02
-7.284961640834808350e-03
4.422573745250701904e-02
4.811434447765350342e-02
-4.927457496523857117e-02
-6.750156730413436890e-02
1.632650494575500488e-01
1.389708667993545532e-01
-5.501013621687889099e-02
5.270898342132568359e-02
4.297999292612075806e-02
-2.166802808642387390e-02
-7.344237715005874634e-02
-6.295464932918548584e-03
-4.138958826661109924e-02
-9.939535520970821381e-04
-1.291626878082752228e-02
1.387770846486091614e-02
-3.973516449332237244e-02
-4.224464646540582180e-04
7.783142477273941040e-02
-1.321702823042869568e-02
2.620027586817741394e-02
5.942978709936141968e-02
3.029106184840202332e-02
1.141158193349838257e-01
-2.637842483818531036e-02
-2.514974586665630341e-02
3.362831473350524902e-02
2.677386999130249023e-02
-9.792557917535305023e-03
1.521896664053201675e-02
-1.112148538231849670e-01
5.559400469064712524e-02
5.568987876176834106e-02
6.442339718341827393e-02
-2.311235107481479645e-02
-3.853880614042282104e-02
-2.878922596573829651e-02
2.564624510705471039e-02
-3.931153193116188049e-02
-1.565476320683956146e-02
-4.903980530798435211e-03
2.855181694030761719e-02
-1.339650712907314301e-02
9.938437491655349731e-02
-3.806560114026069641e-02
3.210959956049919128e-02
8.418601937592029572e-03
-6.436987966299057007e-02
6.183332577347755432e-02
6.727261096239089966e-02
2.503142505884170532e-02
-7.849944382905960083e-02
6.202234327793121338e-02
-4.671212751418352127e-03
2.840477414429187775e-02
-1.138752698898315430e-02
4.304713010787963867e-02
7.775157690048217773e-02
2.237500622868537903e-02
-1.395529061555862427e-01
3.140803426504135132e-02
2.957538142800331116e-02
8.580248057842254639e-02
-4.147256538271903992e-02
1.968055590987205505e-02
-2.464395947754383087e-02
-6.008418276906013489e-02
-3.717364743351936340e-02
8.229552209377288818e-02
-3.794958069920539856e-02
-7.981419563293457031e-02
-4.674129560589790344e-02
-3.317157924175262451e-02
-3.427748009562492371e-02
2.848228067159652710e-02
1.042094230651855469e-01
-1.302576158195734024e-02
8.932244777679443359e-02
-1.376089006662368774e-01
-1.754453405737876892e-02
-5.503771454095840454e-02
-1.252443064004182816e-02
3.457791358232498169e-02
-6.396657973527908325e-02
