1.660321205854415894e-01
-1.336998585611581802e-02
5.709122493863105774e-02
-4.428548365831375122e-02
-5.380592867732048035e-02
-4.100582003593444824e-02
-1.017795726656913757e-01
-4.792514070868492126e-02
5.516431480646133423e-02
4.108175635337829590e-02
1.043945737183094025e-02
-3.883933648467063904e-02
-1.043397583998739719e-03
-9.005395323038101196e-02
2.639168314635753632e-02
-6.028144061565399170e-02
3.276246786117553711e-02
9.605462104082107544e-02
8.825596421957015991e-03
-1.490936428308486938e-02
-1.437506824731826782e-02
4.529006313532590866e-03
3.868151456117630005e-02
-1.398493442684412003e-02
-2.950064651668071747e-02
-9.125003963708877563e-02
2.892514318227767944e-02
-6.023800745606422424e-02
-1.162168085575103760e-01
-8.847878128290176392e-02
4.000354930758476257e-02
-2.822615765035152435e-02
-4.159189015626907349e-02
-8.113858848810195923e-02
3.208343684673309326e-02
-1.546554616652429104e-03
1.906793378293514252e-02
-4.086460918188095093e-02
-6.213299185037612915e-02
-6.513647735118865967e-02
7.249016314744949341e-02
-1.139395521022379398e-03
4.334759712219238281e-02
7.415018975734710693e-02
3.035225346684455872e-02
2.300416119396686554e-02
-1.184884831309318542e-01
3.262190520763397217e-02
-2.254239097237586975e-02
-2.575783617794513702e-02
-1.840089559555053711e-01
6.760150939226150513e-02
1.059774830937385559e-01
-7.943239063024520874e-02
-4.086919128894805908e-02
6.485193967819213867e-02
-2.112429961562156677e-02
1.244205702096223831e-02
1.710000783205032349e-01
-1.572204753756523132e-02
6.452048569917678833e-02
3.831728920340538025e-02
-9.292966127395629883e-02
-2.647403627634048462e-03
-6.714297831058502197e-02
-7.888874411582946777e-02
-5.595646053552627563e-02
-1.051658317446708679e-01
3.848756663501262665e-03
-5.609771609306335449e-02
-8.674007654190063477e-02
-1.088732630014419556e-01
1.349291652441024780e-01
-9.284714609384536743e-02
-1.147236973047256470e-01
5.911802500486373901e-02
-7.647188752889633179e-02
7.480021566152572632e-02
2.625738084316253662e-02
-2.029233723878860474e-01
3.835335746407508850e-02
6.306153535842895508e-02
4.373918753117322922e-03
6.443437933921813965e-02
-5.377375334501266479e-02
5.704033002257347107e-02
-5.518790334463119507e-02
6.405948847532272339e-02
9.215928614139556885e-03
-5.013148114085197449e-02
-1.323988437652587891e-01
-4.188002273440361023e-02
-6.752240657806396484e-02
-1.846967265009880066e-02
-5.300544947385787964e-02
-5.586684495210647583e-02
-3.064782544970512390e-02
4.327401146292686462e-02
6.700618565082550049e-02
-9.283810853958129883e-02
6.234313547611236572e-02
-1.446399558335542679e-02
1.467486564069986343e-02
-4.545285366475582123e-03
7.570914458483457565e-03
-5.098025500774383545e-02
7.924780994653701782e-02
8.912629634141921997e-02
9.758182615041732788e-02
-1.106634140014648438e-01
8.122250437736511230e-03
1.373350769281387329e-01
-9.495874866843223572e-03
9.218929708003997803e-02
9.386913850903511047e-03
-3.160396590828895569e-02
-1.869019307196140289e-02
6.795887649059295654e-02
5.490255728363990784e-02
-4.878479242324829102e-02
-4.747012630105018616e-02
9.888225048780441284e-02
9.103432297706604004e-03
5.688508599996566772e-02
-5.249882861971855164e-02
-3.391604637727141380e-03
-3.822243213653564453e-02
-8.577883988618850708e-02
-1.185580641031265259e-01
9.701520204544067383e-02
1.787264458835124969e-02
9.463421255350112915e-02
-8.264032751321792603e-02
4.771046712994575500e-02
3.545298427343368530e-02
2.751919440925121307e-02
-8.720962703227996826e-02
3.011252917349338531e-02
1.077785193920135498e-01
2.229206077754497528e-02
4.275888204574584961e-02
5.069935321807861328e-02
6.622075289487838745e-02
-1.303646415472030640e-01
-8.330300450325012207e-02
-4.834461957216262817e-02
1.013978123664855957e-01
1.050019823014736176e-02
-2.161016874015331268e-02
3.036706708371639252e-02
-4.916773363947868347e-02
-6.150551512837409973e-02
1.486292667686939240e-02
-2.042961679399013519e-02
-4.382949694991111755e-02
-3.871119394898414612e-02
1.145411431789398193e-01
1.448199059814214706e-02
-6.582588702440261841e-02
8.109857444651424885e-04
2.188934711739420891e-03
8.693148195743560791e-02
-1.466554403305053711e-02
-3.072446957230567932e-02
-1.792722754180431366e-02
-2.912793867290019989e-02
4.212262108922004700e-02
3.886380046606063843e-02
-2.326203882694244385e-02
-3.629792481660842896e-02
1.337827444076538086e-01
9.974481165409088135e-02
-4.239349439740180969e-02
3.543837368488311768e-02
4.207200184464454651e-02
-9.995058178901672363e-03
-7.363770157098770142e-02
-1.459853537380695343e-02
-4.943618923425674438e-02
-1.150580961257219315e-02
-1.948896981775760651e-02
2.400290779769420624e-02
-1.258010882884263992e-02
-2.800446003675460815e-02
6.455396115779876709e-02
-2.902349084615707397e-02
4.340324550867080688e-02
6.596321612596511841e-02
2.185675501823425293e-02
1.019386276602745056e-01
-1.609620824456214905e-02
-1.940386742353439331e-02
7.746487972326576710e-04
2.253638766705989838e-02
1.678746892139315605e-03
-1.081865653395652771e-02
-1.202088966965675354e-01
4.285711795091629028e-02
6.652217358350753784e-02
3.200860694050788879e-02
-6.923563778400421143e-03
-1.149571873247623444e-02
-7.517381105571985245e-03
2.235738188028335571e-02
-2.570421434938907623e-02
4.366295412182807922e-03
9.702431038022041321e-03
3.052831627428531647e-02
2.520661428570747375e-02
7.818610966205596924e-02
-1.752938143908977509e-02
4.233723506331443787e-02
1.534577179700136185e-02
-5.460667982697486877e-02
5.706017836928367615e-02
7.745120674371719360e-02
4.615892097353935242e-02
-7.904782891273498535e-02
8.210673928260803223e-02
1.287539023905992508e-02
3.529888391494750977e-02
-5.290901288390159607e-03
4.995359107851982117e-02
8.213028311729431152e-02
7.496504578739404678e-03
-1.166082993149757385e-01
1.074341405183076859e-02
1.417340617626905441e-02
8.454280346632003784e-02
-7.281994819641113281e-02
7.364754378795623779e-02
-2.271598437801003456e-03
-5.534117668867111206e-02
-4.936379566788673401e-02
5.489362403750419617e-02
-4.573022574186325073e-02
-6.575383991003036499e-02
-6.140491366386413574e-02
-4.679271578788757324e-02
-5.550774559378623962e-02
2.911867760121822357e-02
1.123866662383079529e-01
-1.273423619568347931e-02
1.240719184279441833e-01
-1.037105023860931396e-01
-2.263398654758930206e-02
-6.177064403891563416e-02
2.593971975147724152e-02
1.831286028027534485e-02
-8.707447350025177002e-02
