2.112387567758560181e-01
1.485772430896759033e-02
3.656933829188346863e-02
-5.346866697072982788e-02
-2.534188330173492432e-02
-5.717850849032402039e-02
-9.768325090408325195e-02
-7.071455568075180054e-02
3.676772117614746094e-02
2.720725908875465393e-02
-3.503081202507019043e-02
-7.062605768442153931e-02
-7.112710736691951752e-03
-1.023604050278663635e-01
-4.785631783306598663e-03
-6.534942239522933960e-02
2.809344045817852020e-02
9.682869166135787964e-02
1.771374791860580444e-02
1.931758038699626923e-02
-4.990320652723312378e-02
-5.267099291086196899e-02
3.649877011775970459e-02
-7.413003593683242798e-03
-9.205798059701919556e-02
-1.316045224666595459e-01
6.281691789627075195e-02
-8.522867411375045776e-02
-1.250578165054321289e-01
-1.105801463127136230e-01
5.429778620600700378e-02
-8.187292516231536865e-02
-3.651841357350349426e-02
-4.345673695206642151e-02
1.568422093987464905e-02
-1.395932212471961975e-02
4.240200296044349670e-02
-4.089981690049171448e-02
-5.219334736466407776e-02
-8.025938272476196289e-02
3.431632369756698608e-02
1.472428627312183380e-02
4.577121138572692871e-02
5.287676677107810974e-02
7.747562229633331299e-02
2.444172091782093048e-02
-1.215996518731117249e-01
6.458951532840728760e-02
-3.555211797356605530e-02
-4.071830213069915771e-02
-1.563036441802978516e-01
5.387243255972862244e-02
1.165747866034507751e-01
-8.245751261711120605e-02
-1.486003026366233826e-02
2.976901270449161530e-02
-5.444591492414474487e-02
-2.537628449499607086e-02
1.168954223394393921e-01
8.148822933435440063e-03
6.349484622478485107e-02
3.678491339087486267e-02
-1.031802818179130554e-01
1.923232711851596832e-02
-7.953921705484390259e-02
-4.204714670777320862e-02
-2.261817269027233124e-02
-9.076716005802154541e-02
2.727150544524192810e-02
-1.391554810106754303e-02
-6.274050474166870117e-02
-8.399301022291183472e-02
1.157462745904922485e-01
-4.872753843665122986e-02
-1.386207938194274902e-01
2.231727913022041321e-02
-2.752531133592128754e-02
8.544822782278060913e-02
-6.912075448781251907e-03
-1.491824537515640259e-01
2.359823882579803467e-02
5.949278548359870911e-02
5.776914581656455994e-02
5.461849272251129150e-02
-2.608869224786758423e-02
5.428665876388549805e-02
1.074935402721166611e-02
2.723778039216995239e-02
6.481443345546722412e-02
-4.581105709075927734e-02
-1.696336120367050171e-01
1.374186831526458263e-03
-5.395725741982460022e-02
-1.246657781302928925e-02
-4.087618738412857056e-02
-3.601622208952903748e-02
-1.062937639653682709e-02
5.277973785996437073e-02
1.231894195079803467e-01
-7.576161623001098633e-02
6.614974886178970337e-02
-8.751329965889453888e-03
4.632120206952095032e-02
-2.481343038380146027e-02
-2.334092371165752411e-02
-4.018671438097953796e-02
2.943640388548374176e-02
7.786903530359268188e-02
1.052669808268547058e-01
-7.975014299154281616e-02
-2.830140851438045502e-02
1.550968587398529053e-01
-2.125518210232257843e-02
8.354561775922775269e-02
1.134875044226646423e-02
8.093133568763732910e-03
2.471653744578361511e-03
5.476290360093116760e-02
4.748405888676643372e-02
-7.720080763101577759e-02
-6.299626082181930542e-02
1.153515502810478210e-01
-1.283909287303686142e-02
3.996969386935234070e-02
-2.695873938500881195e-02
-3.607844701036810875e-03
-7.131817936897277832e-02
-3.233306109905242920e-02
-8.732919394969940186e-02
1.518017947673797607e-01
2.806443022564053535e-03
6.229705363512039185e-02
-9.071578085422515869e-02
2.922763302922248840e-02
4.345518350601196289e-02
1.164984540082514286e-03
-4.338461160659790039e-02
1.154287159442901611e-02
1.009356826543807983e-01
7.229132950305938721e-02
-2.051826938986778259e-02
3.283638134598731995e-02
2.123391069471836090e-02
-1.404899358749389648e-01
-9.576611965894699097e-02
-5.645630508661270142e-02
7.949207723140716553e-02
5.034721456468105316e-03
1.503337454050779343e-02
1.414926443248987198e-02
-1.007887721061706543e-01
-5.774035677313804626e-02
1.403170917183160782e-02
-9.892385452985763550e-03
-2.773124724626541138e-02
-2.470520697534084320e-02
9.525416046380996704e-02
1.412448845803737640e-02
-5.804287642240524292e-02
5.265584215521812439e-03
-2.951675793156027794e-03
1.301913261413574219e-01
-3.197905421257019043e-02
-1.439463812857866287e-02
-2.605983801186084747e-02
-1.570060965605080128e-03
4.607171192765235901e-02
7.469939440488815308e-02
-4.759932309389114380e-02
-8.682472258806228638e-02
1.431646645069122314e-01
1.361047029495239258e-01
-3.712887316942214966e-02
8.546832203865051270e-02
5.765823647379875183e-02
-3.504773229360580444e-02
-7.882197946310043335e-02
-3.819749690592288971e-03
-7.849291712045669556e-02
1.208530738949775696e-02
-5.960926879197359085e-03
1.436674874275922775e-02
-1.347611937671899796e-02
-9.420506103197112679e-05
9.491782635450363159e-02
-8.929566480219364166e-03
5.089663341641426086e-02
4.260098189115524292e-02
1.622844487428665161e-02
1.023106202483177185e-01
-4.045409709215164185e-02
-1.657226122915744781e-02
3.390713408589363098e-02
7.290732115507125854e-03
-7.677353452891111374e-03
1.713827252388000488e-02
-1.053258180618286133e-01
8.066688477993011475e-02
5.157044529914855957e-02
8.482408523559570312e-02
-7.594376336783170700e-03
-3.796835988759994507e-02
4.518472589552402496e-03
4.037468880414962769e-02
-2.388767153024673462e-02
-1.656826213002204895e-02
-1.629792898893356323e-02
3.541630506515502930e-02
-1.340666133910417557e-02
1.046427860856056213e-01
-1.412723027169704437e-02
6.958886049687862396e-03
1.857502944767475128e-02
-5.179357528686523438e-02
4.802804440259933472e-02
5.575869977474212646e-02
2.270961366593837738e-02
-9.226706624031066895e-02
3.751415386795997620e-02
-4.478036239743232727e-02
2.227879129350185394e-03
-1.209069602191448212e-02
4.832829162478446960e-02
6.440316140651702881e-02
4.470755532383918762e-02
-1.017937585711479187e-01
4.520579427480697632e-02
2.514733001589775085e-02
4.339663684368133545e-02
-3.940942883491516113e-02
-1.391411945223808289e-02
-4.001868888735771179e-02
-7.666102051734924316e-02
-4.403477162122726440e-02
8.836928755044937134e-02
-2.826082892715930939e-02
-9.269063174724578857e-02
-2.829285338521003723e-02
-2.395896241068840027e-02
-2.369578555226325989e-02
2.854603901505470276e-02
5.708496272563934326e-02
-6.488487124443054199e-03
3.571012988686561584e-02
-1.245083734393119812e-01
-1.275105588138103485e-02
-4.222557321190834045e-02
-9.569860994815826416e-03
2.982733026146888733e-02
-4.591896012425422668e-02
