1.703526079654693604e-01
-4.642137326300144196e-03
4.195186868309974670e-02
-4.929225519299507141e-02
-4.216775670647621155e-02
-4.541400447487831116e-02
-9.525609016418457031e-02
-5.338605865836143494e-02
5.290703848004341125e-02
4.108207300305366516e-02
1.502405502833425999e-03
-5.127647146582603455e-02
-4.897079896181821823e-03
-8.987867832183837891e-02
1.154845766723155975e-02
-5.053410306572914124e-02
3.221171721816062927e-02
9.317767620086669922e-02
5.662117153406143188e-03
-1.117480918765068054e-02
-2.763953059911727905e-02
-1.280539855360984802e-02
2.755500562489032745e-02
-2.217118255794048309e-02
-5.074334889650344849e-02
-1.181032508611679077e-01
3.818693384528160095e-02
-6.602834910154342651e-02
-1.167119815945625305e-01
-1.015511825680732727e-01
6.338939815759658813e-02
-5.117353796958923340e-02
-5.490887910127639771e-02
-6.598659604787826538e-02
3.292969614267349243e-02
-8.442115038633346558e-03
2.505961433053016663e-02
-3.801053762435913086e-02
-5.180586874485015869e-02
-6.082091107964515686e-02
5.394145473837852478e-02
-6.819305941462516785e-03
3.978517651557922363e-02
6.888496130704879761e-02
4.995872080326080322e-02
2.332142367959022522e-02
-1.262962967157363892e-01
4.300275072455406189e-02
-2.695901878178119659e-02
-3.828733041882514954e-02
-1.730008870363235474e-01
6.273258477449417114e-02
1.106584444642066956e-01
-9.016070514917373657e-02
-3.806474059820175171e-02
4.739585146307945251e-02
-3.548667207360267639e-02
-2.289134776219725609e-03
1.575176417827606201e-01
-1.469517592340707779e-02
6.351872533559799194e-02
3.992668166756629944e-02
-8.273963630199432373e-02
-3.632662701420485973e-04
-7.135564833879470825e-02
-6.242369115352630615e-02
-4.781246557831764221e-02
-9.983738511800765991e-02
5.233913660049438477e-03
-4.542445018887519836e-02
-8.749528229236602783e-02
-9.210363030433654785e-02
1.310831457376480103e-01
-7.817555218935012817e-02
-1.280832141637802124e-01
5.251056700944900513e-02
-6.679940223693847656e-02
8.069957047700881958e-02
1.197402179241180420e-02
-1.819491088390350342e-01
3.737238794565200806e-02
6.063808500766754150e-02
2.295318059623241425e-02
6.235493347048759460e-02
-5.080205202102661133e-02
5.076416209340095520e-02
-3.162289038300514221e-02
5.793155729770660400e-02
3.172883391380310059e-02
-4.400853812694549561e-02
-1.554856151342391968e-01
-2.899877913296222687e-02
-5.922711640596389771e-02
-1.971242576837539673e-02
-5.150142684578895569e-02
-5.109250545501708984e-02
-2.517030015587806702e-02
3.450083360075950623e-02
8.225917816162109375e-02
-8.859761059284210205e-02
5.780186131596565247e-02
-7.898508571088314056e-03
1.749345473945140839e-02
-1.861830987036228180e-02
-9.650908410549163818e-03
-5.764587968587875366e-02
6.259997189044952393e-02
8.689413964748382568e-02
1.043036282062530518e-01
-9.742268174886703491e-02
-2.954267663881182671e-03
1.447505503892898560e-01
-1.860333606600761414e-02
8.782395720481872559e-02
9.310951456427574158e-03
-2.075118757784366608e-02
-1.468898542225360870e-02
5.366985499858856201e-02
5.177797004580497742e-02
-6.065248697996139526e-02
-4.277714341878890991e-02
1.085131913423538208e-01
1.506126718595623970e-03
4.564185068011283875e-02
-5.157439410686492920e-02
-5.402355454862117767e-04
-4.998336732387542725e-02
-7.766964286565780640e-02
-1.052322611212730408e-01
1.153625547885894775e-01
7.966089062392711639e-03
8.428404480218887329e-02
-9.513511508703231812e-02
3.921662643551826477e-02
4.261288419365882874e-02
1.814067736268043518e-02
-7.265134155750274658e-02
1.701730862259864807e-02
9.752169996500015259e-02
4.710957407951354980e-02
1.361257582902908325e-02
4.955474287271499634e-02
4.426608979701995850e-02
-1.353948563337326050e-01
-7.744041085243225098e-02
-5.184234678745269775e-02
8.569961786270141602e-02
6.756657734513282776e-03
-7.093593012541532516e-03
1.489861030131578445e-02
-7.059168070554733276e-02
-6.043072044849395752e-02
2.056290395557880402e-02
-1.740607246756553650e-02
-4.350257292389869690e-02
-3.044809773564338684e-02
1.060249134898185730e-01
1.342531852424144745e-02
-6.388679891824722290e-02
1.655102241784334183e-04
-1.032118569128215313e-03
1.052486374974250793e-01
-2.470741420984268188e-02
-2.905744872987270355e-02
-3.106307983398437500e-02
-1.481691282242536545e-02
4.236321523785591125e-02
4.912202432751655579e-02
-4.163063317537307739e-02
-6.087564677000045776e-02
1.511070281267166138e-01
1.209464669227600098e-01
-4.754555597901344299e-02
5.664803832769393921e-02
4.775624349713325500e-02
-2.043666876852512360e-02
-7.609996944665908813e-02
-6.994508672505617142e-03
-5.027014762163162231e-02
1.696926658041775227e-03
-1.452895533293485641e-02
1.479160878807306290e-02
-2.272235974669456482e-02
-9.093414060771465302e-03
7.696718722581863403e-02
-2.178180590271949768e-02
3.377433866262435913e-02
5.731679126620292664e-02
2.077831886708736420e-02
1.108207479119300842e-01
-2.476380206644535065e-02
-2.708872407674789429e-02
2.013683691620826721e-02
2.686926908791065216e-02
-7.055602036416530609e-03
6.452762521803379059e-03
-1.221492886543273926e-01
5.714918300509452820e-02
6.155587732791900635e-02
5.596949905157089233e-02
-1.607674732804298401e-02
-2.607010491192340851e-02
-8.395712822675704956e-03
2.629977278411388397e-02
-2.762419916689395905e-02
-2.022725529968738556e-03
1.806103973649442196e-03
2.978124842047691345e-02
5.507935304194688797e-03
9.235733747482299805e-02
-2.596603892743587494e-02
3.054149821400642395e-02
7.845140062272548676e-03
-5.843149870634078979e-02
5.456403642892837524e-02
7.056336104869842529e-02
3.319602832198143005e-02
-8.681549131870269775e-02
7.143923640251159668e-02
-8.930819458328187466e-04
3.300694003701210022e-02
-1.349895913153886795e-02
4.862616211175918579e-02
8.078633248805999756e-02
2.214839681982994080e-02
-1.347148418426513672e-01
2.109311893582344055e-02
1.696909219026565552e-02
7.990920543670654297e-02
-5.795782059431076050e-02
4.058918356895446777e-02
-1.763607747852802277e-02
-6.874747574329376221e-02
-4.699298739433288574e-02
7.325509935617446899e-02
-4.052772372961044312e-02
-7.894494384527206421e-02
-5.783452466130256653e-02
-3.982919454574584961e-02
-4.830351844429969788e-02
2.708011493086814880e-02
1.122646033763885498e-01
-1.452511642128229141e-02
1.012075096368789673e-01
-1.301120668649673462e-01
-2.890548482537269592e-02
-6.615829467773437500e-02
8.963820524513721466e-03
2.797556109726428986e-02
-7.687123119831085205e-02
