1.479687392711639404e-01
-1.508084678789600730e-04
3.582222759723663330e-02
-3.284350782632827759e-02
-4.465341195464134216e-02
-3.727771341800689697e-02
-9.308274090290069580e-02
-4.136331751942634583e-02
6.427823007106781006e-02
3.950572013854980469e-02
6.622263230383396149e-03
-2.864789217710494995e-02
4.659369122236967087e-03
-9.611827135086059570e-02
2.089815773069858551e-02
-5.352580547332763672e-02
3.014368377625942230e-02
6.787928938865661621e-02
-4.647882189601659775e-03
-1.908620074391365051e-02
-2.604868449270725250e-02
-1.909703365527093410e-03
2.650443650782108307e-02
-2.568921819329261780e-02
-3.979545459151268005e-02
-1.020055562257766724e-01
3.835763409733772278e-02
-6.393676996231079102e-02
-1.099818721413612366e-01
-9.501247107982635498e-02
6.217052415013313293e-02
-3.853758051991462708e-02
-3.080664947628974915e-02
-8.471945673227310181e-02
2.623313851654529572e-02
-1.453104335814714432e-02
3.629842028021812439e-02
-3.364630416035652161e-02
-5.999102443456649780e-02
-4.468851536512374878e-02
6.524667888879776001e-02
-1.892749220132827759e-02
3.840865939855575562e-02
8.068551868200302124e-02
3.657046705484390259e-02
2.453158982098102570e-02
-1.261000931262969971e-01
7.819915190339088440e-03
-2.429949678480625153e-02
-4.667853564023971558e-02
-1.786995530128479004e-01
6.721466034650802612e-02
1.143402010202407837e-01
-8.715812116861343384e-02
-5.194929242134094238e-02
5.479343608021736145e-02
-2.762644924223423004e-02
-6.443353835493326187e-03
1.617989093065261841e-01
-2.605553716421127319e-02
6.526187807321548462e-02
3.614913672208786011e-02
-6.075134128332138062e-02
6.591190118342638016e-03
-6.935952603816986084e-02
-6.409774720668792725e-02
-6.340884417295455933e-02
-1.060406714677810669e-01
2.357848454266786575e-03
-6.048218533396720886e-02
-9.154982119798660278e-02
-1.044138520956039429e-01
1.424440145492553711e-01
-8.173081278800964355e-02
-1.292980909347534180e-01
5.900914594531059265e-02
-8.051243424415588379e-02
6.981412321329116821e-02
6.708765402436256409e-03
-1.866013109683990479e-01
4.776482284069061279e-02
5.721490085124969482e-02
7.354870438575744629e-03
6.197435036301612854e-02
-6.221632659435272217e-02
5.532949790358543396e-02
-4.210915789008140564e-02
6.065220385789871216e-02
2.830581553280353546e-02
-3.358807042241096497e-02
-1.687822639942169189e-01
-2.917063049972057343e-02
-6.081737205386161804e-02
-2.235622890293598175e-02
-6.041434034705162048e-02
-4.951743036508560181e-02
-3.827727213501930237e-02
2.020433731377124786e-02
8.026625961065292358e-02
-9.393536299467086792e-02
6.869975477457046509e-02
-1.427109725773334503e-02
1.716775447130203247e-02
-1.249574217945337296e-02
-3.560452023521065712e-03
-5.916557088494300842e-02
7.224104553461074829e-02
1.016826704144477844e-01
1.099982485175132751e-01
-1.014254912734031677e-01
-3.222612431272864342e-03
1.421970278024673462e-01
-1.435282360762357712e-02
9.680820256471633911e-02
9.426412172615528107e-03
-3.777753934264183044e-02
-2.207564003765583038e-02
5.158238112926483154e-02
5.825265496969223022e-02
-6.764224916696548462e-02
-5.564152076840400696e-02
1.035294979810714722e-01
5.892145447432994843e-03
5.484570562839508057e-02
-4.524268209934234619e-02
1.637746812775731087e-03
-5.331033468246459961e-02
-1.035993844270706177e-01
-1.087462827563285828e-01
9.644161909818649292e-02
8.256283588707447052e-03
8.705239742994308472e-02
-9.505032002925872803e-02
4.624431952834129333e-02
3.666027262806892395e-02
3.056170791387557983e-02
-8.720640838146209717e-02
3.875609859824180603e-02
1.158745661377906799e-01
4.107804223895072937e-02
3.983548656105995178e-02
5.587428808212280273e-02
5.902858823537826538e-02
-1.406162977218627930e-01
-7.035279273986816406e-02
-5.919737741351127625e-02
8.509024977684020996e-02
7.841760292649269104e-03
-1.955597102642059326e-02
2.639072574675083160e-02
-6.546302884817123413e-02
-5.770559981465339661e-02
2.544110082089900970e-02
-3.310390561819076538e-02
-5.025069788098335266e-02
-4.379991814494132996e-02
1.037511304020881653e-01
1.836904697120189667e-02
-7.350277155637741089e-02
6.191769614815711975e-03
-6.036930717527866364e-03
9.436676651239395142e-02
-1.401972770690917969e-02
-4.038527980446815491e-02
-2.066794782876968384e-02
-6.834002677351236343e-03
3.618392720818519592e-02
4.399380460381507874e-02
-4.717191681265830994e-02
-4.074715077877044678e-02
1.409069895744323730e-01
1.212673783302307129e-01
-4.045256599783897400e-02
3.945003449916839600e-02
5.029477551579475403e-02
-1.793091744184494019e-02
-7.415314763784408569e-02
-2.004409395158290863e-02
-3.710243850946426392e-02
-7.422873750329017639e-04
-9.278774261474609375e-03
2.880016155540943146e-02
-3.311381489038467407e-02
-2.227422222495079041e-02
8.596009016036987305e-02
-2.227442711591720581e-02
2.558089233934879303e-02
7.949475198984146118e-02
3.355851396918296814e-02
1.030850186944007874e-01
-2.480629831552505493e-02
-2.896539866924285889e-02
7.221556734293699265e-03
2.317100949585437775e-02
-1.787323690950870514e-02
1.186306681483983994e-02
-1.237586513161659241e-01
4.069007933139801025e-02
6.230643764138221741e-02
5.351588502526283264e-02
-1.563398353755474091e-02
-1.270580571144819260e-02
-1.751801557838916779e-02
2.261083386838436127e-02
-3.897834569215774536e-02
1.366120018064975739e-02
1.864442019723355770e-03
1.135192811489105225e-02
9.784697555005550385e-03
7.825013995170593262e-02
-2.187625132501125336e-02
2.978275902569293976e-02
4.487066529691219330e-03
-5.405279248952865601e-02
3.983329236507415771e-02
6.752188503742218018e-02
1.304757781326770782e-02
-8.067486435174942017e-02
8.122798055410385132e-02
7.300185039639472961e-03
3.116144612431526184e-02
-3.335252637043595314e-03
6.144045665860176086e-02
9.975868463516235352e-02
1.533603854477405548e-02
-1.317399889230728149e-01
2.582332864403724670e-02
1.900733821094036102e-02
8.021440356969833374e-02
-5.043932795524597168e-02
4.448036849498748779e-02
-8.943754248321056366e-03
-5.392567813396453857e-02
-5.176747962832450867e-02
5.817167460918426514e-02
-3.851354867219924927e-02
-6.288055330514907837e-02
-4.568712785840034485e-02
-2.082772925496101379e-02
-4.506686702370643616e-02
2.989253774285316467e-02
9.618882089853286743e-02
-1.365230418741703033e-02
9.939028322696685791e-02
-1.044736355543136597e-01
-2.381480857729911804e-02
-4.691178724169731140e-02
2.251520752906799316e-02
1.614570058882236481e-02
-6.090503558516502380e-02
