1.534065455198287964e-01
-1.007232349365949631e-02
3.249515965580940247e-02
-4.167214035987854004e-02
-4.041335731744766235e-02
-2.709467709064483643e-02
-9.619470685720443726e-02
-4.892201349139213562e-02
6.931394338607788086e-02
5.213645473122596741e-02
8.929111994802951813e-03
-3.766530379652976990e-02
-4.850202240049839020e-03
-9.717221558094024658e-02
1.269223541021347046e-02
-5.639178678393363953e-02
2.531871199607849121e-02
6.591437011957168579e-02
8.346863905899226665e-04
-1.453185640275478363e-02
-4.132266715168952942e-02
-8.706979453563690186e-03
1.946386881172657013e-02
-1.782577112317085266e-02
-4.578094184398651123e-02
-1.106532886624336243e-01
3.542494401335716248e-02
-6.840281933546066284e-02
-1.074526011943817139e-01
-1.032696589827537537e-01
7.399747520685195923e-02
-5.652894452214241028e-02
-4.818799346685409546e-02
-7.872656732797622681e-02
3.143238648772239685e-02
-2.561318315565586090e-02
2.878154814243316650e-02
-3.188402950763702393e-02
-4.991062730550765991e-02
-3.990327939391136169e-02
4.820511862635612488e-02
-2.776517346501350403e-02
4.522009566426277161e-02
7.391194254159927368e-02
4.353180527687072754e-02
2.224233373999595642e-02
-1.280744671821594238e-01
1.089248899370431900e-02
-2.632810547947883606e-02
-3.954816237092018127e-02
-1.738400757312774658e-01
6.519815325736999512e-02
1.197292655706405640e-01
-9.604559838771820068e-02
-4.738672450184822083e-02
4.698478803038597107e-02
-2.557383850216865540e-02
1.146759092807769775e-02
1.547649651765823364e-01
-1.598653942346572876e-02
6.209376826882362366e-02
3.988363221287727356e-02
-5.599885806441307068e-02
1.032779365777969360e-02
-7.351815700531005859e-02
-5.098161846399307251e-02
-6.119870766997337341e-02
-1.079598441720008850e-01
2.087816130369901657e-03
-5.148622021079063416e-02
-1.045257896184921265e-01
-9.093520790338516235e-02
1.496110856533050537e-01
-7.819192856550216675e-02
-1.338217407464981079e-01
5.526811257004737854e-02
-6.912131607532501221e-02
7.639513909816741943e-02
3.590248757973313332e-03
-1.810352951288223267e-01
5.230516567826271057e-02
5.998175218701362610e-02
1.569402776658535004e-02
6.454719603061676025e-02
-5.513266101479530334e-02
5.856170132756233215e-02
-2.966734208166599274e-02
6.293179839849472046e-02
2.826849371194839478e-02
-3.711530566215515137e-02
-1.760242879390716553e-01
-2.497874200344085693e-02
-6.264435499906539917e-02
-2.526303380727767944e-02
-4.965343326330184937e-02
-5.999952554702758789e-02
-3.469529747962951660e-02
1.904554478824138641e-02
7.580979913473129272e-02
-9.048447012901306152e-02
6.350652128458023071e-02
-1.230843737721443176e-02
2.028626576066017151e-02
-2.538330107927322388e-02
-1.988641172647476196e-02
-6.480765342712402344e-02
6.263209134340286255e-02
9.869497269392013550e-02
1.033293008804321289e-01
-9.764479100704193115e-02
-6.387344561517238617e-03
1.408682465553283691e-01
-2.990838326513767242e-02
9.093013405799865723e-02
7.584027014672756195e-03
-2.704628556966781616e-02
-1.944163441658020020e-02
5.174685642123222351e-02
5.751996859908103943e-02
-7.201822847127914429e-02
-4.506992548704147339e-02
1.055450886487960815e-01
-1.440451131202280521e-03
4.775694385170936584e-02
-4.303008690476417542e-02
1.242625806480646133e-02
-5.407816916704177856e-02
-1.025307998061180115e-01
-1.015759706497192383e-01
1.014340817928314209e-01
2.201091498136520386e-03
8.090820163488388062e-02
-9.002677351236343384e-02
3.801061585545539856e-02
4.171448945999145508e-02
1.935180276632308960e-02
-7.427977025508880615e-02
2.420589514076709747e-02
1.066702827811241150e-01
4.945027455687522888e-02
2.369838021695613861e-02
6.447171419858932495e-02
2.996754273772239685e-02
-1.422389298677444458e-01
-7.698898762464523315e-02
-5.786868184804916382e-02
7.692629843950271606e-02
5.284818820655345917e-03
-2.042951807379722595e-02
7.666877936571836472e-03
-7.560047507286071777e-02
-5.790924280881881714e-02
8.694631978869438171e-03
-3.152603656053543091e-02
-4.498488828539848328e-02
-3.466278314590454102e-02
1.041528582572937012e-01
2.626472525298595428e-02
-7.241357862949371338e-02
2.529151039198040962e-03
3.233886964153498411e-04
1.010570749640464783e-01
-2.169246412813663483e-02
-4.202381893992424011e-02
-4.050209373235702515e-02
-8.867390453815460205e-03
3.923499584197998047e-02
4.511715099215507507e-02
-5.131030827760696411e-02
-5.480801686644554138e-02
1.573347598314285278e-01
1.330739259719848633e-01
-5.066161975264549255e-02
4.406167194247245789e-02
4.576665163040161133e-02
-2.713305689394474030e-02
-7.588555663824081421e-02
-1.416582334786653519e-02
-4.023017734289169312e-02
-3.551242873072624207e-03
-9.604578837752342224e-03
2.383968979120254517e-02
-4.670431092381477356e-02
-6.362461950629949570e-03
8.683963865041732788e-02
-1.622433215379714966e-02
1.951942592859268188e-02
7.439515739679336548e-02
3.052864223718643188e-02
1.076916828751564026e-01
-2.714530378580093384e-02
-2.749732881784439087e-02
2.410027571022510529e-02
2.469614148139953613e-02
-1.248541381210088730e-02
2.022855915129184723e-02
-1.129976063966751099e-01
4.206130653619766235e-02
5.660385638475418091e-02
5.842437222599983215e-02
-2.402286976575851440e-02
-2.217652834951877594e-02
-3.352867066860198975e-02
2.064928412437438965e-02
-4.046710580587387085e-02
-5.436958279460668564e-03
-1.588539220392704010e-03
1.691840775310993195e-02
-6.340247578918933868e-03
8.646445721387863159e-02
-4.143473133444786072e-02
3.123317100107669830e-02
9.128004312515258789e-03
-5.924838408827781677e-02
5.267308279871940613e-02
6.239463016390800476e-02
1.256491150707006454e-02
-7.345378398895263672e-02
7.184755057096481323e-02
-1.091293175704777241e-03
2.825332805514335632e-02
-8.826012723147869110e-03
4.939889162778854370e-02
9.193918108940124512e-02
1.642146520316600800e-02
-1.321922391653060913e-01
3.271175548434257507e-02
3.055937029421329498e-02
8.086264878511428833e-02
-4.117148369550704956e-02
2.330889180302619934e-02
-1.644411683082580566e-02
-4.647595435380935669e-02
-4.115358367562294006e-02
7.315799593925476074e-02
-3.577958419919013977e-02
-7.074256241321563721e-02
-4.062854498624801636e-02
-2.193195000290870667e-02
-3.686409071087837219e-02
2.384451963007450104e-02
9.691547602415084839e-02
-1.048377435654401779e-02
9.064010530710220337e-02
-1.189207956194877625e-01
-1.266550924628973007e-02
-5.012263730168342590e-02
1.745223766192793846e-03
2.238229103386402130e-02
-5.584685504436492920e-02
