1.091449111700057983e-01
4.155500978231430054e-02
4.541233647614717484e-03
1.151731703430414200e-02
1.109255850315093994e-02
-3.297098726034164429e-02
-4.810873419046401978e-02
-3.514410182833671570e-02
-6.138208322227001190e-03
-4.088230803608894348e-02
-5.509758740663528442e-02
-4.050223901867866516e-02
1.723181083798408508e-02
-5.898561328649520874e-02
-1.220716256648302078e-02
-6.196502968668937683e-02
-8.953061769716441631e-04
3.465044498443603516e-02
-4.176762700080871582e-02
5.464960262179374695e-02
-7.136899512261152267e-03
-1.273122802376747131e-02
1.668530888855457306e-02
-3.253471851348876953e-02
-4.586539790034294128e-02
-8.195987343788146973e-02
8.114343881607055664e-02
-6.937979906797409058e-02
-1.267829388380050659e-01
-9.258108586072921753e-02
1.249407138675451279e-02
-1.791070587933063507e-02
1.371421478688716888e-02
-3.318881988525390625e-02
2.965371822938323021e-04
-8.987081673694774508e-05
5.036821961402893066e-02
-5.498559772968292236e-02
-9.493575245141983032e-02
-7.857126742601394653e-02
7.867871969938278198e-02
6.023031100630760193e-02
4.354006797075271606e-02
6.031085923314094543e-02
3.693946823477745056e-02
1.681694120634347200e-04
-1.123841255903244019e-01
9.104847908020019531e-02
-5.987238883972167969e-02
-7.413041591644287109e-02
-1.818447560071945190e-01
6.954094022512435913e-02
1.169935464859008789e-01
-9.553512930870056152e-02
-6.592678837478160858e-03
4.936841875314712524e-02
-4.530559852719306946e-02
-8.761743456125259399e-02
1.441601514816284180e-01
3.341040387749671936e-02
8.543638885021209717e-02
9.130798280239105225e-03
-1.299055963754653931e-01
2.614689245820045471e-02
-7.722608745098114014e-02
-3.754018992185592651e-02
-6.514773122034966946e-04
-1.132576391100883484e-01
2.243349887430667877e-02
-2.194885909557342529e-02
-4.197950661182403564e-02
-1.110978871583938599e-01
1.040268987417221069e-01
-4.170413315296173096e-02
-1.703213602304458618e-01
1.121271634474396706e-03
3.569714957848191261e-03
1.045787781476974487e-01
-1.174463611096143723e-02
-1.915144473314285278e-01
3.047423250973224640e-02
4.220434278249740601e-02
3.133779764175415039e-02
7.979542016983032227e-02
-2.821829169988632202e-02
2.899496816098690033e-02
-1.018782495521008968e-03
2.669697068631649017e-02
9.026921540498733521e-02
-4.466765001416206360e-02
-1.906545162200927734e-01
-3.454480692744255066e-02
-3.647812083363533020e-02
-4.133753944188356400e-03
-6.038997322320938110e-02
-2.291200496256351471e-02
-8.747288957238197327e-03
6.751319766044616699e-02
1.625648736953735352e-01
-1.055340841412544250e-01
9.763381630182266235e-02
-3.834711387753486633e-02
6.744136661291122437e-02
-6.887434981763362885e-03
1.364846597425639629e-03
-2.557811141014099121e-02
6.267032772302627563e-02
7.504343241453170776e-02
1.459320783615112305e-01
-6.440905481576919556e-02
-3.576183319091796875e-02
1.688873320817947388e-01
5.148327350616455078e-02
1.326017528772354126e-01
-7.206349633634090424e-03
-5.238714627921581268e-03
-5.211494397372007370e-03
3.420590981841087341e-02
5.008359253406524658e-02
-6.450807303190231323e-02
-1.022573336958885193e-01
1.182560697197914124e-01
-5.857324693351984024e-03
3.158750012516975403e-02
-3.410087525844573975e-02
-3.037740290164947510e-02
-8.031621575355529785e-02
-1.486978773027658463e-02
-7.262702286243438721e-02
1.416751593351364136e-01
1.804053224623203278e-02
5.519141256809234619e-02
-9.577792137861251831e-02
2.611824125051498413e-02
3.535408899188041687e-02
-6.505362689495086670e-03
-5.553241819143295288e-02
9.237200953066349030e-03
8.253692835569381714e-02
7.476270198822021484e-02
-4.857626277953386307e-03
-1.815803535282611847e-02
9.165851026773452759e-02
-1.407943665981292725e-01
-9.764921665191650391e-02
-5.219181627035140991e-02
8.477777987718582153e-02
8.362269029021263123e-03
2.585857920348644257e-02
5.930771678686141968e-02
-1.058014407753944397e-01
-7.476633042097091675e-02
4.418846219778060913e-02
-2.201903378590941429e-03
-3.758415207266807556e-02
-5.090451240539550781e-02
6.837354600429534912e-02
-2.077073231339454651e-02
-4.475037381052970886e-02
1.743489876389503479e-02
5.873605143278837204e-03
1.209101825952529907e-01
-4.370692372322082520e-02
1.652760989964008331e-02
3.729855641722679138e-02
3.416147083044052124e-02
4.981226474046707153e-02
5.776020139455795288e-02
-6.030901893973350525e-02
-5.754463747143745422e-02
7.418221980333328247e-02
1.071279868483543396e-01
-3.166431561112403870e-02
6.613097339868545532e-02
7.062177360057830811e-02
-4.870484769344329834e-02
-7.573936879634857178e-02
1.361238304525613785e-03
-6.762865930795669556e-02
3.610079735517501831e-02
-3.882268071174621582e-02
2.912573516368865967e-02
3.219127829652279615e-04
-1.412408147007226944e-02
5.633173510432243347e-02
-2.304267697036266327e-02
6.329872459173202515e-02
2.070894278585910797e-02
2.261617191834375262e-04
8.106875419616699219e-02
-3.578598424792289734e-02
-1.261661108583211899e-02
1.439412310719490051e-02
-1.097550056874752045e-02
-9.546641260385513306e-03
3.592346096411347389e-03
-1.105336248874664307e-01
6.317746639251708984e-02
6.703820824623107910e-02
8.912432193756103516e-02
2.057095617055892944e-02
-3.140030056238174438e-02
3.822933882474899292e-02
6.953483074903488159e-02
-5.488513410091400146e-02
1.720607653260231018e-02
-3.775282204151153564e-02
2.333321049809455872e-02
1.019694749265909195e-02
7.334212213754653931e-02
2.075620926916599274e-02
4.705767205450683832e-04
-2.452963218092918396e-02
-4.072840139269828796e-02
1.856311224400997162e-02
8.282570540904998779e-02
5.541186034679412842e-02
-9.111933410167694092e-02
5.882452800869941711e-02
-3.197597712278366089e-02
-1.271639391779899597e-02
-7.719931192696094513e-03
6.009593605995178223e-02
7.541447132825851440e-02
6.332580745220184326e-02
-1.018389314413070679e-01
-4.263121809344738722e-04
6.628318689763545990e-03
2.971498854458332062e-02
-3.376613929867744446e-02
9.904131293296813965e-03
-8.688719943165779114e-03
-7.519646733999252319e-02
-5.883051455020904541e-02
4.859286919236183167e-02
-1.695625483989715576e-02
-4.693908616900444031e-02
-9.833659976720809937e-03
5.246845073997974396e-03
-1.945593208074569702e-02
2.151026017963886261e-02
2.189503423869609833e-02
-4.934911266900599003e-04
-8.648192510008811951e-03
-6.304971873760223389e-02
-3.640004666522145271e-03
-1.613673381507396698e-02
5.273717455565929413e-03
2.439860627055168152e-02
-1.292701438069343567e-02
