2.119620740413665771e-01
1.183239463716745377e-02
2.851199358701705933e-02
-4.853351786732673645e-02
-3.534970432519912720e-02
-4.737162590026855469e-02
-1.027532592415809631e-01
-6.659186631441116333e-02
5.198132619261741638e-02
3.340051323175430298e-02
-3.313741460442543030e-02
-6.921195238828659058e-02
-8.331822231411933899e-03
-1.064130887389183044e-01
7.119699730537831783e-04
-7.795409858226776123e-02
1.699015311896800995e-02
8.619696646928787231e-02
1.751223951578140259e-02
1.371662318706512451e-02
-5.668430030345916748e-02
-3.675263747572898865e-02
2.659638039767742157e-02
-1.423200406134128571e-02
-8.396796137094497681e-02
-1.288062930107116699e-01
5.972234904766082764e-02
-8.779600262641906738e-02
-1.381734311580657959e-01
-1.152036339044570923e-01
5.308532342314720154e-02
-7.771519571542739868e-02
-3.395522013306617737e-02
-4.665485769510269165e-02
1.475816778838634491e-02
-2.129730954766273499e-02
4.307528212666511536e-02
-3.888224437832832336e-02
-6.073046475648880005e-02
-6.682012230157852173e-02
3.785708174109458923e-02
1.534730847924947739e-02
5.175026506185531616e-02
5.475943535566329956e-02
7.234222441911697388e-02
2.703259885311126709e-02
-1.102129146456718445e-01
5.544140189886093140e-02
-4.218609631061553955e-02
-3.611741587519645691e-02
-1.694789975881576538e-01
5.363499745726585388e-02
1.285348981618881226e-01
-9.409901499748229980e-02
-1.506173517554998398e-02
2.952746115624904633e-02
-4.651666805148124695e-02
-1.213328260928392410e-02
1.423928886651992798e-01
1.712322980165481567e-02
6.070042401552200317e-02
2.458504959940910339e-02
-9.904880821704864502e-02
1.412207446992397308e-02
-8.142880350351333618e-02
-4.118332266807556152e-02
-2.122702077031135559e-02
-9.976590424776077271e-02
1.856865175068378448e-02
-9.593943133950233459e-03
-7.971897721290588379e-02
-8.958603441715240479e-02
1.283962577581405640e-01
-5.887085571885108948e-02
-1.433225721120834351e-01
2.316533029079437256e-02
-2.175336144864559174e-02
8.603750169277191162e-02
1.222188351675868034e-03
-1.579320281744003296e-01
3.820309415459632874e-02
5.512859672307968140e-02
4.274987056851387024e-02
6.599463522434234619e-02
-3.457852080464363098e-02
4.800896719098091125e-02
5.600170698016881943e-03
3.906805813312530518e-02
5.875371024012565613e-02
-3.891813382506370544e-02
-1.622727811336517334e-01
-1.840693317353725433e-02
-5.844910815358161926e-02
-1.493292860686779022e-02
-4.503614082932472229e-02
-4.243406653404235840e-02
-1.002250984311103821e-02
6.232185661792755127e-02
1.264818459749221802e-01
-9.577551484107971191e-02
6.794419139623641968e-02
-1.352680381387472153e-02
4.375060275197029114e-02
-2.054410427808761597e-02
-2.190626040101051331e-02
-3.048076666891574860e-02
3.626887500286102295e-02
8.253780007362365723e-02
1.065796688199043274e-01
-7.714791595935821533e-02
-2.631452120840549469e-02
1.499334573745727539e-01
-1.871725916862487793e-02
9.691669046878814697e-02
-2.233827020972967148e-03
1.536896452307701111e-02
-7.530839648097753525e-03
5.165015161037445068e-02
4.982772842049598694e-02
-6.576085835695266724e-02
-5.693543702363967896e-02
1.173039674758911133e-01
-9.641011245548725128e-03
3.481067344546318054e-02
-2.628784999251365662e-02
1.011329051107168198e-02
-6.450659781694412231e-02
-3.606258332729339600e-02
-8.655454218387603760e-02
1.350079476833343506e-01
8.958652615547180176e-03
5.708502233028411865e-02
-9.302606433629989624e-02
3.137853741645812988e-02
4.260308295488357544e-02
-1.386223640292882919e-02
-5.134069547057151794e-02
1.507627218961715698e-02
9.109763056039810181e-02
6.800016760826110840e-02
-1.519930269569158554e-02
3.300939500331878662e-02
2.083152160048484802e-02
-1.389187425374984741e-01
-8.787228167057037354e-02
-5.538660287857055664e-02
8.419428020715713501e-02
9.050925262272357941e-03
7.218006532639265060e-03
1.524295657873153687e-02
-1.003989353775978088e-01
-6.052271276712417603e-02
6.067385431379079819e-03
-1.198928430676460266e-02
-3.251177072525024414e-02
-2.594530768692493439e-02
9.361854940652847290e-02
1.215480081737041473e-02
-5.437700077891349792e-02
-1.427454873919487000e-03
7.184175774455070496e-03
1.088824719190597534e-01
-1.959305815398693085e-02
-9.778610430657863617e-03
-2.543082274496555328e-02
-8.836974302539601922e-05
4.822251945734024048e-02
6.708989292383193970e-02
-4.353874176740646362e-02
-7.815807312726974487e-02
1.376388520002365112e-01
1.336880475282669067e-01
-4.794313013553619385e-02
6.960736960172653198e-02
5.326866731047630310e-02
-2.514030970633029938e-02
-7.543271780014038086e-02
-7.226529996842145920e-04
-6.773141026496887207e-02
9.253117255866527557e-03
-1.358802150934934616e-02
1.825300231575965881e-02
-2.140773274004459381e-02
-3.800122532993555069e-03
7.655368000268936157e-02
-2.610835945233702660e-03
4.944420978426933289e-02
3.793228417634963989e-02
1.899265311658382416e-02
9.807426482439041138e-02
-3.773239627480506897e-02
-1.685349084436893463e-02
3.446117416024208069e-02
6.100266240537166595e-03
-7.826854474842548370e-03
1.289399713277816772e-02
-9.333910793066024780e-02
6.853631883859634399e-02
5.122911930084228516e-02
7.898393273353576660e-02
-6.165190599858760834e-03
-4.737940803170204163e-02
-4.678188357502222061e-03
4.040057957172393799e-02
-4.653927683830261230e-02
-2.546402439475059509e-02
-1.862479001283645630e-02
3.391472995281219482e-02
-1.322132442146539688e-02
9.603897482156753540e-02
-2.081397175788879395e-02
1.829451695084571838e-02
6.094024982303380966e-03
-5.788686126470565796e-02
5.206279084086418152e-02
5.982548743486404419e-02
3.557972609996795654e-02
-7.448562979698181152e-02
3.131204098463058472e-02
-3.238685429096221924e-02
-1.268044707103399560e-05
-3.963532857596874237e-03
3.803479298949241638e-02
5.885186418890953064e-02
3.585115075111389160e-02
-1.027416884899139404e-01
3.415438532829284668e-02
2.669958584010601044e-02
5.594739317893981934e-02
-3.786736726760864258e-02
-3.564872546121478081e-03
-3.457111492753028870e-02
-6.466361135244369507e-02
-4.746632650494575500e-02
9.101027250289916992e-02
-3.351596370339393616e-02
-8.679192513227462769e-02
-1.886411383748054504e-02
-2.555396594107151031e-02
-2.247274108231067657e-02
3.681702911853790283e-02
8.112072944641113281e-02
-5.785629618912935257e-03
6.500440090894699097e-02
-1.458853483200073242e-01
-8.040109649300575256e-03
-4.787804558873176575e-02
-1.788709498941898346e-02
3.820759430527687073e-02
-4.771293699741363525e-02
