1.864041984081268311e-01
-2.569118048995733261e-03
4.949730262160301208e-02
-4.246042296290397644e-02
-6.862331926822662354e-02
-2.866211161017417908e-02
-1.281901001930236816e-01
-6.750643253326416016e-02
8.315099030733108521e-02
5.928258225321769714e-02
1.172879058867692947e-02
-4.182608798146247864e-02
-6.633726414293050766e-03
-1.221655458211898804e-01
1.911075785756111145e-02
-7.477186620235443115e-02
2.551569230854511261e-02
9.654277563095092773e-02
1.167633291333913803e-02
-2.913691289722919464e-02
-3.722170740365982056e-02
-1.175776124000549316e-02
2.656827867031097412e-02
-2.942501008510589600e-02
-5.321175232529640198e-02
-1.254584789276123047e-01
4.948005452752113342e-02
-8.130907267332077026e-02
-1.412296146154403687e-01
-1.323986053466796875e-01
7.720775157213211060e-02
-6.109141558408737183e-02
-3.735928609967231750e-02
-7.537223398685455322e-02
2.243495360016822815e-02
-1.191649679094552994e-02
1.422517560422420502e-02
-4.793489351868629456e-02
-5.024421587586402893e-02
-4.785870388150215149e-02
6.527636200189590454e-02
7.619904819875955582e-03
3.483770415186882019e-02
9.304674714803695679e-02
4.045470431447029114e-02
2.295658364892005920e-02
-1.194716617465019226e-01
3.007321618497371674e-02
-1.943745277822017670e-02
-3.411998599767684937e-02
-1.711976826190948486e-01
7.384200394153594971e-02
1.303449571132659912e-01
-9.996467828750610352e-02
-4.627349600195884705e-02
4.675851017236709595e-02
-2.423861436545848846e-02
5.736011546105146408e-03
1.613074839115142822e-01
-1.602361723780632019e-02
6.734410673379898071e-02
3.474865481257438660e-02
-7.835796475410461426e-02
-5.987426266074180603e-03
-6.470271199941635132e-02
-5.957254022359848022e-02
-6.208368763327598572e-02
-8.925683051347732544e-02
-1.582098309881985188e-03
-6.353258341550827026e-02
-9.478707611560821533e-02
-1.050044298171997070e-01
1.270129829645156860e-01
-9.333954006433486938e-02
-1.269779056310653687e-01
4.543240368366241455e-02
-6.460502743721008301e-02
7.087898999452590942e-02
1.934275031089782715e-02
-1.953762173652648926e-01
4.223850369453430176e-02
5.218274518847465515e-02
2.159970067441463470e-02
7.833304256200790405e-02
-5.835675448179244995e-02
5.145788192749023438e-02
-4.948399215936660767e-02
4.484340921044349670e-02
3.441391512751579285e-02
-3.917112946510314941e-02
-1.346804499626159668e-01
-4.632591828703880310e-02
-5.770998820662498474e-02
-2.067973650991916656e-02
-6.383223086595535278e-02
-5.645091459155082703e-02
-2.972377836704254150e-02
2.901653945446014404e-02
5.216764286160469055e-02
-8.713277429342269897e-02
4.648565500974655151e-02
-1.494427211582660675e-02
1.186104677617549896e-02
-1.473727449774742126e-02
7.889325730502605438e-03
-4.332445189356803894e-02
7.182759046554565430e-02
8.028095960617065430e-02
9.085997939109802246e-02
-9.732826799154281616e-02
1.102464273571968079e-02
1.166274994611740112e-01
-1.692600175738334656e-02
9.528897702693939209e-02
-6.495041772723197937e-03
-1.129887159913778305e-02
-1.921196840703487396e-02
4.665598273277282715e-02
4.704800248146057129e-02
-3.921472281217575073e-02
-2.801460772752761841e-02
9.056582301855087280e-02
1.063304487615823746e-02
5.355934053659439087e-02
-4.912229999899864197e-02
1.209427230060100555e-02
-2.695331722497940063e-02
-8.504912257194519043e-02
-9.943655133247375488e-02
6.859233975410461426e-02
2.715991623699665070e-02
8.015459030866622925e-02
-8.540416508913040161e-02
4.406549781560897827e-02
2.263813279569149017e-02
4.100356018170714378e-04
-6.731610745191574097e-02
3.751661255955696106e-02
9.022269397974014282e-02
2.286286093294620514e-02
3.826883435249328613e-02
5.928805470466613770e-02
4.164112359285354614e-02
-1.239734813570976257e-01
-8.340374380350112915e-02
-6.513533741235733032e-02
9.696755558252334595e-02
2.113766036927700043e-02
-1.250931061804294586e-02
1.955357380211353302e-02
-4.674430564045906067e-02
-4.920995980501174927e-02
1.612952537834644318e-02
-9.286456741392612457e-03
-3.565859422087669373e-02
-3.486910089850425720e-02
1.047460809350013733e-01
3.577005583792924881e-03
-5.925455316901206970e-02
3.534027608111500740e-03
1.144586969166994095e-02
6.804880499839782715e-02
-1.710728742182254791e-02
-2.568947523832321167e-02
-1.612036116421222687e-02
-3.347644815221428871e-03
3.394662961363792419e-02
3.586360812187194824e-02
-4.699027165770530701e-02
-4.372994974255561829e-02
1.423735618591308594e-01
1.062299013137817383e-01
-3.732108697295188904e-02
1.604023203253746033e-02
4.479945451021194458e-02
-1.083490345627069473e-02
-7.811988890171051025e-02
-1.954870484769344330e-02
-3.471258655190467834e-02
-5.673583596944808960e-03
-2.382732555270195007e-02
2.564753592014312744e-02
-2.847364917397499084e-02
-2.179487235844135284e-02
5.952735617756843567e-02
-1.981169916689395905e-02
3.670741990208625793e-02
6.500756740570068359e-02
2.577940374612808228e-02
9.727443009614944458e-02
-1.980838738381862640e-02
-1.045434921979904175e-02
1.086287666112184525e-02
2.473568171262741089e-02
-9.015693329274654388e-03
-8.696216391399502754e-04
-1.068388000130653381e-01
3.386845812201499939e-02
7.385485619306564331e-02
3.851343691349029541e-02
-1.688985899090766907e-02
-2.775091864168643951e-02
-2.010509744286537170e-02
2.730789966881275177e-02
-4.679800197482109070e-02
-1.007471350021660328e-03
7.772279903292655945e-03
3.070372715592384338e-02
1.949865370988845825e-02
7.846563309431076050e-02
-2.662140689790248871e-02
4.718169942498207092e-02
1.453598774969577789e-02
-6.664329022169113159e-02
5.069651082158088684e-02
7.806934416294097900e-02
3.537336364388465881e-02
-6.494603306055068970e-02
6.583084911108016968e-02
1.333708502352237701e-02
4.246114566922187805e-02
-1.289061852730810642e-03
5.954222008585929871e-02
8.693294227123260498e-02
1.585728488862514496e-02
-1.468113213777542114e-01
2.927696332335472107e-02
2.921585179865360260e-02
1.036713346838951111e-01
-6.303424388170242310e-02
5.048343539237976074e-02
-1.149534620344638824e-02
-6.824047118425369263e-02
-3.917982801795005798e-02
4.110021516680717468e-02
-5.578947067260742188e-02
-6.883945316076278687e-02
-5.619895085692405701e-02
-3.301146253943443298e-02
-5.852629244327545166e-02
2.729061990976333618e-02
1.018656268715858459e-01
-3.431361168622970581e-02
1.055229604244232178e-01
-1.152687817811965942e-01
-1.833909749984741211e-02
-5.252591148018836975e-02
-3.469273215159773827e-03
3.172659873962402344e-02
-6.887182593345642090e-02
