1.313520371913909912e-01
-4.462573677301406860e-03
1.965915784239768982e-02
-2.592702209949493408e-02
-3.987418860197067261e-02
-1.877241767942905426e-02
-7.256564497947692871e-02
-4.117644205689430237e-02
6.253939867019653320e-02
1.877677068114280701e-02
1.652860641479492188e-02
-3.758078068494796753e-02
-4.643767140805721283e-03
-7.214513421058654785e-02
1.363636273890733719e-02
-4.256436228752136230e-02
3.395513072609901428e-02
7.315973192453384399e-02
-3.559158183634281158e-03
-1.509431097656488419e-02
-4.463573545217514038e-02
-5.473014432936906815e-03
4.699241835623979568e-03
-3.109469451010227203e-02
-3.834450989961624146e-02
-9.364153444766998291e-02
4.629923030734062195e-02
-5.087934434413909912e-02
-9.221847355365753174e-02
-1.107017844915390015e-01
6.199942901730537415e-02
-5.193020030856132507e-02
-4.708345606923103333e-02
-5.479346215724945068e-02
3.080661036074161530e-02
-1.056538335978984833e-02
2.793781645596027374e-02
-1.646988652646541595e-02
-4.982547834515571594e-02
-4.297290742397308350e-02
5.839159712195396423e-02
-5.432905629277229309e-03
3.543433547019958496e-02
7.048992067575454712e-02
4.458665102720260620e-02
2.123648859560489655e-02
-1.306219547986984253e-01
2.611712925136089325e-02
-1.992296613752841949e-02
-4.159586504101753235e-02
-1.714812666177749634e-01
6.320916861295700073e-02
1.096281856298446655e-01
-9.597818553447723389e-02
-4.082614928483963013e-02
4.445044696331024170e-02
-3.684675693511962891e-02
-2.092135883867740631e-02
1.493238955736160278e-01
-1.730226539075374603e-02
5.467737838625907898e-02
5.319193005561828613e-02
-6.884112209081649780e-02
3.190275281667709351e-03
-6.809525191783905029e-02
-5.700944364070892334e-02
-4.103085398674011230e-02
-1.162611618638038635e-01
-6.871214136481285095e-03
-4.607601463794708252e-02
-9.498061984777450562e-02
-1.042823418974876404e-01
1.401827931404113770e-01
-7.695350795984268188e-02
-1.493958085775375366e-01
4.322818666696548462e-02
-8.578966557979583740e-02
7.782720029354095459e-02
1.652623899281024933e-02
-1.906886249780654907e-01
2.364017814397811890e-02
3.681617230176925659e-02
1.147153135389089584e-02
7.267855107784271240e-02
-5.334461852908134460e-02
4.872578009963035583e-02
-2.693536318838596344e-02
4.901035502552986145e-02
2.687077596783638000e-02
-4.633786901831626892e-02
-1.723050624132156372e-01
-1.625900715589523315e-02
-6.177953630685806274e-02
-4.297588765621185303e-02
-6.873424351215362549e-02
-3.711396828293800354e-02
-2.687751688063144684e-02
3.229675069451332092e-02
7.777652889490127563e-02
-7.386934757232666016e-02
4.962893947958946228e-02
-5.744514521211385727e-03
1.772245950996875763e-02
-1.577435433864593506e-02
2.076523611322045326e-03
-6.532519310712814331e-02
6.137105077505111694e-02
1.025868207216262817e-01
1.024013608694076538e-01
-8.901423960924148560e-02
-8.523697033524513245e-03
1.403415799140930176e-01
-1.164810452610254288e-02
8.932922035455703735e-02
1.179195195436477661e-02
-2.226841449737548828e-02
-3.886256739497184753e-02
4.292934015393257141e-02
6.742238253355026245e-02
-7.330075651407241821e-02
-5.398895964026451111e-02
1.166834458708763123e-01
7.820860482752323151e-03
3.076837770640850067e-02
-5.436928942799568176e-02
7.116718683391809464e-03
-6.867216527462005615e-02
-8.504078537225723267e-02
-9.457168728113174438e-02
1.028465479612350464e-01
3.904582001268863678e-03
8.279065042734146118e-02
-9.640217572450637817e-02
3.882829472422599792e-02
4.365044832229614258e-02
1.715080440044403076e-02
-7.381495833396911621e-02
2.440110407769680023e-02
1.081988811492919922e-01
4.161069914698600769e-02
7.994679734110832214e-03
5.912126973271369934e-02
4.418496415019035339e-02
-1.505503654479980469e-01
-6.500904262065887451e-02
-5.294007435441017151e-02
6.708374619483947754e-02
9.753113612532615662e-03
-2.678336808457970619e-03
3.168380260467529297e-02
-7.373947650194168091e-02
-4.327632114291191101e-02
2.532484754920005798e-02
-3.309634327888488770e-02
-4.376121237874031067e-02
-4.279726371169090271e-02
8.721731603145599365e-02
-9.052960202097892761e-03
-7.963518798351287842e-02
8.320130407810211182e-03
3.215972334146499634e-03
1.340371966361999512e-01
-2.879942394793033600e-02
-2.843654341995716095e-02
-2.349990606307983398e-02
5.835257470607757568e-04
6.367328763008117676e-02
2.867669425904750824e-02
-4.495305940508842468e-02
-6.748104095458984375e-02
1.534491777420043945e-01
1.553841978311538696e-01
-5.244630575180053711e-02
5.974747613072395325e-02
5.154619738459587097e-02
-1.878681406378746033e-02
-7.133278995752334595e-02
-3.077381523326039314e-03
-3.518540412187576294e-02
6.268025841563940048e-03
-1.490893773734569550e-02
1.434287056326866150e-02
-3.540366515517234802e-02
-7.753639016300439835e-03
7.527898997068405151e-02
-1.696948334574699402e-02
2.408800832927227020e-02
6.373970955610275269e-02
3.310218453407287598e-02
1.271939128637313843e-01
-1.373733021318912506e-02
-3.171843662858009338e-02
2.194837480783462524e-02
3.847222775220870972e-02
-1.783938519656658173e-02
4.128973465412855148e-03
-1.337289810180664062e-01
6.927558779716491699e-02
5.682424083352088928e-02
7.406938821077346802e-02
-1.527242362499237061e-02
-3.289377316832542419e-02
-1.622995734214782715e-02
3.224100172519683838e-02
-3.051209449768066406e-02
7.945580407977104187e-03
-4.657850135117769241e-03
1.493176352232694626e-02
-1.833780109882354736e-02
1.193683966994285583e-01
-1.948118582367897034e-02
2.363693714141845703e-02
8.679685182869434357e-03
-5.303042382001876831e-02
6.409452855587005615e-02
7.787457853555679321e-02
2.345648780465126038e-02
-1.041348874568939209e-01
7.864850014448165894e-02
-5.501289386302232742e-03
4.098863154649734497e-02
-9.018816985189914703e-03
6.116532906889915466e-02
7.926733046770095825e-02
2.366225235164165497e-02
-1.287891864776611328e-01
1.141104381531476974e-02
1.617421396076679230e-02
7.589326053857803345e-02
-3.510697185993194580e-02
3.539342433214187622e-02
-2.301296778023242950e-02
-6.263864040374755859e-02
-3.992260247468948364e-02
7.320345193147659302e-02
-3.383083269000053406e-02
-6.938369572162628174e-02
-5.329833924770355225e-02
-3.716391324996948242e-02
-2.460561320185661316e-02
3.426020964980125427e-02
1.135257557034492493e-01
-1.433252356946468353e-02
7.192739844322204590e-02
-1.249511837959289551e-01
-3.644384816288948059e-02
-3.926795348525047302e-02
7.098145433701574802e-04
2.764497697353363037e-02
-5.728192254900932312e-02
