2.345146089792251587e-01
-1.313737966120243073e-02
4.289583489298820496e-02
-8.260117471218109131e-02
-6.321869045495986938e-02
-5.222618579864501953e-02
-1.290053427219390869e-01
-7.656863331794738770e-02
8.725730329751968384e-02
8.660421520471572876e-02
-6.435660179704427719e-03
-7.481565326452255249e-02
-2.176232822239398956e-02
-1.220315769314765930e-01
1.076212432235479355e-02
-7.168526947498321533e-02
3.318311646580696106e-02
1.142262741923332214e-01
4.444566369056701660e-02
-2.666742913424968719e-02
-6.799190491437911987e-02
-3.334267064929008484e-02
2.524651214480400085e-02
-8.879999630153179169e-03
-8.900602906942367554e-02
-1.492232084274291992e-01
3.524366766214370728e-02
-8.653350919485092163e-02
-1.307445764541625977e-01
-1.163582280278205872e-01
8.398416638374328613e-02
-9.398988634347915649e-02
-7.719450443983078003e-02
-5.984565243124961853e-02
2.787891775369644165e-02
-3.054378740489482880e-02
2.534194849431514740e-02
-3.273041918873786926e-02
-3.006945364177227020e-02
-4.938271641731262207e-02
1.954863406717777252e-02
-2.576516382396221161e-02
4.447908699512481689e-02
5.950219929218292236e-02
8.168407529592514038e-02
3.833824396133422852e-02
-1.099933832883834839e-01
2.696845866739749908e-02
-2.371811866760253906e-02
-1.942974701523780823e-02
-1.545299887657165527e-01
4.641339555382728577e-02
1.283078640699386597e-01
-9.092111885547637939e-02
-3.080949373543262482e-02
2.441172301769256592e-02
-3.964609280228614807e-02
4.193067178130149841e-02
1.429245322942733765e-01
-9.431690908968448639e-03
4.471790045499801636e-02
4.177162423729896545e-02
-6.616871803998947144e-02
-7.261591963469982147e-03
-7.213967293500900269e-02
-5.018811672925949097e-02
-4.248170182108879089e-02
-8.090054243803024292e-02
3.524083876982331276e-03
-1.436346024274826050e-02
-9.979134798049926758e-02
-6.598409265279769897e-02
1.311339586973190308e-01
-7.464184612035751343e-02
-1.126030683517456055e-01
4.930796101689338684e-02
-5.311996489763259888e-02
6.251499056816101074e-02
9.300540201365947723e-03
-1.372951716184616089e-01
4.781951382756233215e-02
6.192858517169952393e-02
3.821599856019020081e-02
5.127787217497825623e-02
-5.018381029367446899e-02
5.317201837897300720e-02
-5.806268192827701569e-03
4.981593787670135498e-02
2.824232913553714752e-02
-3.035686723887920380e-02
-1.310200542211532593e-01
-1.676464639604091644e-02
-6.508114188909530640e-02
-2.048990502953529358e-02
-3.658197820186614990e-02
-6.057415530085563660e-02
-1.487145945429801941e-02
3.792944177985191345e-02
7.305380702018737793e-02
-8.870664238929748535e-02
3.861353918910026550e-02
6.640516687184572220e-03
1.149660442024469376e-02
-3.009908273816108704e-02
-2.553336322307586670e-02
-3.907062113285064697e-02
3.469629958271980286e-02
8.302319049835205078e-02
7.150553166866302490e-02
-8.809503167867660522e-02
-1.007963065057992935e-02
1.216045767068862915e-01
-5.887351185083389282e-02
6.568057835102081299e-02
-1.532320311525836587e-04
1.674275659024715424e-02
-8.580059744417667389e-03
5.396801233291625977e-02
4.489029571413993835e-02
-5.361835658550262451e-02
-1.374750956892967224e-02
1.003631055355072021e-01
-1.772000454366207123e-03
4.209781438112258911e-02
-3.409383818507194519e-02
2.915326505899429321e-02
-3.992843255400657654e-02
-6.646294891834259033e-02
-9.642227739095687866e-02
1.083802059292793274e-01
3.827083623036742210e-03
6.375645846128463745e-02
-8.779451996088027954e-02
3.287132456898689270e-02
4.240468889474868774e-02
-7.468766998499631882e-03
-5.455175042152404785e-02
1.826808601617813110e-02
8.478303998708724976e-02
5.502530559897422791e-02
-8.099308237433433533e-03
6.446363031864166260e-02
-1.291507203131914139e-02
-1.234880983829498291e-01
-6.432114541530609131e-02
-5.124302580952644348e-02
8.296487480401992798e-02
8.639813400804996490e-03
-4.303883295506238937e-03
-1.770205050706863403e-02
-7.924816757440567017e-02
-4.690246284008026123e-02
-8.847259916365146637e-03
-1.409235503524541855e-02
-3.360236808657646179e-02
-1.298247650265693665e-02
1.095779687166213989e-01
3.477729484438896179e-02
-5.650130659341812134e-02
-1.200415939092636108e-02
1.164591289125382900e-03
8.154438436031341553e-02
-4.810131154954433441e-03
-3.286274895071983337e-02
-6.615865230560302734e-02
-2.521158568561077118e-02
3.241657465696334839e-02
6.186236441135406494e-02
-3.288808092474937439e-02
-7.354670017957687378e-02
1.724948883056640625e-01
1.298347264528274536e-01
-4.950137436389923096e-02
5.521560087800025940e-02
3.584814071655273438e-02
-5.193884484469890594e-03
-7.034347951412200928e-02
-1.008417084813117981e-02
-4.582339152693748474e-02
-6.198137998580932617e-03
-1.844573707785457373e-04
7.407055236399173737e-03
-3.146566078066825867e-02
-5.477456725202500820e-04
7.922565937042236328e-02
4.062836989760398865e-03
3.103564493358135223e-02
5.343090370297431946e-02
2.892920002341270447e-02
1.049710586667060852e-01
-3.280104696750640869e-02
-1.639474183320999146e-02
3.632155433297157288e-02
2.316492050886154175e-02
-3.915958106517791748e-03
1.662681065499782562e-02
-8.274664729833602905e-02
5.679061263799667358e-02
4.525973275303840637e-02
5.487094819545745850e-02
-2.581897377967834473e-02
-4.940920323133468628e-02
-3.552437573671340942e-02
1.125773135572671890e-02
-3.458063304424285889e-02
-4.213487356901168823e-02
1.086252625100314617e-03
4.101230204105377197e-02
-1.424829568713903427e-02
9.614306688308715820e-02
-4.651848599314689636e-02
3.751650080084800720e-02
1.774483546614646912e-02
-6.692717969417572021e-02
6.541428714990615845e-02
4.305282607674598694e-02
2.183464355766773224e-02
-5.885116010904312134e-02
3.034313768148422241e-02
-1.326931361109018326e-02
2.130495198071002960e-02
-5.975386127829551697e-03
2.371837012469768524e-02
5.602005124092102051e-02
8.626834489405155182e-03
-1.065531298518180847e-01
4.471835121512413025e-02
2.767205610871315002e-02
7.732316851615905762e-02
-4.180805757641792297e-02
5.472787655889987946e-03
-3.779872134327888489e-02
-5.054220929741859436e-02
-3.276985138654708862e-02
9.167449176311492920e-02
-4.011766985058784485e-02
-8.864353597164154053e-02
-3.636695444583892822e-02
-4.071803763508796692e-02
-3.599603846669197083e-02
3.673738241195678711e-02
1.132473871111869812e-01
-1.554239168763160706e-02
1.147466748952865601e-01
-1.673766374588012695e-01
-1.422685384750366211e-02
-7.122676074504852295e-02
-2.325571887195110321e-02
3.418312594294548035e-02
-7.191291451454162598e-02
