1.714194864034652710e-01
-2.343526668846607208e-02
4.241728782653808594e-02
-6.500284373760223389e-02
-4.016789793968200684e-02
-2.114409208297729492e-02
-1.059449017047882080e-01
-6.328739970922470093e-02
6.752821058034896851e-02
7.508140057325363159e-02
1.396311633288860321e-02
-6.358120590448379517e-02
-2.071947790682315826e-02
-9.169056266546249390e-02
3.095920430496335030e-03
-5.038902908563613892e-02
2.071692980825901031e-02
8.251299709081649780e-02
2.243796922266483307e-02
-1.492369454354047775e-02
-4.795950651168823242e-02
-2.098527550697326660e-02
2.055766619741916656e-02
-7.974074222147464752e-03
-4.795458540320396423e-02
-1.277931183576583862e-01
2.148753590881824493e-02
-6.961776316165924072e-02
-1.055152118206024170e-01
-1.092135980725288391e-01
8.171962946653366089e-02
-7.420164346694946289e-02
-8.720258623361587524e-02
-6.071963533759117126e-02
4.402315989136695862e-02
-2.844450250267982483e-02
5.662290495820343494e-04
-3.739227727055549622e-02
-3.147613257169723511e-02
-4.520099610090255737e-02
2.285154536366462708e-02
-2.902477048337459564e-02
4.787433147430419922e-02
5.580172687768936157e-02
5.576598271727561951e-02
2.588259801268577576e-02
-1.177574917674064636e-01
3.452570363879203796e-02
-2.423059754073619843e-02
-1.146925613284111023e-02
-1.501902043819427490e-01
5.549741163849830627e-02
1.114492043852806091e-01
-1.032664179801940918e-01
-3.587064519524574280e-02
3.388063982129096985e-02
-2.150855958461761475e-02
4.669878259301185608e-02
1.492824405431747437e-01
1.040576375089585781e-03
5.741453543305397034e-02
3.926895186305046082e-02
-5.791816115379333496e-02
-2.895021578297019005e-03
-7.688741385936737061e-02
-4.053452238440513611e-02
-5.794066935777664185e-02
-9.585202485322952271e-02
-9.983141208067536354e-04
-3.764987736940383911e-02
-1.147573292255401611e-01
-6.480140984058380127e-02
1.378270387649536133e-01
-7.711779326200485229e-02
-1.250025629997253418e-01
5.204210430383682251e-02
-4.952839761972427368e-02
8.888623118400573730e-02
1.596692577004432678e-02
-1.702175885438919067e-01
5.253806710243225098e-02
6.355842947959899902e-02
3.095684386789798737e-02
6.279865652322769165e-02
-4.384673386812210083e-02
5.213251337409019470e-02
-2.313260361552238464e-02
7.278125733137130737e-02
1.894722133874893188e-02
-4.838069155812263489e-02
-1.451161950826644897e-01
-3.578134626150131226e-02
-5.788269639015197754e-02
-2.434866130352020264e-02
-3.081503696739673615e-02
-7.370147109031677246e-02
-2.797784097492694855e-02
3.126052767038345337e-02
5.728946626186370850e-02
-8.787233382463455200e-02
4.660075157880783081e-02
-8.967052213847637177e-03
1.195489801466464996e-02
-3.863369300961494446e-02
-3.331650421023368835e-02
-6.574622541666030884e-02
5.347238108515739441e-02
7.888076454401016235e-02
8.860433101654052734e-02
-9.286137670278549194e-02
2.758757676929235458e-03
1.363663375377655029e-01
-5.184009671211242676e-02
8.105471730232238770e-02
2.208628458902239799e-03
-1.341392751783132553e-02
-1.413364056497812271e-02
5.144957453012466431e-02
4.514290764927864075e-02
-6.227200478315353394e-02
-9.278614073991775513e-03
1.087018549442291260e-01
-9.250006638467311859e-03
3.541919589042663574e-02
-4.774959385395050049e-02
2.078845724463462830e-02
-3.717365860939025879e-02
-8.959472179412841797e-02
-1.033748164772987366e-01
1.061854586005210876e-01
2.496647881343960762e-03
8.041414618492126465e-02
-8.642665296792984009e-02
3.258164599537849426e-02
5.350510403513908386e-02
4.552068712655454874e-04
-5.607838928699493408e-02
-6.985514890402555466e-03
7.306663691997528076e-02
4.845202341675758362e-02
-4.272966179996728897e-03
7.004801928997039795e-02
-5.424902774393558502e-03
-1.263007223606109619e-01
-8.812018483877182007e-02
-4.438458010554313660e-02
8.104076981544494629e-02
2.778135007247328758e-03
-1.865202188491821289e-02
-2.066074497997760773e-02
-7.388938963413238525e-02
-6.247889623045921326e-02
-1.823657564818859100e-02
-1.445250678807497025e-02
-3.682836517691612244e-02
-1.203761808574199677e-02
1.098391637206077576e-01
3.381746262311935425e-02
-5.741574242711067200e-02
-9.887478314340114594e-03
1.140752341598272324e-02
9.190119802951812744e-02
-2.579636499285697937e-02
-3.403350338339805603e-02
-7.196953147649765015e-02
-2.520176582038402557e-02
4.164586216211318970e-02
4.832956567406654358e-02
-4.873129352927207947e-02
-7.974567264318466187e-02
1.838020384311676025e-01
1.363629996776580811e-01
-6.761692464351654053e-02
5.126164481043815613e-02
3.747208043932914734e-02
-3.008535504341125488e-02
-7.989167422056198120e-02
2.503047697246074677e-03
-4.962793737649917603e-02
-1.086574327200651169e-02
-1.620468124747276306e-02
1.007485296577215195e-02
-5.081825703382492065e-02
1.223060581833124161e-02
7.262309640645980835e-02
-1.106447353959083557e-02
2.029811218380928040e-02
5.207137018442153931e-02
2.091562934219837189e-02
1.152578890323638916e-01
-2.035698108375072479e-02
-2.440240979194641113e-02
4.726711660623550415e-02
3.357203304767608643e-02
3.001788631081581116e-03
2.211402356624603271e-02
-1.017008945345878601e-01
4.999084398150444031e-02
4.990849643945693970e-02
4.763011261820793152e-02
-3.668382018804550171e-02
-3.964028880000114441e-02
-4.336112737655639648e-02
1.578094810247421265e-02
-3.614924475550651550e-02
-3.182068467140197754e-02
8.057666942477226257e-03
3.411297872662544250e-02
-8.234864100813865662e-03
8.897709101438522339e-02
-6.607680767774581909e-02
4.589587450027465820e-02
1.036238297820091248e-02
-6.866556406021118164e-02
7.834565639495849609e-02
6.238471344113349915e-02
3.736440464854240417e-02
-6.386592984199523926e-02
5.874783918261528015e-02
-6.717646028846502304e-04
3.257983922958374023e-02
-2.007669769227504730e-02
2.241110429167747498e-02
6.942575424909591675e-02
1.524609327316284180e-02
-1.419644355773925781e-01
3.028058819472789764e-02
4.029481112957000732e-02
9.135632216930389404e-02
-4.943850263953208923e-02
1.976216398179531097e-02
-1.890414766967296600e-02
-4.691355302929878235e-02
-2.989086695015430450e-02
8.545549213886260986e-02
-3.895792365074157715e-02
-7.729241251945495605e-02
-4.592399299144744873e-02
-4.894874989986419678e-02
-4.020047932863235474e-02
9.330742061138153076e-03
1.129591837525367737e-01
-6.921239197254180908e-03
1.052256971597671509e-01
-1.418068408966064453e-01
-8.360426872968673706e-03
-6.889381259679794312e-02
-2.704882994294166565e-02
4.082730412483215332e-02
-6.781876832246780396e-02
